,2019,2020,2021,2022,2023,2024,2025,2026,2027,2028,2029,2030,2031,2032,2033,2034,2035,2036,2037,2038,2039,2040
0,0.031367184720614005,0.03558634204876214,0.04297411500909338,0.050361887969424625,0.057749660929755864,0.0651374338900871,0.07252520685041834,0.10637056615310214,0.14021592545578596,0.17406128475846977,0.20790664406115364,0.38513873965896495,0.3809195823308168,0.3735318093704856,0.36614403641015436,0.35875626344982314,0.3513684904894919,0.3439807175291607,0.3101353582264769,0.27628999892379313,0.24244463962110932,0.20859928031842545
1,0.027541528392130105,0.031246101893993974,0.037732835101129916,0.04421956830826585,0.05070630151540179,0.057193034722537735,0.06367976792967367,0.09339722368731823,0.1231146794449628,0.15283213520260736,0.18254959096025195,0.2947264391013124,0.29102186559944854,0.2845351323923126,0.27804839918517665,0.2715616659780407,0.26507493277090477,0.25858819956376883,0.22887074380612427,0.1991532880484797,0.16943583229083514,0.13971837653319055
2,0.021214760756460276,0.024068329353953997,0.029064947229369295,0.03406156510478459,0.03905818298019989,0.04405480085561519,0.049051418731030486,0.07194225852804301,0.09483309832505553,0.11772393812206808,0.1406147779190806,0.2196416620198345,0.2167880934223408,0.21179147554692548,0.20679485767151018,0.20179823979609487,0.19680162192067957,0.19180500404526427,0.16891416424825173,0.14602332445123922,0.12313248465422667,0.10024164485721414
3,0.017379901386824617,0.01971764826949346,0.023811058840523276,0.02790446941155309,0.03199787998258291,0.03609129055361272,0.04018470112464254,0.058937707246218926,0.07769071336779533,0.09644371948937172,0.11519672561094813,0.1725522635160582,0.17021451663338938,0.16612110606235955,0.16202769549132973,0.1579342849202999,0.15384087434927007,0.14974746377824025,0.13099445765666387,0.11224145153508747,0.09348844541351108,0.07473543929193467
4,0.018861538995962508,0.02139857893702769,0.025840952998510806,0.030283327059993915,0.03472570112147703,0.03916807518296014,0.04361044924444325,0.0639621502340575,0.08431385122367176,0.10466555221328604,0.1250172532029003,0.16219714722554288,0.1596601072844777,0.15521773322299456,0.15077535916151147,0.14633298510002835,0.14189061103854522,0.1374482369770621,0.11709653598744785,0.0967448349978336,0.07639313400821932,0.05604143301860505
5,0.06031042844298219,0.06842270209442457,0.08262734801485494,0.09683199393528533,0.1110366398557157,0.1252412857761461,0.1394459316965765,0.20452120506052845,0.2695964784244804,0.33467175178843245,0.39974702515238447,0.4566317751531136,0.4485195015016712,0.43431485558124083,0.4201102096608105,0.4059055637403801,0.3917009178199497,0.3774962718995193,0.3124209985355673,0.24734572517161535,0.18227045180766333,0.1171951784437113
6,0.30895518501738617,0.35051232648691727,0.4232791617051753,0.4960459969234333,0.5688128321416914,0.6415796673599494,0.7143465025782075,1.0477107919933368,1.3810750814084662,1.7144393708235957,2.0478036602387255,2.1024107163262697,2.0608535748567385,1.9880867396384805,1.9153199044202225,1.8425530692019643,1.7697862339837063,1.6970193987654483,1.363655109350319,1.0302908199351897,0.6969265305200603,0.3635622411049304
7,1.1612949269476076,1.3174991271273024,1.5910137359992662,1.8645283448712298,2.1380429537431938,2.4115575626151577,2.685072171487121,3.9381155800368046,5.191158988586489,6.444202397136173,7.697245805685856,8.797592590406415,8.64138839022672,8.367873781354756,8.094359172482793,7.820844563610829,7.547329954738865,7.273815345866902,6.020771937317218,4.767728528767535,3.514685120217851,2.261641711668167
8,2.8365400828547638,3.218079229059924,3.8861568494030205,4.554234469746118,5.222312090089215,5.890389710432311,6.558467330775408,9.61910918103339,12.679751031291374,15.74039288154936,18.801034731807345,21.40384848736475,21.02230934115959,20.354231720816493,19.686154100473395,19.018076480130297,18.3499988597872,17.6819212394441,14.621279389186117,11.560637538928134,8.499995688670149,5.439353838412163
9,4.187241305649756,4.750461435119857,5.736663683482037,6.722865931844216,7.709068180206397,8.695270428568575,9.681472676930756,14.199528337297998,18.717583997665233,23.23563965803248,27.75369531839972,32.29130966000392,31.72808953053382,30.74188728217164,29.75568503380946,28.76948278544728,27.7832805370851,26.797078288722922,22.27902262835568,17.760966967988445,13.242911307621199,8.724855647253957
10,4.1224380187469025,4.6769415462886,5.647880965838258,6.618820385387915,7.5897598049375725,8.56069922448723,9.53163864403689,13.979771212843394,18.427903781649896,22.876036350456406,27.324168919262913,32.91035711924829,32.35585359170659,31.384914172156932,30.413974752607274,29.443035333057615,28.472095913507957,27.501156493958298,23.053023925151795,18.60489135634529,14.15675878753878,9.708626218732274
11,3.351595880008395,3.8024144805325077,4.591800893015079,5.381187305497649,6.170573717980221,6.959960130462791,7.7493465429453625,11.365736340329079,14.982126137712793,18.59851593509651,22.21490573248023,27.356769827551037,26.905951227026925,26.116564814544354,25.327178402061783,24.537791989579212,23.74840557709664,22.95901916461407,19.34262936723035,15.726239569846637,12.109849772462919,8.493459975079201
12,2.9910124143164416,3.3933294236000933,4.097789222441407,4.80224902128272,5.506708820124034,6.211168618965348,6.915628417806662,10.142946736074473,13.370265054342282,16.597583372610092,19.82490169087791,24.2284335048095,23.82611649552585,23.121656696684536,22.417196897843223,21.71273709900191,21.008277300160596,20.303817501319283,17.076499183051475,13.849180864783666,10.621862546515855,7.394544228248039
13,2.7047846416677372,3.0686015427890947,3.7056473923676854,4.342693241946275,4.979739091524866,5.6167849411034565,6.253830790682048,9.172307818474215,12.090784846266383,15.009261874058554,17.92773890185072,22.802692522038395,22.438875620917038,21.801829771338447,21.164783921759856,20.527738072181265,19.890692222602674,19.253646373024083,16.335169345231915,13.416692317439747,10.498215289647575,7.579738261855409
14,2.20733046474823,2.5042354815337093,3.0241181699939683,3.544000858454227,4.063883546914486,4.583766235374744,5.103648923835004,7.485370246439614,9.867091569044224,12.248812891648836,14.630534214253444,19.724931122724897,19.428026105939416,18.908143417479156,18.388260729018896,17.868378040558635,17.348495352098375,16.828612663638115,14.446891341033504,12.065170018428894,9.683448695824282,7.3017273732196735
15,1.677916042855984,1.903610246250039,2.298802319798513,2.693994393346985,3.0891864668954585,3.484378540443932,3.879570613992405,5.690050956937462,7.500531299882518,9.311011642827577,11.121491985772634,14.871256559632515,14.645562356238461,14.250370282689987,13.855178209141515,13.459986135593041,13.064794062044568,12.669601988496094,10.859121645551037,9.04864130260598,7.238160959660921,5.427680616715864
16,1.1172675321315855,1.2675496673528908,1.5306947005095728,1.7938397336662546,2.0569847668229366,2.3201297999796187,2.583274833136301,3.7888124482913326,4.9943500634463645,6.199887678601396,7.405425293756428,10.033161309414842,9.882879174193537,9.619734141036854,9.356589107880172,9.09344407472349,8.830299041566807,8.567154008410125,7.361616393255093,6.156078778100062,4.95054116294503,3.745003547789998
17,0.6682540838903488,0.7581400312657272,0.9155309318380566,1.0729218324103855,1.2303127329827148,1.3877036335550441,1.5450945341273732,2.2661442482220826,2.987193962316792,3.7082436764115014,4.429293390506211,6.0734388854665,5.983552938091121,5.826162037518792,5.668771136946463,5.5113802363741335,5.3539893358018045,5.196598435229475,4.475548721134766,3.7544990070400566,3.033449292945347,2.3123995788506377
18,0.4397550001969972,0.4989058467966161,0.6024793784527985,0.7060529101089809,0.8096264417651632,0.9131999734213457,1.016773505077528,1.4912714914090162,1.9657694777405041,2.4402674640719924,2.9147654504034803,3.6846018562989733,3.625451009699354,3.5218774780431716,3.418303946386989,3.314730414730807,3.2111568830746244,3.1075833514184423,2.633085365086954,2.158587378755466,1.6840893924239777,1.2095914060924897
19,0.286284866305672,0.32479265405806435,0.39222005033488544,0.4596474466117065,0.5270748428885276,0.5945022391653487,0.6619296354421698,0.9708325302776295,1.2797354251130895,1.5886383199485492,1.8975412147840094,2.22844041223525,2.1899326244828576,2.1225052282060366,2.0550778319292156,1.9876504356523945,1.9202230393755735,1.8527956430987524,1.5438927482632927,1.2349898534278327,0.926086958592373,0.6171840637569128
20,0.1600000684787465,0.18152145994052682,0.21920556165659857,0.25688966337267033,0.2945737650887421,0.33225786680481384,0.3699419685208856,0.5425828942000834,0.7152238198792811,0.887864745558479,1.0605056712376768,1.3303544742870113,1.308833082825231,1.2711489811091592,1.2334648793930874,1.1957807776770155,1.1580966759609437,1.1204125742448718,0.947771648565674,0.7751307228864763,0.6024897972072784,0.4298488715280806
21,0.0966650333943288,0.10966731548161278,0.1324343991801003,0.15520148287858784,0.17796856657707538,0.20073565027556292,0.2235027339740505,0.3278048196211218,0.432106905268193,0.5364089909152644,0.6407110765623357,0.8750441895076194,0.8620419074203355,0.8392748237218479,0.8165077400233604,0.7937406563248728,0.7709735726263852,0.7482064889278977,0.6439044032808263,0.5396023176337551,0.4353002319866837,0.3309981463396124
22,0.060485888935644626,0.06862176353916513,0.08286773488598757,0.09711370623281,0.11135967757963244,0.1256056489264549,0.13985162027327736,0.2051162164429092,0.27038081261254104,0.33564540878217297,0.40091000495180484,0.6530761972950729,0.6449403226915524,0.63069435134473,0.6164483799979075,0.602202408651085,0.5879564373042625,0.57371046595744,0.5084458697878081,0.4431812736181763,0.37791667744854435,0.3126520812789125
23,0.04326251605801909,0.04908169821561838,0.059271125452270715,0.06946055268892304,0.07964997992557539,0.08983940716222773,0.10002883439888008,0.1467093195416705,0.19338980468446088,0.24007028982725132,0.28675077497004176,0.499578441059629,0.4937592589020297,0.48356983166537737,0.47338040442872503,0.4631909771920727,0.45300154995542036,0.442812122718768,0.3961316375759776,0.3494511524331872,0.30277066729039676,0.2560901821476063
24,0.031367184720614005,0.03558634204876214,0.04297411500909338,0.050361887969424625,0.057749660929755864,0.0651374338900871,0.07252520685041834,0.10637056615310214,0.14021592545578596,0.17406128475846977,0.20790664406115364,0.38513873965896495,0.3809195823308168,0.3735318093704856,0.36614403641015436,0.35875626344982314,0.3513684904894919,0.3439807175291607,0.3101353582264769,0.27628999892379313,0.24244463962110932,0.20859928031842545
25,0.027541528392130105,0.031246101893993974,0.037732835101129916,0.04421956830826585,0.05070630151540179,0.057193034722537735,0.06367976792967367,0.09339722368731823,0.1231146794449628,0.15283213520260736,0.18254959096025195,0.2947264391013124,0.29102186559944854,0.2845351323923126,0.27804839918517665,0.2715616659780407,0.26507493277090477,0.25858819956376883,0.22887074380612427,0.1991532880484797,0.16943583229083514,0.13971837653319055
26,0.021214760756460276,0.024068329353953997,0.029064947229369295,0.03406156510478459,0.03905818298019989,0.04405480085561519,0.049051418731030486,0.07194225852804301,0.09483309832505553,0.11772393812206808,0.1406147779190806,0.2196416620198345,0.2167880934223408,0.21179147554692548,0.20679485767151018,0.20179823979609487,0.19680162192067957,0.19180500404526427,0.16891416424825173,0.14602332445123922,0.12313248465422667,0.10024164485721414
27,0.017379901386824617,0.01971764826949346,0.023811058840523276,0.02790446941155309,0.03199787998258291,0.03609129055361272,0.04018470112464254,0.058937707246218926,0.07769071336779533,0.09644371948937172,0.11519672561094813,0.1725522635160582,0.17021451663338938,0.16612110606235955,0.16202769549132973,0.1579342849202999,0.15384087434927007,0.14974746377824025,0.13099445765666387,0.11224145153508747,0.09348844541351108,0.07473543929193467
28,0.018861538995962508,0.02139857893702769,0.025840952998510806,0.030283327059993915,0.03472570112147703,0.03916807518296014,0.04361044924444325,0.0639621502340575,0.08431385122367176,0.10466555221328604,0.1250172532029003,0.16219714722554288,0.1596601072844777,0.15521773322299456,0.15077535916151147,0.14633298510002835,0.14189061103854522,0.1374482369770621,0.11709653598744785,0.0967448349978336,0.07639313400821932,0.05604143301860505
29,0.06031042844298219,0.06842270209442457,0.08262734801485494,0.09683199393528533,0.1110366398557157,0.1252412857761461,0.1394459316965765,0.20452120506052845,0.2695964784244804,0.33467175178843245,0.39974702515238447,0.4566317751531136,0.4485195015016712,0.43431485558124083,0.4201102096608105,0.4059055637403801,0.3917009178199497,0.3774962718995193,0.3124209985355673,0.24734572517161535,0.18227045180766333,0.1171951784437113
30,0.30895518501738617,0.35051232648691727,0.4232791617051753,0.4960459969234333,0.5688128321416914,0.6415796673599494,0.7143465025782075,1.0477107919933368,1.3810750814084662,1.7144393708235957,2.0478036602387255,2.1024107163262697,2.0608535748567385,1.9880867396384805,1.9153199044202225,1.8425530692019643,1.7697862339837063,1.6970193987654483,1.363655109350319,1.0302908199351897,0.6969265305200603,0.3635622411049304
31,1.1612949269476076,1.3174991271273024,1.5910137359992662,1.8645283448712298,2.1380429537431938,2.4115575626151577,2.685072171487121,3.9381155800368046,5.191158988586489,6.444202397136173,7.697245805685856,8.797592590406415,8.64138839022672,8.367873781354756,8.094359172482793,7.820844563610829,7.547329954738865,7.273815345866902,6.020771937317218,4.767728528767535,3.514685120217851,2.261641711668167
32,2.8365400828547638,3.218079229059924,3.8861568494030205,4.554234469746118,5.222312090089215,5.890389710432311,6.558467330775408,9.61910918103339,12.679751031291374,15.74039288154936,18.801034731807345,21.40384848736475,21.02230934115959,20.354231720816493,19.686154100473395,19.018076480130297,18.3499988597872,17.6819212394441,14.621279389186117,11.560637538928134,8.499995688670149,5.439353838412163
33,4.187241305649756,4.750461435119857,5.736663683482037,6.722865931844216,7.709068180206397,8.695270428568575,9.681472676930756,14.199528337297998,18.717583997665233,23.23563965803248,27.75369531839972,32.29130966000392,31.72808953053382,30.74188728217164,29.75568503380946,28.76948278544728,27.7832805370851,26.797078288722922,22.27902262835568,17.760966967988445,13.242911307621199,8.724855647253957
34,4.1224380187469025,4.6769415462886,5.647880965838258,6.618820385387915,7.5897598049375725,8.56069922448723,9.53163864403689,13.979771212843394,18.427903781649896,22.876036350456406,27.324168919262913,32.91035711924829,32.35585359170659,31.384914172156932,30.413974752607274,29.443035333057615,28.472095913507957,27.501156493958298,23.053023925151795,18.60489135634529,14.15675878753878,9.708626218732274
35,3.351595880008395,3.8024144805325077,4.591800893015079,5.381187305497649,6.170573717980221,6.959960130462791,7.7493465429453625,11.365736340329079,14.982126137712793,18.59851593509651,22.21490573248023,27.356769827551037,26.905951227026925,26.116564814544354,25.327178402061783,24.537791989579212,23.74840557709664,22.95901916461407,19.34262936723035,15.726239569846637,12.109849772462919,8.493459975079201
36,2.9910124143164416,3.3933294236000933,4.097789222441407,4.80224902128272,5.506708820124034,6.211168618965348,6.915628417806662,10.142946736074473,13.370265054342282,16.597583372610092,19.82490169087791,24.2284335048095,23.82611649552585,23.121656696684536,22.417196897843223,21.71273709900191,21.008277300160596,20.303817501319283,17.076499183051475,13.849180864783666,10.621862546515855,7.394544228248039
37,2.7047846416677372,3.0686015427890947,3.7056473923676854,4.342693241946275,4.979739091524866,5.6167849411034565,6.253830790682048,9.172307818474215,12.090784846266383,15.009261874058554,17.92773890185072,22.802692522038395,22.438875620917038,21.801829771338447,21.164783921759856,20.527738072181265,19.890692222602674,19.253646373024083,16.335169345231915,13.416692317439747,10.498215289647575,7.579738261855409
38,2.20733046474823,2.5042354815337093,3.0241181699939683,3.544000858454227,4.063883546914486,4.583766235374744,5.103648923835004,7.485370246439614,9.867091569044224,12.248812891648836,14.630534214253444,19.724931122724897,19.428026105939416,18.908143417479156,18.388260729018896,17.868378040558635,17.348495352098375,16.828612663638115,14.446891341033504,12.065170018428894,9.683448695824282,7.3017273732196735
39,1.677916042855984,1.903610246250039,2.298802319798513,2.693994393346985,3.0891864668954585,3.484378540443932,3.879570613992405,5.690050956937462,7.500531299882518,9.311011642827577,11.121491985772634,14.871256559632515,14.645562356238461,14.250370282689987,13.855178209141515,13.459986135593041,13.064794062044568,12.669601988496094,10.859121645551037,9.04864130260598,7.238160959660921,5.427680616715864
40,1.1172675321315855,1.2675496673528908,1.5306947005095728,1.7938397336662546,2.0569847668229366,2.3201297999796187,2.583274833136301,3.7888124482913326,4.9943500634463645,6.199887678601396,7.405425293756428,10.033161309414842,9.882879174193537,9.619734141036854,9.356589107880172,9.09344407472349,8.830299041566807,8.567154008410125,7.361616393255093,6.156078778100062,4.95054116294503,3.745003547789998
41,0.6682540838903488,0.7581400312657272,0.9155309318380566,1.0729218324103855,1.2303127329827148,1.3877036335550441,1.5450945341273732,2.2661442482220826,2.987193962316792,3.7082436764115014,4.429293390506211,6.0734388854665,5.983552938091121,5.826162037518792,5.668771136946463,5.5113802363741335,5.3539893358018045,5.196598435229475,4.475548721134766,3.7544990070400566,3.033449292945347,2.3123995788506377
42,0.4397550001969972,0.4989058467966161,0.6024793784527985,0.7060529101089809,0.8096264417651632,0.9131999734213457,1.016773505077528,1.4912714914090162,1.9657694777405041,2.4402674640719924,2.9147654504034803,3.6846018562989733,3.625451009699354,3.5218774780431716,3.418303946386989,3.314730414730807,3.2111568830746244,3.1075833514184423,2.633085365086954,2.158587378755466,1.6840893924239777,1.2095914060924897
43,0.286284866305672,0.32479265405806435,0.39222005033488544,0.4596474466117065,0.5270748428885276,0.5945022391653487,0.6619296354421698,0.9708325302776295,1.2797354251130895,1.5886383199485492,1.8975412147840094,2.22844041223525,2.1899326244828576,2.1225052282060366,2.0550778319292156,1.9876504356523945,1.9202230393755735,1.8527956430987524,1.5438927482632927,1.2349898534278327,0.926086958592373,0.6171840637569128
44,0.1600000684787465,0.18152145994052682,0.21920556165659857,0.25688966337267033,0.2945737650887421,0.33225786680481384,0.3699419685208856,0.5425828942000834,0.7152238198792811,0.887864745558479,1.0605056712376768,1.3303544742870113,1.308833082825231,1.2711489811091592,1.2334648793930874,1.1957807776770155,1.1580966759609437,1.1204125742448718,0.947771648565674,0.7751307228864763,0.6024897972072784,0.4298488715280806
45,0.0966650333943288,0.10966731548161278,0.1324343991801003,0.15520148287858784,0.17796856657707538,0.20073565027556292,0.2235027339740505,0.3278048196211218,0.432106905268193,0.5364089909152644,0.6407110765623357,0.8750441895076194,0.8620419074203355,0.8392748237218479,0.8165077400233604,0.7937406563248728,0.7709735726263852,0.7482064889278977,0.6439044032808263,0.5396023176337551,0.4353002319866837,0.3309981463396124
46,0.060485888935644626,0.06862176353916513,0.08286773488598757,0.09711370623281,0.11135967757963244,0.1256056489264549,0.13985162027327736,0.2051162164429092,0.27038081261254104,0.33564540878217297,0.40091000495180484,0.6530761972950729,0.6449403226915524,0.63069435134473,0.6164483799979075,0.602202408651085,0.5879564373042625,0.57371046595744,0.5084458697878081,0.4431812736181763,0.37791667744854435,0.3126520812789125
47,0.04326251605801909,0.04908169821561838,0.059271125452270715,0.06946055268892304,0.07964997992557539,0.08983940716222773,0.10002883439888008,0.1467093195416705,0.19338980468446088,0.24007028982725132,0.28675077497004176,0.499578441059629,0.4937592589020297,0.48356983166537737,0.47338040442872503,0.4631909771920727,0.45300154995542036,0.442812122718768,0.3961316375759776,0.3494511524331872,0.30277066729039676,0.2560901821476063
48,0.031367184720614005,0.03558634204876214,0.04297411500909338,0.050361887969424625,0.057749660929755864,0.0651374338900871,0.07252520685041834,0.10637056615310214,0.14021592545578596,0.17406128475846977,0.20790664406115364,0.38513873965896495,0.3809195823308168,0.3735318093704856,0.36614403641015436,0.35875626344982314,0.3513684904894919,0.3439807175291607,0.3101353582264769,0.27628999892379313,0.24244463962110932,0.20859928031842545
49,0.027541528392130105,0.031246101893993974,0.037732835101129916,0.04421956830826585,0.05070630151540179,0.057193034722537735,0.06367976792967367,0.09339722368731823,0.1231146794449628,0.15283213520260736,0.18254959096025195,0.2947264391013124,0.29102186559944854,0.2845351323923126,0.27804839918517665,0.2715616659780407,0.26507493277090477,0.25858819956376883,0.22887074380612427,0.1991532880484797,0.16943583229083514,0.13971837653319055
50,0.021214760756460276,0.024068329353953997,0.029064947229369295,0.03406156510478459,0.03905818298019989,0.04405480085561519,0.049051418731030486,0.07194225852804301,0.09483309832505553,0.11772393812206808,0.1406147779190806,0.2196416620198345,0.2167880934223408,0.21179147554692548,0.20679485767151018,0.20179823979609487,0.19680162192067957,0.19180500404526427,0.16891416424825173,0.14602332445123922,0.12313248465422667,0.10024164485721414
51,0.017379901386824617,0.01971764826949346,0.023811058840523276,0.02790446941155309,0.03199787998258291,0.03609129055361272,0.04018470112464254,0.058937707246218926,0.07769071336779533,0.09644371948937172,0.11519672561094813,0.1725522635160582,0.17021451663338938,0.16612110606235955,0.16202769549132973,0.1579342849202999,0.15384087434927007,0.14974746377824025,0.13099445765666387,0.11224145153508747,0.09348844541351108,0.07473543929193467
52,0.018861538995962508,0.02139857893702769,0.025840952998510806,0.030283327059993915,0.03472570112147703,0.03916807518296014,0.04361044924444325,0.0639621502340575,0.08431385122367176,0.10466555221328604,0.1250172532029003,0.16219714722554288,0.1596601072844777,0.15521773322299456,0.15077535916151147,0.14633298510002835,0.14189061103854522,0.1374482369770621,0.11709653598744785,0.0967448349978336,0.07639313400821932,0.05604143301860505
53,0.06031042844298219,0.06842270209442457,0.08262734801485494,0.09683199393528533,0.1110366398557157,0.1252412857761461,0.1394459316965765,0.20452120506052845,0.2695964784244804,0.33467175178843245,0.39974702515238447,0.4566317751531136,0.4485195015016712,0.43431485558124083,0.4201102096608105,0.4059055637403801,0.3917009178199497,0.3774962718995193,0.3124209985355673,0.24734572517161535,0.18227045180766333,0.1171951784437113
54,0.30895518501738617,0.35051232648691727,0.4232791617051753,0.4960459969234333,0.5688128321416914,0.6415796673599494,0.7143465025782075,1.0477107919933368,1.3810750814084662,1.7144393708235957,2.0478036602387255,2.1024107163262697,2.0608535748567385,1.9880867396384805,1.9153199044202225,1.8425530692019643,1.7697862339837063,1.6970193987654483,1.363655109350319,1.0302908199351897,0.6969265305200603,0.3635622411049304
55,1.1612949269476076,1.3174991271273024,1.5910137359992662,1.8645283448712298,2.1380429537431938,2.4115575626151577,2.685072171487121,3.9381155800368046,5.191158988586489,6.444202397136173,7.697245805685856,8.797592590406415,8.64138839022672,8.367873781354756,8.094359172482793,7.820844563610829,7.547329954738865,7.273815345866902,6.020771937317218,4.767728528767535,3.514685120217851,2.261641711668167
56,2.8365400828547638,3.218079229059924,3.8861568494030205,4.554234469746118,5.222312090089215,5.890389710432311,6.558467330775408,9.61910918103339,12.679751031291374,15.74039288154936,18.801034731807345,21.40384848736475,21.02230934115959,20.354231720816493,19.686154100473395,19.018076480130297,18.3499988597872,17.6819212394441,14.621279389186117,11.560637538928134,8.499995688670149,5.439353838412163
57,4.187241305649756,4.750461435119857,5.736663683482037,6.722865931844216,7.709068180206397,8.695270428568575,9.681472676930756,14.199528337297998,18.717583997665233,23.23563965803248,27.75369531839972,32.29130966000392,31.72808953053382,30.74188728217164,29.75568503380946,28.76948278544728,27.7832805370851,26.797078288722922,22.27902262835568,17.760966967988445,13.242911307621199,8.724855647253957
58,4.1224380187469025,4.6769415462886,5.647880965838258,6.618820385387915,7.5897598049375725,8.56069922448723,9.53163864403689,13.979771212843394,18.427903781649896,22.876036350456406,27.324168919262913,32.91035711924829,32.35585359170659,31.384914172156932,30.413974752607274,29.443035333057615,28.472095913507957,27.501156493958298,23.053023925151795,18.60489135634529,14.15675878753878,9.708626218732274
59,3.351595880008395,3.8024144805325077,4.591800893015079,5.381187305497649,6.170573717980221,6.959960130462791,7.7493465429453625,11.365736340329079,14.982126137712793,18.59851593509651,22.21490573248023,27.356769827551037,26.905951227026925,26.116564814544354,25.327178402061783,24.537791989579212,23.74840557709664,22.95901916461407,19.34262936723035,15.726239569846637,12.109849772462919,8.493459975079201
60,2.9910124143164416,3.3933294236000933,4.097789222441407,4.80224902128272,5.506708820124034,6.211168618965348,6.915628417806662,10.142946736074473,13.370265054342282,16.597583372610092,19.82490169087791,24.2284335048095,23.82611649552585,23.121656696684536,22.417196897843223,21.71273709900191,21.008277300160596,20.303817501319283,17.076499183051475,13.849180864783666,10.621862546515855,7.394544228248039
61,2.7047846416677372,3.0686015427890947,3.7056473923676854,4.342693241946275,4.979739091524866,5.6167849411034565,6.253830790682048,9.172307818474215,12.090784846266383,15.009261874058554,17.92773890185072,22.802692522038395,22.438875620917038,21.801829771338447,21.164783921759856,20.527738072181265,19.890692222602674,19.253646373024083,16.335169345231915,13.416692317439747,10.498215289647575,7.579738261855409
62,2.20733046474823,2.5042354815337093,3.0241181699939683,3.544000858454227,4.063883546914486,4.583766235374744,5.103648923835004,7.485370246439614,9.867091569044224,12.248812891648836,14.630534214253444,19.724931122724897,19.428026105939416,18.908143417479156,18.388260729018896,17.868378040558635,17.348495352098375,16.828612663638115,14.446891341033504,12.065170018428894,9.683448695824282,7.3017273732196735
63,1.677916042855984,1.903610246250039,2.298802319798513,2.693994393346985,3.0891864668954585,3.484378540443932,3.879570613992405,5.690050956937462,7.500531299882518,9.311011642827577,11.121491985772634,14.871256559632515,14.645562356238461,14.250370282689987,13.855178209141515,13.459986135593041,13.064794062044568,12.669601988496094,10.859121645551037,9.04864130260598,7.238160959660921,5.427680616715864
64,1.1172675321315855,1.2675496673528908,1.5306947005095728,1.7938397336662546,2.0569847668229366,2.3201297999796187,2.583274833136301,3.7888124482913326,4.9943500634463645,6.199887678601396,7.405425293756428,10.033161309414842,9.882879174193537,9.619734141036854,9.356589107880172,9.09344407472349,8.830299041566807,8.567154008410125,7.361616393255093,6.156078778100062,4.95054116294503,3.745003547789998
65,0.6682540838903488,0.7581400312657272,0.9155309318380566,1.0729218324103855,1.2303127329827148,1.3877036335550441,1.5450945341273732,2.2661442482220826,2.987193962316792,3.7082436764115014,4.429293390506211,6.0734388854665,5.983552938091121,5.826162037518792,5.668771136946463,5.5113802363741335,5.3539893358018045,5.196598435229475,4.475548721134766,3.7544990070400566,3.033449292945347,2.3123995788506377
66,0.4397550001969972,0.4989058467966161,0.6024793784527985,0.7060529101089809,0.8096264417651632,0.9131999734213457,1.016773505077528,1.4912714914090162,1.9657694777405041,2.4402674640719924,2.9147654504034803,3.6846018562989733,3.625451009699354,3.5218774780431716,3.418303946386989,3.314730414730807,3.2111568830746244,3.1075833514184423,2.633085365086954,2.158587378755466,1.6840893924239777,1.2095914060924897
67,0.286284866305672,0.32479265405806435,0.39222005033488544,0.4596474466117065,0.5270748428885276,0.5945022391653487,0.6619296354421698,0.9708325302776295,1.2797354251130895,1.5886383199485492,1.8975412147840094,2.22844041223525,2.1899326244828576,2.1225052282060366,2.0550778319292156,1.9876504356523945,1.9202230393755735,1.8527956430987524,1.5438927482632927,1.2349898534278327,0.926086958592373,0.6171840637569128
68,0.1600000684787465,0.18152145994052682,0.21920556165659857,0.25688966337267033,0.2945737650887421,0.33225786680481384,0.3699419685208856,0.5425828942000834,0.7152238198792811,0.887864745558479,1.0605056712376768,1.3303544742870113,1.308833082825231,1.2711489811091592,1.2334648793930874,1.1957807776770155,1.1580966759609437,1.1204125742448718,0.947771648565674,0.7751307228864763,0.6024897972072784,0.4298488715280806
69,0.0966650333943288,0.10966731548161278,0.1324343991801003,0.15520148287858784,0.17796856657707538,0.20073565027556292,0.2235027339740505,0.3278048196211218,0.432106905268193,0.5364089909152644,0.6407110765623357,0.8750441895076194,0.8620419074203355,0.8392748237218479,0.8165077400233604,0.7937406563248728,0.7709735726263852,0.7482064889278977,0.6439044032808263,0.5396023176337551,0.4353002319866837,0.3309981463396124
70,0.060485888935644626,0.06862176353916513,0.08286773488598757,0.09711370623281,0.11135967757963244,0.1256056489264549,0.13985162027327736,0.2051162164429092,0.27038081261254104,0.33564540878217297,0.40091000495180484,0.6530761972950729,0.6449403226915524,0.63069435134473,0.6164483799979075,0.602202408651085,0.5879564373042625,0.57371046595744,0.5084458697878081,0.4431812736181763,0.37791667744854435,0.3126520812789125
71,0.04326251605801909,0.04908169821561838,0.059271125452270715,0.06946055268892304,0.07964997992557539,0.08983940716222773,0.10002883439888008,0.1467093195416705,0.19338980468446088,0.24007028982725132,0.28675077497004176,0.499578441059629,0.4937592589020297,0.48356983166537737,0.47338040442872503,0.4631909771920727,0.45300154995542036,0.442812122718768,0.3961316375759776,0.3494511524331872,0.30277066729039676,0.2560901821476063
72,0.031367184720614005,0.03558634204876214,0.04297411500909338,0.050361887969424625,0.057749660929755864,0.0651374338900871,0.07252520685041834,0.10637056615310214,0.14021592545578596,0.17406128475846977,0.20790664406115364,0.38513873965896495,0.3809195823308168,0.3735318093704856,0.36614403641015436,0.35875626344982314,0.3513684904894919,0.3439807175291607,0.3101353582264769,0.27628999892379313,0.24244463962110932,0.20859928031842545
73,0.027541528392130105,0.031246101893993974,0.037732835101129916,0.04421956830826585,0.05070630151540179,0.057193034722537735,0.06367976792967367,0.09339722368731823,0.1231146794449628,0.15283213520260736,0.18254959096025195,0.2947264391013124,0.29102186559944854,0.2845351323923126,0.27804839918517665,0.2715616659780407,0.26507493277090477,0.25858819956376883,0.22887074380612427,0.1991532880484797,0.16943583229083514,0.13971837653319055
74,0.021214760756460276,0.024068329353953997,0.029064947229369295,0.03406156510478459,0.03905818298019989,0.04405480085561519,0.049051418731030486,0.07194225852804301,0.09483309832505553,0.11772393812206808,0.1406147779190806,0.2196416620198345,0.2167880934223408,0.21179147554692548,0.20679485767151018,0.20179823979609487,0.19680162192067957,0.19180500404526427,0.16891416424825173,0.14602332445123922,0.12313248465422667,0.10024164485721414
75,0.017379901386824617,0.01971764826949346,0.023811058840523276,0.02790446941155309,0.03199787998258291,0.03609129055361272,0.04018470112464254,0.058937707246218926,0.07769071336779533,0.09644371948937172,0.11519672561094813,0.1725522635160582,0.17021451663338938,0.16612110606235955,0.16202769549132973,0.1579342849202999,0.15384087434927007,0.14974746377824025,0.13099445765666387,0.11224145153508747,0.09348844541351108,0.07473543929193467
76,0.018861538995962508,0.02139857893702769,0.025840952998510806,0.030283327059993915,0.03472570112147703,0.03916807518296014,0.04361044924444325,0.0639621502340575,0.08431385122367176,0.10466555221328604,0.1250172532029003,0.16219714722554288,0.1596601072844777,0.15521773322299456,0.15077535916151147,0.14633298510002835,0.14189061103854522,0.1374482369770621,0.11709653598744785,0.0967448349978336,0.07639313400821932,0.05604143301860505
77,0.06031042844298219,0.06842270209442457,0.08262734801485494,0.09683199393528533,0.1110366398557157,0.1252412857761461,0.1394459316965765,0.20452120506052845,0.2695964784244804,0.33467175178843245,0.39974702515238447,0.4566317751531136,0.4485195015016712,0.43431485558124083,0.4201102096608105,0.4059055637403801,0.3917009178199497,0.3774962718995193,0.3124209985355673,0.24734572517161535,0.18227045180766333,0.1171951784437113
78,0.30895518501738617,0.35051232648691727,0.4232791617051753,0.4960459969234333,0.5688128321416914,0.6415796673599494,0.7143465025782075,1.0477107919933368,1.3810750814084662,1.7144393708235957,2.0478036602387255,2.1024107163262697,2.0608535748567385,1.9880867396384805,1.9153199044202225,1.8425530692019643,1.7697862339837063,1.6970193987654483,1.363655109350319,1.0302908199351897,0.6969265305200603,0.3635622411049304
79,1.1612949269476076,1.3174991271273024,1.5910137359992662,1.8645283448712298,2.1380429537431938,2.4115575626151577,2.685072171487121,3.9381155800368046,5.191158988586489,6.444202397136173,7.697245805685856,8.797592590406415,8.64138839022672,8.367873781354756,8.094359172482793,7.820844563610829,7.547329954738865,7.273815345866902,6.020771937317218,4.767728528767535,3.514685120217851,2.261641711668167
80,2.8365400828547638,3.218079229059924,3.8861568494030205,4.554234469746118,5.222312090089215,5.890389710432311,6.558467330775408,9.61910918103339,12.679751031291374,15.74039288154936,18.801034731807345,21.40384848736475,21.02230934115959,20.354231720816493,19.686154100473395,19.018076480130297,18.3499988597872,17.6819212394441,14.621279389186117,11.560637538928134,8.499995688670149,5.439353838412163
81,4.187241305649756,4.750461435119857,5.736663683482037,6.722865931844216,7.709068180206397,8.695270428568575,9.681472676930756,14.199528337297998,18.717583997665233,23.23563965803248,27.75369531839972,32.29130966000392,31.72808953053382,30.74188728217164,29.75568503380946,28.76948278544728,27.7832805370851,26.797078288722922,22.27902262835568,17.760966967988445,13.242911307621199,8.724855647253957
82,4.1224380187469025,4.6769415462886,5.647880965838258,6.618820385387915,7.5897598049375725,8.56069922448723,9.53163864403689,13.979771212843394,18.427903781649896,22.876036350456406,27.324168919262913,32.91035711924829,32.35585359170659,31.384914172156932,30.413974752607274,29.443035333057615,28.472095913507957,27.501156493958298,23.053023925151795,18.60489135634529,14.15675878753878,9.708626218732274
83,3.351595880008395,3.8024144805325077,4.591800893015079,5.381187305497649,6.170573717980221,6.959960130462791,7.7493465429453625,11.365736340329079,14.982126137712793,18.59851593509651,22.21490573248023,27.356769827551037,26.905951227026925,26.116564814544354,25.327178402061783,24.537791989579212,23.74840557709664,22.95901916461407,19.34262936723035,15.726239569846637,12.109849772462919,8.493459975079201
84,2.9910124143164416,3.3933294236000933,4.097789222441407,4.80224902128272,5.506708820124034,6.211168618965348,6.915628417806662,10.142946736074473,13.370265054342282,16.597583372610092,19.82490169087791,24.2284335048095,23.82611649552585,23.121656696684536,22.417196897843223,21.71273709900191,21.008277300160596,20.303817501319283,17.076499183051475,13.849180864783666,10.621862546515855,7.394544228248039
85,2.7047846416677372,3.0686015427890947,3.7056473923676854,4.342693241946275,4.979739091524866,5.6167849411034565,6.253830790682048,9.172307818474215,12.090784846266383,15.009261874058554,17.92773890185072,22.802692522038395,22.438875620917038,21.801829771338447,21.164783921759856,20.527738072181265,19.890692222602674,19.253646373024083,16.335169345231915,13.416692317439747,10.498215289647575,7.579738261855409
86,2.20733046474823,2.5042354815337093,3.0241181699939683,3.544000858454227,4.063883546914486,4.583766235374744,5.103648923835004,7.485370246439614,9.867091569044224,12.248812891648836,14.630534214253444,19.724931122724897,19.428026105939416,18.908143417479156,18.388260729018896,17.868378040558635,17.348495352098375,16.828612663638115,14.446891341033504,12.065170018428894,9.683448695824282,7.3017273732196735
87,1.677916042855984,1.903610246250039,2.298802319798513,2.693994393346985,3.0891864668954585,3.484378540443932,3.879570613992405,5.690050956937462,7.500531299882518,9.311011642827577,11.121491985772634,14.871256559632515,14.645562356238461,14.250370282689987,13.855178209141515,13.459986135593041,13.064794062044568,12.669601988496094,10.859121645551037,9.04864130260598,7.238160959660921,5.427680616715864
88,1.1172675321315855,1.2675496673528908,1.5306947005095728,1.7938397336662546,2.0569847668229366,2.3201297999796187,2.583274833136301,3.7888124482913326,4.9943500634463645,6.199887678601396,7.405425293756428,10.033161309414842,9.882879174193537,9.619734141036854,9.356589107880172,9.09344407472349,8.830299041566807,8.567154008410125,7.361616393255093,6.156078778100062,4.95054116294503,3.745003547789998
89,0.6682540838903488,0.7581400312657272,0.9155309318380566,1.0729218324103855,1.2303127329827148,1.3877036335550441,1.5450945341273732,2.2661442482220826,2.987193962316792,3.7082436764115014,4.429293390506211,6.0734388854665,5.983552938091121,5.826162037518792,5.668771136946463,5.5113802363741335,5.3539893358018045,5.196598435229475,4.475548721134766,3.7544990070400566,3.033449292945347,2.3123995788506377
90,0.4397550001969972,0.4989058467966161,0.6024793784527985,0.7060529101089809,0.8096264417651632,0.9131999734213457,1.016773505077528,1.4912714914090162,1.9657694777405041,2.4402674640719924,2.9147654504034803,3.6846018562989733,3.625451009699354,3.5218774780431716,3.418303946386989,3.314730414730807,3.2111568830746244,3.1075833514184423,2.633085365086954,2.158587378755466,1.6840893924239777,1.2095914060924897
91,0.286284866305672,0.32479265405806435,0.39222005033488544,0.4596474466117065,0.5270748428885276,0.5945022391653487,0.6619296354421698,0.9708325302776295,1.2797354251130895,1.5886383199485492,1.8975412147840094,2.22844041223525,2.1899326244828576,2.1225052282060366,2.0550778319292156,1.9876504356523945,1.9202230393755735,1.8527956430987524,1.5438927482632927,1.2349898534278327,0.926086958592373,0.6171840637569128
92,0.1600000684787465,0.18152145994052682,0.21920556165659857,0.25688966337267033,0.2945737650887421,0.33225786680481384,0.3699419685208856,0.5425828942000834,0.7152238198792811,0.887864745558479,1.0605056712376768,1.3303544742870113,1.308833082825231,1.2711489811091592,1.2334648793930874,1.1957807776770155,1.1580966759609437,1.1204125742448718,0.947771648565674,0.7751307228864763,0.6024897972072784,0.4298488715280806
93,0.0966650333943288,0.10966731548161278,0.1324343991801003,0.15520148287858784,0.17796856657707538,0.20073565027556292,0.2235027339740505,0.3278048196211218,0.432106905268193,0.5364089909152644,0.6407110765623357,0.8750441895076194,0.8620419074203355,0.8392748237218479,0.8165077400233604,0.7937406563248728,0.7709735726263852,0.7482064889278977,0.6439044032808263,0.5396023176337551,0.4353002319866837,0.3309981463396124
94,0.060485888935644626,0.06862176353916513,0.08286773488598757,0.09711370623281,0.11135967757963244,0.1256056489264549,0.13985162027327736,0.2051162164429092,0.27038081261254104,0.33564540878217297,0.40091000495180484,0.6530761972950729,0.6449403226915524,0.63069435134473,0.6164483799979075,0.602202408651085,0.5879564373042625,0.57371046595744,0.5084458697878081,0.4431812736181763,0.37791667744854435,0.3126520812789125
95,0.04326251605801909,0.04908169821561838,0.059271125452270715,0.06946055268892304,0.07964997992557539,0.08983940716222773,0.10002883439888008,0.1467093195416705,0.19338980468446088,0.24007028982725132,0.28675077497004176,0.499578441059629,0.4937592589020297,0.48356983166537737,0.47338040442872503,0.4631909771920727,0.45300154995542036,0.442812122718768,0.3961316375759776,0.3494511524331872,0.30277066729039676,0.2560901821476063
96,0.031367184720614005,0.03558634204876214,0.04297411500909338,0.050361887969424625,0.057749660929755864,0.0651374338900871,0.07252520685041834,0.10637056615310214,0.14021592545578596,0.17406128475846977,0.20790664406115364,0.38513873965896495,0.3809195823308168,0.3735318093704856,0.36614403641015436,0.35875626344982314,0.3513684904894919,0.3439807175291607,0.3101353582264769,0.27628999892379313,0.24244463962110932,0.20859928031842545
97,0.027541528392130105,0.031246101893993974,0.037732835101129916,0.04421956830826585,0.05070630151540179,0.057193034722537735,0.06367976792967367,0.09339722368731823,0.1231146794449628,0.15283213520260736,0.18254959096025195,0.2947264391013124,0.29102186559944854,0.2845351323923126,0.27804839918517665,0.2715616659780407,0.26507493277090477,0.25858819956376883,0.22887074380612427,0.1991532880484797,0.16943583229083514,0.13971837653319055
98,0.021214760756460276,0.024068329353953997,0.029064947229369295,0.03406156510478459,0.03905818298019989,0.04405480085561519,0.049051418731030486,0.07194225852804301,0.09483309832505553,0.11772393812206808,0.1406147779190806,0.2196416620198345,0.2167880934223408,0.21179147554692548,0.20679485767151018,0.20179823979609487,0.19680162192067957,0.19180500404526427,0.16891416424825173,0.14602332445123922,0.12313248465422667,0.10024164485721414
99,0.017379901386824617,0.01971764826949346,0.023811058840523276,0.02790446941155309,0.03199787998258291,0.03609129055361272,0.04018470112464254,0.058937707246218926,0.07769071336779533,0.09644371948937172,0.11519672561094813,0.1725522635160582,0.17021451663338938,0.16612110606235955,0.16202769549132973,0.1579342849202999,0.15384087434927007,0.14974746377824025,0.13099445765666387,0.11224145153508747,0.09348844541351108,0.07473543929193467
100,0.018861538995962508,0.02139857893702769,0.025840952998510806,0.030283327059993915,0.03472570112147703,0.03916807518296014,0.04361044924444325,0.0639621502340575,0.08431385122367176,0.10466555221328604,0.1250172532029003,0.16219714722554288,0.1596601072844777,0.15521773322299456,0.15077535916151147,0.14633298510002835,0.14189061103854522,0.1374482369770621,0.11709653598744785,0.0967448349978336,0.07639313400821932,0.05604143301860505
101,0.06031042844298219,0.06842270209442457,0.08262734801485494,0.09683199393528533,0.1110366398557157,0.1252412857761461,0.1394459316965765,0.20452120506052845,0.2695964784244804,0.33467175178843245,0.39974702515238447,0.4566317751531136,0.4485195015016712,0.43431485558124083,0.4201102096608105,0.4059055637403801,0.3917009178199497,0.3774962718995193,0.3124209985355673,0.24734572517161535,0.18227045180766333,0.1171951784437113
102,0.30895518501738617,0.35051232648691727,0.4232791617051753,0.4960459969234333,0.5688128321416914,0.6415796673599494,0.7143465025782075,1.0477107919933368,1.3810750814084662,1.7144393708235957,2.0478036602387255,2.1024107163262697,2.0608535748567385,1.9880867396384805,1.9153199044202225,1.8425530692019643,1.7697862339837063,1.6970193987654483,1.363655109350319,1.0302908199351897,0.6969265305200603,0.3635622411049304
103,1.1612949269476076,1.3174991271273024,1.5910137359992662,1.8645283448712298,2.1380429537431938,2.4115575626151577,2.685072171487121,3.9381155800368046,5.191158988586489,6.444202397136173,7.697245805685856,8.797592590406415,8.64138839022672,8.367873781354756,8.094359172482793,7.820844563610829,7.547329954738865,7.273815345866902,6.020771937317218,4.767728528767535,3.514685120217851,2.261641711668167
104,2.8365400828547638,3.218079229059924,3.8861568494030205,4.554234469746118,5.222312090089215,5.890389710432311,6.558467330775408,9.61910918103339,12.679751031291374,15.74039288154936,18.801034731807345,21.40384848736475,21.02230934115959,20.354231720816493,19.686154100473395,19.018076480130297,18.3499988597872,17.6819212394441,14.621279389186117,11.560637538928134,8.499995688670149,5.439353838412163
105,4.187241305649756,4.750461435119857,5.736663683482037,6.722865931844216,7.709068180206397,8.695270428568575,9.681472676930756,14.199528337297998,18.717583997665233,23.23563965803248,27.75369531839972,32.29130966000392,31.72808953053382,30.74188728217164,29.75568503380946,28.76948278544728,27.7832805370851,26.797078288722922,22.27902262835568,17.760966967988445,13.242911307621199,8.724855647253957
106,4.1224380187469025,4.6769415462886,5.647880965838258,6.618820385387915,7.5897598049375725,8.56069922448723,9.53163864403689,13.979771212843394,18.427903781649896,22.876036350456406,27.324168919262913,32.91035711924829,32.35585359170659,31.384914172156932,30.413974752607274,29.443035333057615,28.472095913507957,27.501156493958298,23.053023925151795,18.60489135634529,14.15675878753878,9.708626218732274
107,3.351595880008395,3.8024144805325077,4.591800893015079,5.381187305497649,6.170573717980221,6.959960130462791,7.7493465429453625,11.365736340329079,14.982126137712793,18.59851593509651,22.21490573248023,27.356769827551037,26.905951227026925,26.116564814544354,25.327178402061783,24.537791989579212,23.74840557709664,22.95901916461407,19.34262936723035,15.726239569846637,12.109849772462919,8.493459975079201
108,2.9910124143164416,3.3933294236000933,4.097789222441407,4.80224902128272,5.506708820124034,6.211168618965348,6.915628417806662,10.142946736074473,13.370265054342282,16.597583372610092,19.82490169087791,24.2284335048095,23.82611649552585,23.121656696684536,22.417196897843223,21.71273709900191,21.008277300160596,20.303817501319283,17.076499183051475,13.849180864783666,10.621862546515855,7.394544228248039
109,2.7047846416677372,3.0686015427890947,3.7056473923676854,4.342693241946275,4.979739091524866,5.6167849411034565,6.253830790682048,9.172307818474215,12.090784846266383,15.009261874058554,17.92773890185072,22.802692522038395,22.438875620917038,21.801829771338447,21.164783921759856,20.527738072181265,19.890692222602674,19.253646373024083,16.335169345231915,13.416692317439747,10.498215289647575,7.579738261855409
110,2.20733046474823,2.5042354815337093,3.0241181699939683,3.544000858454227,4.063883546914486,4.583766235374744,5.103648923835004,7.485370246439614,9.867091569044224,12.248812891648836,14.630534214253444,19.724931122724897,19.428026105939416,18.908143417479156,18.388260729018896,17.868378040558635,17.348495352098375,16.828612663638115,14.446891341033504,12.065170018428894,9.683448695824282,7.3017273732196735
111,1.677916042855984,1.903610246250039,2.298802319798513,2.693994393346985,3.0891864668954585,3.484378540443932,3.879570613992405,5.690050956937462,7.500531299882518,9.311011642827577,11.121491985772634,14.871256559632515,14.645562356238461,14.250370282689987,13.855178209141515,13.459986135593041,13.064794062044568,12.669601988496094,10.859121645551037,9.04864130260598,7.238160959660921,5.427680616715864
112,1.1172675321315855,1.2675496673528908,1.5306947005095728,1.7938397336662546,2.0569847668229366,2.3201297999796187,2.583274833136301,3.7888124482913326,4.9943500634463645,6.199887678601396,7.405425293756428,10.033161309414842,9.882879174193537,9.619734141036854,9.356589107880172,9.09344407472349,8.830299041566807,8.567154008410125,7.361616393255093,6.156078778100062,4.95054116294503,3.745003547789998
113,0.6682540838903488,0.7581400312657272,0.9155309318380566,1.0729218324103855,1.2303127329827148,1.3877036335550441,1.5450945341273732,2.2661442482220826,2.987193962316792,3.7082436764115014,4.429293390506211,6.0734388854665,5.983552938091121,5.826162037518792,5.668771136946463,5.5113802363741335,5.3539893358018045,5.196598435229475,4.475548721134766,3.7544990070400566,3.033449292945347,2.3123995788506377
114,0.4397550001969972,0.4989058467966161,0.6024793784527985,0.7060529101089809,0.8096264417651632,0.9131999734213457,1.016773505077528,1.4912714914090162,1.9657694777405041,2.4402674640719924,2.9147654504034803,3.6846018562989733,3.625451009699354,3.5218774780431716,3.418303946386989,3.314730414730807,3.2111568830746244,3.1075833514184423,2.633085365086954,2.158587378755466,1.6840893924239777,1.2095914060924897
115,0.286284866305672,0.32479265405806435,0.39222005033488544,0.4596474466117065,0.5270748428885276,0.5945022391653487,0.6619296354421698,0.9708325302776295,1.2797354251130895,1.5886383199485492,1.8975412147840094,2.22844041223525,2.1899326244828576,2.1225052282060366,2.0550778319292156,1.9876504356523945,1.9202230393755735,1.8527956430987524,1.5438927482632927,1.2349898534278327,0.926086958592373,0.6171840637569128
116,0.1600000684787465,0.18152145994052682,0.21920556165659857,0.25688966337267033,0.2945737650887421,0.33225786680481384,0.3699419685208856,0.5425828942000834,0.7152238198792811,0.887864745558479,1.0605056712376768,1.3303544742870113,1.308833082825231,1.2711489811091592,1.2334648793930874,1.1957807776770155,1.1580966759609437,1.1204125742448718,0.947771648565674,0.7751307228864763,0.6024897972072784,0.4298488715280806
117,0.0966650333943288,0.10966731548161278,0.1324343991801003,0.15520148287858784,0.17796856657707538,0.20073565027556292,0.2235027339740505,0.3278048196211218,0.432106905268193,0.5364089909152644,0.6407110765623357,0.8750441895076194,0.8620419074203355,0.8392748237218479,0.8165077400233604,0.7937406563248728,0.7709735726263852,0.7482064889278977,0.6439044032808263,0.5396023176337551,0.4353002319866837,0.3309981463396124
118,0.060485888935644626,0.06862176353916513,0.08286773488598757,0.09711370623281,0.11135967757963244,0.1256056489264549,0.13985162027327736,0.2051162164429092,0.27038081261254104,0.33564540878217297,0.40091000495180484,0.6530761972950729,0.6449403226915524,0.63069435134473,0.6164483799979075,0.602202408651085,0.5879564373042625,0.57371046595744,0.5084458697878081,0.4431812736181763,0.37791667744854435,0.3126520812789125
119,0.04326251605801909,0.04908169821561838,0.059271125452270715,0.06946055268892304,0.07964997992557539,0.08983940716222773,0.10002883439888008,0.1467093195416705,0.19338980468446088,0.24007028982725132,0.28675077497004176,0.499578441059629,0.4937592589020297,0.48356983166537737,0.47338040442872503,0.4631909771920727,0.45300154995542036,0.442812122718768,0.3961316375759776,0.3494511524331872,0.30277066729039676,0.2560901821476063
120,0.06656898268586907,0.07552308595105217,0.09120178120737912,0.10688047646370606,0.12255917172003303,0.13823786697635998,0.1539165622326869,0.2257448489433112,0.29757313565393556,0.36940142236455986,0.44122970907518416,0.4271966781704077,0.4182425749052246,0.4025638796488976,0.3868851843925707,0.3712064891362437,0.35552779387991673,0.3398490986235898,0.2680208119129655,0.19619252520234115,0.12436423849171685,0.05253595178109255
121,0.056639086305014866,0.06425753272192815,0.07759748382143074,0.09093743492093335,0.10427738602043597,0.11761733711993858,0.1309572882194412,0.19207116387144205,0.25318503952344296,0.31429891517544384,0.3754127908274448,0.3168441383691494,0.3092256919522361,0.2958857408527335,0.28254578975323086,0.26920583865372827,0.2558658875542257,0.24252593645472306,0.1814120608027222,0.1202981851507213,0.05918430949872042,-0.0019295661532805208
122,0.03392680220936796,0.038490250202461725,0.046480878441028384,0.05447150667959503,0.06246213491816169,0.07045276315672834,0.07844339139529499,0.1150505915949522,0.15165779179460942,0.18826499199426663,0.22487219219392388,0.22601923126692836,0.22145578327383458,0.21346515503526792,0.20547452679670128,0.1974838985581346,0.18949327031956797,0.1815026420810013,0.1448954418813441,0.10828824168168688,0.07168104148202967,0.035073841282372425
123,0.0236676925723058,0.026851201690074235,0.03242554764354464,0.03799989359701504,0.043574239550485436,0.049148585503955844,0.05472293145742625,0.08026049774238261,0.10579806402733898,0.13133563031229536,0.15687319659725174,0.20284547879051973,0.1996619696727513,0.1940876237192809,0.1885132777658105,0.1829389318123401,0.17736458585886972,0.17179023990539932,0.14625267362044297,0.12071510733548661,0.09517754105053022,0.06963997476557385
124,0.02469635730095266,0.028018230711428102,0.03383485347536883,0.03965147623930954,0.04546809900325027,0.051284721767191,0.05710134453113172,0.08374884553458932,0.11039634653804692,0.1370438475415045,0.16369134854496212,0.2086410790622131,0.20531920565173767,0.19950258288779693,0.19368596012385622,0.18786933735991548,0.18205271459597477,0.17623609183203404,0.14958859082857645,0.12294108982511885,0.09629358882166127,0.06964608781820365
125,0.018530992112733714,0.02102357064238779,0.025388092472381524,0.02975261430237525,0.03411713613236898,0.03848165796236271,0.04284617979235644,0.06284121893523797,0.08283625807811949,0.10283129722100104,0.12282633636388257,0.23076451461001737,0.2282719360803633,0.22390741425036959,0.21954289242037586,0.21517837059038214,0.21081384876038842,0.2064493269303947,0.18645428778751316,0.16645924864463163,0.1464642095017501,0.12646917035886857
126,0.022723898938375474,0.025780459658883387,0.031132518111866028,0.036484576564848666,0.0418366350178313,0.04718869347081395,0.05254075192379659,0.0770599598532782,0.10157916778275981,0.12609837571224142,0.15061758364172306,0.3411068640072945,0.3380503032867866,0.33269824483380395,0.3273461863808213,0.32199412792783866,0.316642069474856,0.31129001102187337,0.2867708030923918,0.2622515951629102,0.2377323872334286,0.21321317930394695
127,0.05954035988303085,0.0675490526604855,0.08157232777140645,0.0955956028823274,0.10961887799324835,0.12364215310416929,0.13766542821509023,0.20190979350324906,0.2661541587914079,0.33039852407956677,0.3946428893677256,0.5323949645104806,0.524386271733026,0.510362996622105,0.4963397215111841,0.48231644640026317,0.4682931712893422,0.4542698961784213,0.3900255308902625,0.32578116560210363,0.2615368003139448,0.19729243502578592
128,0.09422208070711786,0.10689576455313886,0.129087470513181,0.15127917647322317,0.17347088243326533,0.1956625883933075,0.21785429435334966,0.31952042104539957,0.42118654773744957,0.5228526744294996,0.6245188011215496,0.7630054397344619,0.7503317558884409,0.7281400499283988,0.7059483439683566,0.6837566380083144,0.6615649320482723,0.6393732260882301,0.5377070993961802,0.4360409727041302,0.33437484601208023,0.23270871932003023
129,0.11060462621291975,0.12548190395938727,0.1515321177130734,0.17758233146675953,0.2036325452204457,0.22968275897413182,0.255732972727818,0.37507595323620807,0.49441893374459817,0.6137619142529884,0.7331048947613785,1.04243040931092,1.0275531315644524,1.0015029178107662,0.9754527040570801,0.949402490303394,0.9233522765497079,0.8973020627960218,0.7779590822876317,0.6586161017792416,0.5392731212708513,0.41993014076246116
130,0.14593538259187422,0.16556495229609972,0.19993646134515083,0.23430797039420195,0.2686794794432531,0.3030509884923042,0.3374224975413554,0.4948875522726021,0.6523526070038489,0.8098176617350957,0.9672827164663426,1.3368623237393928,1.3172327540351674,1.2828612449861163,1.2484897359370652,1.2141182268880142,1.1797467178389631,1.145375208789912,0.9879101540586653,0.8304450993274186,0.6729800445961718,0.5155149898649249
131,0.17412844867806587,0.1975502293326846,0.2385619253527876,0.2795736213728906,0.3205853173929936,0.3615970134130966,0.40260870943319965,0.5904942325625675,0.7783797556919354,0.9662652788213034,1.1541508019506714,1.6963697765134498,1.6729479958588311,1.6319362998387281,1.590924603818625,1.549912907798522,1.508901211778419,1.467889515758316,1.2800039926289482,1.0921184694995802,0.9042329463702122,0.7163474232408442
132,0.20258246617249245,0.22983155799628885,0.277544901707457,0.32525824541862514,0.3729715891297932,0.4206849328409614,0.46839827655212957,0.6869858360383282,0.9055733955245269,1.1241609550107257,1.3427485144969247,1.9211150761464808,1.8938659843226844,1.8461526406115163,1.7984392969003482,1.7507259531891801,1.7030126094780118,1.6552992657668437,1.4367117062806452,1.2181241467944464,0.9995365873082476,0.7809490278220486
133,0.22682064156334378,0.25732997737244256,0.31075203030808307,0.3641740832437235,0.4175961361793641,0.4710181891150046,0.5244402420506451,0.769180921820084,1.013921601589523,1.2586622813589619,1.5034029611284008,2.0428941262432594,2.0123847904341607,1.9589627374985201,1.9055406845628797,1.852118631627239,1.7986965786915987,1.745274525755958,1.5005338459865192,1.2557931662170803,1.0110524864476413,0.7663118066782024
134,0.28713168866453304,0.3257533813399477,0.3933802259058238,0.46100707047169975,0.5286339150375757,0.5962607596034519,0.6638876041693279,0.9737042248382178,1.2835208455071077,1.5933374661759976,1.9031540868448875,2.133676930271694,2.095055237596279,2.027428393030403,1.9598015484645268,1.8921747038986507,1.8245478593327746,1.7569210147668985,1.4471043940980086,1.1372877734291187,0.8274711527602288,0.5176545320913388
135,0.3067951188581142,0.3480617127682659,0.42031979724889373,0.49257788172952155,0.5648359662101494,0.6370940506907772,0.709352135171405,1.040385701701159,1.3714192682309132,1.7024528347606676,2.0334864012904217,2.1612776545091203,2.120011060598969,2.047752976118341,1.975494891637713,1.9032368071570853,1.8309787226764576,1.7587206381958298,1.427687071666076,1.0966535051363218,0.7656199386065674,0.4345863720768133
136,0.27598175878396375,0.31310368956544515,0.3781044409318533,0.44310519229826134,0.5081059436646694,0.5731066950310776,0.6381074463974856,0.9358932333664804,1.233679020335475,1.53146480730447,1.829250594273465,1.9097257114610804,1.872603780679599,1.8076030293131908,1.7426022779467827,1.6776015265803745,1.6126007752139664,1.5476000238475582,1.2498142368785634,0.9520284499095688,0.6542426629405738,0.35645687597157893
137,0.2253108014307007,0.2556170506983482,0.3086834977291007,0.36174994475985317,0.4148163917906057,0.46788283882135817,0.5209492858521106,0.7640608400805081,1.0071723943089055,1.2502839485373032,1.4933955027657007,1.6192575536297766,1.588951304362129,1.5358848573313766,1.4828184103006241,1.4297519632698716,1.3766855162391192,1.3236190692083667,1.0805075149799692,0.8373959607515719,0.5942844065231742,0.3511728522947767
138,0.181071206183045,0.20542684770103406,0.24807374039633354,0.290720633091633,0.3333675257869325,0.376014418482232,0.41866131117753147,0.6140381066158548,0.809414902054178,1.0047916974925013,1.200168492930825,1.489569188741577,1.4652135472235879,1.4225666545282885,1.379919761832989,1.3372728691376894,1.29462597644239,1.2519790837470905,1.0566022883087673,0.8612254928704441,0.6658486974321208,0.4704719019937972
139,0.1371027565822645,0.15554426178254532,0.18783546186591396,0.22012666194928254,0.2524178620326512,0.2847090621160198,0.3170002621993884,0.464934866444111,0.6128694706888336,0.7608040749335562,0.9087386791782788,1.2544431595756709,1.23600165437539,1.2037104542920214,1.1714192542086528,1.1391280541252842,1.1068368540419156,1.074545653958547,0.9266110497138245,0.7786764454691019,0.6307418412243793,0.48280723697965666
140,0.12288693681507708,0.1394162914452449,0.16835930297358676,0.19730231450192862,0.22624532603027048,0.25518833755861237,0.28413134908695425,0.4167270081222759,0.5493226671575976,0.6819183261929194,0.8145139852282411,0.965950353268064,0.9494209986378962,0.9204779871095543,0.8915349755812124,0.8625919640528705,0.8336489525245286,0.8047059409961868,0.6721102819608651,0.5395146229255434,0.40691896389022164,0.27432330485489986
141,0.10407025709033581,0.11806860573895996,0.14257980870966933,0.16709101168037868,0.19160221465108804,0.2161134176217974,0.24062462059250678,0.3529169820306787,0.4652093434688507,0.5775017049070227,0.6897940663451948,0.756275578156249,0.7422772295076249,0.7177660265369155,0.6932548235662062,0.6687436205954969,0.6442324176247876,0.6197212146540781,0.5074288532159061,0.3951364917777342,0.2828441303395622,0.17055176890139007
142,0.09174496304809825,0.10408545316899447,0.1256937346673304,0.14730201616566632,0.16891029766400223,0.19051857916233816,0.21212686066067407,0.3111201642112374,0.4101134677618008,0.5091067713123641,0.6081000748629275,0.6380177307790044,0.6256772406581081,0.6040689591597722,0.5824606776614363,0.5608523961631003,0.5392441146647644,0.5176358331664285,0.4186425296158651,0.3196492260653017,0.22065592251473837,0.12166261896417502
143,0.0756798511426919,0.0858594449247251,0.10368398234795255,0.12150851977117999,0.13933305719440744,0.15715759461763487,0.17498213204086233,0.2566410943198301,0.33830005659879786,0.4199590188777657,0.5016179811567335,0.5589042903878931,0.54872469660586,0.5309001591826326,0.5130756217594051,0.4952510843361777,0.4774265469129503,0.45960200948972285,0.37794304721075506,0.2962840849317873,0.21462512265281947,0.13296616037385167
144,0.06656898268586907,0.07552308595105217,0.09120178120737912,0.10688047646370606,0.12255917172003303,0.13823786697635998,0.1539165622326869,0.2257448489433112,0.29757313565393556,0.36940142236455986,0.44122970907518416,0.4271966781704077,0.4182425749052246,0.4025638796488976,0.3868851843925707,0.3712064891362437,0.35552779387991673,0.3398490986235898,0.2680208119129655,0.19619252520234115,0.12436423849171685,0.05253595178109255
145,0.056639086305014866,0.06425753272192815,0.07759748382143074,0.09093743492093335,0.10427738602043597,0.11761733711993858,0.1309572882194412,0.19207116387144205,0.25318503952344296,0.31429891517544384,0.3754127908274448,0.3168441383691494,0.3092256919522361,0.2958857408527335,0.28254578975323086,0.26920583865372827,0.2558658875542257,0.24252593645472306,0.1814120608027222,0.1202981851507213,0.05918430949872042,-0.0019295661532805208
146,0.03392680220936796,0.038490250202461725,0.046480878441028384,0.05447150667959503,0.06246213491816169,0.07045276315672834,0.07844339139529499,0.1150505915949522,0.15165779179460942,0.18826499199426663,0.22487219219392388,0.22601923126692836,0.22145578327383458,0.21346515503526792,0.20547452679670128,0.1974838985581346,0.18949327031956797,0.1815026420810013,0.1448954418813441,0.10828824168168688,0.07168104148202967,0.035073841282372425
147,0.0236676925723058,0.026851201690074235,0.03242554764354464,0.03799989359701504,0.043574239550485436,0.049148585503955844,0.05472293145742625,0.08026049774238261,0.10579806402733898,0.13133563031229536,0.15687319659725174,0.20284547879051973,0.1996619696727513,0.1940876237192809,0.1885132777658105,0.1829389318123401,0.17736458585886972,0.17179023990539932,0.14625267362044297,0.12071510733548661,0.09517754105053022,0.06963997476557385
148,0.02469635730095266,0.028018230711428102,0.03383485347536883,0.03965147623930954,0.04546809900325027,0.051284721767191,0.05710134453113172,0.08374884553458932,0.11039634653804692,0.1370438475415045,0.16369134854496212,0.2086410790622131,0.20531920565173767,0.19950258288779693,0.19368596012385622,0.18786933735991548,0.18205271459597477,0.17623609183203404,0.14958859082857645,0.12294108982511885,0.09629358882166127,0.06964608781820365
149,0.018530992112733714,0.02102357064238779,0.025388092472381524,0.02975261430237525,0.03411713613236898,0.03848165796236271,0.04284617979235644,0.06284121893523797,0.08283625807811949,0.10283129722100104,0.12282633636388257,0.23076451461001737,0.2282719360803633,0.22390741425036959,0.21954289242037586,0.21517837059038214,0.21081384876038842,0.2064493269303947,0.18645428778751316,0.16645924864463163,0.1464642095017501,0.12646917035886857
150,0.022723898938375474,0.025780459658883387,0.031132518111866028,0.036484576564848666,0.0418366350178313,0.04718869347081395,0.05254075192379659,0.0770599598532782,0.10157916778275981,0.12609837571224142,0.15061758364172306,0.3411068640072945,0.3380503032867866,0.33269824483380395,0.3273461863808213,0.32199412792783866,0.316642069474856,0.31129001102187337,0.2867708030923918,0.2622515951629102,0.2377323872334286,0.21321317930394695
151,0.05954035988303085,0.0675490526604855,0.08157232777140645,0.0955956028823274,0.10961887799324835,0.12364215310416929,0.13766542821509023,0.20190979350324906,0.2661541587914079,0.33039852407956677,0.3946428893677256,0.5323949645104806,0.524386271733026,0.510362996622105,0.4963397215111841,0.48231644640026317,0.4682931712893422,0.4542698961784213,0.3900255308902625,0.32578116560210363,0.2615368003139448,0.19729243502578592
152,0.09422208070711786,0.10689576455313886,0.129087470513181,0.15127917647322317,0.17347088243326533,0.1956625883933075,0.21785429435334966,0.31952042104539957,0.42118654773744957,0.5228526744294996,0.6245188011215496,0.7630054397344619,0.7503317558884409,0.7281400499283988,0.7059483439683566,0.6837566380083144,0.6615649320482723,0.6393732260882301,0.5377070993961802,0.4360409727041302,0.33437484601208023,0.23270871932003023
153,0.11060462621291975,0.12548190395938727,0.1515321177130734,0.17758233146675953,0.2036325452204457,0.22968275897413182,0.255732972727818,0.37507595323620807,0.49441893374459817,0.6137619142529884,0.7331048947613785,1.04243040931092,1.0275531315644524,1.0015029178107662,0.9754527040570801,0.949402490303394,0.9233522765497079,0.8973020627960218,0.7779590822876317,0.6586161017792416,0.5392731212708513,0.41993014076246116
154,0.14593538259187422,0.16556495229609972,0.19993646134515083,0.23430797039420195,0.2686794794432531,0.3030509884923042,0.3374224975413554,0.4948875522726021,0.6523526070038489,0.8098176617350957,0.9672827164663426,1.3368623237393928,1.3172327540351674,1.2828612449861163,1.2484897359370652,1.2141182268880142,1.1797467178389631,1.145375208789912,0.9879101540586653,0.8304450993274186,0.6729800445961718,0.5155149898649249
155,0.17412844867806587,0.1975502293326846,0.2385619253527876,0.2795736213728906,0.3205853173929936,0.3615970134130966,0.40260870943319965,0.5904942325625675,0.7783797556919354,0.9662652788213034,1.1541508019506714,1.6963697765134498,1.6729479958588311,1.6319362998387281,1.590924603818625,1.549912907798522,1.508901211778419,1.467889515758316,1.2800039926289482,1.0921184694995802,0.9042329463702122,0.7163474232408442
156,0.20258246617249245,0.22983155799628885,0.277544901707457,0.32525824541862514,0.3729715891297932,0.4206849328409614,0.46839827655212957,0.6869858360383282,0.9055733955245269,1.1241609550107257,1.3427485144969247,1.9211150761464808,1.8938659843226844,1.8461526406115163,1.7984392969003482,1.7507259531891801,1.7030126094780118,1.6552992657668437,1.4367117062806452,1.2181241467944464,0.9995365873082476,0.7809490278220486
157,0.22682064156334378,0.25732997737244256,0.31075203030808307,0.3641740832437235,0.4175961361793641,0.4710181891150046,0.5244402420506451,0.769180921820084,1.013921601589523,1.2586622813589619,1.5034029611284008,2.0428941262432594,2.0123847904341607,1.9589627374985201,1.9055406845628797,1.852118631627239,1.7986965786915987,1.745274525755958,1.5005338459865192,1.2557931662170803,1.0110524864476413,0.7663118066782024
158,0.28713168866453304,0.3257533813399477,0.3933802259058238,0.46100707047169975,0.5286339150375757,0.5962607596034519,0.6638876041693279,0.9737042248382178,1.2835208455071077,1.5933374661759976,1.9031540868448875,2.133676930271694,2.095055237596279,2.027428393030403,1.9598015484645268,1.8921747038986507,1.8245478593327746,1.7569210147668985,1.4471043940980086,1.1372877734291187,0.8274711527602288,0.5176545320913388
159,0.3067951188581142,0.3480617127682659,0.42031979724889373,0.49257788172952155,0.5648359662101494,0.6370940506907772,0.709352135171405,1.040385701701159,1.3714192682309132,1.7024528347606676,2.0334864012904217,2.1612776545091203,2.120011060598969,2.047752976118341,1.975494891637713,1.9032368071570853,1.8309787226764576,1.7587206381958298,1.427687071666076,1.0966535051363218,0.7656199386065674,0.4345863720768133
160,0.27598175878396375,0.31310368956544515,0.3781044409318533,0.44310519229826134,0.5081059436646694,0.5731066950310776,0.6381074463974856,0.9358932333664804,1.233679020335475,1.53146480730447,1.829250594273465,1.9097257114610804,1.872603780679599,1.8076030293131908,1.7426022779467827,1.6776015265803745,1.6126007752139664,1.5476000238475582,1.2498142368785634,0.9520284499095688,0.6542426629405738,0.35645687597157893
161,0.2253108014307007,0.2556170506983482,0.3086834977291007,0.36174994475985317,0.4148163917906057,0.46788283882135817,0.5209492858521106,0.7640608400805081,1.0071723943089055,1.2502839485373032,1.4933955027657007,1.6192575536297766,1.588951304362129,1.5358848573313766,1.4828184103006241,1.4297519632698716,1.3766855162391192,1.3236190692083667,1.0805075149799692,0.8373959607515719,0.5942844065231742,0.3511728522947767
162,0.181071206183045,0.20542684770103406,0.24807374039633354,0.290720633091633,0.3333675257869325,0.376014418482232,0.41866131117753147,0.6140381066158548,0.809414902054178,1.0047916974925013,1.200168492930825,1.489569188741577,1.4652135472235879,1.4225666545282885,1.379919761832989,1.3372728691376894,1.29462597644239,1.2519790837470905,1.0566022883087673,0.8612254928704441,0.6658486974321208,0.4704719019937972
163,0.1371027565822645,0.15554426178254532,0.18783546186591396,0.22012666194928254,0.2524178620326512,0.2847090621160198,0.3170002621993884,0.464934866444111,0.6128694706888336,0.7608040749335562,0.9087386791782788,1.2544431595756709,1.23600165437539,1.2037104542920214,1.1714192542086528,1.1391280541252842,1.1068368540419156,1.074545653958547,0.9266110497138245,0.7786764454691019,0.6307418412243793,0.48280723697965666
164,0.12288693681507708,0.1394162914452449,0.16835930297358676,0.19730231450192862,0.22624532603027048,0.25518833755861237,0.28413134908695425,0.4167270081222759,0.5493226671575976,0.6819183261929194,0.8145139852282411,0.965950353268064,0.9494209986378962,0.9204779871095543,0.8915349755812124,0.8625919640528705,0.8336489525245286,0.8047059409961868,0.6721102819608651,0.5395146229255434,0.40691896389022164,0.27432330485489986
165,0.10407025709033581,0.11806860573895996,0.14257980870966933,0.16709101168037868,0.19160221465108804,0.2161134176217974,0.24062462059250678,0.3529169820306787,0.4652093434688507,0.5775017049070227,0.6897940663451948,0.756275578156249,0.7422772295076249,0.7177660265369155,0.6932548235662062,0.6687436205954969,0.6442324176247876,0.6197212146540781,0.5074288532159061,0.3951364917777342,0.2828441303395622,0.17055176890139007
166,0.09174496304809825,0.10408545316899447,0.1256937346673304,0.14730201616566632,0.16891029766400223,0.19051857916233816,0.21212686066067407,0.3111201642112374,0.4101134677618008,0.5091067713123641,0.6081000748629275,0.6380177307790044,0.6256772406581081,0.6040689591597722,0.5824606776614363,0.5608523961631003,0.5392441146647644,0.5176358331664285,0.4186425296158651,0.3196492260653017,0.22065592251473837,0.12166261896417502
167,0.0756798511426919,0.0858594449247251,0.10368398234795255,0.12150851977117999,0.13933305719440744,0.15715759461763487,0.17498213204086233,0.2566410943198301,0.33830005659879786,0.4199590188777657,0.5016179811567335,0.5589042903878931,0.54872469660586,0.5309001591826326,0.5130756217594051,0.4952510843361777,0.4774265469129503,0.45960200948972285,0.37794304721075506,0.2962840849317873,0.21462512265281947,0.13296616037385167
168,0.031367184720614005,0.03558634204876214,0.04297411500909338,0.050361887969424625,0.057749660929755864,0.0651374338900871,0.07252520685041834,0.10637056615310214,0.14021592545578596,0.17406128475846977,0.20790664406115364,0.38513873965896495,0.3809195823308168,0.3735318093704856,0.36614403641015436,0.35875626344982314,0.3513684904894919,0.3439807175291607,0.3101353582264769,0.27628999892379313,0.24244463962110932,0.20859928031842545
169,0.027541528392130105,0.031246101893993974,0.037732835101129916,0.04421956830826585,0.05070630151540179,0.057193034722537735,0.06367976792967367,0.09339722368731823,0.1231146794449628,0.15283213520260736,0.18254959096025195,0.2947264391013124,0.29102186559944854,0.2845351323923126,0.27804839918517665,0.2715616659780407,0.26507493277090477,0.25858819956376883,0.22887074380612427,0.1991532880484797,0.16943583229083514,0.13971837653319055
170,0.021214760756460276,0.024068329353953997,0.029064947229369295,0.03406156510478459,0.03905818298019989,0.04405480085561519,0.049051418731030486,0.07194225852804301,0.09483309832505553,0.11772393812206808,0.1406147779190806,0.2196416620198345,0.2167880934223408,0.21179147554692548,0.20679485767151018,0.20179823979609487,0.19680162192067957,0.19180500404526427,0.16891416424825173,0.14602332445123922,0.12313248465422667,0.10024164485721414
171,0.017379901386824617,0.01971764826949346,0.023811058840523276,0.02790446941155309,0.03199787998258291,0.03609129055361272,0.04018470112464254,0.058937707246218926,0.07769071336779533,0.09644371948937172,0.11519672561094813,0.1725522635160582,0.17021451663338938,0.16612110606235955,0.16202769549132973,0.1579342849202999,0.15384087434927007,0.14974746377824025,0.13099445765666387,0.11224145153508747,0.09348844541351108,0.07473543929193467
172,0.018861538995962508,0.02139857893702769,0.025840952998510806,0.030283327059993915,0.03472570112147703,0.03916807518296014,0.04361044924444325,0.0639621502340575,0.08431385122367176,0.10466555221328604,0.1250172532029003,0.16219714722554288,0.1596601072844777,0.15521773322299456,0.15077535916151147,0.14633298510002835,0.14189061103854522,0.1374482369770621,0.11709653598744785,0.0967448349978336,0.07639313400821932,0.05604143301860505
173,0.06031042844298219,0.06842270209442457,0.08262734801485494,0.09683199393528533,0.1110366398557157,0.1252412857761461,0.1394459316965765,0.20452120506052845,0.2695964784244804,0.33467175178843245,0.39974702515238447,0.4566317751531136,0.4485195015016712,0.43431485558124083,0.4201102096608105,0.4059055637403801,0.3917009178199497,0.3774962718995193,0.3124209985355673,0.24734572517161535,0.18227045180766333,0.1171951784437113
174,0.30895518501738617,0.35051232648691727,0.4232791617051753,0.4960459969234333,0.5688128321416914,0.6415796673599494,0.7143465025782075,1.0477107919933368,1.3810750814084662,1.7144393708235957,2.0478036602387255,2.1024107163262697,2.0608535748567385,1.9880867396384805,1.9153199044202225,1.8425530692019643,1.7697862339837063,1.6970193987654483,1.363655109350319,1.0302908199351897,0.6969265305200603,0.3635622411049304
175,1.1612949269476076,1.3174991271273024,1.5910137359992662,1.8645283448712298,2.1380429537431938,2.4115575626151577,2.685072171487121,3.9381155800368046,5.191158988586489,6.444202397136173,7.697245805685856,8.797592590406415,8.64138839022672,8.367873781354756,8.094359172482793,7.820844563610829,7.547329954738865,7.273815345866902,6.020771937317218,4.767728528767535,3.514685120217851,2.261641711668167
176,2.8365400828547638,3.218079229059924,3.8861568494030205,4.554234469746118,5.222312090089215,5.890389710432311,6.558467330775408,9.61910918103339,12.679751031291374,15.74039288154936,18.801034731807345,21.40384848736475,21.02230934115959,20.354231720816493,19.686154100473395,19.018076480130297,18.3499988597872,17.6819212394441,14.621279389186117,11.560637538928134,8.499995688670149,5.439353838412163
177,4.187241305649756,4.750461435119857,5.736663683482037,6.722865931844216,7.709068180206397,8.695270428568575,9.681472676930756,14.199528337297998,18.717583997665233,23.23563965803248,27.75369531839972,32.29130966000392,31.72808953053382,30.74188728217164,29.75568503380946,28.76948278544728,27.7832805370851,26.797078288722922,22.27902262835568,17.760966967988445,13.242911307621199,8.724855647253957
178,4.1224380187469025,4.6769415462886,5.647880965838258,6.618820385387915,7.5897598049375725,8.56069922448723,9.53163864403689,13.979771212843394,18.427903781649896,22.876036350456406,27.324168919262913,32.91035711924829,32.35585359170659,31.384914172156932,30.413974752607274,29.443035333057615,28.472095913507957,27.501156493958298,23.053023925151795,18.60489135634529,14.15675878753878,9.708626218732274
179,3.351595880008395,3.8024144805325077,4.591800893015079,5.381187305497649,6.170573717980221,6.959960130462791,7.7493465429453625,11.365736340329079,14.982126137712793,18.59851593509651,22.21490573248023,27.356769827551037,26.905951227026925,26.116564814544354,25.327178402061783,24.537791989579212,23.74840557709664,22.95901916461407,19.34262936723035,15.726239569846637,12.109849772462919,8.493459975079201
180,2.9910124143164416,3.3933294236000933,4.097789222441407,4.80224902128272,5.506708820124034,6.211168618965348,6.915628417806662,10.142946736074473,13.370265054342282,16.597583372610092,19.82490169087791,24.2284335048095,23.82611649552585,23.121656696684536,22.417196897843223,21.71273709900191,21.008277300160596,20.303817501319283,17.076499183051475,13.849180864783666,10.621862546515855,7.394544228248039
181,2.7047846416677372,3.0686015427890947,3.7056473923676854,4.342693241946275,4.979739091524866,5.6167849411034565,6.253830790682048,9.172307818474215,12.090784846266383,15.009261874058554,17.92773890185072,22.802692522038395,22.438875620917038,21.801829771338447,21.164783921759856,20.527738072181265,19.890692222602674,19.253646373024083,16.335169345231915,13.416692317439747,10.498215289647575,7.579738261855409
182,2.20733046474823,2.5042354815337093,3.0241181699939683,3.544000858454227,4.063883546914486,4.583766235374744,5.103648923835004,7.485370246439614,9.867091569044224,12.248812891648836,14.630534214253444,19.724931122724897,19.428026105939416,18.908143417479156,18.388260729018896,17.868378040558635,17.348495352098375,16.828612663638115,14.446891341033504,12.065170018428894,9.683448695824282,7.3017273732196735
183,1.677916042855984,1.903610246250039,2.298802319798513,2.693994393346985,3.0891864668954585,3.484378540443932,3.879570613992405,5.690050956937462,7.500531299882518,9.311011642827577,11.121491985772634,14.871256559632515,14.645562356238461,14.250370282689987,13.855178209141515,13.459986135593041,13.064794062044568,12.669601988496094,10.859121645551037,9.04864130260598,7.238160959660921,5.427680616715864
184,1.1172675321315855,1.2675496673528908,1.5306947005095728,1.7938397336662546,2.0569847668229366,2.3201297999796187,2.583274833136301,3.7888124482913326,4.9943500634463645,6.199887678601396,7.405425293756428,10.033161309414842,9.882879174193537,9.619734141036854,9.356589107880172,9.09344407472349,8.830299041566807,8.567154008410125,7.361616393255093,6.156078778100062,4.95054116294503,3.745003547789998
185,0.6682540838903488,0.7581400312657272,0.9155309318380566,1.0729218324103855,1.2303127329827148,1.3877036335550441,1.5450945341273732,2.2661442482220826,2.987193962316792,3.7082436764115014,4.429293390506211,6.0734388854665,5.983552938091121,5.826162037518792,5.668771136946463,5.5113802363741335,5.3539893358018045,5.196598435229475,4.475548721134766,3.7544990070400566,3.033449292945347,2.3123995788506377
186,0.4397550001969972,0.4989058467966161,0.6024793784527985,0.7060529101089809,0.8096264417651632,0.9131999734213457,1.016773505077528,1.4912714914090162,1.9657694777405041,2.4402674640719924,2.9147654504034803,3.6846018562989733,3.625451009699354,3.5218774780431716,3.418303946386989,3.314730414730807,3.2111568830746244,3.1075833514184423,2.633085365086954,2.158587378755466,1.6840893924239777,1.2095914060924897
187,0.286284866305672,0.32479265405806435,0.39222005033488544,0.4596474466117065,0.5270748428885276,0.5945022391653487,0.6619296354421698,0.9708325302776295,1.2797354251130895,1.5886383199485492,1.8975412147840094,2.22844041223525,2.1899326244828576,2.1225052282060366,2.0550778319292156,1.9876504356523945,1.9202230393755735,1.8527956430987524,1.5438927482632927,1.2349898534278327,0.926086958592373,0.6171840637569128
188,0.1600000684787465,0.18152145994052682,0.21920556165659857,0.25688966337267033,0.2945737650887421,0.33225786680481384,0.3699419685208856,0.5425828942000834,0.7152238198792811,0.887864745558479,1.0605056712376768,1.3303544742870113,1.308833082825231,1.2711489811091592,1.2334648793930874,1.1957807776770155,1.1580966759609437,1.1204125742448718,0.947771648565674,0.7751307228864763,0.6024897972072784,0.4298488715280806
189,0.0966650333943288,0.10966731548161278,0.1324343991801003,0.15520148287858784,0.17796856657707538,0.20073565027556292,0.2235027339740505,0.3278048196211218,0.432106905268193,0.5364089909152644,0.6407110765623357,0.8750441895076194,0.8620419074203355,0.8392748237218479,0.8165077400233604,0.7937406563248728,0.7709735726263852,0.7482064889278977,0.6439044032808263,0.5396023176337551,0.4353002319866837,0.3309981463396124
190,0.060485888935644626,0.06862176353916513,0.08286773488598757,0.09711370623281,0.11135967757963244,0.1256056489264549,0.13985162027327736,0.2051162164429092,0.27038081261254104,0.33564540878217297,0.40091000495180484,0.6530761972950729,0.6449403226915524,0.63069435134473,0.6164483799979075,0.602202408651085,0.5879564373042625,0.57371046595744,0.5084458697878081,0.4431812736181763,0.37791667744854435,0.3126520812789125
191,0.04326251605801909,0.04908169821561838,0.059271125452270715,0.06946055268892304,0.07964997992557539,0.08983940716222773,0.10002883439888008,0.1467093195416705,0.19338980468446088,0.24007028982725132,0.28675077497004176,0.499578441059629,0.4937592589020297,0.48356983166537737,0.47338040442872503,0.4631909771920727,0.45300154995542036,0.442812122718768,0.3961316375759776,0.3494511524331872,0.30277066729039676,0.2560901821476063
192,0.031367184720614005,0.03558634204876214,0.04297411500909338,0.050361887969424625,0.057749660929755864,0.0651374338900871,0.07252520685041834,0.10637056615310214,0.14021592545578596,0.17406128475846977,0.20790664406115364,0.38513873965896495,0.3809195823308168,0.3735318093704856,0.36614403641015436,0.35875626344982314,0.3513684904894919,0.3439807175291607,0.3101353582264769,0.27628999892379313,0.24244463962110932,0.20859928031842545
193,0.027541528392130105,0.031246101893993974,0.037732835101129916,0.04421956830826585,0.05070630151540179,0.057193034722537735,0.06367976792967367,0.09339722368731823,0.1231146794449628,0.15283213520260736,0.18254959096025195,0.2947264391013124,0.29102186559944854,0.2845351323923126,0.27804839918517665,0.2715616659780407,0.26507493277090477,0.25858819956376883,0.22887074380612427,0.1991532880484797,0.16943583229083514,0.13971837653319055
194,0.021214760756460276,0.024068329353953997,0.029064947229369295,0.03406156510478459,0.03905818298019989,0.04405480085561519,0.049051418731030486,0.07194225852804301,0.09483309832505553,0.11772393812206808,0.1406147779190806,0.2196416620198345,0.2167880934223408,0.21179147554692548,0.20679485767151018,0.20179823979609487,0.19680162192067957,0.19180500404526427,0.16891416424825173,0.14602332445123922,0.12313248465422667,0.10024164485721414
195,0.017379901386824617,0.01971764826949346,0.023811058840523276,0.02790446941155309,0.03199787998258291,0.03609129055361272,0.04018470112464254,0.058937707246218926,0.07769071336779533,0.09644371948937172,0.11519672561094813,0.1725522635160582,0.17021451663338938,0.16612110606235955,0.16202769549132973,0.1579342849202999,0.15384087434927007,0.14974746377824025,0.13099445765666387,0.11224145153508747,0.09348844541351108,0.07473543929193467
196,0.018861538995962508,0.02139857893702769,0.025840952998510806,0.030283327059993915,0.03472570112147703,0.03916807518296014,0.04361044924444325,0.0639621502340575,0.08431385122367176,0.10466555221328604,0.1250172532029003,0.16219714722554288,0.1596601072844777,0.15521773322299456,0.15077535916151147,0.14633298510002835,0.14189061103854522,0.1374482369770621,0.11709653598744785,0.0967448349978336,0.07639313400821932,0.05604143301860505
197,0.06031042844298219,0.06842270209442457,0.08262734801485494,0.09683199393528533,0.1110366398557157,0.1252412857761461,0.1394459316965765,0.20452120506052845,0.2695964784244804,0.33467175178843245,0.39974702515238447,0.4566317751531136,0.4485195015016712,0.43431485558124083,0.4201102096608105,0.4059055637403801,0.3917009178199497,0.3774962718995193,0.3124209985355673,0.24734572517161535,0.18227045180766333,0.1171951784437113
198,0.30895518501738617,0.35051232648691727,0.4232791617051753,0.4960459969234333,0.5688128321416914,0.6415796673599494,0.7143465025782075,1.0477107919933368,1.3810750814084662,1.7144393708235957,2.0478036602387255,2.1024107163262697,2.0608535748567385,1.9880867396384805,1.9153199044202225,1.8425530692019643,1.7697862339837063,1.6970193987654483,1.363655109350319,1.0302908199351897,0.6969265305200603,0.3635622411049304
199,1.1612949269476076,1.3174991271273024,1.5910137359992662,1.8645283448712298,2.1380429537431938,2.4115575626151577,2.685072171487121,3.9381155800368046,5.191158988586489,6.444202397136173,7.697245805685856,8.797592590406415,8.64138839022672,8.367873781354756,8.094359172482793,7.820844563610829,7.547329954738865,7.273815345866902,6.020771937317218,4.767728528767535,3.514685120217851,2.261641711668167
200,2.8365400828547638,3.218079229059924,3.8861568494030205,4.554234469746118,5.222312090089215,5.890389710432311,6.558467330775408,9.61910918103339,12.679751031291374,15.74039288154936,18.801034731807345,21.40384848736475,21.02230934115959,20.354231720816493,19.686154100473395,19.018076480130297,18.3499988597872,17.6819212394441,14.621279389186117,11.560637538928134,8.499995688670149,5.439353838412163
201,4.187241305649756,4.750461435119857,5.736663683482037,6.722865931844216,7.709068180206397,8.695270428568575,9.681472676930756,14.199528337297998,18.717583997665233,23.23563965803248,27.75369531839972,32.29130966000392,31.72808953053382,30.74188728217164,29.75568503380946,28.76948278544728,27.7832805370851,26.797078288722922,22.27902262835568,17.760966967988445,13.242911307621199,8.724855647253957
202,4.1224380187469025,4.6769415462886,5.647880965838258,6.618820385387915,7.5897598049375725,8.56069922448723,9.53163864403689,13.979771212843394,18.427903781649896,22.876036350456406,27.324168919262913,32.91035711924829,32.35585359170659,31.384914172156932,30.413974752607274,29.443035333057615,28.472095913507957,27.501156493958298,23.053023925151795,18.60489135634529,14.15675878753878,9.708626218732274
203,3.351595880008395,3.8024144805325077,4.591800893015079,5.381187305497649,6.170573717980221,6.959960130462791,7.7493465429453625,11.365736340329079,14.982126137712793,18.59851593509651,22.21490573248023,27.356769827551037,26.905951227026925,26.116564814544354,25.327178402061783,24.537791989579212,23.74840557709664,22.95901916461407,19.34262936723035,15.726239569846637,12.109849772462919,8.493459975079201
204,2.9910124143164416,3.3933294236000933,4.097789222441407,4.80224902128272,5.506708820124034,6.211168618965348,6.915628417806662,10.142946736074473,13.370265054342282,16.597583372610092,19.82490169087791,24.2284335048095,23.82611649552585,23.121656696684536,22.417196897843223,21.71273709900191,21.008277300160596,20.303817501319283,17.076499183051475,13.849180864783666,10.621862546515855,7.394544228248039
205,2.7047846416677372,3.0686015427890947,3.7056473923676854,4.342693241946275,4.979739091524866,5.6167849411034565,6.253830790682048,9.172307818474215,12.090784846266383,15.009261874058554,17.92773890185072,22.802692522038395,22.438875620917038,21.801829771338447,21.164783921759856,20.527738072181265,19.890692222602674,19.253646373024083,16.335169345231915,13.416692317439747,10.498215289647575,7.579738261855409
206,2.20733046474823,2.5042354815337093,3.0241181699939683,3.544000858454227,4.063883546914486,4.583766235374744,5.103648923835004,7.485370246439614,9.867091569044224,12.248812891648836,14.630534214253444,19.724931122724897,19.428026105939416,18.908143417479156,18.388260729018896,17.868378040558635,17.348495352098375,16.828612663638115,14.446891341033504,12.065170018428894,9.683448695824282,7.3017273732196735
207,1.677916042855984,1.903610246250039,2.298802319798513,2.693994393346985,3.0891864668954585,3.484378540443932,3.879570613992405,5.690050956937462,7.500531299882518,9.311011642827577,11.121491985772634,14.871256559632515,14.645562356238461,14.250370282689987,13.855178209141515,13.459986135593041,13.064794062044568,12.669601988496094,10.859121645551037,9.04864130260598,7.238160959660921,5.427680616715864
208,1.1172675321315855,1.2675496673528908,1.5306947005095728,1.7938397336662546,2.0569847668229366,2.3201297999796187,2.583274833136301,3.7888124482913326,4.9943500634463645,6.199887678601396,7.405425293756428,10.033161309414842,9.882879174193537,9.619734141036854,9.356589107880172,9.09344407472349,8.830299041566807,8.567154008410125,7.361616393255093,6.156078778100062,4.95054116294503,3.745003547789998
209,0.6682540838903488,0.7581400312657272,0.9155309318380566,1.0729218324103855,1.2303127329827148,1.3877036335550441,1.5450945341273732,2.2661442482220826,2.987193962316792,3.7082436764115014,4.429293390506211,6.0734388854665,5.983552938091121,5.826162037518792,5.668771136946463,5.5113802363741335,5.3539893358018045,5.196598435229475,4.475548721134766,3.7544990070400566,3.033449292945347,2.3123995788506377
210,0.4397550001969972,0.4989058467966161,0.6024793784527985,0.7060529101089809,0.8096264417651632,0.9131999734213457,1.016773505077528,1.4912714914090162,1.9657694777405041,2.4402674640719924,2.9147654504034803,3.6846018562989733,3.625451009699354,3.5218774780431716,3.418303946386989,3.314730414730807,3.2111568830746244,3.1075833514184423,2.633085365086954,2.158587378755466,1.6840893924239777,1.2095914060924897
211,0.286284866305672,0.32479265405806435,0.39222005033488544,0.4596474466117065,0.5270748428885276,0.5945022391653487,0.6619296354421698,0.9708325302776295,1.2797354251130895,1.5886383199485492,1.8975412147840094,2.22844041223525,2.1899326244828576,2.1225052282060366,2.0550778319292156,1.9876504356523945,1.9202230393755735,1.8527956430987524,1.5438927482632927,1.2349898534278327,0.926086958592373,0.6171840637569128
212,0.1600000684787465,0.18152145994052682,0.21920556165659857,0.25688966337267033,0.2945737650887421,0.33225786680481384,0.3699419685208856,0.5425828942000834,0.7152238198792811,0.887864745558479,1.0605056712376768,1.3303544742870113,1.308833082825231,1.2711489811091592,1.2334648793930874,1.1957807776770155,1.1580966759609437,1.1204125742448718,0.947771648565674,0.7751307228864763,0.6024897972072784,0.4298488715280806
213,0.0966650333943288,0.10966731548161278,0.1324343991801003,0.15520148287858784,0.17796856657707538,0.20073565027556292,0.2235027339740505,0.3278048196211218,0.432106905268193,0.5364089909152644,0.6407110765623357,0.8750441895076194,0.8620419074203355,0.8392748237218479,0.8165077400233604,0.7937406563248728,0.7709735726263852,0.7482064889278977,0.6439044032808263,0.5396023176337551,0.4353002319866837,0.3309981463396124
214,0.060485888935644626,0.06862176353916513,0.08286773488598757,0.09711370623281,0.11135967757963244,0.1256056489264549,0.13985162027327736,0.2051162164429092,0.27038081261254104,0.33564540878217297,0.40091000495180484,0.6530761972950729,0.6449403226915524,0.63069435134473,0.6164483799979075,0.602202408651085,0.5879564373042625,0.57371046595744,0.5084458697878081,0.4431812736181763,0.37791667744854435,0.3126520812789125
215,0.04326251605801909,0.04908169821561838,0.059271125452270715,0.06946055268892304,0.07964997992557539,0.08983940716222773,0.10002883439888008,0.1467093195416705,0.19338980468446088,0.24007028982725132,0.28675077497004176,0.499578441059629,0.4937592589020297,0.48356983166537737,0.47338040442872503,0.4631909771920727,0.45300154995542036,0.442812122718768,0.3961316375759776,0.3494511524331872,0.30277066729039676,0.2560901821476063
216,0.031367184720614005,0.03558634204876214,0.04297411500909338,0.050361887969424625,0.057749660929755864,0.0651374338900871,0.07252520685041834,0.10637056615310214,0.14021592545578596,0.17406128475846977,0.20790664406115364,0.38513873965896495,0.3809195823308168,0.3735318093704856,0.36614403641015436,0.35875626344982314,0.3513684904894919,0.3439807175291607,0.3101353582264769,0.27628999892379313,0.24244463962110932,0.20859928031842545
217,0.027541528392130105,0.031246101893993974,0.037732835101129916,0.04421956830826585,0.05070630151540179,0.057193034722537735,0.06367976792967367,0.09339722368731823,0.1231146794449628,0.15283213520260736,0.18254959096025195,0.2947264391013124,0.29102186559944854,0.2845351323923126,0.27804839918517665,0.2715616659780407,0.26507493277090477,0.25858819956376883,0.22887074380612427,0.1991532880484797,0.16943583229083514,0.13971837653319055
218,0.021214760756460276,0.024068329353953997,0.029064947229369295,0.03406156510478459,0.03905818298019989,0.04405480085561519,0.049051418731030486,0.07194225852804301,0.09483309832505553,0.11772393812206808,0.1406147779190806,0.2196416620198345,0.2167880934223408,0.21179147554692548,0.20679485767151018,0.20179823979609487,0.19680162192067957,0.19180500404526427,0.16891416424825173,0.14602332445123922,0.12313248465422667,0.10024164485721414
219,0.017379901386824617,0.01971764826949346,0.023811058840523276,0.02790446941155309,0.03199787998258291,0.03609129055361272,0.04018470112464254,0.058937707246218926,0.07769071336779533,0.09644371948937172,0.11519672561094813,0.1725522635160582,0.17021451663338938,0.16612110606235955,0.16202769549132973,0.1579342849202999,0.15384087434927007,0.14974746377824025,0.13099445765666387,0.11224145153508747,0.09348844541351108,0.07473543929193467
220,0.018861538995962508,0.02139857893702769,0.025840952998510806,0.030283327059993915,0.03472570112147703,0.03916807518296014,0.04361044924444325,0.0639621502340575,0.08431385122367176,0.10466555221328604,0.1250172532029003,0.16219714722554288,0.1596601072844777,0.15521773322299456,0.15077535916151147,0.14633298510002835,0.14189061103854522,0.1374482369770621,0.11709653598744785,0.0967448349978336,0.07639313400821932,0.05604143301860505
221,0.06031042844298219,0.06842270209442457,0.08262734801485494,0.09683199393528533,0.1110366398557157,0.1252412857761461,0.1394459316965765,0.20452120506052845,0.2695964784244804,0.33467175178843245,0.39974702515238447,0.4566317751531136,0.4485195015016712,0.43431485558124083,0.4201102096608105,0.4059055637403801,0.3917009178199497,0.3774962718995193,0.3124209985355673,0.24734572517161535,0.18227045180766333,0.1171951784437113
222,0.30895518501738617,0.35051232648691727,0.4232791617051753,0.4960459969234333,0.5688128321416914,0.6415796673599494,0.7143465025782075,1.0477107919933368,1.3810750814084662,1.7144393708235957,2.0478036602387255,2.1024107163262697,2.0608535748567385,1.9880867396384805,1.9153199044202225,1.8425530692019643,1.7697862339837063,1.6970193987654483,1.363655109350319,1.0302908199351897,0.6969265305200603,0.3635622411049304
223,1.1612949269476076,1.3174991271273024,1.5910137359992662,1.8645283448712298,2.1380429537431938,2.4115575626151577,2.685072171487121,3.9381155800368046,5.191158988586489,6.444202397136173,7.697245805685856,8.797592590406415,8.64138839022672,8.367873781354756,8.094359172482793,7.820844563610829,7.547329954738865,7.273815345866902,6.020771937317218,4.767728528767535,3.514685120217851,2.261641711668167
224,2.8365400828547638,3.218079229059924,3.8861568494030205,4.554234469746118,5.222312090089215,5.890389710432311,6.558467330775408,9.61910918103339,12.679751031291374,15.74039288154936,18.801034731807345,21.40384848736475,21.02230934115959,20.354231720816493,19.686154100473395,19.018076480130297,18.3499988597872,17.6819212394441,14.621279389186117,11.560637538928134,8.499995688670149,5.439353838412163
225,4.187241305649756,4.750461435119857,5.736663683482037,6.722865931844216,7.709068180206397,8.695270428568575,9.681472676930756,14.199528337297998,18.717583997665233,23.23563965803248,27.75369531839972,32.29130966000392,31.72808953053382,30.74188728217164,29.75568503380946,28.76948278544728,27.7832805370851,26.797078288722922,22.27902262835568,17.760966967988445,13.242911307621199,8.724855647253957
226,4.1224380187469025,4.6769415462886,5.647880965838258,6.618820385387915,7.5897598049375725,8.56069922448723,9.53163864403689,13.979771212843394,18.427903781649896,22.876036350456406,27.324168919262913,32.91035711924829,32.35585359170659,31.384914172156932,30.413974752607274,29.443035333057615,28.472095913507957,27.501156493958298,23.053023925151795,18.60489135634529,14.15675878753878,9.708626218732274
227,3.351595880008395,3.8024144805325077,4.591800893015079,5.381187305497649,6.170573717980221,6.959960130462791,7.7493465429453625,11.365736340329079,14.982126137712793,18.59851593509651,22.21490573248023,27.356769827551037,26.905951227026925,26.116564814544354,25.327178402061783,24.537791989579212,23.74840557709664,22.95901916461407,19.34262936723035,15.726239569846637,12.109849772462919,8.493459975079201
228,2.9910124143164416,3.3933294236000933,4.097789222441407,4.80224902128272,5.506708820124034,6.211168618965348,6.915628417806662,10.142946736074473,13.370265054342282,16.597583372610092,19.82490169087791,24.2284335048095,23.82611649552585,23.121656696684536,22.417196897843223,21.71273709900191,21.008277300160596,20.303817501319283,17.076499183051475,13.849180864783666,10.621862546515855,7.394544228248039
229,2.7047846416677372,3.0686015427890947,3.7056473923676854,4.342693241946275,4.979739091524866,5.6167849411034565,6.253830790682048,9.172307818474215,12.090784846266383,15.009261874058554,17.92773890185072,22.802692522038395,22.438875620917038,21.801829771338447,21.164783921759856,20.527738072181265,19.890692222602674,19.253646373024083,16.335169345231915,13.416692317439747,10.498215289647575,7.579738261855409
230,2.20733046474823,2.5042354815337093,3.0241181699939683,3.544000858454227,4.063883546914486,4.583766235374744,5.103648923835004,7.485370246439614,9.867091569044224,12.248812891648836,14.630534214253444,19.724931122724897,19.428026105939416,18.908143417479156,18.388260729018896,17.868378040558635,17.348495352098375,16.828612663638115,14.446891341033504,12.065170018428894,9.683448695824282,7.3017273732196735
231,1.677916042855984,1.903610246250039,2.298802319798513,2.693994393346985,3.0891864668954585,3.484378540443932,3.879570613992405,5.690050956937462,7.500531299882518,9.311011642827577,11.121491985772634,14.871256559632515,14.645562356238461,14.250370282689987,13.855178209141515,13.459986135593041,13.064794062044568,12.669601988496094,10.859121645551037,9.04864130260598,7.238160959660921,5.427680616715864
232,1.1172675321315855,1.2675496673528908,1.5306947005095728,1.7938397336662546,2.0569847668229366,2.3201297999796187,2.583274833136301,3.7888124482913326,4.9943500634463645,6.199887678601396,7.405425293756428,10.033161309414842,9.882879174193537,9.619734141036854,9.356589107880172,9.09344407472349,8.830299041566807,8.567154008410125,7.361616393255093,6.156078778100062,4.95054116294503,3.745003547789998
233,0.6682540838903488,0.7581400312657272,0.9155309318380566,1.0729218324103855,1.2303127329827148,1.3877036335550441,1.5450945341273732,2.2661442482220826,2.987193962316792,3.7082436764115014,4.429293390506211,6.0734388854665,5.983552938091121,5.826162037518792,5.668771136946463,5.5113802363741335,5.3539893358018045,5.196598435229475,4.475548721134766,3.7544990070400566,3.033449292945347,2.3123995788506377
234,0.4397550001969972,0.4989058467966161,0.6024793784527985,0.7060529101089809,0.8096264417651632,0.9131999734213457,1.016773505077528,1.4912714914090162,1.9657694777405041,2.4402674640719924,2.9147654504034803,3.6846018562989733,3.625451009699354,3.5218774780431716,3.418303946386989,3.314730414730807,3.2111568830746244,3.1075833514184423,2.633085365086954,2.158587378755466,1.6840893924239777,1.2095914060924897
235,0.286284866305672,0.32479265405806435,0.39222005033488544,0.4596474466117065,0.5270748428885276,0.5945022391653487,0.6619296354421698,0.9708325302776295,1.2797354251130895,1.5886383199485492,1.8975412147840094,2.22844041223525,2.1899326244828576,2.1225052282060366,2.0550778319292156,1.9876504356523945,1.9202230393755735,1.8527956430987524,1.5438927482632927,1.2349898534278327,0.926086958592373,0.6171840637569128
236,0.1600000684787465,0.18152145994052682,0.21920556165659857,0.25688966337267033,0.2945737650887421,0.33225786680481384,0.3699419685208856,0.5425828942000834,0.7152238198792811,0.887864745558479,1.0605056712376768,1.3303544742870113,1.308833082825231,1.2711489811091592,1.2334648793930874,1.1957807776770155,1.1580966759609437,1.1204125742448718,0.947771648565674,0.7751307228864763,0.6024897972072784,0.4298488715280806
237,0.0966650333943288,0.10966731548161278,0.1324343991801003,0.15520148287858784,0.17796856657707538,0.20073565027556292,0.2235027339740505,0.3278048196211218,0.432106905268193,0.5364089909152644,0.6407110765623357,0.8750441895076194,0.8620419074203355,0.8392748237218479,0.8165077400233604,0.7937406563248728,0.7709735726263852,0.7482064889278977,0.6439044032808263,0.5396023176337551,0.4353002319866837,0.3309981463396124
238,0.060485888935644626,0.06862176353916513,0.08286773488598757,0.09711370623281,0.11135967757963244,0.1256056489264549,0.13985162027327736,0.2051162164429092,0.27038081261254104,0.33564540878217297,0.40091000495180484,0.6530761972950729,0.6449403226915524,0.63069435134473,0.6164483799979075,0.602202408651085,0.5879564373042625,0.57371046595744,0.5084458697878081,0.4431812736181763,0.37791667744854435,0.3126520812789125
239,0.04326251605801909,0.04908169821561838,0.059271125452270715,0.06946055268892304,0.07964997992557539,0.08983940716222773,0.10002883439888008,0.1467093195416705,0.19338980468446088,0.24007028982725132,0.28675077497004176,0.499578441059629,0.4937592589020297,0.48356983166537737,0.47338040442872503,0.4631909771920727,0.45300154995542036,0.442812122718768,0.3961316375759776,0.3494511524331872,0.30277066729039676,0.2560901821476063
240,0.031367184720614005,0.03558634204876214,0.04297411500909338,0.050361887969424625,0.057749660929755864,0.0651374338900871,0.07252520685041834,0.10637056615310214,0.14021592545578596,0.17406128475846977,0.20790664406115364,0.38513873965896495,0.3809195823308168,0.3735318093704856,0.36614403641015436,0.35875626344982314,0.3513684904894919,0.3439807175291607,0.3101353582264769,0.27628999892379313,0.24244463962110932,0.20859928031842545
241,0.027541528392130105,0.031246101893993974,0.037732835101129916,0.04421956830826585,0.05070630151540179,0.057193034722537735,0.06367976792967367,0.09339722368731823,0.1231146794449628,0.15283213520260736,0.18254959096025195,0.2947264391013124,0.29102186559944854,0.2845351323923126,0.27804839918517665,0.2715616659780407,0.26507493277090477,0.25858819956376883,0.22887074380612427,0.1991532880484797,0.16943583229083514,0.13971837653319055
242,0.021214760756460276,0.024068329353953997,0.029064947229369295,0.03406156510478459,0.03905818298019989,0.04405480085561519,0.049051418731030486,0.07194225852804301,0.09483309832505553,0.11772393812206808,0.1406147779190806,0.2196416620198345,0.2167880934223408,0.21179147554692548,0.20679485767151018,0.20179823979609487,0.19680162192067957,0.19180500404526427,0.16891416424825173,0.14602332445123922,0.12313248465422667,0.10024164485721414
243,0.017379901386824617,0.01971764826949346,0.023811058840523276,0.02790446941155309,0.03199787998258291,0.03609129055361272,0.04018470112464254,0.058937707246218926,0.07769071336779533,0.09644371948937172,0.11519672561094813,0.1725522635160582,0.17021451663338938,0.16612110606235955,0.16202769549132973,0.1579342849202999,0.15384087434927007,0.14974746377824025,0.13099445765666387,0.11224145153508747,0.09348844541351108,0.07473543929193467
244,0.018861538995962508,0.02139857893702769,0.025840952998510806,0.030283327059993915,0.03472570112147703,0.03916807518296014,0.04361044924444325,0.0639621502340575,0.08431385122367176,0.10466555221328604,0.1250172532029003,0.16219714722554288,0.1596601072844777,0.15521773322299456,0.15077535916151147,0.14633298510002835,0.14189061103854522,0.1374482369770621,0.11709653598744785,0.0967448349978336,0.07639313400821932,0.05604143301860505
245,0.06031042844298219,0.06842270209442457,0.08262734801485494,0.09683199393528533,0.1110366398557157,0.1252412857761461,0.1394459316965765,0.20452120506052845,0.2695964784244804,0.33467175178843245,0.39974702515238447,0.4566317751531136,0.4485195015016712,0.43431485558124083,0.4201102096608105,0.4059055637403801,0.3917009178199497,0.3774962718995193,0.3124209985355673,0.24734572517161535,0.18227045180766333,0.1171951784437113
246,0.30895518501738617,0.35051232648691727,0.4232791617051753,0.4960459969234333,0.5688128321416914,0.6415796673599494,0.7143465025782075,1.0477107919933368,1.3810750814084662,1.7144393708235957,2.0478036602387255,2.1024107163262697,2.0608535748567385,1.9880867396384805,1.9153199044202225,1.8425530692019643,1.7697862339837063,1.6970193987654483,1.363655109350319,1.0302908199351897,0.6969265305200603,0.3635622411049304
247,1.1612949269476076,1.3174991271273024,1.5910137359992662,1.8645283448712298,2.1380429537431938,2.4115575626151577,2.685072171487121,3.9381155800368046,5.191158988586489,6.444202397136173,7.697245805685856,8.797592590406415,8.64138839022672,8.367873781354756,8.094359172482793,7.820844563610829,7.547329954738865,7.273815345866902,6.020771937317218,4.767728528767535,3.514685120217851,2.261641711668167
248,2.8365400828547638,3.218079229059924,3.8861568494030205,4.554234469746118,5.222312090089215,5.890389710432311,6.558467330775408,9.61910918103339,12.679751031291374,15.74039288154936,18.801034731807345,21.40384848736475,21.02230934115959,20.354231720816493,19.686154100473395,19.018076480130297,18.3499988597872,17.6819212394441,14.621279389186117,11.560637538928134,8.499995688670149,5.439353838412163
249,4.187241305649756,4.750461435119857,5.736663683482037,6.722865931844216,7.709068180206397,8.695270428568575,9.681472676930756,14.199528337297998,18.717583997665233,23.23563965803248,27.75369531839972,32.29130966000392,31.72808953053382,30.74188728217164,29.75568503380946,28.76948278544728,27.7832805370851,26.797078288722922,22.27902262835568,17.760966967988445,13.242911307621199,8.724855647253957
250,4.1224380187469025,4.6769415462886,5.647880965838258,6.618820385387915,7.5897598049375725,8.56069922448723,9.53163864403689,13.979771212843394,18.427903781649896,22.876036350456406,27.324168919262913,32.91035711924829,32.35585359170659,31.384914172156932,30.413974752607274,29.443035333057615,28.472095913507957,27.501156493958298,23.053023925151795,18.60489135634529,14.15675878753878,9.708626218732274
251,3.351595880008395,3.8024144805325077,4.591800893015079,5.381187305497649,6.170573717980221,6.959960130462791,7.7493465429453625,11.365736340329079,14.982126137712793,18.59851593509651,22.21490573248023,27.356769827551037,26.905951227026925,26.116564814544354,25.327178402061783,24.537791989579212,23.74840557709664,22.95901916461407,19.34262936723035,15.726239569846637,12.109849772462919,8.493459975079201
252,2.9910124143164416,3.3933294236000933,4.097789222441407,4.80224902128272,5.506708820124034,6.211168618965348,6.915628417806662,10.142946736074473,13.370265054342282,16.597583372610092,19.82490169087791,24.2284335048095,23.82611649552585,23.121656696684536,22.417196897843223,21.71273709900191,21.008277300160596,20.303817501319283,17.076499183051475,13.849180864783666,10.621862546515855,7.394544228248039
253,2.7047846416677372,3.0686015427890947,3.7056473923676854,4.342693241946275,4.979739091524866,5.6167849411034565,6.253830790682048,9.172307818474215,12.090784846266383,15.009261874058554,17.92773890185072,22.802692522038395,22.438875620917038,21.801829771338447,21.164783921759856,20.527738072181265,19.890692222602674,19.253646373024083,16.335169345231915,13.416692317439747,10.498215289647575,7.579738261855409
254,2.20733046474823,2.5042354815337093,3.0241181699939683,3.544000858454227,4.063883546914486,4.583766235374744,5.103648923835004,7.485370246439614,9.867091569044224,12.248812891648836,14.630534214253444,19.724931122724897,19.428026105939416,18.908143417479156,18.388260729018896,17.868378040558635,17.348495352098375,16.828612663638115,14.446891341033504,12.065170018428894,9.683448695824282,7.3017273732196735
255,1.677916042855984,1.903610246250039,2.298802319798513,2.693994393346985,3.0891864668954585,3.484378540443932,3.879570613992405,5.690050956937462,7.500531299882518,9.311011642827577,11.121491985772634,14.871256559632515,14.645562356238461,14.250370282689987,13.855178209141515,13.459986135593041,13.064794062044568,12.669601988496094,10.859121645551037,9.04864130260598,7.238160959660921,5.427680616715864
256,1.1172675321315855,1.2675496673528908,1.5306947005095728,1.7938397336662546,2.0569847668229366,2.3201297999796187,2.583274833136301,3.7888124482913326,4.9943500634463645,6.199887678601396,7.405425293756428,10.033161309414842,9.882879174193537,9.619734141036854,9.356589107880172,9.09344407472349,8.830299041566807,8.567154008410125,7.361616393255093,6.156078778100062,4.95054116294503,3.745003547789998
257,0.6682540838903488,0.7581400312657272,0.9155309318380566,1.0729218324103855,1.2303127329827148,1.3877036335550441,1.5450945341273732,2.2661442482220826,2.987193962316792,3.7082436764115014,4.429293390506211,6.0734388854665,5.983552938091121,5.826162037518792,5.668771136946463,5.5113802363741335,5.3539893358018045,5.196598435229475,4.475548721134766,3.7544990070400566,3.033449292945347,2.3123995788506377
258,0.4397550001969972,0.4989058467966161,0.6024793784527985,0.7060529101089809,0.8096264417651632,0.9131999734213457,1.016773505077528,1.4912714914090162,1.9657694777405041,2.4402674640719924,2.9147654504034803,3.6846018562989733,3.625451009699354,3.5218774780431716,3.418303946386989,3.314730414730807,3.2111568830746244,3.1075833514184423,2.633085365086954,2.158587378755466,1.6840893924239777,1.2095914060924897
259,0.286284866305672,0.32479265405806435,0.39222005033488544,0.4596474466117065,0.5270748428885276,0.5945022391653487,0.6619296354421698,0.9708325302776295,1.2797354251130895,1.5886383199485492,1.8975412147840094,2.22844041223525,2.1899326244828576,2.1225052282060366,2.0550778319292156,1.9876504356523945,1.9202230393755735,1.8527956430987524,1.5438927482632927,1.2349898534278327,0.926086958592373,0.6171840637569128
260,0.1600000684787465,0.18152145994052682,0.21920556165659857,0.25688966337267033,0.2945737650887421,0.33225786680481384,0.3699419685208856,0.5425828942000834,0.7152238198792811,0.887864745558479,1.0605056712376768,1.3303544742870113,1.308833082825231,1.2711489811091592,1.2334648793930874,1.1957807776770155,1.1580966759609437,1.1204125742448718,0.947771648565674,0.7751307228864763,0.6024897972072784,0.4298488715280806
261,0.0966650333943288,0.10966731548161278,0.1324343991801003,0.15520148287858784,0.17796856657707538,0.20073565027556292,0.2235027339740505,0.3278048196211218,0.432106905268193,0.5364089909152644,0.6407110765623357,0.8750441895076194,0.8620419074203355,0.8392748237218479,0.8165077400233604,0.7937406563248728,0.7709735726263852,0.7482064889278977,0.6439044032808263,0.5396023176337551,0.4353002319866837,0.3309981463396124
262,0.060485888935644626,0.06862176353916513,0.08286773488598757,0.09711370623281,0.11135967757963244,0.1256056489264549,0.13985162027327736,0.2051162164429092,0.27038081261254104,0.33564540878217297,0.40091000495180484,0.6530761972950729,0.6449403226915524,0.63069435134473,0.6164483799979075,0.602202408651085,0.5879564373042625,0.57371046595744,0.5084458697878081,0.4431812736181763,0.37791667744854435,0.3126520812789125
263,0.04326251605801909,0.04908169821561838,0.059271125452270715,0.06946055268892304,0.07964997992557539,0.08983940716222773,0.10002883439888008,0.1467093195416705,0.19338980468446088,0.24007028982725132,0.28675077497004176,0.499578441059629,0.4937592589020297,0.48356983166537737,0.47338040442872503,0.4631909771920727,0.45300154995542036,0.442812122718768,0.3961316375759776,0.3494511524331872,0.30277066729039676,0.2560901821476063
264,0.031367184720614005,0.03558634204876214,0.04297411500909338,0.050361887969424625,0.057749660929755864,0.0651374338900871,0.07252520685041834,0.10637056615310214,0.14021592545578596,0.17406128475846977,0.20790664406115364,0.38513873965896495,0.3809195823308168,0.3735318093704856,0.36614403641015436,0.35875626344982314,0.3513684904894919,0.3439807175291607,0.3101353582264769,0.27628999892379313,0.24244463962110932,0.20859928031842545
265,0.027541528392130105,0.031246101893993974,0.037732835101129916,0.04421956830826585,0.05070630151540179,0.057193034722537735,0.06367976792967367,0.09339722368731823,0.1231146794449628,0.15283213520260736,0.18254959096025195,0.2947264391013124,0.29102186559944854,0.2845351323923126,0.27804839918517665,0.2715616659780407,0.26507493277090477,0.25858819956376883,0.22887074380612427,0.1991532880484797,0.16943583229083514,0.13971837653319055
266,0.021214760756460276,0.024068329353953997,0.029064947229369295,0.03406156510478459,0.03905818298019989,0.04405480085561519,0.049051418731030486,0.07194225852804301,0.09483309832505553,0.11772393812206808,0.1406147779190806,0.2196416620198345,0.2167880934223408,0.21179147554692548,0.20679485767151018,0.20179823979609487,0.19680162192067957,0.19180500404526427,0.16891416424825173,0.14602332445123922,0.12313248465422667,0.10024164485721414
267,0.017379901386824617,0.01971764826949346,0.023811058840523276,0.02790446941155309,0.03199787998258291,0.03609129055361272,0.04018470112464254,0.058937707246218926,0.07769071336779533,0.09644371948937172,0.11519672561094813,0.1725522635160582,0.17021451663338938,0.16612110606235955,0.16202769549132973,0.1579342849202999,0.15384087434927007,0.14974746377824025,0.13099445765666387,0.11224145153508747,0.09348844541351108,0.07473543929193467
268,0.018861538995962508,0.02139857893702769,0.025840952998510806,0.030283327059993915,0.03472570112147703,0.03916807518296014,0.04361044924444325,0.0639621502340575,0.08431385122367176,0.10466555221328604,0.1250172532029003,0.16219714722554288,0.1596601072844777,0.15521773322299456,0.15077535916151147,0.14633298510002835,0.14189061103854522,0.1374482369770621,0.11709653598744785,0.0967448349978336,0.07639313400821932,0.05604143301860505
269,0.06031042844298219,0.06842270209442457,0.08262734801485494,0.09683199393528533,0.1110366398557157,0.1252412857761461,0.1394459316965765,0.20452120506052845,0.2695964784244804,0.33467175178843245,0.39974702515238447,0.4566317751531136,0.4485195015016712,0.43431485558124083,0.4201102096608105,0.4059055637403801,0.3917009178199497,0.3774962718995193,0.3124209985355673,0.24734572517161535,0.18227045180766333,0.1171951784437113
270,0.30895518501738617,0.35051232648691727,0.4232791617051753,0.4960459969234333,0.5688128321416914,0.6415796673599494,0.7143465025782075,1.0477107919933368,1.3810750814084662,1.7144393708235957,2.0478036602387255,2.1024107163262697,2.0608535748567385,1.9880867396384805,1.9153199044202225,1.8425530692019643,1.7697862339837063,1.6970193987654483,1.363655109350319,1.0302908199351897,0.6969265305200603,0.3635622411049304
271,1.1612949269476076,1.3174991271273024,1.5910137359992662,1.8645283448712298,2.1380429537431938,2.4115575626151577,2.685072171487121,3.9381155800368046,5.191158988586489,6.444202397136173,7.697245805685856,8.797592590406415,8.64138839022672,8.367873781354756,8.094359172482793,7.820844563610829,7.547329954738865,7.273815345866902,6.020771937317218,4.767728528767535,3.514685120217851,2.261641711668167
272,2.8365400828547638,3.218079229059924,3.8861568494030205,4.554234469746118,5.222312090089215,5.890389710432311,6.558467330775408,9.61910918103339,12.679751031291374,15.74039288154936,18.801034731807345,21.40384848736475,21.02230934115959,20.354231720816493,19.686154100473395,19.018076480130297,18.3499988597872,17.6819212394441,14.621279389186117,11.560637538928134,8.499995688670149,5.439353838412163
273,4.187241305649756,4.750461435119857,5.736663683482037,6.722865931844216,7.709068180206397,8.695270428568575,9.681472676930756,14.199528337297998,18.717583997665233,23.23563965803248,27.75369531839972,32.29130966000392,31.72808953053382,30.74188728217164,29.75568503380946,28.76948278544728,27.7832805370851,26.797078288722922,22.27902262835568,17.760966967988445,13.242911307621199,8.724855647253957
274,4.1224380187469025,4.6769415462886,5.647880965838258,6.618820385387915,7.5897598049375725,8.56069922448723,9.53163864403689,13.979771212843394,18.427903781649896,22.876036350456406,27.324168919262913,32.91035711924829,32.35585359170659,31.384914172156932,30.413974752607274,29.443035333057615,28.472095913507957,27.501156493958298,23.053023925151795,18.60489135634529,14.15675878753878,9.708626218732274
275,3.351595880008395,3.8024144805325077,4.591800893015079,5.381187305497649,6.170573717980221,6.959960130462791,7.7493465429453625,11.365736340329079,14.982126137712793,18.59851593509651,22.21490573248023,27.356769827551037,26.905951227026925,26.116564814544354,25.327178402061783,24.537791989579212,23.74840557709664,22.95901916461407,19.34262936723035,15.726239569846637,12.109849772462919,8.493459975079201
276,2.9910124143164416,3.3933294236000933,4.097789222441407,4.80224902128272,5.506708820124034,6.211168618965348,6.915628417806662,10.142946736074473,13.370265054342282,16.597583372610092,19.82490169087791,24.2284335048095,23.82611649552585,23.121656696684536,22.417196897843223,21.71273709900191,21.008277300160596,20.303817501319283,17.076499183051475,13.849180864783666,10.621862546515855,7.394544228248039
277,2.7047846416677372,3.0686015427890947,3.7056473923676854,4.342693241946275,4.979739091524866,5.6167849411034565,6.253830790682048,9.172307818474215,12.090784846266383,15.009261874058554,17.92773890185072,22.802692522038395,22.438875620917038,21.801829771338447,21.164783921759856,20.527738072181265,19.890692222602674,19.253646373024083,16.335169345231915,13.416692317439747,10.498215289647575,7.579738261855409
278,2.20733046474823,2.5042354815337093,3.0241181699939683,3.544000858454227,4.063883546914486,4.583766235374744,5.103648923835004,7.485370246439614,9.867091569044224,12.248812891648836,14.630534214253444,19.724931122724897,19.428026105939416,18.908143417479156,18.388260729018896,17.868378040558635,17.348495352098375,16.828612663638115,14.446891341033504,12.065170018428894,9.683448695824282,7.3017273732196735
279,1.677916042855984,1.903610246250039,2.298802319798513,2.693994393346985,3.0891864668954585,3.484378540443932,3.879570613992405,5.690050956937462,7.500531299882518,9.311011642827577,11.121491985772634,14.871256559632515,14.645562356238461,14.250370282689987,13.855178209141515,13.459986135593041,13.064794062044568,12.669601988496094,10.859121645551037,9.04864130260598,7.238160959660921,5.427680616715864
280,1.1172675321315855,1.2675496673528908,1.5306947005095728,1.7938397336662546,2.0569847668229366,2.3201297999796187,2.583274833136301,3.7888124482913326,4.9943500634463645,6.199887678601396,7.405425293756428,10.033161309414842,9.882879174193537,9.619734141036854,9.356589107880172,9.09344407472349,8.830299041566807,8.567154008410125,7.361616393255093,6.156078778100062,4.95054116294503,3.745003547789998
281,0.6682540838903488,0.7581400312657272,0.9155309318380566,1.0729218324103855,1.2303127329827148,1.3877036335550441,1.5450945341273732,2.2661442482220826,2.987193962316792,3.7082436764115014,4.429293390506211,6.0734388854665,5.983552938091121,5.826162037518792,5.668771136946463,5.5113802363741335,5.3539893358018045,5.196598435229475,4.475548721134766,3.7544990070400566,3.033449292945347,2.3123995788506377
282,0.4397550001969972,0.4989058467966161,0.6024793784527985,0.7060529101089809,0.8096264417651632,0.9131999734213457,1.016773505077528,1.4912714914090162,1.9657694777405041,2.4402674640719924,2.9147654504034803,3.6846018562989733,3.625451009699354,3.5218774780431716,3.418303946386989,3.314730414730807,3.2111568830746244,3.1075833514184423,2.633085365086954,2.158587378755466,1.6840893924239777,1.2095914060924897
283,0.286284866305672,0.32479265405806435,0.39222005033488544,0.4596474466117065,0.5270748428885276,0.5945022391653487,0.6619296354421698,0.9708325302776295,1.2797354251130895,1.5886383199485492,1.8975412147840094,2.22844041223525,2.1899326244828576,2.1225052282060366,2.0550778319292156,1.9876504356523945,1.9202230393755735,1.8527956430987524,1.5438927482632927,1.2349898534278327,0.926086958592373,0.6171840637569128
284,0.1600000684787465,0.18152145994052682,0.21920556165659857,0.25688966337267033,0.2945737650887421,0.33225786680481384,0.3699419685208856,0.5425828942000834,0.7152238198792811,0.887864745558479,1.0605056712376768,1.3303544742870113,1.308833082825231,1.2711489811091592,1.2334648793930874,1.1957807776770155,1.1580966759609437,1.1204125742448718,0.947771648565674,0.7751307228864763,0.6024897972072784,0.4298488715280806
285,0.0966650333943288,0.10966731548161278,0.1324343991801003,0.15520148287858784,0.17796856657707538,0.20073565027556292,0.2235027339740505,0.3278048196211218,0.432106905268193,0.5364089909152644,0.6407110765623357,0.8750441895076194,0.8620419074203355,0.8392748237218479,0.8165077400233604,0.7937406563248728,0.7709735726263852,0.7482064889278977,0.6439044032808263,0.5396023176337551,0.4353002319866837,0.3309981463396124
286,0.060485888935644626,0.06862176353916513,0.08286773488598757,0.09711370623281,0.11135967757963244,0.1256056489264549,0.13985162027327736,0.2051162164429092,0.27038081261254104,0.33564540878217297,0.40091000495180484,0.6530761972950729,0.6449403226915524,0.63069435134473,0.6164483799979075,0.602202408651085,0.5879564373042625,0.57371046595744,0.5084458697878081,0.4431812736181763,0.37791667744854435,0.3126520812789125
287,0.04326251605801909,0.04908169821561838,0.059271125452270715,0.06946055268892304,0.07964997992557539,0.08983940716222773,0.10002883439888008,0.1467093195416705,0.19338980468446088,0.24007028982725132,0.28675077497004176,0.499578441059629,0.4937592589020297,0.48356983166537737,0.47338040442872503,0.4631909771920727,0.45300154995542036,0.442812122718768,0.3961316375759776,0.3494511524331872,0.30277066729039676,0.2560901821476063
288,0.06656898268586907,0.07552308595105217,0.09120178120737912,0.10688047646370606,0.12255917172003303,0.13823786697635998,0.1539165622326869,0.2257448489433112,0.29757313565393556,0.36940142236455986,0.44122970907518416,0.4271966781704077,0.4182425749052246,0.4025638796488976,0.3868851843925707,0.3712064891362437,0.35552779387991673,0.3398490986235898,0.2680208119129655,0.19619252520234115,0.12436423849171685,0.05253595178109255
289,0.056639086305014866,0.06425753272192815,0.07759748382143074,0.09093743492093335,0.10427738602043597,0.11761733711993858,0.1309572882194412,0.19207116387144205,0.25318503952344296,0.31429891517544384,0.3754127908274448,0.3168441383691494,0.3092256919522361,0.2958857408527335,0.28254578975323086,0.26920583865372827,0.2558658875542257,0.24252593645472306,0.1814120608027222,0.1202981851507213,0.05918430949872042,-0.0019295661532805208
290,0.03392680220936796,0.038490250202461725,0.046480878441028384,0.05447150667959503,0.06246213491816169,0.07045276315672834,0.07844339139529499,0.1150505915949522,0.15165779179460942,0.18826499199426663,0.22487219219392388,0.22601923126692836,0.22145578327383458,0.21346515503526792,0.20547452679670128,0.1974838985581346,0.18949327031956797,0.1815026420810013,0.1448954418813441,0.10828824168168688,0.07168104148202967,0.035073841282372425
291,0.0236676925723058,0.026851201690074235,0.03242554764354464,0.03799989359701504,0.043574239550485436,0.049148585503955844,0.05472293145742625,0.08026049774238261,0.10579806402733898,0.13133563031229536,0.15687319659725174,0.20284547879051973,0.1996619696727513,0.1940876237192809,0.1885132777658105,0.1829389318123401,0.17736458585886972,0.17179023990539932,0.14625267362044297,0.12071510733548661,0.09517754105053022,0.06963997476557385
292,0.02469635730095266,0.028018230711428102,0.03383485347536883,0.03965147623930954,0.04546809900325027,0.051284721767191,0.05710134453113172,0.08374884553458932,0.11039634653804692,0.1370438475415045,0.16369134854496212,0.2086410790622131,0.20531920565173767,0.19950258288779693,0.19368596012385622,0.18786933735991548,0.18205271459597477,0.17623609183203404,0.14958859082857645,0.12294108982511885,0.09629358882166127,0.06964608781820365
293,0.018530992112733714,0.02102357064238779,0.025388092472381524,0.02975261430237525,0.03411713613236898,0.03848165796236271,0.04284617979235644,0.06284121893523797,0.08283625807811949,0.10283129722100104,0.12282633636388257,0.23076451461001737,0.2282719360803633,0.22390741425036959,0.21954289242037586,0.21517837059038214,0.21081384876038842,0.2064493269303947,0.18645428778751316,0.16645924864463163,0.1464642095017501,0.12646917035886857
294,0.022723898938375474,0.025780459658883387,0.031132518111866028,0.036484576564848666,0.0418366350178313,0.04718869347081395,0.05254075192379659,0.0770599598532782,0.10157916778275981,0.12609837571224142,0.15061758364172306,0.3411068640072945,0.3380503032867866,0.33269824483380395,0.3273461863808213,0.32199412792783866,0.316642069474856,0.31129001102187337,0.2867708030923918,0.2622515951629102,0.2377323872334286,0.21321317930394695
295,0.05954035988303085,0.0675490526604855,0.08157232777140645,0.0955956028823274,0.10961887799324835,0.12364215310416929,0.13766542821509023,0.20190979350324906,0.2661541587914079,0.33039852407956677,0.3946428893677256,0.5323949645104806,0.524386271733026,0.510362996622105,0.4963397215111841,0.48231644640026317,0.4682931712893422,0.4542698961784213,0.3900255308902625,0.32578116560210363,0.2615368003139448,0.19729243502578592
296,0.09422208070711786,0.10689576455313886,0.129087470513181,0.15127917647322317,0.17347088243326533,0.1956625883933075,0.21785429435334966,0.31952042104539957,0.42118654773744957,0.5228526744294996,0.6245188011215496,0.7630054397344619,0.7503317558884409,0.7281400499283988,0.7059483439683566,0.6837566380083144,0.6615649320482723,0.6393732260882301,0.5377070993961802,0.4360409727041302,0.33437484601208023,0.23270871932003023
297,0.11060462621291975,0.12548190395938727,0.1515321177130734,0.17758233146675953,0.2036325452204457,0.22968275897413182,0.255732972727818,0.37507595323620807,0.49441893374459817,0.6137619142529884,0.7331048947613785,1.04243040931092,1.0275531315644524,1.0015029178107662,0.9754527040570801,0.949402490303394,0.9233522765497079,0.8973020627960218,0.7779590822876317,0.6586161017792416,0.5392731212708513,0.41993014076246116
298,0.14593538259187422,0.16556495229609972,0.19993646134515083,0.23430797039420195,0.2686794794432531,0.3030509884923042,0.3374224975413554,0.4948875522726021,0.6523526070038489,0.8098176617350957,0.9672827164663426,1.3368623237393928,1.3172327540351674,1.2828612449861163,1.2484897359370652,1.2141182268880142,1.1797467178389631,1.145375208789912,0.9879101540586653,0.8304450993274186,0.6729800445961718,0.5155149898649249
299,0.17412844867806587,0.1975502293326846,0.2385619253527876,0.2795736213728906,0.3205853173929936,0.3615970134130966,0.40260870943319965,0.5904942325625675,0.7783797556919354,0.9662652788213034,1.1541508019506714,1.6963697765134498,1.6729479958588311,1.6319362998387281,1.590924603818625,1.549912907798522,1.508901211778419,1.467889515758316,1.2800039926289482,1.0921184694995802,0.9042329463702122,0.7163474232408442
300,0.20258246617249245,0.22983155799628885,0.277544901707457,0.32525824541862514,0.3729715891297932,0.4206849328409614,0.46839827655212957,0.6869858360383282,0.9055733955245269,1.1241609550107257,1.3427485144969247,1.9211150761464808,1.8938659843226844,1.8461526406115163,1.7984392969003482,1.7507259531891801,1.7030126094780118,1.6552992657668437,1.4367117062806452,1.2181241467944464,0.9995365873082476,0.7809490278220486
301,0.22682064156334378,0.25732997737244256,0.31075203030808307,0.3641740832437235,0.4175961361793641,0.4710181891150046,0.5244402420506451,0.769180921820084,1.013921601589523,1.2586622813589619,1.5034029611284008,2.0428941262432594,2.0123847904341607,1.9589627374985201,1.9055406845628797,1.852118631627239,1.7986965786915987,1.745274525755958,1.5005338459865192,1.2557931662170803,1.0110524864476413,0.7663118066782024
302,0.28713168866453304,0.3257533813399477,0.3933802259058238,0.46100707047169975,0.5286339150375757,0.5962607596034519,0.6638876041693279,0.9737042248382178,1.2835208455071077,1.5933374661759976,1.9031540868448875,2.133676930271694,2.095055237596279,2.027428393030403,1.9598015484645268,1.8921747038986507,1.8245478593327746,1.7569210147668985,1.4471043940980086,1.1372877734291187,0.8274711527602288,0.5176545320913388
303,0.3067951188581142,0.3480617127682659,0.42031979724889373,0.49257788172952155,0.5648359662101494,0.6370940506907772,0.709352135171405,1.040385701701159,1.3714192682309132,1.7024528347606676,2.0334864012904217,2.1612776545091203,2.120011060598969,2.047752976118341,1.975494891637713,1.9032368071570853,1.8309787226764576,1.7587206381958298,1.427687071666076,1.0966535051363218,0.7656199386065674,0.4345863720768133
304,0.27598175878396375,0.31310368956544515,0.3781044409318533,0.44310519229826134,0.5081059436646694,0.5731066950310776,0.6381074463974856,0.9358932333664804,1.233679020335475,1.53146480730447,1.829250594273465,1.9097257114610804,1.872603780679599,1.8076030293131908,1.7426022779467827,1.6776015265803745,1.6126007752139664,1.5476000238475582,1.2498142368785634,0.9520284499095688,0.6542426629405738,0.35645687597157893
305,0.2253108014307007,0.2556170506983482,0.3086834977291007,0.36174994475985317,0.4148163917906057,0.46788283882135817,0.5209492858521106,0.7640608400805081,1.0071723943089055,1.2502839485373032,1.4933955027657007,1.6192575536297766,1.588951304362129,1.5358848573313766,1.4828184103006241,1.4297519632698716,1.3766855162391192,1.3236190692083667,1.0805075149799692,0.8373959607515719,0.5942844065231742,0.3511728522947767
306,0.181071206183045,0.20542684770103406,0.24807374039633354,0.290720633091633,0.3333675257869325,0.376014418482232,0.41866131117753147,0.6140381066158548,0.809414902054178,1.0047916974925013,1.200168492930825,1.489569188741577,1.4652135472235879,1.4225666545282885,1.379919761832989,1.3372728691376894,1.29462597644239,1.2519790837470905,1.0566022883087673,0.8612254928704441,0.6658486974321208,0.4704719019937972
307,0.1371027565822645,0.15554426178254532,0.18783546186591396,0.22012666194928254,0.2524178620326512,0.2847090621160198,0.3170002621993884,0.464934866444111,0.6128694706888336,0.7608040749335562,0.9087386791782788,1.2544431595756709,1.23600165437539,1.2037104542920214,1.1714192542086528,1.1391280541252842,1.1068368540419156,1.074545653958547,0.9266110497138245,0.7786764454691019,0.6307418412243793,0.48280723697965666
308,0.12288693681507708,0.1394162914452449,0.16835930297358676,0.19730231450192862,0.22624532603027048,0.25518833755861237,0.28413134908695425,0.4167270081222759,0.5493226671575976,0.6819183261929194,0.8145139852282411,0.965950353268064,0.9494209986378962,0.9204779871095543,0.8915349755812124,0.8625919640528705,0.8336489525245286,0.8047059409961868,0.6721102819608651,0.5395146229255434,0.40691896389022164,0.27432330485489986
309,0.10407025709033581,0.11806860573895996,0.14257980870966933,0.16709101168037868,0.19160221465108804,0.2161134176217974,0.24062462059250678,0.3529169820306787,0.4652093434688507,0.5775017049070227,0.6897940663451948,0.756275578156249,0.7422772295076249,0.7177660265369155,0.6932548235662062,0.6687436205954969,0.6442324176247876,0.6197212146540781,0.5074288532159061,0.3951364917777342,0.2828441303395622,0.17055176890139007
310,0.09174496304809825,0.10408545316899447,0.1256937346673304,0.14730201616566632,0.16891029766400223,0.19051857916233816,0.21212686066067407,0.3111201642112374,0.4101134677618008,0.5091067713123641,0.6081000748629275,0.6380177307790044,0.6256772406581081,0.6040689591597722,0.5824606776614363,0.5608523961631003,0.5392441146647644,0.5176358331664285,0.4186425296158651,0.3196492260653017,0.22065592251473837,0.12166261896417502
311,0.0756798511426919,0.0858594449247251,0.10368398234795255,0.12150851977117999,0.13933305719440744,0.15715759461763487,0.17498213204086233,0.2566410943198301,0.33830005659879786,0.4199590188777657,0.5016179811567335,0.5589042903878931,0.54872469660586,0.5309001591826326,0.5130756217594051,0.4952510843361777,0.4774265469129503,0.45960200948972285,0.37794304721075506,0.2962840849317873,0.21462512265281947,0.13296616037385167
312,0.06656898268586907,0.07552308595105217,0.09120178120737912,0.10688047646370606,0.12255917172003303,0.13823786697635998,0.1539165622326869,0.2257448489433112,0.29757313565393556,0.36940142236455986,0.44122970907518416,0.4271966781704077,0.4182425749052246,0.4025638796488976,0.3868851843925707,0.3712064891362437,0.35552779387991673,0.3398490986235898,0.2680208119129655,0.19619252520234115,0.12436423849171685,0.05253595178109255
313,0.056639086305014866,0.06425753272192815,0.07759748382143074,0.09093743492093335,0.10427738602043597,0.11761733711993858,0.1309572882194412,0.19207116387144205,0.25318503952344296,0.31429891517544384,0.3754127908274448,0.3168441383691494,0.3092256919522361,0.2958857408527335,0.28254578975323086,0.26920583865372827,0.2558658875542257,0.24252593645472306,0.1814120608027222,0.1202981851507213,0.05918430949872042,-0.0019295661532805208
314,0.03392680220936796,0.038490250202461725,0.046480878441028384,0.05447150667959503,0.06246213491816169,0.07045276315672834,0.07844339139529499,0.1150505915949522,0.15165779179460942,0.18826499199426663,0.22487219219392388,0.22601923126692836,0.22145578327383458,0.21346515503526792,0.20547452679670128,0.1974838985581346,0.18949327031956797,0.1815026420810013,0.1448954418813441,0.10828824168168688,0.07168104148202967,0.035073841282372425
315,0.0236676925723058,0.026851201690074235,0.03242554764354464,0.03799989359701504,0.043574239550485436,0.049148585503955844,0.05472293145742625,0.08026049774238261,0.10579806402733898,0.13133563031229536,0.15687319659725174,0.20284547879051973,0.1996619696727513,0.1940876237192809,0.1885132777658105,0.1829389318123401,0.17736458585886972,0.17179023990539932,0.14625267362044297,0.12071510733548661,0.09517754105053022,0.06963997476557385
316,0.02469635730095266,0.028018230711428102,0.03383485347536883,0.03965147623930954,0.04546809900325027,0.051284721767191,0.05710134453113172,0.08374884553458932,0.11039634653804692,0.1370438475415045,0.16369134854496212,0.2086410790622131,0.20531920565173767,0.19950258288779693,0.19368596012385622,0.18786933735991548,0.18205271459597477,0.17623609183203404,0.14958859082857645,0.12294108982511885,0.09629358882166127,0.06964608781820365
317,0.018530992112733714,0.02102357064238779,0.025388092472381524,0.02975261430237525,0.03411713613236898,0.03848165796236271,0.04284617979235644,0.06284121893523797,0.08283625807811949,0.10283129722100104,0.12282633636388257,0.23076451461001737,0.2282719360803633,0.22390741425036959,0.21954289242037586,0.21517837059038214,0.21081384876038842,0.2064493269303947,0.18645428778751316,0.16645924864463163,0.1464642095017501,0.12646917035886857
318,0.022723898938375474,0.025780459658883387,0.031132518111866028,0.036484576564848666,0.0418366350178313,0.04718869347081395,0.05254075192379659,0.0770599598532782,0.10157916778275981,0.12609837571224142,0.15061758364172306,0.3411068640072945,0.3380503032867866,0.33269824483380395,0.3273461863808213,0.32199412792783866,0.316642069474856,0.31129001102187337,0.2867708030923918,0.2622515951629102,0.2377323872334286,0.21321317930394695
319,0.05954035988303085,0.0675490526604855,0.08157232777140645,0.0955956028823274,0.10961887799324835,0.12364215310416929,0.13766542821509023,0.20190979350324906,0.2661541587914079,0.33039852407956677,0.3946428893677256,0.5323949645104806,0.524386271733026,0.510362996622105,0.4963397215111841,0.48231644640026317,0.4682931712893422,0.4542698961784213,0.3900255308902625,0.32578116560210363,0.2615368003139448,0.19729243502578592
320,0.09422208070711786,0.10689576455313886,0.129087470513181,0.15127917647322317,0.17347088243326533,0.1956625883933075,0.21785429435334966,0.31952042104539957,0.42118654773744957,0.5228526744294996,0.6245188011215496,0.7630054397344619,0.7503317558884409,0.7281400499283988,0.7059483439683566,0.6837566380083144,0.6615649320482723,0.6393732260882301,0.5377070993961802,0.4360409727041302,0.33437484601208023,0.23270871932003023
321,0.11060462621291975,0.12548190395938727,0.1515321177130734,0.17758233146675953,0.2036325452204457,0.22968275897413182,0.255732972727818,0.37507595323620807,0.49441893374459817,0.6137619142529884,0.7331048947613785,1.04243040931092,1.0275531315644524,1.0015029178107662,0.9754527040570801,0.949402490303394,0.9233522765497079,0.8973020627960218,0.7779590822876317,0.6586161017792416,0.5392731212708513,0.41993014076246116
322,0.14593538259187422,0.16556495229609972,0.19993646134515083,0.23430797039420195,0.2686794794432531,0.3030509884923042,0.3374224975413554,0.4948875522726021,0.6523526070038489,0.8098176617350957,0.9672827164663426,1.3368623237393928,1.3172327540351674,1.2828612449861163,1.2484897359370652,1.2141182268880142,1.1797467178389631,1.145375208789912,0.9879101540586653,0.8304450993274186,0.6729800445961718,0.5155149898649249
323,0.17412844867806587,0.1975502293326846,0.2385619253527876,0.2795736213728906,0.3205853173929936,0.3615970134130966,0.40260870943319965,0.5904942325625675,0.7783797556919354,0.9662652788213034,1.1541508019506714,1.6963697765134498,1.6729479958588311,1.6319362998387281,1.590924603818625,1.549912907798522,1.508901211778419,1.467889515758316,1.2800039926289482,1.0921184694995802,0.9042329463702122,0.7163474232408442
324,0.20258246617249245,0.22983155799628885,0.277544901707457,0.32525824541862514,0.3729715891297932,0.4206849328409614,0.46839827655212957,0.6869858360383282,0.9055733955245269,1.1241609550107257,1.3427485144969247,1.9211150761464808,1.8938659843226844,1.8461526406115163,1.7984392969003482,1.7507259531891801,1.7030126094780118,1.6552992657668437,1.4367117062806452,1.2181241467944464,0.9995365873082476,0.7809490278220486
325,0.22682064156334378,0.25732997737244256,0.31075203030808307,0.3641740832437235,0.4175961361793641,0.4710181891150046,0.5244402420506451,0.769180921820084,1.013921601589523,1.2586622813589619,1.5034029611284008,2.0428941262432594,2.0123847904341607,1.9589627374985201,1.9055406845628797,1.852118631627239,1.7986965786915987,1.745274525755958,1.5005338459865192,1.2557931662170803,1.0110524864476413,0.7663118066782024
326,0.28713168866453304,0.3257533813399477,0.3933802259058238,0.46100707047169975,0.5286339150375757,0.5962607596034519,0.6638876041693279,0.9737042248382178,1.2835208455071077,1.5933374661759976,1.9031540868448875,2.133676930271694,2.095055237596279,2.027428393030403,1.9598015484645268,1.8921747038986507,1.8245478593327746,1.7569210147668985,1.4471043940980086,1.1372877734291187,0.8274711527602288,0.5176545320913388
327,0.3067951188581142,0.3480617127682659,0.42031979724889373,0.49257788172952155,0.5648359662101494,0.6370940506907772,0.709352135171405,1.040385701701159,1.3714192682309132,1.7024528347606676,2.0334864012904217,2.1612776545091203,2.120011060598969,2.047752976118341,1.975494891637713,1.9032368071570853,1.8309787226764576,1.7587206381958298,1.427687071666076,1.0966535051363218,0.7656199386065674,0.4345863720768133
328,0.27598175878396375,0.31310368956544515,0.3781044409318533,0.44310519229826134,0.5081059436646694,0.5731066950310776,0.6381074463974856,0.9358932333664804,1.233679020335475,1.53146480730447,1.829250594273465,1.9097257114610804,1.872603780679599,1.8076030293131908,1.7426022779467827,1.6776015265803745,1.6126007752139664,1.5476000238475582,1.2498142368785634,0.9520284499095688,0.6542426629405738,0.35645687597157893
329,0.2253108014307007,0.2556170506983482,0.3086834977291007,0.36174994475985317,0.4148163917906057,0.46788283882135817,0.5209492858521106,0.7640608400805081,1.0071723943089055,1.2502839485373032,1.4933955027657007,1.6192575536297766,1.588951304362129,1.5358848573313766,1.4828184103006241,1.4297519632698716,1.3766855162391192,1.3236190692083667,1.0805075149799692,0.8373959607515719,0.5942844065231742,0.3511728522947767
330,0.181071206183045,0.20542684770103406,0.24807374039633354,0.290720633091633,0.3333675257869325,0.376014418482232,0.41866131117753147,0.6140381066158548,0.809414902054178,1.0047916974925013,1.200168492930825,1.489569188741577,1.4652135472235879,1.4225666545282885,1.379919761832989,1.3372728691376894,1.29462597644239,1.2519790837470905,1.0566022883087673,0.8612254928704441,0.6658486974321208,0.4704719019937972
331,0.1371027565822645,0.15554426178254532,0.18783546186591396,0.22012666194928254,0.2524178620326512,0.2847090621160198,0.3170002621993884,0.464934866444111,0.6128694706888336,0.7608040749335562,0.9087386791782788,1.2544431595756709,1.23600165437539,1.2037104542920214,1.1714192542086528,1.1391280541252842,1.1068368540419156,1.074545653958547,0.9266110497138245,0.7786764454691019,0.6307418412243793,0.48280723697965666
332,0.12288693681507708,0.1394162914452449,0.16835930297358676,0.19730231450192862,0.22624532603027048,0.25518833755861237,0.28413134908695425,0.4167270081222759,0.5493226671575976,0.6819183261929194,0.8145139852282411,0.965950353268064,0.9494209986378962,0.9204779871095543,0.8915349755812124,0.8625919640528705,0.8336489525245286,0.8047059409961868,0.6721102819608651,0.5395146229255434,0.40691896389022164,0.27432330485489986
333,0.10407025709033581,0.11806860573895996,0.14257980870966933,0.16709101168037868,0.19160221465108804,0.2161134176217974,0.24062462059250678,0.3529169820306787,0.4652093434688507,0.5775017049070227,0.6897940663451948,0.756275578156249,0.7422772295076249,0.7177660265369155,0.6932548235662062,0.6687436205954969,0.6442324176247876,0.6197212146540781,0.5074288532159061,0.3951364917777342,0.2828441303395622,0.17055176890139007
334,0.09174496304809825,0.10408545316899447,0.1256937346673304,0.14730201616566632,0.16891029766400223,0.19051857916233816,0.21212686066067407,0.3111201642112374,0.4101134677618008,0.5091067713123641,0.6081000748629275,0.6380177307790044,0.6256772406581081,0.6040689591597722,0.5824606776614363,0.5608523961631003,0.5392441146647644,0.5176358331664285,0.4186425296158651,0.3196492260653017,0.22065592251473837,0.12166261896417502
335,0.0756798511426919,0.0858594449247251,0.10368398234795255,0.12150851977117999,0.13933305719440744,0.15715759461763487,0.17498213204086233,0.2566410943198301,0.33830005659879786,0.4199590188777657,0.5016179811567335,0.5589042903878931,0.54872469660586,0.5309001591826326,0.5130756217594051,0.4952510843361777,0.4774265469129503,0.45960200948972285,0.37794304721075506,0.2962840849317873,0.21462512265281947,0.13296616037385167
336,0.031367184720614005,0.03558634204876214,0.04297411500909338,0.050361887969424625,0.057749660929755864,0.0651374338900871,0.07252520685041834,0.10637056615310214,0.14021592545578596,0.17406128475846977,0.20790664406115364,0.38513873965896495,0.3809195823308168,0.3735318093704856,0.36614403641015436,0.35875626344982314,0.3513684904894919,0.3439807175291607,0.3101353582264769,0.27628999892379313,0.24244463962110932,0.20859928031842545
337,0.027541528392130105,0.031246101893993974,0.037732835101129916,0.04421956830826585,0.05070630151540179,0.057193034722537735,0.06367976792967367,0.09339722368731823,0.1231146794449628,0.15283213520260736,0.18254959096025195,0.2947264391013124,0.29102186559944854,0.2845351323923126,0.27804839918517665,0.2715616659780407,0.26507493277090477,0.25858819956376883,0.22887074380612427,0.1991532880484797,0.16943583229083514,0.13971837653319055
338,0.021214760756460276,0.024068329353953997,0.029064947229369295,0.03406156510478459,0.03905818298019989,0.04405480085561519,0.049051418731030486,0.07194225852804301,0.09483309832505553,0.11772393812206808,0.1406147779190806,0.2196416620198345,0.2167880934223408,0.21179147554692548,0.20679485767151018,0.20179823979609487,0.19680162192067957,0.19180500404526427,0.16891416424825173,0.14602332445123922,0.12313248465422667,0.10024164485721414
339,0.017379901386824617,0.01971764826949346,0.023811058840523276,0.02790446941155309,0.03199787998258291,0.03609129055361272,0.04018470112464254,0.058937707246218926,0.07769071336779533,0.09644371948937172,0.11519672561094813,0.1725522635160582,0.17021451663338938,0.16612110606235955,0.16202769549132973,0.1579342849202999,0.15384087434927007,0.14974746377824025,0.13099445765666387,0.11224145153508747,0.09348844541351108,0.07473543929193467
340,0.018861538995962508,0.02139857893702769,0.025840952998510806,0.030283327059993915,0.03472570112147703,0.03916807518296014,0.04361044924444325,0.0639621502340575,0.08431385122367176,0.10466555221328604,0.1250172532029003,0.16219714722554288,0.1596601072844777,0.15521773322299456,0.15077535916151147,0.14633298510002835,0.14189061103854522,0.1374482369770621,0.11709653598744785,0.0967448349978336,0.07639313400821932,0.05604143301860505
341,0.06031042844298219,0.06842270209442457,0.08262734801485494,0.09683199393528533,0.1110366398557157,0.1252412857761461,0.1394459316965765,0.20452120506052845,0.2695964784244804,0.33467175178843245,0.39974702515238447,0.4566317751531136,0.4485195015016712,0.43431485558124083,0.4201102096608105,0.4059055637403801,0.3917009178199497,0.3774962718995193,0.3124209985355673,0.24734572517161535,0.18227045180766333,0.1171951784437113
342,0.30895518501738617,0.35051232648691727,0.4232791617051753,0.4960459969234333,0.5688128321416914,0.6415796673599494,0.7143465025782075,1.0477107919933368,1.3810750814084662,1.7144393708235957,2.0478036602387255,2.1024107163262697,2.0608535748567385,1.9880867396384805,1.9153199044202225,1.8425530692019643,1.7697862339837063,1.6970193987654483,1.363655109350319,1.0302908199351897,0.6969265305200603,0.3635622411049304
343,1.1612949269476076,1.3174991271273024,1.5910137359992662,1.8645283448712298,2.1380429537431938,2.4115575626151577,2.685072171487121,3.9381155800368046,5.191158988586489,6.444202397136173,7.697245805685856,8.797592590406415,8.64138839022672,8.367873781354756,8.094359172482793,7.820844563610829,7.547329954738865,7.273815345866902,6.020771937317218,4.767728528767535,3.514685120217851,2.261641711668167
344,2.8365400828547638,3.218079229059924,3.8861568494030205,4.554234469746118,5.222312090089215,5.890389710432311,6.558467330775408,9.61910918103339,12.679751031291374,15.74039288154936,18.801034731807345,21.40384848736475,21.02230934115959,20.354231720816493,19.686154100473395,19.018076480130297,18.3499988597872,17.6819212394441,14.621279389186117,11.560637538928134,8.499995688670149,5.439353838412163
345,4.187241305649756,4.750461435119857,5.736663683482037,6.722865931844216,7.709068180206397,8.695270428568575,9.681472676930756,14.199528337297998,18.717583997665233,23.23563965803248,27.75369531839972,32.29130966000392,31.72808953053382,30.74188728217164,29.75568503380946,28.76948278544728,27.7832805370851,26.797078288722922,22.27902262835568,17.760966967988445,13.242911307621199,8.724855647253957
346,4.1224380187469025,4.6769415462886,5.647880965838258,6.618820385387915,7.5897598049375725,8.56069922448723,9.53163864403689,13.979771212843394,18.427903781649896,22.876036350456406,27.324168919262913,32.91035711924829,32.35585359170659,31.384914172156932,30.413974752607274,29.443035333057615,28.472095913507957,27.501156493958298,23.053023925151795,18.60489135634529,14.15675878753878,9.708626218732274
347,3.351595880008395,3.8024144805325077,4.591800893015079,5.381187305497649,6.170573717980221,6.959960130462791,7.7493465429453625,11.365736340329079,14.982126137712793,18.59851593509651,22.21490573248023,27.356769827551037,26.905951227026925,26.116564814544354,25.327178402061783,24.537791989579212,23.74840557709664,22.95901916461407,19.34262936723035,15.726239569846637,12.109849772462919,8.493459975079201
348,2.9910124143164416,3.3933294236000933,4.097789222441407,4.80224902128272,5.506708820124034,6.211168618965348,6.915628417806662,10.142946736074473,13.370265054342282,16.597583372610092,19.82490169087791,24.2284335048095,23.82611649552585,23.121656696684536,22.417196897843223,21.71273709900191,21.008277300160596,20.303817501319283,17.076499183051475,13.849180864783666,10.621862546515855,7.394544228248039
349,2.7047846416677372,3.0686015427890947,3.7056473923676854,4.342693241946275,4.979739091524866,5.6167849411034565,6.253830790682048,9.172307818474215,12.090784846266383,15.009261874058554,17.92773890185072,22.802692522038395,22.438875620917038,21.801829771338447,21.164783921759856,20.527738072181265,19.890692222602674,19.253646373024083,16.335169345231915,13.416692317439747,10.498215289647575,7.579738261855409
350,2.20733046474823,2.5042354815337093,3.0241181699939683,3.544000858454227,4.063883546914486,4.583766235374744,5.103648923835004,7.485370246439614,9.867091569044224,12.248812891648836,14.630534214253444,19.724931122724897,19.428026105939416,18.908143417479156,18.388260729018896,17.868378040558635,17.348495352098375,16.828612663638115,14.446891341033504,12.065170018428894,9.683448695824282,7.3017273732196735
351,1.677916042855984,1.903610246250039,2.298802319798513,2.693994393346985,3.0891864668954585,3.484378540443932,3.879570613992405,5.690050956937462,7.500531299882518,9.311011642827577,11.121491985772634,14.871256559632515,14.645562356238461,14.250370282689987,13.855178209141515,13.459986135593041,13.064794062044568,12.669601988496094,10.859121645551037,9.04864130260598,7.238160959660921,5.427680616715864
352,1.1172675321315855,1.2675496673528908,1.5306947005095728,1.7938397336662546,2.0569847668229366,2.3201297999796187,2.583274833136301,3.7888124482913326,4.9943500634463645,6.199887678601396,7.405425293756428,10.033161309414842,9.882879174193537,9.619734141036854,9.356589107880172,9.09344407472349,8.830299041566807,8.567154008410125,7.361616393255093,6.156078778100062,4.95054116294503,3.745003547789998
353,0.6682540838903488,0.7581400312657272,0.9155309318380566,1.0729218324103855,1.2303127329827148,1.3877036335550441,1.5450945341273732,2.2661442482220826,2.987193962316792,3.7082436764115014,4.429293390506211,6.0734388854665,5.983552938091121,5.826162037518792,5.668771136946463,5.5113802363741335,5.3539893358018045,5.196598435229475,4.475548721134766,3.7544990070400566,3.033449292945347,2.3123995788506377
354,0.4397550001969972,0.4989058467966161,0.6024793784527985,0.7060529101089809,0.8096264417651632,0.9131999734213457,1.016773505077528,1.4912714914090162,1.9657694777405041,2.4402674640719924,2.9147654504034803,3.6846018562989733,3.625451009699354,3.5218774780431716,3.418303946386989,3.314730414730807,3.2111568830746244,3.1075833514184423,2.633085365086954,2.158587378755466,1.6840893924239777,1.2095914060924897
355,0.286284866305672,0.32479265405806435,0.39222005033488544,0.4596474466117065,0.5270748428885276,0.5945022391653487,0.6619296354421698,0.9708325302776295,1.2797354251130895,1.5886383199485492,1.8975412147840094,2.22844041223525,2.1899326244828576,2.1225052282060366,2.0550778319292156,1.9876504356523945,1.9202230393755735,1.8527956430987524,1.5438927482632927,1.2349898534278327,0.926086958592373,0.6171840637569128
356,0.1600000684787465,0.18152145994052682,0.21920556165659857,0.25688966337267033,0.2945737650887421,0.33225786680481384,0.3699419685208856,0.5425828942000834,0.7152238198792811,0.887864745558479,1.0605056712376768,1.3303544742870113,1.308833082825231,1.2711489811091592,1.2334648793930874,1.1957807776770155,1.1580966759609437,1.1204125742448718,0.947771648565674,0.7751307228864763,0.6024897972072784,0.4298488715280806
357,0.0966650333943288,0.10966731548161278,0.1324343991801003,0.15520148287858784,0.17796856657707538,0.20073565027556292,0.2235027339740505,0.3278048196211218,0.432106905268193,0.5364089909152644,0.6407110765623357,0.8750441895076194,0.8620419074203355,0.8392748237218479,0.8165077400233604,0.7937406563248728,0.7709735726263852,0.7482064889278977,0.6439044032808263,0.5396023176337551,0.4353002319866837,0.3309981463396124
358,0.060485888935644626,0.06862176353916513,0.08286773488598757,0.09711370623281,0.11135967757963244,0.1256056489264549,0.13985162027327736,0.2051162164429092,0.27038081261254104,0.33564540878217297,0.40091000495180484,0.6530761972950729,0.6449403226915524,0.63069435134473,0.6164483799979075,0.602202408651085,0.5879564373042625,0.57371046595744,0.5084458697878081,0.4431812736181763,0.37791667744854435,0.3126520812789125
359,0.04326251605801909,0.04908169821561838,0.059271125452270715,0.06946055268892304,0.07964997992557539,0.08983940716222773,0.10002883439888008,0.1467093195416705,0.19338980468446088,0.24007028982725132,0.28675077497004176,0.499578441059629,0.4937592589020297,0.48356983166537737,0.47338040442872503,0.4631909771920727,0.45300154995542036,0.442812122718768,0.3961316375759776,0.3494511524331872,0.30277066729039676,0.2560901821476063
360,0.031367184720614005,0.03558634204876214,0.04297411500909338,0.050361887969424625,0.057749660929755864,0.0651374338900871,0.07252520685041834,0.10637056615310214,0.14021592545578596,0.17406128475846977,0.20790664406115364,0.38513873965896495,0.3809195823308168,0.3735318093704856,0.36614403641015436,0.35875626344982314,0.3513684904894919,0.3439807175291607,0.3101353582264769,0.27628999892379313,0.24244463962110932,0.20859928031842545
361,0.027541528392130105,0.031246101893993974,0.037732835101129916,0.04421956830826585,0.05070630151540179,0.057193034722537735,0.06367976792967367,0.09339722368731823,0.1231146794449628,0.15283213520260736,0.18254959096025195,0.2947264391013124,0.29102186559944854,0.2845351323923126,0.27804839918517665,0.2715616659780407,0.26507493277090477,0.25858819956376883,0.22887074380612427,0.1991532880484797,0.16943583229083514,0.13971837653319055
362,0.021214760756460276,0.024068329353953997,0.029064947229369295,0.03406156510478459,0.03905818298019989,0.04405480085561519,0.049051418731030486,0.07194225852804301,0.09483309832505553,0.11772393812206808,0.1406147779190806,0.2196416620198345,0.2167880934223408,0.21179147554692548,0.20679485767151018,0.20179823979609487,0.19680162192067957,0.19180500404526427,0.16891416424825173,0.14602332445123922,0.12313248465422667,0.10024164485721414
363,0.017379901386824617,0.01971764826949346,0.023811058840523276,0.02790446941155309,0.03199787998258291,0.03609129055361272,0.04018470112464254,0.058937707246218926,0.07769071336779533,0.09644371948937172,0.11519672561094813,0.1725522635160582,0.17021451663338938,0.16612110606235955,0.16202769549132973,0.1579342849202999,0.15384087434927007,0.14974746377824025,0.13099445765666387,0.11224145153508747,0.09348844541351108,0.07473543929193467
364,0.018861538995962508,0.02139857893702769,0.025840952998510806,0.030283327059993915,0.03472570112147703,0.03916807518296014,0.04361044924444325,0.0639621502340575,0.08431385122367176,0.10466555221328604,0.1250172532029003,0.16219714722554288,0.1596601072844777,0.15521773322299456,0.15077535916151147,0.14633298510002835,0.14189061103854522,0.1374482369770621,0.11709653598744785,0.0967448349978336,0.07639313400821932,0.05604143301860505
365,0.06031042844298219,0.06842270209442457,0.08262734801485494,0.09683199393528533,0.1110366398557157,0.1252412857761461,0.1394459316965765,0.20452120506052845,0.2695964784244804,0.33467175178843245,0.39974702515238447,0.4566317751531136,0.4485195015016712,0.43431485558124083,0.4201102096608105,0.4059055637403801,0.3917009178199497,0.3774962718995193,0.3124209985355673,0.24734572517161535,0.18227045180766333,0.1171951784437113
366,0.30895518501738617,0.35051232648691727,0.4232791617051753,0.4960459969234333,0.5688128321416914,0.6415796673599494,0.7143465025782075,1.0477107919933368,1.3810750814084662,1.7144393708235957,2.0478036602387255,2.1024107163262697,2.0608535748567385,1.9880867396384805,1.9153199044202225,1.8425530692019643,1.7697862339837063,1.6970193987654483,1.363655109350319,1.0302908199351897,0.6969265305200603,0.3635622411049304
367,1.1612949269476076,1.3174991271273024,1.5910137359992662,1.8645283448712298,2.1380429537431938,2.4115575626151577,2.685072171487121,3.9381155800368046,5.191158988586489,6.444202397136173,7.697245805685856,8.797592590406415,8.64138839022672,8.367873781354756,8.094359172482793,7.820844563610829,7.547329954738865,7.273815345866902,6.020771937317218,4.767728528767535,3.514685120217851,2.261641711668167
368,2.8365400828547638,3.218079229059924,3.8861568494030205,4.554234469746118,5.222312090089215,5.890389710432311,6.558467330775408,9.61910918103339,12.679751031291374,15.74039288154936,18.801034731807345,21.40384848736475,21.02230934115959,20.354231720816493,19.686154100473395,19.018076480130297,18.3499988597872,17.6819212394441,14.621279389186117,11.560637538928134,8.499995688670149,5.439353838412163
369,4.187241305649756,4.750461435119857,5.736663683482037,6.722865931844216,7.709068180206397,8.695270428568575,9.681472676930756,14.199528337297998,18.717583997665233,23.23563965803248,27.75369531839972,32.29130966000392,31.72808953053382,30.74188728217164,29.75568503380946,28.76948278544728,27.7832805370851,26.797078288722922,22.27902262835568,17.760966967988445,13.242911307621199,8.724855647253957
370,4.1224380187469025,4.6769415462886,5.647880965838258,6.618820385387915,7.5897598049375725,8.56069922448723,9.53163864403689,13.979771212843394,18.427903781649896,22.876036350456406,27.324168919262913,32.91035711924829,32.35585359170659,31.384914172156932,30.413974752607274,29.443035333057615,28.472095913507957,27.501156493958298,23.053023925151795,18.60489135634529,14.15675878753878,9.708626218732274
371,3.351595880008395,3.8024144805325077,4.591800893015079,5.381187305497649,6.170573717980221,6.959960130462791,7.7493465429453625,11.365736340329079,14.982126137712793,18.59851593509651,22.21490573248023,27.356769827551037,26.905951227026925,26.116564814544354,25.327178402061783,24.537791989579212,23.74840557709664,22.95901916461407,19.34262936723035,15.726239569846637,12.109849772462919,8.493459975079201
372,2.9910124143164416,3.3933294236000933,4.097789222441407,4.80224902128272,5.506708820124034,6.211168618965348,6.915628417806662,10.142946736074473,13.370265054342282,16.597583372610092,19.82490169087791,24.2284335048095,23.82611649552585,23.121656696684536,22.417196897843223,21.71273709900191,21.008277300160596,20.303817501319283,17.076499183051475,13.849180864783666,10.621862546515855,7.394544228248039
373,2.7047846416677372,3.0686015427890947,3.7056473923676854,4.342693241946275,4.979739091524866,5.6167849411034565,6.253830790682048,9.172307818474215,12.090784846266383,15.009261874058554,17.92773890185072,22.802692522038395,22.438875620917038,21.801829771338447,21.164783921759856,20.527738072181265,19.890692222602674,19.253646373024083,16.335169345231915,13.416692317439747,10.498215289647575,7.579738261855409
374,2.20733046474823,2.5042354815337093,3.0241181699939683,3.544000858454227,4.063883546914486,4.583766235374744,5.103648923835004,7.485370246439614,9.867091569044224,12.248812891648836,14.630534214253444,19.724931122724897,19.428026105939416,18.908143417479156,18.388260729018896,17.868378040558635,17.348495352098375,16.828612663638115,14.446891341033504,12.065170018428894,9.683448695824282,7.3017273732196735
375,1.677916042855984,1.903610246250039,2.298802319798513,2.693994393346985,3.0891864668954585,3.484378540443932,3.879570613992405,5.690050956937462,7.500531299882518,9.311011642827577,11.121491985772634,14.871256559632515,14.645562356238461,14.250370282689987,13.855178209141515,13.459986135593041,13.064794062044568,12.669601988496094,10.859121645551037,9.04864130260598,7.238160959660921,5.427680616715864
376,1.1172675321315855,1.2675496673528908,1.5306947005095728,1.7938397336662546,2.0569847668229366,2.3201297999796187,2.583274833136301,3.7888124482913326,4.9943500634463645,6.199887678601396,7.405425293756428,10.033161309414842,9.882879174193537,9.619734141036854,9.356589107880172,9.09344407472349,8.830299041566807,8.567154008410125,7.361616393255093,6.156078778100062,4.95054116294503,3.745003547789998
377,0.6682540838903488,0.7581400312657272,0.9155309318380566,1.0729218324103855,1.2303127329827148,1.3877036335550441,1.5450945341273732,2.2661442482220826,2.987193962316792,3.7082436764115014,4.429293390506211,6.0734388854665,5.983552938091121,5.826162037518792,5.668771136946463,5.5113802363741335,5.3539893358018045,5.196598435229475,4.475548721134766,3.7544990070400566,3.033449292945347,2.3123995788506377
378,0.4397550001969972,0.4989058467966161,0.6024793784527985,0.7060529101089809,0.8096264417651632,0.9131999734213457,1.016773505077528,1.4912714914090162,1.9657694777405041,2.4402674640719924,2.9147654504034803,3.6846018562989733,3.625451009699354,3.5218774780431716,3.418303946386989,3.314730414730807,3.2111568830746244,3.1075833514184423,2.633085365086954,2.158587378755466,1.6840893924239777,1.2095914060924897
379,0.286284866305672,0.32479265405806435,0.39222005033488544,0.4596474466117065,0.5270748428885276,0.5945022391653487,0.6619296354421698,0.9708325302776295,1.2797354251130895,1.5886383199485492,1.8975412147840094,2.22844041223525,2.1899326244828576,2.1225052282060366,2.0550778319292156,1.9876504356523945,1.9202230393755735,1.8527956430987524,1.5438927482632927,1.2349898534278327,0.926086958592373,0.6171840637569128
380,0.1600000684787465,0.18152145994052682,0.21920556165659857,0.25688966337267033,0.2945737650887421,0.33225786680481384,0.3699419685208856,0.5425828942000834,0.7152238198792811,0.887864745558479,1.0605056712376768,1.3303544742870113,1.308833082825231,1.2711489811091592,1.2334648793930874,1.1957807776770155,1.1580966759609437,1.1204125742448718,0.947771648565674,0.7751307228864763,0.6024897972072784,0.4298488715280806
381,0.0966650333943288,0.10966731548161278,0.1324343991801003,0.15520148287858784,0.17796856657707538,0.20073565027556292,0.2235027339740505,0.3278048196211218,0.432106905268193,0.5364089909152644,0.6407110765623357,0.8750441895076194,0.8620419074203355,0.8392748237218479,0.8165077400233604,0.7937406563248728,0.7709735726263852,0.7482064889278977,0.6439044032808263,0.5396023176337551,0.4353002319866837,0.3309981463396124
382,0.060485888935644626,0.06862176353916513,0.08286773488598757,0.09711370623281,0.11135967757963244,0.1256056489264549,0.13985162027327736,0.2051162164429092,0.27038081261254104,0.33564540878217297,0.40091000495180484,0.6530761972950729,0.6449403226915524,0.63069435134473,0.6164483799979075,0.602202408651085,0.5879564373042625,0.57371046595744,0.5084458697878081,0.4431812736181763,0.37791667744854435,0.3126520812789125
383,0.04326251605801909,0.04908169821561838,0.059271125452270715,0.06946055268892304,0.07964997992557539,0.08983940716222773,0.10002883439888008,0.1467093195416705,0.19338980468446088,0.24007028982725132,0.28675077497004176,0.499578441059629,0.4937592589020297,0.48356983166537737,0.47338040442872503,0.4631909771920727,0.45300154995542036,0.442812122718768,0.3961316375759776,0.3494511524331872,0.30277066729039676,0.2560901821476063
384,0.031367184720614005,0.03558634204876214,0.04297411500909338,0.050361887969424625,0.057749660929755864,0.0651374338900871,0.07252520685041834,0.10637056615310214,0.14021592545578596,0.17406128475846977,0.20790664406115364,0.38513873965896495,0.3809195823308168,0.3735318093704856,0.36614403641015436,0.35875626344982314,0.3513684904894919,0.3439807175291607,0.3101353582264769,0.27628999892379313,0.24244463962110932,0.20859928031842545
385,0.027541528392130105,0.031246101893993974,0.037732835101129916,0.04421956830826585,0.05070630151540179,0.057193034722537735,0.06367976792967367,0.09339722368731823,0.1231146794449628,0.15283213520260736,0.18254959096025195,0.2947264391013124,0.29102186559944854,0.2845351323923126,0.27804839918517665,0.2715616659780407,0.26507493277090477,0.25858819956376883,0.22887074380612427,0.1991532880484797,0.16943583229083514,0.13971837653319055
386,0.021214760756460276,0.024068329353953997,0.029064947229369295,0.03406156510478459,0.03905818298019989,0.04405480085561519,0.049051418731030486,0.07194225852804301,0.09483309832505553,0.11772393812206808,0.1406147779190806,0.2196416620198345,0.2167880934223408,0.21179147554692548,0.20679485767151018,0.20179823979609487,0.19680162192067957,0.19180500404526427,0.16891416424825173,0.14602332445123922,0.12313248465422667,0.10024164485721414
387,0.017379901386824617,0.01971764826949346,0.023811058840523276,0.02790446941155309,0.03199787998258291,0.03609129055361272,0.04018470112464254,0.058937707246218926,0.07769071336779533,0.09644371948937172,0.11519672561094813,0.1725522635160582,0.17021451663338938,0.16612110606235955,0.16202769549132973,0.1579342849202999,0.15384087434927007,0.14974746377824025,0.13099445765666387,0.11224145153508747,0.09348844541351108,0.07473543929193467
388,0.018861538995962508,0.02139857893702769,0.025840952998510806,0.030283327059993915,0.03472570112147703,0.03916807518296014,0.04361044924444325,0.0639621502340575,0.08431385122367176,0.10466555221328604,0.1250172532029003,0.16219714722554288,0.1596601072844777,0.15521773322299456,0.15077535916151147,0.14633298510002835,0.14189061103854522,0.1374482369770621,0.11709653598744785,0.0967448349978336,0.07639313400821932,0.05604143301860505
389,0.06031042844298219,0.06842270209442457,0.08262734801485494,0.09683199393528533,0.1110366398557157,0.1252412857761461,0.1394459316965765,0.20452120506052845,0.2695964784244804,0.33467175178843245,0.39974702515238447,0.4566317751531136,0.4485195015016712,0.43431485558124083,0.4201102096608105,0.4059055637403801,0.3917009178199497,0.3774962718995193,0.3124209985355673,0.24734572517161535,0.18227045180766333,0.1171951784437113
390,0.30895518501738617,0.35051232648691727,0.4232791617051753,0.4960459969234333,0.5688128321416914,0.6415796673599494,0.7143465025782075,1.0477107919933368,1.3810750814084662,1.7144393708235957,2.0478036602387255,2.1024107163262697,2.0608535748567385,1.9880867396384805,1.9153199044202225,1.8425530692019643,1.7697862339837063,1.6970193987654483,1.363655109350319,1.0302908199351897,0.6969265305200603,0.3635622411049304
391,1.1612949269476076,1.3174991271273024,1.5910137359992662,1.8645283448712298,2.1380429537431938,2.4115575626151577,2.685072171487121,3.9381155800368046,5.191158988586489,6.444202397136173,7.697245805685856,8.797592590406415,8.64138839022672,8.367873781354756,8.094359172482793,7.820844563610829,7.547329954738865,7.273815345866902,6.020771937317218,4.767728528767535,3.514685120217851,2.261641711668167
392,2.8365400828547638,3.218079229059924,3.8861568494030205,4.554234469746118,5.222312090089215,5.890389710432311,6.558467330775408,9.61910918103339,12.679751031291374,15.74039288154936,18.801034731807345,21.40384848736475,21.02230934115959,20.354231720816493,19.686154100473395,19.018076480130297,18.3499988597872,17.6819212394441,14.621279389186117,11.560637538928134,8.499995688670149,5.439353838412163
393,4.187241305649756,4.750461435119857,5.736663683482037,6.722865931844216,7.709068180206397,8.695270428568575,9.681472676930756,14.199528337297998,18.717583997665233,23.23563965803248,27.75369531839972,32.29130966000392,31.72808953053382,30.74188728217164,29.75568503380946,28.76948278544728,27.7832805370851,26.797078288722922,22.27902262835568,17.760966967988445,13.242911307621199,8.724855647253957
394,4.1224380187469025,4.6769415462886,5.647880965838258,6.618820385387915,7.5897598049375725,8.56069922448723,9.53163864403689,13.979771212843394,18.427903781649896,22.876036350456406,27.324168919262913,32.91035711924829,32.35585359170659,31.384914172156932,30.413974752607274,29.443035333057615,28.472095913507957,27.501156493958298,23.053023925151795,18.60489135634529,14.15675878753878,9.708626218732274
395,3.351595880008395,3.8024144805325077,4.591800893015079,5.381187305497649,6.170573717980221,6.959960130462791,7.7493465429453625,11.365736340329079,14.982126137712793,18.59851593509651,22.21490573248023,27.356769827551037,26.905951227026925,26.116564814544354,25.327178402061783,24.537791989579212,23.74840557709664,22.95901916461407,19.34262936723035,15.726239569846637,12.109849772462919,8.493459975079201
396,2.9910124143164416,3.3933294236000933,4.097789222441407,4.80224902128272,5.506708820124034,6.211168618965348,6.915628417806662,10.142946736074473,13.370265054342282,16.597583372610092,19.82490169087791,24.2284335048095,23.82611649552585,23.121656696684536,22.417196897843223,21.71273709900191,21.008277300160596,20.303817501319283,17.076499183051475,13.849180864783666,10.621862546515855,7.394544228248039
397,2.7047846416677372,3.0686015427890947,3.7056473923676854,4.342693241946275,4.979739091524866,5.6167849411034565,6.253830790682048,9.172307818474215,12.090784846266383,15.009261874058554,17.92773890185072,22.802692522038395,22.438875620917038,21.801829771338447,21.164783921759856,20.527738072181265,19.890692222602674,19.253646373024083,16.335169345231915,13.416692317439747,10.498215289647575,7.579738261855409
398,2.20733046474823,2.5042354815337093,3.0241181699939683,3.544000858454227,4.063883546914486,4.583766235374744,5.103648923835004,7.485370246439614,9.867091569044224,12.248812891648836,14.630534214253444,19.724931122724897,19.428026105939416,18.908143417479156,18.388260729018896,17.868378040558635,17.348495352098375,16.828612663638115,14.446891341033504,12.065170018428894,9.683448695824282,7.3017273732196735
399,1.677916042855984,1.903610246250039,2.298802319798513,2.693994393346985,3.0891864668954585,3.484378540443932,3.879570613992405,5.690050956937462,7.500531299882518,9.311011642827577,11.121491985772634,14.871256559632515,14.645562356238461,14.250370282689987,13.855178209141515,13.459986135593041,13.064794062044568,12.669601988496094,10.859121645551037,9.04864130260598,7.238160959660921,5.427680616715864
400,1.1172675321315855,1.2675496673528908,1.5306947005095728,1.7938397336662546,2.0569847668229366,2.3201297999796187,2.583274833136301,3.7888124482913326,4.9943500634463645,6.199887678601396,7.405425293756428,10.033161309414842,9.882879174193537,9.619734141036854,9.356589107880172,9.09344407472349,8.830299041566807,8.567154008410125,7.361616393255093,6.156078778100062,4.95054116294503,3.745003547789998
401,0.6682540838903488,0.7581400312657272,0.9155309318380566,1.0729218324103855,1.2303127329827148,1.3877036335550441,1.5450945341273732,2.2661442482220826,2.987193962316792,3.7082436764115014,4.429293390506211,6.0734388854665,5.983552938091121,5.826162037518792,5.668771136946463,5.5113802363741335,5.3539893358018045,5.196598435229475,4.475548721134766,3.7544990070400566,3.033449292945347,2.3123995788506377
402,0.4397550001969972,0.4989058467966161,0.6024793784527985,0.7060529101089809,0.8096264417651632,0.9131999734213457,1.016773505077528,1.4912714914090162,1.9657694777405041,2.4402674640719924,2.9147654504034803,3.6846018562989733,3.625451009699354,3.5218774780431716,3.418303946386989,3.314730414730807,3.2111568830746244,3.1075833514184423,2.633085365086954,2.158587378755466,1.6840893924239777,1.2095914060924897
403,0.286284866305672,0.32479265405806435,0.39222005033488544,0.4596474466117065,0.5270748428885276,0.5945022391653487,0.6619296354421698,0.9708325302776295,1.2797354251130895,1.5886383199485492,1.8975412147840094,2.22844041223525,2.1899326244828576,2.1225052282060366,2.0550778319292156,1.9876504356523945,1.9202230393755735,1.8527956430987524,1.5438927482632927,1.2349898534278327,0.926086958592373,0.6171840637569128
404,0.1600000684787465,0.18152145994052682,0.21920556165659857,0.25688966337267033,0.2945737650887421,0.33225786680481384,0.3699419685208856,0.5425828942000834,0.7152238198792811,0.887864745558479,1.0605056712376768,1.3303544742870113,1.308833082825231,1.2711489811091592,1.2334648793930874,1.1957807776770155,1.1580966759609437,1.1204125742448718,0.947771648565674,0.7751307228864763,0.6024897972072784,0.4298488715280806
405,0.0966650333943288,0.10966731548161278,0.1324343991801003,0.15520148287858784,0.17796856657707538,0.20073565027556292,0.2235027339740505,0.3278048196211218,0.432106905268193,0.5364089909152644,0.6407110765623357,0.8750441895076194,0.8620419074203355,0.8392748237218479,0.8165077400233604,0.7937406563248728,0.7709735726263852,0.7482064889278977,0.6439044032808263,0.5396023176337551,0.4353002319866837,0.3309981463396124
406,0.060485888935644626,0.06862176353916513,0.08286773488598757,0.09711370623281,0.11135967757963244,0.1256056489264549,0.13985162027327736,0.2051162164429092,0.27038081261254104,0.33564540878217297,0.40091000495180484,0.6530761972950729,0.6449403226915524,0.63069435134473,0.6164483799979075,0.602202408651085,0.5879564373042625,0.57371046595744,0.5084458697878081,0.4431812736181763,0.37791667744854435,0.3126520812789125
407,0.04326251605801909,0.04908169821561838,0.059271125452270715,0.06946055268892304,0.07964997992557539,0.08983940716222773,0.10002883439888008,0.1467093195416705,0.19338980468446088,0.24007028982725132,0.28675077497004176,0.499578441059629,0.4937592589020297,0.48356983166537737,0.47338040442872503,0.4631909771920727,0.45300154995542036,0.442812122718768,0.3961316375759776,0.3494511524331872,0.30277066729039676,0.2560901821476063
408,0.031367184720614005,0.03558634204876214,0.04297411500909338,0.050361887969424625,0.057749660929755864,0.0651374338900871,0.07252520685041834,0.10637056615310214,0.14021592545578596,0.17406128475846977,0.20790664406115364,0.38513873965896495,0.3809195823308168,0.3735318093704856,0.36614403641015436,0.35875626344982314,0.3513684904894919,0.3439807175291607,0.3101353582264769,0.27628999892379313,0.24244463962110932,0.20859928031842545
409,0.027541528392130105,0.031246101893993974,0.037732835101129916,0.04421956830826585,0.05070630151540179,0.057193034722537735,0.06367976792967367,0.09339722368731823,0.1231146794449628,0.15283213520260736,0.18254959096025195,0.2947264391013124,0.29102186559944854,0.2845351323923126,0.27804839918517665,0.2715616659780407,0.26507493277090477,0.25858819956376883,0.22887074380612427,0.1991532880484797,0.16943583229083514,0.13971837653319055
410,0.021214760756460276,0.024068329353953997,0.029064947229369295,0.03406156510478459,0.03905818298019989,0.04405480085561519,0.049051418731030486,0.07194225852804301,0.09483309832505553,0.11772393812206808,0.1406147779190806,0.2196416620198345,0.2167880934223408,0.21179147554692548,0.20679485767151018,0.20179823979609487,0.19680162192067957,0.19180500404526427,0.16891416424825173,0.14602332445123922,0.12313248465422667,0.10024164485721414
411,0.017379901386824617,0.01971764826949346,0.023811058840523276,0.02790446941155309,0.03199787998258291,0.03609129055361272,0.04018470112464254,0.058937707246218926,0.07769071336779533,0.09644371948937172,0.11519672561094813,0.1725522635160582,0.17021451663338938,0.16612110606235955,0.16202769549132973,0.1579342849202999,0.15384087434927007,0.14974746377824025,0.13099445765666387,0.11224145153508747,0.09348844541351108,0.07473543929193467
412,0.018861538995962508,0.02139857893702769,0.025840952998510806,0.030283327059993915,0.03472570112147703,0.03916807518296014,0.04361044924444325,0.0639621502340575,0.08431385122367176,0.10466555221328604,0.1250172532029003,0.16219714722554288,0.1596601072844777,0.15521773322299456,0.15077535916151147,0.14633298510002835,0.14189061103854522,0.1374482369770621,0.11709653598744785,0.0967448349978336,0.07639313400821932,0.05604143301860505
413,0.06031042844298219,0.06842270209442457,0.08262734801485494,0.09683199393528533,0.1110366398557157,0.1252412857761461,0.1394459316965765,0.20452120506052845,0.2695964784244804,0.33467175178843245,0.39974702515238447,0.4566317751531136,0.4485195015016712,0.43431485558124083,0.4201102096608105,0.4059055637403801,0.3917009178199497,0.3774962718995193,0.3124209985355673,0.24734572517161535,0.18227045180766333,0.1171951784437113
414,0.30895518501738617,0.35051232648691727,0.4232791617051753,0.4960459969234333,0.5688128321416914,0.6415796673599494,0.7143465025782075,1.0477107919933368,1.3810750814084662,1.7144393708235957,2.0478036602387255,2.1024107163262697,2.0608535748567385,1.9880867396384805,1.9153199044202225,1.8425530692019643,1.7697862339837063,1.6970193987654483,1.363655109350319,1.0302908199351897,0.6969265305200603,0.3635622411049304
415,1.1612949269476076,1.3174991271273024,1.5910137359992662,1.8645283448712298,2.1380429537431938,2.4115575626151577,2.685072171487121,3.9381155800368046,5.191158988586489,6.444202397136173,7.697245805685856,8.797592590406415,8.64138839022672,8.367873781354756,8.094359172482793,7.820844563610829,7.547329954738865,7.273815345866902,6.020771937317218,4.767728528767535,3.514685120217851,2.261641711668167
416,2.8365400828547638,3.218079229059924,3.8861568494030205,4.554234469746118,5.222312090089215,5.890389710432311,6.558467330775408,9.61910918103339,12.679751031291374,15.74039288154936,18.801034731807345,21.40384848736475,21.02230934115959,20.354231720816493,19.686154100473395,19.018076480130297,18.3499988597872,17.6819212394441,14.621279389186117,11.560637538928134,8.499995688670149,5.439353838412163
417,4.187241305649756,4.750461435119857,5.736663683482037,6.722865931844216,7.709068180206397,8.695270428568575,9.681472676930756,14.199528337297998,18.717583997665233,23.23563965803248,27.75369531839972,32.29130966000392,31.72808953053382,30.74188728217164,29.75568503380946,28.76948278544728,27.7832805370851,26.797078288722922,22.27902262835568,17.760966967988445,13.242911307621199,8.724855647253957
418,4.1224380187469025,4.6769415462886,5.647880965838258,6.618820385387915,7.5897598049375725,8.56069922448723,9.53163864403689,13.979771212843394,18.427903781649896,22.876036350456406,27.324168919262913,32.91035711924829,32.35585359170659,31.384914172156932,30.413974752607274,29.443035333057615,28.472095913507957,27.501156493958298,23.053023925151795,18.60489135634529,14.15675878753878,9.708626218732274
419,3.351595880008395,3.8024144805325077,4.591800893015079,5.381187305497649,6.170573717980221,6.959960130462791,7.7493465429453625,11.365736340329079,14.982126137712793,18.59851593509651,22.21490573248023,27.356769827551037,26.905951227026925,26.116564814544354,25.327178402061783,24.537791989579212,23.74840557709664,22.95901916461407,19.34262936723035,15.726239569846637,12.109849772462919,8.493459975079201
420,2.9910124143164416,3.3933294236000933,4.097789222441407,4.80224902128272,5.506708820124034,6.211168618965348,6.915628417806662,10.142946736074473,13.370265054342282,16.597583372610092,19.82490169087791,24.2284335048095,23.82611649552585,23.121656696684536,22.417196897843223,21.71273709900191,21.008277300160596,20.303817501319283,17.076499183051475,13.849180864783666,10.621862546515855,7.394544228248039
421,2.7047846416677372,3.0686015427890947,3.7056473923676854,4.342693241946275,4.979739091524866,5.6167849411034565,6.253830790682048,9.172307818474215,12.090784846266383,15.009261874058554,17.92773890185072,22.802692522038395,22.438875620917038,21.801829771338447,21.164783921759856,20.527738072181265,19.890692222602674,19.253646373024083,16.335169345231915,13.416692317439747,10.498215289647575,7.579738261855409
422,2.20733046474823,2.5042354815337093,3.0241181699939683,3.544000858454227,4.063883546914486,4.583766235374744,5.103648923835004,7.485370246439614,9.867091569044224,12.248812891648836,14.630534214253444,19.724931122724897,19.428026105939416,18.908143417479156,18.388260729018896,17.868378040558635,17.348495352098375,16.828612663638115,14.446891341033504,12.065170018428894,9.683448695824282,7.3017273732196735
423,1.677916042855984,1.903610246250039,2.298802319798513,2.693994393346985,3.0891864668954585,3.484378540443932,3.879570613992405,5.690050956937462,7.500531299882518,9.311011642827577,11.121491985772634,14.871256559632515,14.645562356238461,14.250370282689987,13.855178209141515,13.459986135593041,13.064794062044568,12.669601988496094,10.859121645551037,9.04864130260598,7.238160959660921,5.427680616715864
424,1.1172675321315855,1.2675496673528908,1.5306947005095728,1.7938397336662546,2.0569847668229366,2.3201297999796187,2.583274833136301,3.7888124482913326,4.9943500634463645,6.199887678601396,7.405425293756428,10.033161309414842,9.882879174193537,9.619734141036854,9.356589107880172,9.09344407472349,8.830299041566807,8.567154008410125,7.361616393255093,6.156078778100062,4.95054116294503,3.745003547789998
425,0.6682540838903488,0.7581400312657272,0.9155309318380566,1.0729218324103855,1.2303127329827148,1.3877036335550441,1.5450945341273732,2.2661442482220826,2.987193962316792,3.7082436764115014,4.429293390506211,6.0734388854665,5.983552938091121,5.826162037518792,5.668771136946463,5.5113802363741335,5.3539893358018045,5.196598435229475,4.475548721134766,3.7544990070400566,3.033449292945347,2.3123995788506377
426,0.4397550001969972,0.4989058467966161,0.6024793784527985,0.7060529101089809,0.8096264417651632,0.9131999734213457,1.016773505077528,1.4912714914090162,1.9657694777405041,2.4402674640719924,2.9147654504034803,3.6846018562989733,3.625451009699354,3.5218774780431716,3.418303946386989,3.314730414730807,3.2111568830746244,3.1075833514184423,2.633085365086954,2.158587378755466,1.6840893924239777,1.2095914060924897
427,0.286284866305672,0.32479265405806435,0.39222005033488544,0.4596474466117065,0.5270748428885276,0.5945022391653487,0.6619296354421698,0.9708325302776295,1.2797354251130895,1.5886383199485492,1.8975412147840094,2.22844041223525,2.1899326244828576,2.1225052282060366,2.0550778319292156,1.9876504356523945,1.9202230393755735,1.8527956430987524,1.5438927482632927,1.2349898534278327,0.926086958592373,0.6171840637569128
428,0.1600000684787465,0.18152145994052682,0.21920556165659857,0.25688966337267033,0.2945737650887421,0.33225786680481384,0.3699419685208856,0.5425828942000834,0.7152238198792811,0.887864745558479,1.0605056712376768,1.3303544742870113,1.308833082825231,1.2711489811091592,1.2334648793930874,1.1957807776770155,1.1580966759609437,1.1204125742448718,0.947771648565674,0.7751307228864763,0.6024897972072784,0.4298488715280806
429,0.0966650333943288,0.10966731548161278,0.1324343991801003,0.15520148287858784,0.17796856657707538,0.20073565027556292,0.2235027339740505,0.3278048196211218,0.432106905268193,0.5364089909152644,0.6407110765623357,0.8750441895076194,0.8620419074203355,0.8392748237218479,0.8165077400233604,0.7937406563248728,0.7709735726263852,0.7482064889278977,0.6439044032808263,0.5396023176337551,0.4353002319866837,0.3309981463396124
430,0.060485888935644626,0.06862176353916513,0.08286773488598757,0.09711370623281,0.11135967757963244,0.1256056489264549,0.13985162027327736,0.2051162164429092,0.27038081261254104,0.33564540878217297,0.40091000495180484,0.6530761972950729,0.6449403226915524,0.63069435134473,0.6164483799979075,0.602202408651085,0.5879564373042625,0.57371046595744,0.5084458697878081,0.4431812736181763,0.37791667744854435,0.3126520812789125
431,0.04326251605801909,0.04908169821561838,0.059271125452270715,0.06946055268892304,0.07964997992557539,0.08983940716222773,0.10002883439888008,0.1467093195416705,0.19338980468446088,0.24007028982725132,0.28675077497004176,0.499578441059629,0.4937592589020297,0.48356983166537737,0.47338040442872503,0.4631909771920727,0.45300154995542036,0.442812122718768,0.3961316375759776,0.3494511524331872,0.30277066729039676,0.2560901821476063
432,0.031367184720614005,0.03558634204876214,0.04297411500909338,0.050361887969424625,0.057749660929755864,0.0651374338900871,0.07252520685041834,0.10637056615310214,0.14021592545578596,0.17406128475846977,0.20790664406115364,0.38513873965896495,0.3809195823308168,0.3735318093704856,0.36614403641015436,0.35875626344982314,0.3513684904894919,0.3439807175291607,0.3101353582264769,0.27628999892379313,0.24244463962110932,0.20859928031842545
433,0.027541528392130105,0.031246101893993974,0.037732835101129916,0.04421956830826585,0.05070630151540179,0.057193034722537735,0.06367976792967367,0.09339722368731823,0.1231146794449628,0.15283213520260736,0.18254959096025195,0.2947264391013124,0.29102186559944854,0.2845351323923126,0.27804839918517665,0.2715616659780407,0.26507493277090477,0.25858819956376883,0.22887074380612427,0.1991532880484797,0.16943583229083514,0.13971837653319055
434,0.021214760756460276,0.024068329353953997,0.029064947229369295,0.03406156510478459,0.03905818298019989,0.04405480085561519,0.049051418731030486,0.07194225852804301,0.09483309832505553,0.11772393812206808,0.1406147779190806,0.2196416620198345,0.2167880934223408,0.21179147554692548,0.20679485767151018,0.20179823979609487,0.19680162192067957,0.19180500404526427,0.16891416424825173,0.14602332445123922,0.12313248465422667,0.10024164485721414
435,0.017379901386824617,0.01971764826949346,0.023811058840523276,0.02790446941155309,0.03199787998258291,0.03609129055361272,0.04018470112464254,0.058937707246218926,0.07769071336779533,0.09644371948937172,0.11519672561094813,0.1725522635160582,0.17021451663338938,0.16612110606235955,0.16202769549132973,0.1579342849202999,0.15384087434927007,0.14974746377824025,0.13099445765666387,0.11224145153508747,0.09348844541351108,0.07473543929193467
436,0.018861538995962508,0.02139857893702769,0.025840952998510806,0.030283327059993915,0.03472570112147703,0.03916807518296014,0.04361044924444325,0.0639621502340575,0.08431385122367176,0.10466555221328604,0.1250172532029003,0.16219714722554288,0.1596601072844777,0.15521773322299456,0.15077535916151147,0.14633298510002835,0.14189061103854522,0.1374482369770621,0.11709653598744785,0.0967448349978336,0.07639313400821932,0.05604143301860505
437,0.06031042844298219,0.06842270209442457,0.08262734801485494,0.09683199393528533,0.1110366398557157,0.1252412857761461,0.1394459316965765,0.20452120506052845,0.2695964784244804,0.33467175178843245,0.39974702515238447,0.4566317751531136,0.4485195015016712,0.43431485558124083,0.4201102096608105,0.4059055637403801,0.3917009178199497,0.3774962718995193,0.3124209985355673,0.24734572517161535,0.18227045180766333,0.1171951784437113
438,0.30895518501738617,0.35051232648691727,0.4232791617051753,0.4960459969234333,0.5688128321416914,0.6415796673599494,0.7143465025782075,1.0477107919933368,1.3810750814084662,1.7144393708235957,2.0478036602387255,2.1024107163262697,2.0608535748567385,1.9880867396384805,1.9153199044202225,1.8425530692019643,1.7697862339837063,1.6970193987654483,1.363655109350319,1.0302908199351897,0.6969265305200603,0.3635622411049304
439,1.1612949269476076,1.3174991271273024,1.5910137359992662,1.8645283448712298,2.1380429537431938,2.4115575626151577,2.685072171487121,3.9381155800368046,5.191158988586489,6.444202397136173,7.697245805685856,8.797592590406415,8.64138839022672,8.367873781354756,8.094359172482793,7.820844563610829,7.547329954738865,7.273815345866902,6.020771937317218,4.767728528767535,3.514685120217851,2.261641711668167
440,2.8365400828547638,3.218079229059924,3.8861568494030205,4.554234469746118,5.222312090089215,5.890389710432311,6.558467330775408,9.61910918103339,12.679751031291374,15.74039288154936,18.801034731807345,21.40384848736475,21.02230934115959,20.354231720816493,19.686154100473395,19.018076480130297,18.3499988597872,17.6819212394441,14.621279389186117,11.560637538928134,8.499995688670149,5.439353838412163
441,4.187241305649756,4.750461435119857,5.736663683482037,6.722865931844216,7.709068180206397,8.695270428568575,9.681472676930756,14.199528337297998,18.717583997665233,23.23563965803248,27.75369531839972,32.29130966000392,31.72808953053382,30.74188728217164,29.75568503380946,28.76948278544728,27.7832805370851,26.797078288722922,22.27902262835568,17.760966967988445,13.242911307621199,8.724855647253957
442,4.1224380187469025,4.6769415462886,5.647880965838258,6.618820385387915,7.5897598049375725,8.56069922448723,9.53163864403689,13.979771212843394,18.427903781649896,22.876036350456406,27.324168919262913,32.91035711924829,32.35585359170659,31.384914172156932,30.413974752607274,29.443035333057615,28.472095913507957,27.501156493958298,23.053023925151795,18.60489135634529,14.15675878753878,9.708626218732274
443,3.351595880008395,3.8024144805325077,4.591800893015079,5.381187305497649,6.170573717980221,6.959960130462791,7.7493465429453625,11.365736340329079,14.982126137712793,18.59851593509651,22.21490573248023,27.356769827551037,26.905951227026925,26.116564814544354,25.327178402061783,24.537791989579212,23.74840557709664,22.95901916461407,19.34262936723035,15.726239569846637,12.109849772462919,8.493459975079201
444,2.9910124143164416,3.3933294236000933,4.097789222441407,4.80224902128272,5.506708820124034,6.211168618965348,6.915628417806662,10.142946736074473,13.370265054342282,16.597583372610092,19.82490169087791,24.2284335048095,23.82611649552585,23.121656696684536,22.417196897843223,21.71273709900191,21.008277300160596,20.303817501319283,17.076499183051475,13.849180864783666,10.621862546515855,7.394544228248039
445,2.7047846416677372,3.0686015427890947,3.7056473923676854,4.342693241946275,4.979739091524866,5.6167849411034565,6.253830790682048,9.172307818474215,12.090784846266383,15.009261874058554,17.92773890185072,22.802692522038395,22.438875620917038,21.801829771338447,21.164783921759856,20.527738072181265,19.890692222602674,19.253646373024083,16.335169345231915,13.416692317439747,10.498215289647575,7.579738261855409
446,2.20733046474823,2.5042354815337093,3.0241181699939683,3.544000858454227,4.063883546914486,4.583766235374744,5.103648923835004,7.485370246439614,9.867091569044224,12.248812891648836,14.630534214253444,19.724931122724897,19.428026105939416,18.908143417479156,18.388260729018896,17.868378040558635,17.348495352098375,16.828612663638115,14.446891341033504,12.065170018428894,9.683448695824282,7.3017273732196735
447,1.677916042855984,1.903610246250039,2.298802319798513,2.693994393346985,3.0891864668954585,3.484378540443932,3.879570613992405,5.690050956937462,7.500531299882518,9.311011642827577,11.121491985772634,14.871256559632515,14.645562356238461,14.250370282689987,13.855178209141515,13.459986135593041,13.064794062044568,12.669601988496094,10.859121645551037,9.04864130260598,7.238160959660921,5.427680616715864
448,1.1172675321315855,1.2675496673528908,1.5306947005095728,1.7938397336662546,2.0569847668229366,2.3201297999796187,2.583274833136301,3.7888124482913326,4.9943500634463645,6.199887678601396,7.405425293756428,10.033161309414842,9.882879174193537,9.619734141036854,9.356589107880172,9.09344407472349,8.830299041566807,8.567154008410125,7.361616393255093,6.156078778100062,4.95054116294503,3.745003547789998
449,0.6682540838903488,0.7581400312657272,0.9155309318380566,1.0729218324103855,1.2303127329827148,1.3877036335550441,1.5450945341273732,2.2661442482220826,2.987193962316792,3.7082436764115014,4.429293390506211,6.0734388854665,5.983552938091121,5.826162037518792,5.668771136946463,5.5113802363741335,5.3539893358018045,5.196598435229475,4.475548721134766,3.7544990070400566,3.033449292945347,2.3123995788506377
450,0.4397550001969972,0.4989058467966161,0.6024793784527985,0.7060529101089809,0.8096264417651632,0.9131999734213457,1.016773505077528,1.4912714914090162,1.9657694777405041,2.4402674640719924,2.9147654504034803,3.6846018562989733,3.625451009699354,3.5218774780431716,3.418303946386989,3.314730414730807,3.2111568830746244,3.1075833514184423,2.633085365086954,2.158587378755466,1.6840893924239777,1.2095914060924897
451,0.286284866305672,0.32479265405806435,0.39222005033488544,0.4596474466117065,0.5270748428885276,0.5945022391653487,0.6619296354421698,0.9708325302776295,1.2797354251130895,1.5886383199485492,1.8975412147840094,2.22844041223525,2.1899326244828576,2.1225052282060366,2.0550778319292156,1.9876504356523945,1.9202230393755735,1.8527956430987524,1.5438927482632927,1.2349898534278327,0.926086958592373,0.6171840637569128
452,0.1600000684787465,0.18152145994052682,0.21920556165659857,0.25688966337267033,0.2945737650887421,0.33225786680481384,0.3699419685208856,0.5425828942000834,0.7152238198792811,0.887864745558479,1.0605056712376768,1.3303544742870113,1.308833082825231,1.2711489811091592,1.2334648793930874,1.1957807776770155,1.1580966759609437,1.1204125742448718,0.947771648565674,0.7751307228864763,0.6024897972072784,0.4298488715280806
453,0.0966650333943288,0.10966731548161278,0.1324343991801003,0.15520148287858784,0.17796856657707538,0.20073565027556292,0.2235027339740505,0.3278048196211218,0.432106905268193,0.5364089909152644,0.6407110765623357,0.8750441895076194,0.8620419074203355,0.8392748237218479,0.8165077400233604,0.7937406563248728,0.7709735726263852,0.7482064889278977,0.6439044032808263,0.5396023176337551,0.4353002319866837,0.3309981463396124
454,0.060485888935644626,0.06862176353916513,0.08286773488598757,0.09711370623281,0.11135967757963244,0.1256056489264549,0.13985162027327736,0.2051162164429092,0.27038081261254104,0.33564540878217297,0.40091000495180484,0.6530761972950729,0.6449403226915524,0.63069435134473,0.6164483799979075,0.602202408651085,0.5879564373042625,0.57371046595744,0.5084458697878081,0.4431812736181763,0.37791667744854435,0.3126520812789125
455,0.04326251605801909,0.04908169821561838,0.059271125452270715,0.06946055268892304,0.07964997992557539,0.08983940716222773,0.10002883439888008,0.1467093195416705,0.19338980468446088,0.24007028982725132,0.28675077497004176,0.499578441059629,0.4937592589020297,0.48356983166537737,0.47338040442872503,0.4631909771920727,0.45300154995542036,0.442812122718768,0.3961316375759776,0.3494511524331872,0.30277066729039676,0.2560901821476063
456,0.06656898268586907,0.07552308595105217,0.09120178120737912,0.10688047646370606,0.12255917172003303,0.13823786697635998,0.1539165622326869,0.2257448489433112,0.29757313565393556,0.36940142236455986,0.44122970907518416,0.4271966781704077,0.4182425749052246,0.4025638796488976,0.3868851843925707,0.3712064891362437,0.35552779387991673,0.3398490986235898,0.2680208119129655,0.19619252520234115,0.12436423849171685,0.05253595178109255
457,0.056639086305014866,0.06425753272192815,0.07759748382143074,0.09093743492093335,0.10427738602043597,0.11761733711993858,0.1309572882194412,0.19207116387144205,0.25318503952344296,0.31429891517544384,0.3754127908274448,0.3168441383691494,0.3092256919522361,0.2958857408527335,0.28254578975323086,0.26920583865372827,0.2558658875542257,0.24252593645472306,0.1814120608027222,0.1202981851507213,0.05918430949872042,-0.0019295661532805208
458,0.03392680220936796,0.038490250202461725,0.046480878441028384,0.05447150667959503,0.06246213491816169,0.07045276315672834,0.07844339139529499,0.1150505915949522,0.15165779179460942,0.18826499199426663,0.22487219219392388,0.22601923126692836,0.22145578327383458,0.21346515503526792,0.20547452679670128,0.1974838985581346,0.18949327031956797,0.1815026420810013,0.1448954418813441,0.10828824168168688,0.07168104148202967,0.035073841282372425
459,0.0236676925723058,0.026851201690074235,0.03242554764354464,0.03799989359701504,0.043574239550485436,0.049148585503955844,0.05472293145742625,0.08026049774238261,0.10579806402733898,0.13133563031229536,0.15687319659725174,0.20284547879051973,0.1996619696727513,0.1940876237192809,0.1885132777658105,0.1829389318123401,0.17736458585886972,0.17179023990539932,0.14625267362044297,0.12071510733548661,0.09517754105053022,0.06963997476557385
460,0.02469635730095266,0.028018230711428102,0.03383485347536883,0.03965147623930954,0.04546809900325027,0.051284721767191,0.05710134453113172,0.08374884553458932,0.11039634653804692,0.1370438475415045,0.16369134854496212,0.2086410790622131,0.20531920565173767,0.19950258288779693,0.19368596012385622,0.18786933735991548,0.18205271459597477,0.17623609183203404,0.14958859082857645,0.12294108982511885,0.09629358882166127,0.06964608781820365
461,0.018530992112733714,0.02102357064238779,0.025388092472381524,0.02975261430237525,0.03411713613236898,0.03848165796236271,0.04284617979235644,0.06284121893523797,0.08283625807811949,0.10283129722100104,0.12282633636388257,0.23076451461001737,0.2282719360803633,0.22390741425036959,0.21954289242037586,0.21517837059038214,0.21081384876038842,0.2064493269303947,0.18645428778751316,0.16645924864463163,0.1464642095017501,0.12646917035886857
462,0.022723898938375474,0.025780459658883387,0.031132518111866028,0.036484576564848666,0.0418366350178313,0.04718869347081395,0.05254075192379659,0.0770599598532782,0.10157916778275981,0.12609837571224142,0.15061758364172306,0.3411068640072945,0.3380503032867866,0.33269824483380395,0.3273461863808213,0.32199412792783866,0.316642069474856,0.31129001102187337,0.2867708030923918,0.2622515951629102,0.2377323872334286,0.21321317930394695
463,0.05954035988303085,0.0675490526604855,0.08157232777140645,0.0955956028823274,0.10961887799324835,0.12364215310416929,0.13766542821509023,0.20190979350324906,0.2661541587914079,0.33039852407956677,0.3946428893677256,0.5323949645104806,0.524386271733026,0.510362996622105,0.4963397215111841,0.48231644640026317,0.4682931712893422,0.4542698961784213,0.3900255308902625,0.32578116560210363,0.2615368003139448,0.19729243502578592
464,0.09422208070711786,0.10689576455313886,0.129087470513181,0.15127917647322317,0.17347088243326533,0.1956625883933075,0.21785429435334966,0.31952042104539957,0.42118654773744957,0.5228526744294996,0.6245188011215496,0.7630054397344619,0.7503317558884409,0.7281400499283988,0.7059483439683566,0.6837566380083144,0.6615649320482723,0.6393732260882301,0.5377070993961802,0.4360409727041302,0.33437484601208023,0.23270871932003023
465,0.11060462621291975,0.12548190395938727,0.1515321177130734,0.17758233146675953,0.2036325452204457,0.22968275897413182,0.255732972727818,0.37507595323620807,0.49441893374459817,0.6137619142529884,0.7331048947613785,1.04243040931092,1.0275531315644524,1.0015029178107662,0.9754527040570801,0.949402490303394,0.9233522765497079,0.8973020627960218,0.7779590822876317,0.6586161017792416,0.5392731212708513,0.41993014076246116
466,0.14593538259187422,0.16556495229609972,0.19993646134515083,0.23430797039420195,0.2686794794432531,0.3030509884923042,0.3374224975413554,0.4948875522726021,0.6523526070038489,0.8098176617350957,0.9672827164663426,1.3368623237393928,1.3172327540351674,1.2828612449861163,1.2484897359370652,1.2141182268880142,1.1797467178389631,1.145375208789912,0.9879101540586653,0.8304450993274186,0.6729800445961718,0.5155149898649249
467,0.17412844867806587,0.1975502293326846,0.2385619253527876,0.2795736213728906,0.3205853173929936,0.3615970134130966,0.40260870943319965,0.5904942325625675,0.7783797556919354,0.9662652788213034,1.1541508019506714,1.6963697765134498,1.6729479958588311,1.6319362998387281,1.590924603818625,1.549912907798522,1.508901211778419,1.467889515758316,1.2800039926289482,1.0921184694995802,0.9042329463702122,0.7163474232408442
468,0.20258246617249245,0.22983155799628885,0.277544901707457,0.32525824541862514,0.3729715891297932,0.4206849328409614,0.46839827655212957,0.6869858360383282,0.9055733955245269,1.1241609550107257,1.3427485144969247,1.9211150761464808,1.8938659843226844,1.8461526406115163,1.7984392969003482,1.7507259531891801,1.7030126094780118,1.6552992657668437,1.4367117062806452,1.2181241467944464,0.9995365873082476,0.7809490278220486
469,0.22682064156334378,0.25732997737244256,0.31075203030808307,0.3641740832437235,0.4175961361793641,0.4710181891150046,0.5244402420506451,0.769180921820084,1.013921601589523,1.2586622813589619,1.5034029611284008,2.0428941262432594,2.0123847904341607,1.9589627374985201,1.9055406845628797,1.852118631627239,1.7986965786915987,1.745274525755958,1.5005338459865192,1.2557931662170803,1.0110524864476413,0.7663118066782024
470,0.28713168866453304,0.3257533813399477,0.3933802259058238,0.46100707047169975,0.5286339150375757,0.5962607596034519,0.6638876041693279,0.9737042248382178,1.2835208455071077,1.5933374661759976,1.9031540868448875,2.133676930271694,2.095055237596279,2.027428393030403,1.9598015484645268,1.8921747038986507,1.8245478593327746,1.7569210147668985,1.4471043940980086,1.1372877734291187,0.8274711527602288,0.5176545320913388
471,0.3067951188581142,0.3480617127682659,0.42031979724889373,0.49257788172952155,0.5648359662101494,0.6370940506907772,0.709352135171405,1.040385701701159,1.3714192682309132,1.7024528347606676,2.0334864012904217,2.1612776545091203,2.120011060598969,2.047752976118341,1.975494891637713,1.9032368071570853,1.8309787226764576,1.7587206381958298,1.427687071666076,1.0966535051363218,0.7656199386065674,0.4345863720768133
472,0.27598175878396375,0.31310368956544515,0.3781044409318533,0.44310519229826134,0.5081059436646694,0.5731066950310776,0.6381074463974856,0.9358932333664804,1.233679020335475,1.53146480730447,1.829250594273465,1.9097257114610804,1.872603780679599,1.8076030293131908,1.7426022779467827,1.6776015265803745,1.6126007752139664,1.5476000238475582,1.2498142368785634,0.9520284499095688,0.6542426629405738,0.35645687597157893
473,0.2253108014307007,0.2556170506983482,0.3086834977291007,0.36174994475985317,0.4148163917906057,0.46788283882135817,0.5209492858521106,0.7640608400805081,1.0071723943089055,1.2502839485373032,1.4933955027657007,1.6192575536297766,1.588951304362129,1.5358848573313766,1.4828184103006241,1.4297519632698716,1.3766855162391192,1.3236190692083667,1.0805075149799692,0.8373959607515719,0.5942844065231742,0.3511728522947767
474,0.181071206183045,0.20542684770103406,0.24807374039633354,0.290720633091633,0.3333675257869325,0.376014418482232,0.41866131117753147,0.6140381066158548,0.809414902054178,1.0047916974925013,1.200168492930825,1.489569188741577,1.4652135472235879,1.4225666545282885,1.379919761832989,1.3372728691376894,1.29462597644239,1.2519790837470905,1.0566022883087673,0.8612254928704441,0.6658486974321208,0.4704719019937972
475,0.1371027565822645,0.15554426178254532,0.18783546186591396,0.22012666194928254,0.2524178620326512,0.2847090621160198,0.3170002621993884,0.464934866444111,0.6128694706888336,0.7608040749335562,0.9087386791782788,1.2544431595756709,1.23600165437539,1.2037104542920214,1.1714192542086528,1.1391280541252842,1.1068368540419156,1.074545653958547,0.9266110497138245,0.7786764454691019,0.6307418412243793,0.48280723697965666
476,0.12288693681507708,0.1394162914452449,0.16835930297358676,0.19730231450192862,0.22624532603027048,0.25518833755861237,0.28413134908695425,0.4167270081222759,0.5493226671575976,0.6819183261929194,0.8145139852282411,0.965950353268064,0.9494209986378962,0.9204779871095543,0.8915349755812124,0.8625919640528705,0.8336489525245286,0.8047059409961868,0.6721102819608651,0.5395146229255434,0.40691896389022164,0.27432330485489986
477,0.10407025709033581,0.11806860573895996,0.14257980870966933,0.16709101168037868,0.19160221465108804,0.2161134176217974,0.24062462059250678,0.3529169820306787,0.4652093434688507,0.5775017049070227,0.6897940663451948,0.756275578156249,0.7422772295076249,0.7177660265369155,0.6932548235662062,0.6687436205954969,0.6442324176247876,0.6197212146540781,0.5074288532159061,0.3951364917777342,0.2828441303395622,0.17055176890139007
478,0.09174496304809825,0.10408545316899447,0.1256937346673304,0.14730201616566632,0.16891029766400223,0.19051857916233816,0.21212686066067407,0.3111201642112374,0.4101134677618008,0.5091067713123641,0.6081000748629275,0.6380177307790044,0.6256772406581081,0.6040689591597722,0.5824606776614363,0.5608523961631003,0.5392441146647644,0.5176358331664285,0.4186425296158651,0.3196492260653017,0.22065592251473837,0.12166261896417502
479,0.0756798511426919,0.0858594449247251,0.10368398234795255,0.12150851977117999,0.13933305719440744,0.15715759461763487,0.17498213204086233,0.2566410943198301,0.33830005659879786,0.4199590188777657,0.5016179811567335,0.5589042903878931,0.54872469660586,0.5309001591826326,0.5130756217594051,0.4952510843361777,0.4774265469129503,0.45960200948972285,0.37794304721075506,0.2962840849317873,0.21462512265281947,0.13296616037385167
480,0.06656898268586907,0.07552308595105217,0.09120178120737912,0.10688047646370606,0.12255917172003303,0.13823786697635998,0.1539165622326869,0.2257448489433112,0.29757313565393556,0.36940142236455986,0.44122970907518416,0.4271966781704077,0.4182425749052246,0.4025638796488976,0.3868851843925707,0.3712064891362437,0.35552779387991673,0.3398490986235898,0.2680208119129655,0.19619252520234115,0.12436423849171685,0.05253595178109255
481,0.056639086305014866,0.06425753272192815,0.07759748382143074,0.09093743492093335,0.10427738602043597,0.11761733711993858,0.1309572882194412,0.19207116387144205,0.25318503952344296,0.31429891517544384,0.3754127908274448,0.3168441383691494,0.3092256919522361,0.2958857408527335,0.28254578975323086,0.26920583865372827,0.2558658875542257,0.24252593645472306,0.1814120608027222,0.1202981851507213,0.05918430949872042,-0.0019295661532805208
482,0.03392680220936796,0.038490250202461725,0.046480878441028384,0.05447150667959503,0.06246213491816169,0.07045276315672834,0.07844339139529499,0.1150505915949522,0.15165779179460942,0.18826499199426663,0.22487219219392388,0.22601923126692836,0.22145578327383458,0.21346515503526792,0.20547452679670128,0.1974838985581346,0.18949327031956797,0.1815026420810013,0.1448954418813441,0.10828824168168688,0.07168104148202967,0.035073841282372425
483,0.0236676925723058,0.026851201690074235,0.03242554764354464,0.03799989359701504,0.043574239550485436,0.049148585503955844,0.05472293145742625,0.08026049774238261,0.10579806402733898,0.13133563031229536,0.15687319659725174,0.20284547879051973,0.1996619696727513,0.1940876237192809,0.1885132777658105,0.1829389318123401,0.17736458585886972,0.17179023990539932,0.14625267362044297,0.12071510733548661,0.09517754105053022,0.06963997476557385
484,0.02469635730095266,0.028018230711428102,0.03383485347536883,0.03965147623930954,0.04546809900325027,0.051284721767191,0.05710134453113172,0.08374884553458932,0.11039634653804692,0.1370438475415045,0.16369134854496212,0.2086410790622131,0.20531920565173767,0.19950258288779693,0.19368596012385622,0.18786933735991548,0.18205271459597477,0.17623609183203404,0.14958859082857645,0.12294108982511885,0.09629358882166127,0.06964608781820365
485,0.018530992112733714,0.02102357064238779,0.025388092472381524,0.02975261430237525,0.03411713613236898,0.03848165796236271,0.04284617979235644,0.06284121893523797,0.08283625807811949,0.10283129722100104,0.12282633636388257,0.23076451461001737,0.2282719360803633,0.22390741425036959,0.21954289242037586,0.21517837059038214,0.21081384876038842,0.2064493269303947,0.18645428778751316,0.16645924864463163,0.1464642095017501,0.12646917035886857
486,0.022723898938375474,0.025780459658883387,0.031132518111866028,0.036484576564848666,0.0418366350178313,0.04718869347081395,0.05254075192379659,0.0770599598532782,0.10157916778275981,0.12609837571224142,0.15061758364172306,0.3411068640072945,0.3380503032867866,0.33269824483380395,0.3273461863808213,0.32199412792783866,0.316642069474856,0.31129001102187337,0.2867708030923918,0.2622515951629102,0.2377323872334286,0.21321317930394695
487,0.05954035988303085,0.0675490526604855,0.08157232777140645,0.0955956028823274,0.10961887799324835,0.12364215310416929,0.13766542821509023,0.20190979350324906,0.2661541587914079,0.33039852407956677,0.3946428893677256,0.5323949645104806,0.524386271733026,0.510362996622105,0.4963397215111841,0.48231644640026317,0.4682931712893422,0.4542698961784213,0.3900255308902625,0.32578116560210363,0.2615368003139448,0.19729243502578592
488,0.09422208070711786,0.10689576455313886,0.129087470513181,0.15127917647322317,0.17347088243326533,0.1956625883933075,0.21785429435334966,0.31952042104539957,0.42118654773744957,0.5228526744294996,0.6245188011215496,0.7630054397344619,0.7503317558884409,0.7281400499283988,0.7059483439683566,0.6837566380083144,0.6615649320482723,0.6393732260882301,0.5377070993961802,0.4360409727041302,0.33437484601208023,0.23270871932003023
489,0.11060462621291975,0.12548190395938727,0.1515321177130734,0.17758233146675953,0.2036325452204457,0.22968275897413182,0.255732972727818,0.37507595323620807,0.49441893374459817,0.6137619142529884,0.7331048947613785,1.04243040931092,1.0275531315644524,1.0015029178107662,0.9754527040570801,0.949402490303394,0.9233522765497079,0.8973020627960218,0.7779590822876317,0.6586161017792416,0.5392731212708513,0.41993014076246116
490,0.14593538259187422,0.16556495229609972,0.19993646134515083,0.23430797039420195,0.2686794794432531,0.3030509884923042,0.3374224975413554,0.4948875522726021,0.6523526070038489,0.8098176617350957,0.9672827164663426,1.3368623237393928,1.3172327540351674,1.2828612449861163,1.2484897359370652,1.2141182268880142,1.1797467178389631,1.145375208789912,0.9879101540586653,0.8304450993274186,0.6729800445961718,0.5155149898649249
491,0.17412844867806587,0.1975502293326846,0.2385619253527876,0.2795736213728906,0.3205853173929936,0.3615970134130966,0.40260870943319965,0.5904942325625675,0.7783797556919354,0.9662652788213034,1.1541508019506714,1.6963697765134498,1.6729479958588311,1.6319362998387281,1.590924603818625,1.549912907798522,1.508901211778419,1.467889515758316,1.2800039926289482,1.0921184694995802,0.9042329463702122,0.7163474232408442
492,0.20258246617249245,0.22983155799628885,0.277544901707457,0.32525824541862514,0.3729715891297932,0.4206849328409614,0.46839827655212957,0.6869858360383282,0.9055733955245269,1.1241609550107257,1.3427485144969247,1.9211150761464808,1.8938659843226844,1.8461526406115163,1.7984392969003482,1.7507259531891801,1.7030126094780118,1.6552992657668437,1.4367117062806452,1.2181241467944464,0.9995365873082476,0.7809490278220486
493,0.22682064156334378,0.25732997737244256,0.31075203030808307,0.3641740832437235,0.4175961361793641,0.4710181891150046,0.5244402420506451,0.769180921820084,1.013921601589523,1.2586622813589619,1.5034029611284008,2.0428941262432594,2.0123847904341607,1.9589627374985201,1.9055406845628797,1.852118631627239,1.7986965786915987,1.745274525755958,1.5005338459865192,1.2557931662170803,1.0110524864476413,0.7663118066782024
494,0.28713168866453304,0.3257533813399477,0.3933802259058238,0.46100707047169975,0.5286339150375757,0.5962607596034519,0.6638876041693279,0.9737042248382178,1.2835208455071077,1.5933374661759976,1.9031540868448875,2.133676930271694,2.095055237596279,2.027428393030403,1.9598015484645268,1.8921747038986507,1.8245478593327746,1.7569210147668985,1.4471043940980086,1.1372877734291187,0.8274711527602288,0.5176545320913388
495,0.3067951188581142,0.3480617127682659,0.42031979724889373,0.49257788172952155,0.5648359662101494,0.6370940506907772,0.709352135171405,1.040385701701159,1.3714192682309132,1.7024528347606676,2.0334864012904217,2.1612776545091203,2.120011060598969,2.047752976118341,1.975494891637713,1.9032368071570853,1.8309787226764576,1.7587206381958298,1.427687071666076,1.0966535051363218,0.7656199386065674,0.4345863720768133
496,0.27598175878396375,0.31310368956544515,0.3781044409318533,0.44310519229826134,0.5081059436646694,0.5731066950310776,0.6381074463974856,0.9358932333664804,1.233679020335475,1.53146480730447,1.829250594273465,1.9097257114610804,1.872603780679599,1.8076030293131908,1.7426022779467827,1.6776015265803745,1.6126007752139664,1.5476000238475582,1.2498142368785634,0.9520284499095688,0.6542426629405738,0.35645687597157893
497,0.2253108014307007,0.2556170506983482,0.3086834977291007,0.36174994475985317,0.4148163917906057,0.46788283882135817,0.5209492858521106,0.7640608400805081,1.0071723943089055,1.2502839485373032,1.4933955027657007,1.6192575536297766,1.588951304362129,1.5358848573313766,1.4828184103006241,1.4297519632698716,1.3766855162391192,1.3236190692083667,1.0805075149799692,0.8373959607515719,0.5942844065231742,0.3511728522947767
498,0.181071206183045,0.20542684770103406,0.24807374039633354,0.290720633091633,0.3333675257869325,0.376014418482232,0.41866131117753147,0.6140381066158548,0.809414902054178,1.0047916974925013,1.200168492930825,1.489569188741577,1.4652135472235879,1.4225666545282885,1.379919761832989,1.3372728691376894,1.29462597644239,1.2519790837470905,1.0566022883087673,0.8612254928704441,0.6658486974321208,0.4704719019937972
499,0.1371027565822645,0.15554426178254532,0.18783546186591396,0.22012666194928254,0.2524178620326512,0.2847090621160198,0.3170002621993884,0.464934866444111,0.6128694706888336,0.7608040749335562,0.9087386791782788,1.2544431595756709,1.23600165437539,1.2037104542920214,1.1714192542086528,1.1391280541252842,1.1068368540419156,1.074545653958547,0.9266110497138245,0.7786764454691019,0.6307418412243793,0.48280723697965666
500,0.12288693681507708,0.1394162914452449,0.16835930297358676,0.19730231450192862,0.22624532603027048,0.25518833755861237,0.28413134908695425,0.4167270081222759,0.5493226671575976,0.6819183261929194,0.8145139852282411,0.965950353268064,0.9494209986378962,0.9204779871095543,0.8915349755812124,0.8625919640528705,0.8336489525245286,0.8047059409961868,0.6721102819608651,0.5395146229255434,0.40691896389022164,0.27432330485489986
501,0.10407025709033581,0.11806860573895996,0.14257980870966933,0.16709101168037868,0.19160221465108804,0.2161134176217974,0.24062462059250678,0.3529169820306787,0.4652093434688507,0.5775017049070227,0.6897940663451948,0.756275578156249,0.7422772295076249,0.7177660265369155,0.6932548235662062,0.6687436205954969,0.6442324176247876,0.6197212146540781,0.5074288532159061,0.3951364917777342,0.2828441303395622,0.17055176890139007
502,0.09174496304809825,0.10408545316899447,0.1256937346673304,0.14730201616566632,0.16891029766400223,0.19051857916233816,0.21212686066067407,0.3111201642112374,0.4101134677618008,0.5091067713123641,0.6081000748629275,0.6380177307790044,0.6256772406581081,0.6040689591597722,0.5824606776614363,0.5608523961631003,0.5392441146647644,0.5176358331664285,0.4186425296158651,0.3196492260653017,0.22065592251473837,0.12166261896417502
503,0.0756798511426919,0.0858594449247251,0.10368398234795255,0.12150851977117999,0.13933305719440744,0.15715759461763487,0.17498213204086233,0.2566410943198301,0.33830005659879786,0.4199590188777657,0.5016179811567335,0.5589042903878931,0.54872469660586,0.5309001591826326,0.5130756217594051,0.4952510843361777,0.4774265469129503,0.45960200948972285,0.37794304721075506,0.2962840849317873,0.21462512265281947,0.13296616037385167
504,0.031367184720614005,0.03558634204876214,0.04297411500909338,0.050361887969424625,0.057749660929755864,0.0651374338900871,0.07252520685041834,0.10637056615310214,0.14021592545578596,0.17406128475846977,0.20790664406115364,0.38513873965896495,0.3809195823308168,0.3735318093704856,0.36614403641015436,0.35875626344982314,0.3513684904894919,0.3439807175291607,0.3101353582264769,0.27628999892379313,0.24244463962110932,0.20859928031842545
505,0.027541528392130105,0.031246101893993974,0.037732835101129916,0.04421956830826585,0.05070630151540179,0.057193034722537735,0.06367976792967367,0.09339722368731823,0.1231146794449628,0.15283213520260736,0.18254959096025195,0.2947264391013124,0.29102186559944854,0.2845351323923126,0.27804839918517665,0.2715616659780407,0.26507493277090477,0.25858819956376883,0.22887074380612427,0.1991532880484797,0.16943583229083514,0.13971837653319055
506,0.021214760756460276,0.024068329353953997,0.029064947229369295,0.03406156510478459,0.03905818298019989,0.04405480085561519,0.049051418731030486,0.07194225852804301,0.09483309832505553,0.11772393812206808,0.1406147779190806,0.2196416620198345,0.2167880934223408,0.21179147554692548,0.20679485767151018,0.20179823979609487,0.19680162192067957,0.19180500404526427,0.16891416424825173,0.14602332445123922,0.12313248465422667,0.10024164485721414
507,0.017379901386824617,0.01971764826949346,0.023811058840523276,0.02790446941155309,0.03199787998258291,0.03609129055361272,0.04018470112464254,0.058937707246218926,0.07769071336779533,0.09644371948937172,0.11519672561094813,0.1725522635160582,0.17021451663338938,0.16612110606235955,0.16202769549132973,0.1579342849202999,0.15384087434927007,0.14974746377824025,0.13099445765666387,0.11224145153508747,0.09348844541351108,0.07473543929193467
508,0.018861538995962508,0.02139857893702769,0.025840952998510806,0.030283327059993915,0.03472570112147703,0.03916807518296014,0.04361044924444325,0.0639621502340575,0.08431385122367176,0.10466555221328604,0.1250172532029003,0.16219714722554288,0.1596601072844777,0.15521773322299456,0.15077535916151147,0.14633298510002835,0.14189061103854522,0.1374482369770621,0.11709653598744785,0.0967448349978336,0.07639313400821932,0.05604143301860505
509,0.06031042844298219,0.06842270209442457,0.08262734801485494,0.09683199393528533,0.1110366398557157,0.1252412857761461,0.1394459316965765,0.20452120506052845,0.2695964784244804,0.33467175178843245,0.39974702515238447,0.4566317751531136,0.4485195015016712,0.43431485558124083,0.4201102096608105,0.4059055637403801,0.3917009178199497,0.3774962718995193,0.3124209985355673,0.24734572517161535,0.18227045180766333,0.1171951784437113
510,0.30895518501738617,0.35051232648691727,0.4232791617051753,0.4960459969234333,0.5688128321416914,0.6415796673599494,0.7143465025782075,1.0477107919933368,1.3810750814084662,1.7144393708235957,2.0478036602387255,2.1024107163262697,2.0608535748567385,1.9880867396384805,1.9153199044202225,1.8425530692019643,1.7697862339837063,1.6970193987654483,1.363655109350319,1.0302908199351897,0.6969265305200603,0.3635622411049304
511,1.1612949269476076,1.3174991271273024,1.5910137359992662,1.8645283448712298,2.1380429537431938,2.4115575626151577,2.685072171487121,3.9381155800368046,5.191158988586489,6.444202397136173,7.697245805685856,8.797592590406415,8.64138839022672,8.367873781354756,8.094359172482793,7.820844563610829,7.547329954738865,7.273815345866902,6.020771937317218,4.767728528767535,3.514685120217851,2.261641711668167
512,2.8365400828547638,3.218079229059924,3.8861568494030205,4.554234469746118,5.222312090089215,5.890389710432311,6.558467330775408,9.61910918103339,12.679751031291374,15.74039288154936,18.801034731807345,21.40384848736475,21.02230934115959,20.354231720816493,19.686154100473395,19.018076480130297,18.3499988597872,17.6819212394441,14.621279389186117,11.560637538928134,8.499995688670149,5.439353838412163
513,4.187241305649756,4.750461435119857,5.736663683482037,6.722865931844216,7.709068180206397,8.695270428568575,9.681472676930756,14.199528337297998,18.717583997665233,23.23563965803248,27.75369531839972,32.29130966000392,31.72808953053382,30.74188728217164,29.75568503380946,28.76948278544728,27.7832805370851,26.797078288722922,22.27902262835568,17.760966967988445,13.242911307621199,8.724855647253957
514,4.1224380187469025,4.6769415462886,5.647880965838258,6.618820385387915,7.5897598049375725,8.56069922448723,9.53163864403689,13.979771212843394,18.427903781649896,22.876036350456406,27.324168919262913,32.91035711924829,32.35585359170659,31.384914172156932,30.413974752607274,29.443035333057615,28.472095913507957,27.501156493958298,23.053023925151795,18.60489135634529,14.15675878753878,9.708626218732274
515,3.351595880008395,3.8024144805325077,4.591800893015079,5.381187305497649,6.170573717980221,6.959960130462791,7.7493465429453625,11.365736340329079,14.982126137712793,18.59851593509651,22.21490573248023,27.356769827551037,26.905951227026925,26.116564814544354,25.327178402061783,24.537791989579212,23.74840557709664,22.95901916461407,19.34262936723035,15.726239569846637,12.109849772462919,8.493459975079201
516,2.9910124143164416,3.3933294236000933,4.097789222441407,4.80224902128272,5.506708820124034,6.211168618965348,6.915628417806662,10.142946736074473,13.370265054342282,16.597583372610092,19.82490169087791,24.2284335048095,23.82611649552585,23.121656696684536,22.417196897843223,21.71273709900191,21.008277300160596,20.303817501319283,17.076499183051475,13.849180864783666,10.621862546515855,7.394544228248039
517,2.7047846416677372,3.0686015427890947,3.7056473923676854,4.342693241946275,4.979739091524866,5.6167849411034565,6.253830790682048,9.172307818474215,12.090784846266383,15.009261874058554,17.92773890185072,22.802692522038395,22.438875620917038,21.801829771338447,21.164783921759856,20.527738072181265,19.890692222602674,19.253646373024083,16.335169345231915,13.416692317439747,10.498215289647575,7.579738261855409
518,2.20733046474823,2.5042354815337093,3.0241181699939683,3.544000858454227,4.063883546914486,4.583766235374744,5.103648923835004,7.485370246439614,9.867091569044224,12.248812891648836,14.630534214253444,19.724931122724897,19.428026105939416,18.908143417479156,18.388260729018896,17.868378040558635,17.348495352098375,16.828612663638115,14.446891341033504,12.065170018428894,9.683448695824282,7.3017273732196735
519,1.677916042855984,1.903610246250039,2.298802319798513,2.693994393346985,3.0891864668954585,3.484378540443932,3.879570613992405,5.690050956937462,7.500531299882518,9.311011642827577,11.121491985772634,14.871256559632515,14.645562356238461,14.250370282689987,13.855178209141515,13.459986135593041,13.064794062044568,12.669601988496094,10.859121645551037,9.04864130260598,7.238160959660921,5.427680616715864
520,1.1172675321315855,1.2675496673528908,1.5306947005095728,1.7938397336662546,2.0569847668229366,2.3201297999796187,2.583274833136301,3.7888124482913326,4.9943500634463645,6.199887678601396,7.405425293756428,10.033161309414842,9.882879174193537,9.619734141036854,9.356589107880172,9.09344407472349,8.830299041566807,8.567154008410125,7.361616393255093,6.156078778100062,4.95054116294503,3.745003547789998
521,0.6682540838903488,0.7581400312657272,0.9155309318380566,1.0729218324103855,1.2303127329827148,1.3877036335550441,1.5450945341273732,2.2661442482220826,2.987193962316792,3.7082436764115014,4.429293390506211,6.0734388854665,5.983552938091121,5.826162037518792,5.668771136946463,5.5113802363741335,5.3539893358018045,5.196598435229475,4.475548721134766,3.7544990070400566,3.033449292945347,2.3123995788506377
522,0.4397550001969972,0.4989058467966161,0.6024793784527985,0.7060529101089809,0.8096264417651632,0.9131999734213457,1.016773505077528,1.4912714914090162,1.9657694777405041,2.4402674640719924,2.9147654504034803,3.6846018562989733,3.625451009699354,3.5218774780431716,3.418303946386989,3.314730414730807,3.2111568830746244,3.1075833514184423,2.633085365086954,2.158587378755466,1.6840893924239777,1.2095914060924897
523,0.286284866305672,0.32479265405806435,0.39222005033488544,0.4596474466117065,0.5270748428885276,0.5945022391653487,0.6619296354421698,0.9708325302776295,1.2797354251130895,1.5886383199485492,1.8975412147840094,2.22844041223525,2.1899326244828576,2.1225052282060366,2.0550778319292156,1.9876504356523945,1.9202230393755735,1.8527956430987524,1.5438927482632927,1.2349898534278327,0.926086958592373,0.6171840637569128
524,0.1600000684787465,0.18152145994052682,0.21920556165659857,0.25688966337267033,0.2945737650887421,0.33225786680481384,0.3699419685208856,0.5425828942000834,0.7152238198792811,0.887864745558479,1.0605056712376768,1.3303544742870113,1.308833082825231,1.2711489811091592,1.2334648793930874,1.1957807776770155,1.1580966759609437,1.1204125742448718,0.947771648565674,0.7751307228864763,0.6024897972072784,0.4298488715280806
525,0.0966650333943288,0.10966731548161278,0.1324343991801003,0.15520148287858784,0.17796856657707538,0.20073565027556292,0.2235027339740505,0.3278048196211218,0.432106905268193,0.5364089909152644,0.6407110765623357,0.8750441895076194,0.8620419074203355,0.8392748237218479,0.8165077400233604,0.7937406563248728,0.7709735726263852,0.7482064889278977,0.6439044032808263,0.5396023176337551,0.4353002319866837,0.3309981463396124
526,0.060485888935644626,0.06862176353916513,0.08286773488598757,0.09711370623281,0.11135967757963244,0.1256056489264549,0.13985162027327736,0.2051162164429092,0.27038081261254104,0.33564540878217297,0.40091000495180484,0.6530761972950729,0.6449403226915524,0.63069435134473,0.6164483799979075,0.602202408651085,0.5879564373042625,0.57371046595744,0.5084458697878081,0.4431812736181763,0.37791667744854435,0.3126520812789125
527,0.04326251605801909,0.04908169821561838,0.059271125452270715,0.06946055268892304,0.07964997992557539,0.08983940716222773,0.10002883439888008,0.1467093195416705,0.19338980468446088,0.24007028982725132,0.28675077497004176,0.499578441059629,0.4937592589020297,0.48356983166537737,0.47338040442872503,0.4631909771920727,0.45300154995542036,0.442812122718768,0.3961316375759776,0.3494511524331872,0.30277066729039676,0.2560901821476063
528,0.031367184720614005,0.03558634204876214,0.04297411500909338,0.050361887969424625,0.057749660929755864,0.0651374338900871,0.07252520685041834,0.10637056615310214,0.14021592545578596,0.17406128475846977,0.20790664406115364,0.38513873965896495,0.3809195823308168,0.3735318093704856,0.36614403641015436,0.35875626344982314,0.3513684904894919,0.3439807175291607,0.3101353582264769,0.27628999892379313,0.24244463962110932,0.20859928031842545
529,0.027541528392130105,0.031246101893993974,0.037732835101129916,0.04421956830826585,0.05070630151540179,0.057193034722537735,0.06367976792967367,0.09339722368731823,0.1231146794449628,0.15283213520260736,0.18254959096025195,0.2947264391013124,0.29102186559944854,0.2845351323923126,0.27804839918517665,0.2715616659780407,0.26507493277090477,0.25858819956376883,0.22887074380612427,0.1991532880484797,0.16943583229083514,0.13971837653319055
530,0.021214760756460276,0.024068329353953997,0.029064947229369295,0.03406156510478459,0.03905818298019989,0.04405480085561519,0.049051418731030486,0.07194225852804301,0.09483309832505553,0.11772393812206808,0.1406147779190806,0.2196416620198345,0.2167880934223408,0.21179147554692548,0.20679485767151018,0.20179823979609487,0.19680162192067957,0.19180500404526427,0.16891416424825173,0.14602332445123922,0.12313248465422667,0.10024164485721414
531,0.017379901386824617,0.01971764826949346,0.023811058840523276,0.02790446941155309,0.03199787998258291,0.03609129055361272,0.04018470112464254,0.058937707246218926,0.07769071336779533,0.09644371948937172,0.11519672561094813,0.1725522635160582,0.17021451663338938,0.16612110606235955,0.16202769549132973,0.1579342849202999,0.15384087434927007,0.14974746377824025,0.13099445765666387,0.11224145153508747,0.09348844541351108,0.07473543929193467
532,0.018861538995962508,0.02139857893702769,0.025840952998510806,0.030283327059993915,0.03472570112147703,0.03916807518296014,0.04361044924444325,0.0639621502340575,0.08431385122367176,0.10466555221328604,0.1250172532029003,0.16219714722554288,0.1596601072844777,0.15521773322299456,0.15077535916151147,0.14633298510002835,0.14189061103854522,0.1374482369770621,0.11709653598744785,0.0967448349978336,0.07639313400821932,0.05604143301860505
533,0.06031042844298219,0.06842270209442457,0.08262734801485494,0.09683199393528533,0.1110366398557157,0.1252412857761461,0.1394459316965765,0.20452120506052845,0.2695964784244804,0.33467175178843245,0.39974702515238447,0.4566317751531136,0.4485195015016712,0.43431485558124083,0.4201102096608105,0.4059055637403801,0.3917009178199497,0.3774962718995193,0.3124209985355673,0.24734572517161535,0.18227045180766333,0.1171951784437113
534,0.30895518501738617,0.35051232648691727,0.4232791617051753,0.4960459969234333,0.5688128321416914,0.6415796673599494,0.7143465025782075,1.0477107919933368,1.3810750814084662,1.7144393708235957,2.0478036602387255,2.1024107163262697,2.0608535748567385,1.9880867396384805,1.9153199044202225,1.8425530692019643,1.7697862339837063,1.6970193987654483,1.363655109350319,1.0302908199351897,0.6969265305200603,0.3635622411049304
535,1.1612949269476076,1.3174991271273024,1.5910137359992662,1.8645283448712298,2.1380429537431938,2.4115575626151577,2.685072171487121,3.9381155800368046,5.191158988586489,6.444202397136173,7.697245805685856,8.797592590406415,8.64138839022672,8.367873781354756,8.094359172482793,7.820844563610829,7.547329954738865,7.273815345866902,6.020771937317218,4.767728528767535,3.514685120217851,2.261641711668167
536,2.8365400828547638,3.218079229059924,3.8861568494030205,4.554234469746118,5.222312090089215,5.890389710432311,6.558467330775408,9.61910918103339,12.679751031291374,15.74039288154936,18.801034731807345,21.40384848736475,21.02230934115959,20.354231720816493,19.686154100473395,19.018076480130297,18.3499988597872,17.6819212394441,14.621279389186117,11.560637538928134,8.499995688670149,5.439353838412163
537,4.187241305649756,4.750461435119857,5.736663683482037,6.722865931844216,7.709068180206397,8.695270428568575,9.681472676930756,14.199528337297998,18.717583997665233,23.23563965803248,27.75369531839972,32.29130966000392,31.72808953053382,30.74188728217164,29.75568503380946,28.76948278544728,27.7832805370851,26.797078288722922,22.27902262835568,17.760966967988445,13.242911307621199,8.724855647253957
538,4.1224380187469025,4.6769415462886,5.647880965838258,6.618820385387915,7.5897598049375725,8.56069922448723,9.53163864403689,13.979771212843394,18.427903781649896,22.876036350456406,27.324168919262913,32.91035711924829,32.35585359170659,31.384914172156932,30.413974752607274,29.443035333057615,28.472095913507957,27.501156493958298,23.053023925151795,18.60489135634529,14.15675878753878,9.708626218732274
539,3.351595880008395,3.8024144805325077,4.591800893015079,5.381187305497649,6.170573717980221,6.959960130462791,7.7493465429453625,11.365736340329079,14.982126137712793,18.59851593509651,22.21490573248023,27.356769827551037,26.905951227026925,26.116564814544354,25.327178402061783,24.537791989579212,23.74840557709664,22.95901916461407,19.34262936723035,15.726239569846637,12.109849772462919,8.493459975079201
540,2.9910124143164416,3.3933294236000933,4.097789222441407,4.80224902128272,5.506708820124034,6.211168618965348,6.915628417806662,10.142946736074473,13.370265054342282,16.597583372610092,19.82490169087791,24.2284335048095,23.82611649552585,23.121656696684536,22.417196897843223,21.71273709900191,21.008277300160596,20.303817501319283,17.076499183051475,13.849180864783666,10.621862546515855,7.394544228248039
541,2.7047846416677372,3.0686015427890947,3.7056473923676854,4.342693241946275,4.979739091524866,5.6167849411034565,6.253830790682048,9.172307818474215,12.090784846266383,15.009261874058554,17.92773890185072,22.802692522038395,22.438875620917038,21.801829771338447,21.164783921759856,20.527738072181265,19.890692222602674,19.253646373024083,16.335169345231915,13.416692317439747,10.498215289647575,7.579738261855409
542,2.20733046474823,2.5042354815337093,3.0241181699939683,3.544000858454227,4.063883546914486,4.583766235374744,5.103648923835004,7.485370246439614,9.867091569044224,12.248812891648836,14.630534214253444,19.724931122724897,19.428026105939416,18.908143417479156,18.388260729018896,17.868378040558635,17.348495352098375,16.828612663638115,14.446891341033504,12.065170018428894,9.683448695824282,7.3017273732196735
543,1.677916042855984,1.903610246250039,2.298802319798513,2.693994393346985,3.0891864668954585,3.484378540443932,3.879570613992405,5.690050956937462,7.500531299882518,9.311011642827577,11.121491985772634,14.871256559632515,14.645562356238461,14.250370282689987,13.855178209141515,13.459986135593041,13.064794062044568,12.669601988496094,10.859121645551037,9.04864130260598,7.238160959660921,5.427680616715864
544,1.1172675321315855,1.2675496673528908,1.5306947005095728,1.7938397336662546,2.0569847668229366,2.3201297999796187,2.583274833136301,3.7888124482913326,4.9943500634463645,6.199887678601396,7.405425293756428,10.033161309414842,9.882879174193537,9.619734141036854,9.356589107880172,9.09344407472349,8.830299041566807,8.567154008410125,7.361616393255093,6.156078778100062,4.95054116294503,3.745003547789998
545,0.6682540838903488,0.7581400312657272,0.9155309318380566,1.0729218324103855,1.2303127329827148,1.3877036335550441,1.5450945341273732,2.2661442482220826,2.987193962316792,3.7082436764115014,4.429293390506211,6.0734388854665,5.983552938091121,5.826162037518792,5.668771136946463,5.5113802363741335,5.3539893358018045,5.196598435229475,4.475548721134766,3.7544990070400566,3.033449292945347,2.3123995788506377
546,0.4397550001969972,0.4989058467966161,0.6024793784527985,0.7060529101089809,0.8096264417651632,0.9131999734213457,1.016773505077528,1.4912714914090162,1.9657694777405041,2.4402674640719924,2.9147654504034803,3.6846018562989733,3.625451009699354,3.5218774780431716,3.418303946386989,3.314730414730807,3.2111568830746244,3.1075833514184423,2.633085365086954,2.158587378755466,1.6840893924239777,1.2095914060924897
547,0.286284866305672,0.32479265405806435,0.39222005033488544,0.4596474466117065,0.5270748428885276,0.5945022391653487,0.6619296354421698,0.9708325302776295,1.2797354251130895,1.5886383199485492,1.8975412147840094,2.22844041223525,2.1899326244828576,2.1225052282060366,2.0550778319292156,1.9876504356523945,1.9202230393755735,1.8527956430987524,1.5438927482632927,1.2349898534278327,0.926086958592373,0.6171840637569128
548,0.1600000684787465,0.18152145994052682,0.21920556165659857,0.25688966337267033,0.2945737650887421,0.33225786680481384,0.3699419685208856,0.5425828942000834,0.7152238198792811,0.887864745558479,1.0605056712376768,1.3303544742870113,1.308833082825231,1.2711489811091592,1.2334648793930874,1.1957807776770155,1.1580966759609437,1.1204125742448718,0.947771648565674,0.7751307228864763,0.6024897972072784,0.4298488715280806
549,0.0966650333943288,0.10966731548161278,0.1324343991801003,0.15520148287858784,0.17796856657707538,0.20073565027556292,0.2235027339740505,0.3278048196211218,0.432106905268193,0.5364089909152644,0.6407110765623357,0.8750441895076194,0.8620419074203355,0.8392748237218479,0.8165077400233604,0.7937406563248728,0.7709735726263852,0.7482064889278977,0.6439044032808263,0.5396023176337551,0.4353002319866837,0.3309981463396124
550,0.060485888935644626,0.06862176353916513,0.08286773488598757,0.09711370623281,0.11135967757963244,0.1256056489264549,0.13985162027327736,0.2051162164429092,0.27038081261254104,0.33564540878217297,0.40091000495180484,0.6530761972950729,0.6449403226915524,0.63069435134473,0.6164483799979075,0.602202408651085,0.5879564373042625,0.57371046595744,0.5084458697878081,0.4431812736181763,0.37791667744854435,0.3126520812789125
551,0.04326251605801909,0.04908169821561838,0.059271125452270715,0.06946055268892304,0.07964997992557539,0.08983940716222773,0.10002883439888008,0.1467093195416705,0.19338980468446088,0.24007028982725132,0.28675077497004176,0.499578441059629,0.4937592589020297,0.48356983166537737,0.47338040442872503,0.4631909771920727,0.45300154995542036,0.442812122718768,0.3961316375759776,0.3494511524331872,0.30277066729039676,0.2560901821476063
552,0.031367184720614005,0.03558634204876214,0.04297411500909338,0.050361887969424625,0.057749660929755864,0.0651374338900871,0.07252520685041834,0.10637056615310214,0.14021592545578596,0.17406128475846977,0.20790664406115364,0.38513873965896495,0.3809195823308168,0.3735318093704856,0.36614403641015436,0.35875626344982314,0.3513684904894919,0.3439807175291607,0.3101353582264769,0.27628999892379313,0.24244463962110932,0.20859928031842545
553,0.027541528392130105,0.031246101893993974,0.037732835101129916,0.04421956830826585,0.05070630151540179,0.057193034722537735,0.06367976792967367,0.09339722368731823,0.1231146794449628,0.15283213520260736,0.18254959096025195,0.2947264391013124,0.29102186559944854,0.2845351323923126,0.27804839918517665,0.2715616659780407,0.26507493277090477,0.25858819956376883,0.22887074380612427,0.1991532880484797,0.16943583229083514,0.13971837653319055
554,0.021214760756460276,0.024068329353953997,0.029064947229369295,0.03406156510478459,0.03905818298019989,0.04405480085561519,0.049051418731030486,0.07194225852804301,0.09483309832505553,0.11772393812206808,0.1406147779190806,0.2196416620198345,0.2167880934223408,0.21179147554692548,0.20679485767151018,0.20179823979609487,0.19680162192067957,0.19180500404526427,0.16891416424825173,0.14602332445123922,0.12313248465422667,0.10024164485721414
555,0.017379901386824617,0.01971764826949346,0.023811058840523276,0.02790446941155309,0.03199787998258291,0.03609129055361272,0.04018470112464254,0.058937707246218926,0.07769071336779533,0.09644371948937172,0.11519672561094813,0.1725522635160582,0.17021451663338938,0.16612110606235955,0.16202769549132973,0.1579342849202999,0.15384087434927007,0.14974746377824025,0.13099445765666387,0.11224145153508747,0.09348844541351108,0.07473543929193467
556,0.018861538995962508,0.02139857893702769,0.025840952998510806,0.030283327059993915,0.03472570112147703,0.03916807518296014,0.04361044924444325,0.0639621502340575,0.08431385122367176,0.10466555221328604,0.1250172532029003,0.16219714722554288,0.1596601072844777,0.15521773322299456,0.15077535916151147,0.14633298510002835,0.14189061103854522,0.1374482369770621,0.11709653598744785,0.0967448349978336,0.07639313400821932,0.05604143301860505
557,0.06031042844298219,0.06842270209442457,0.08262734801485494,0.09683199393528533,0.1110366398557157,0.1252412857761461,0.1394459316965765,0.20452120506052845,0.2695964784244804,0.33467175178843245,0.39974702515238447,0.4566317751531136,0.4485195015016712,0.43431485558124083,0.4201102096608105,0.4059055637403801,0.3917009178199497,0.3774962718995193,0.3124209985355673,0.24734572517161535,0.18227045180766333,0.1171951784437113
558,0.30895518501738617,0.35051232648691727,0.4232791617051753,0.4960459969234333,0.5688128321416914,0.6415796673599494,0.7143465025782075,1.0477107919933368,1.3810750814084662,1.7144393708235957,2.0478036602387255,2.1024107163262697,2.0608535748567385,1.9880867396384805,1.9153199044202225,1.8425530692019643,1.7697862339837063,1.6970193987654483,1.363655109350319,1.0302908199351897,0.6969265305200603,0.3635622411049304
559,1.1612949269476076,1.3174991271273024,1.5910137359992662,1.8645283448712298,2.1380429537431938,2.4115575626151577,2.685072171487121,3.9381155800368046,5.191158988586489,6.444202397136173,7.697245805685856,8.797592590406415,8.64138839022672,8.367873781354756,8.094359172482793,7.820844563610829,7.547329954738865,7.273815345866902,6.020771937317218,4.767728528767535,3.514685120217851,2.261641711668167
560,2.8365400828547638,3.218079229059924,3.8861568494030205,4.554234469746118,5.222312090089215,5.890389710432311,6.558467330775408,9.61910918103339,12.679751031291374,15.74039288154936,18.801034731807345,21.40384848736475,21.02230934115959,20.354231720816493,19.686154100473395,19.018076480130297,18.3499988597872,17.6819212394441,14.621279389186117,11.560637538928134,8.499995688670149,5.439353838412163
561,4.187241305649756,4.750461435119857,5.736663683482037,6.722865931844216,7.709068180206397,8.695270428568575,9.681472676930756,14.199528337297998,18.717583997665233,23.23563965803248,27.75369531839972,32.29130966000392,31.72808953053382,30.74188728217164,29.75568503380946,28.76948278544728,27.7832805370851,26.797078288722922,22.27902262835568,17.760966967988445,13.242911307621199,8.724855647253957
562,4.1224380187469025,4.6769415462886,5.647880965838258,6.618820385387915,7.5897598049375725,8.56069922448723,9.53163864403689,13.979771212843394,18.427903781649896,22.876036350456406,27.324168919262913,32.91035711924829,32.35585359170659,31.384914172156932,30.413974752607274,29.443035333057615,28.472095913507957,27.501156493958298,23.053023925151795,18.60489135634529,14.15675878753878,9.708626218732274
563,3.351595880008395,3.8024144805325077,4.591800893015079,5.381187305497649,6.170573717980221,6.959960130462791,7.7493465429453625,11.365736340329079,14.982126137712793,18.59851593509651,22.21490573248023,27.356769827551037,26.905951227026925,26.116564814544354,25.327178402061783,24.537791989579212,23.74840557709664,22.95901916461407,19.34262936723035,15.726239569846637,12.109849772462919,8.493459975079201
564,2.9910124143164416,3.3933294236000933,4.097789222441407,4.80224902128272,5.506708820124034,6.211168618965348,6.915628417806662,10.142946736074473,13.370265054342282,16.597583372610092,19.82490169087791,24.2284335048095,23.82611649552585,23.121656696684536,22.417196897843223,21.71273709900191,21.008277300160596,20.303817501319283,17.076499183051475,13.849180864783666,10.621862546515855,7.394544228248039
565,2.7047846416677372,3.0686015427890947,3.7056473923676854,4.342693241946275,4.979739091524866,5.6167849411034565,6.253830790682048,9.172307818474215,12.090784846266383,15.009261874058554,17.92773890185072,22.802692522038395,22.438875620917038,21.801829771338447,21.164783921759856,20.527738072181265,19.890692222602674,19.253646373024083,16.335169345231915,13.416692317439747,10.498215289647575,7.579738261855409
566,2.20733046474823,2.5042354815337093,3.0241181699939683,3.544000858454227,4.063883546914486,4.583766235374744,5.103648923835004,7.485370246439614,9.867091569044224,12.248812891648836,14.630534214253444,19.724931122724897,19.428026105939416,18.908143417479156,18.388260729018896,17.868378040558635,17.348495352098375,16.828612663638115,14.446891341033504,12.065170018428894,9.683448695824282,7.3017273732196735
567,1.677916042855984,1.903610246250039,2.298802319798513,2.693994393346985,3.0891864668954585,3.484378540443932,3.879570613992405,5.690050956937462,7.500531299882518,9.311011642827577,11.121491985772634,14.871256559632515,14.645562356238461,14.250370282689987,13.855178209141515,13.459986135593041,13.064794062044568,12.669601988496094,10.859121645551037,9.04864130260598,7.238160959660921,5.427680616715864
568,1.1172675321315855,1.2675496673528908,1.5306947005095728,1.7938397336662546,2.0569847668229366,2.3201297999796187,2.583274833136301,3.7888124482913326,4.9943500634463645,6.199887678601396,7.405425293756428,10.033161309414842,9.882879174193537,9.619734141036854,9.356589107880172,9.09344407472349,8.830299041566807,8.567154008410125,7.361616393255093,6.156078778100062,4.95054116294503,3.745003547789998
569,0.6682540838903488,0.7581400312657272,0.9155309318380566,1.0729218324103855,1.2303127329827148,1.3877036335550441,1.5450945341273732,2.2661442482220826,2.987193962316792,3.7082436764115014,4.429293390506211,6.0734388854665,5.983552938091121,5.826162037518792,5.668771136946463,5.5113802363741335,5.3539893358018045,5.196598435229475,4.475548721134766,3.7544990070400566,3.033449292945347,2.3123995788506377
570,0.4397550001969972,0.4989058467966161,0.6024793784527985,0.7060529101089809,0.8096264417651632,0.9131999734213457,1.016773505077528,1.4912714914090162,1.9657694777405041,2.4402674640719924,2.9147654504034803,3.6846018562989733,3.625451009699354,3.5218774780431716,3.418303946386989,3.314730414730807,3.2111568830746244,3.1075833514184423,2.633085365086954,2.158587378755466,1.6840893924239777,1.2095914060924897
571,0.286284866305672,0.32479265405806435,0.39222005033488544,0.4596474466117065,0.5270748428885276,0.5945022391653487,0.6619296354421698,0.9708325302776295,1.2797354251130895,1.5886383199485492,1.8975412147840094,2.22844041223525,2.1899326244828576,2.1225052282060366,2.0550778319292156,1.9876504356523945,1.9202230393755735,1.8527956430987524,1.5438927482632927,1.2349898534278327,0.926086958592373,0.6171840637569128
572,0.1600000684787465,0.18152145994052682,0.21920556165659857,0.25688966337267033,0.2945737650887421,0.33225786680481384,0.3699419685208856,0.5425828942000834,0.7152238198792811,0.887864745558479,1.0605056712376768,1.3303544742870113,1.308833082825231,1.2711489811091592,1.2334648793930874,1.1957807776770155,1.1580966759609437,1.1204125742448718,0.947771648565674,0.7751307228864763,0.6024897972072784,0.4298488715280806
573,0.0966650333943288,0.10966731548161278,0.1324343991801003,0.15520148287858784,0.17796856657707538,0.20073565027556292,0.2235027339740505,0.3278048196211218,0.432106905268193,0.5364089909152644,0.6407110765623357,0.8750441895076194,0.8620419074203355,0.8392748237218479,0.8165077400233604,0.7937406563248728,0.7709735726263852,0.7482064889278977,0.6439044032808263,0.5396023176337551,0.4353002319866837,0.3309981463396124
574,0.060485888935644626,0.06862176353916513,0.08286773488598757,0.09711370623281,0.11135967757963244,0.1256056489264549,0.13985162027327736,0.2051162164429092,0.27038081261254104,0.33564540878217297,0.40091000495180484,0.6530761972950729,0.6449403226915524,0.63069435134473,0.6164483799979075,0.602202408651085,0.5879564373042625,0.57371046595744,0.5084458697878081,0.4431812736181763,0.37791667744854435,0.3126520812789125
575,0.04326251605801909,0.04908169821561838,0.059271125452270715,0.06946055268892304,0.07964997992557539,0.08983940716222773,0.10002883439888008,0.1467093195416705,0.19338980468446088,0.24007028982725132,0.28675077497004176,0.499578441059629,0.4937592589020297,0.48356983166537737,0.47338040442872503,0.4631909771920727,0.45300154995542036,0.442812122718768,0.3961316375759776,0.3494511524331872,0.30277066729039676,0.2560901821476063
576,0.031367184720614005,0.03558634204876214,0.04297411500909338,0.050361887969424625,0.057749660929755864,0.0651374338900871,0.07252520685041834,0.10637056615310214,0.14021592545578596,0.17406128475846977,0.20790664406115364,0.38513873965896495,0.3809195823308168,0.3735318093704856,0.36614403641015436,0.35875626344982314,0.3513684904894919,0.3439807175291607,0.3101353582264769,0.27628999892379313,0.24244463962110932,0.20859928031842545
577,0.027541528392130105,0.031246101893993974,0.037732835101129916,0.04421956830826585,0.05070630151540179,0.057193034722537735,0.06367976792967367,0.09339722368731823,0.1231146794449628,0.15283213520260736,0.18254959096025195,0.2947264391013124,0.29102186559944854,0.2845351323923126,0.27804839918517665,0.2715616659780407,0.26507493277090477,0.25858819956376883,0.22887074380612427,0.1991532880484797,0.16943583229083514,0.13971837653319055
578,0.021214760756460276,0.024068329353953997,0.029064947229369295,0.03406156510478459,0.03905818298019989,0.04405480085561519,0.049051418731030486,0.07194225852804301,0.09483309832505553,0.11772393812206808,0.1406147779190806,0.2196416620198345,0.2167880934223408,0.21179147554692548,0.20679485767151018,0.20179823979609487,0.19680162192067957,0.19180500404526427,0.16891416424825173,0.14602332445123922,0.12313248465422667,0.10024164485721414
579,0.017379901386824617,0.01971764826949346,0.023811058840523276,0.02790446941155309,0.03199787998258291,0.03609129055361272,0.04018470112464254,0.058937707246218926,0.07769071336779533,0.09644371948937172,0.11519672561094813,0.1725522635160582,0.17021451663338938,0.16612110606235955,0.16202769549132973,0.1579342849202999,0.15384087434927007,0.14974746377824025,0.13099445765666387,0.11224145153508747,0.09348844541351108,0.07473543929193467
580,0.018861538995962508,0.02139857893702769,0.025840952998510806,0.030283327059993915,0.03472570112147703,0.03916807518296014,0.04361044924444325,0.0639621502340575,0.08431385122367176,0.10466555221328604,0.1250172532029003,0.16219714722554288,0.1596601072844777,0.15521773322299456,0.15077535916151147,0.14633298510002835,0.14189061103854522,0.1374482369770621,0.11709653598744785,0.0967448349978336,0.07639313400821932,0.05604143301860505
581,0.06031042844298219,0.06842270209442457,0.08262734801485494,0.09683199393528533,0.1110366398557157,0.1252412857761461,0.1394459316965765,0.20452120506052845,0.2695964784244804,0.33467175178843245,0.39974702515238447,0.4566317751531136,0.4485195015016712,0.43431485558124083,0.4201102096608105,0.4059055637403801,0.3917009178199497,0.3774962718995193,0.3124209985355673,0.24734572517161535,0.18227045180766333,0.1171951784437113
582,0.30895518501738617,0.35051232648691727,0.4232791617051753,0.4960459969234333,0.5688128321416914,0.6415796673599494,0.7143465025782075,1.0477107919933368,1.3810750814084662,1.7144393708235957,2.0478036602387255,2.1024107163262697,2.0608535748567385,1.9880867396384805,1.9153199044202225,1.8425530692019643,1.7697862339837063,1.6970193987654483,1.363655109350319,1.0302908199351897,0.6969265305200603,0.3635622411049304
583,1.1612949269476076,1.3174991271273024,1.5910137359992662,1.8645283448712298,2.1380429537431938,2.4115575626151577,2.685072171487121,3.9381155800368046,5.191158988586489,6.444202397136173,7.697245805685856,8.797592590406415,8.64138839022672,8.367873781354756,8.094359172482793,7.820844563610829,7.547329954738865,7.273815345866902,6.020771937317218,4.767728528767535,3.514685120217851,2.261641711668167
584,2.8365400828547638,3.218079229059924,3.8861568494030205,4.554234469746118,5.222312090089215,5.890389710432311,6.558467330775408,9.61910918103339,12.679751031291374,15.74039288154936,18.801034731807345,21.40384848736475,21.02230934115959,20.354231720816493,19.686154100473395,19.018076480130297,18.3499988597872,17.6819212394441,14.621279389186117,11.560637538928134,8.499995688670149,5.439353838412163
585,4.187241305649756,4.750461435119857,5.736663683482037,6.722865931844216,7.709068180206397,8.695270428568575,9.681472676930756,14.199528337297998,18.717583997665233,23.23563965803248,27.75369531839972,32.29130966000392,31.72808953053382,30.74188728217164,29.75568503380946,28.76948278544728,27.7832805370851,26.797078288722922,22.27902262835568,17.760966967988445,13.242911307621199,8.724855647253957
586,4.1224380187469025,4.6769415462886,5.647880965838258,6.618820385387915,7.5897598049375725,8.56069922448723,9.53163864403689,13.979771212843394,18.427903781649896,22.876036350456406,27.324168919262913,32.91035711924829,32.35585359170659,31.384914172156932,30.413974752607274,29.443035333057615,28.472095913507957,27.501156493958298,23.053023925151795,18.60489135634529,14.15675878753878,9.708626218732274
587,3.351595880008395,3.8024144805325077,4.591800893015079,5.381187305497649,6.170573717980221,6.959960130462791,7.7493465429453625,11.365736340329079,14.982126137712793,18.59851593509651,22.21490573248023,27.356769827551037,26.905951227026925,26.116564814544354,25.327178402061783,24.537791989579212,23.74840557709664,22.95901916461407,19.34262936723035,15.726239569846637,12.109849772462919,8.493459975079201
588,2.9910124143164416,3.3933294236000933,4.097789222441407,4.80224902128272,5.506708820124034,6.211168618965348,6.915628417806662,10.142946736074473,13.370265054342282,16.597583372610092,19.82490169087791,24.2284335048095,23.82611649552585,23.121656696684536,22.417196897843223,21.71273709900191,21.008277300160596,20.303817501319283,17.076499183051475,13.849180864783666,10.621862546515855,7.394544228248039
589,2.7047846416677372,3.0686015427890947,3.7056473923676854,4.342693241946275,4.979739091524866,5.6167849411034565,6.253830790682048,9.172307818474215,12.090784846266383,15.009261874058554,17.92773890185072,22.802692522038395,22.438875620917038,21.801829771338447,21.164783921759856,20.527738072181265,19.890692222602674,19.253646373024083,16.335169345231915,13.416692317439747,10.498215289647575,7.579738261855409
590,2.20733046474823,2.5042354815337093,3.0241181699939683,3.544000858454227,4.063883546914486,4.583766235374744,5.103648923835004,7.485370246439614,9.867091569044224,12.248812891648836,14.630534214253444,19.724931122724897,19.428026105939416,18.908143417479156,18.388260729018896,17.868378040558635,17.348495352098375,16.828612663638115,14.446891341033504,12.065170018428894,9.683448695824282,7.3017273732196735
591,1.677916042855984,1.903610246250039,2.298802319798513,2.693994393346985,3.0891864668954585,3.484378540443932,3.879570613992405,5.690050956937462,7.500531299882518,9.311011642827577,11.121491985772634,14.871256559632515,14.645562356238461,14.250370282689987,13.855178209141515,13.459986135593041,13.064794062044568,12.669601988496094,10.859121645551037,9.04864130260598,7.238160959660921,5.427680616715864
592,1.1172675321315855,1.2675496673528908,1.5306947005095728,1.7938397336662546,2.0569847668229366,2.3201297999796187,2.583274833136301,3.7888124482913326,4.9943500634463645,6.199887678601396,7.405425293756428,10.033161309414842,9.882879174193537,9.619734141036854,9.356589107880172,9.09344407472349,8.830299041566807,8.567154008410125,7.361616393255093,6.156078778100062,4.95054116294503,3.745003547789998
593,0.6682540838903488,0.7581400312657272,0.9155309318380566,1.0729218324103855,1.2303127329827148,1.3877036335550441,1.5450945341273732,2.2661442482220826,2.987193962316792,3.7082436764115014,4.429293390506211,6.0734388854665,5.983552938091121,5.826162037518792,5.668771136946463,5.5113802363741335,5.3539893358018045,5.196598435229475,4.475548721134766,3.7544990070400566,3.033449292945347,2.3123995788506377
594,0.4397550001969972,0.4989058467966161,0.6024793784527985,0.7060529101089809,0.8096264417651632,0.9131999734213457,1.016773505077528,1.4912714914090162,1.9657694777405041,2.4402674640719924,2.9147654504034803,3.6846018562989733,3.625451009699354,3.5218774780431716,3.418303946386989,3.314730414730807,3.2111568830746244,3.1075833514184423,2.633085365086954,2.158587378755466,1.6840893924239777,1.2095914060924897
595,0.286284866305672,0.32479265405806435,0.39222005033488544,0.4596474466117065,0.5270748428885276,0.5945022391653487,0.6619296354421698,0.9708325302776295,1.2797354251130895,1.5886383199485492,1.8975412147840094,2.22844041223525,2.1899326244828576,2.1225052282060366,2.0550778319292156,1.9876504356523945,1.9202230393755735,1.8527956430987524,1.5438927482632927,1.2349898534278327,0.926086958592373,0.6171840637569128
596,0.1600000684787465,0.18152145994052682,0.21920556165659857,0.25688966337267033,0.2945737650887421,0.33225786680481384,0.3699419685208856,0.5425828942000834,0.7152238198792811,0.887864745558479,1.0605056712376768,1.3303544742870113,1.308833082825231,1.2711489811091592,1.2334648793930874,1.1957807776770155,1.1580966759609437,1.1204125742448718,0.947771648565674,0.7751307228864763,0.6024897972072784,0.4298488715280806
597,0.0966650333943288,0.10966731548161278,0.1324343991801003,0.15520148287858784,0.17796856657707538,0.20073565027556292,0.2235027339740505,0.3278048196211218,0.432106905268193,0.5364089909152644,0.6407110765623357,0.8750441895076194,0.8620419074203355,0.8392748237218479,0.8165077400233604,0.7937406563248728,0.7709735726263852,0.7482064889278977,0.6439044032808263,0.5396023176337551,0.4353002319866837,0.3309981463396124
598,0.060485888935644626,0.06862176353916513,0.08286773488598757,0.09711370623281,0.11135967757963244,0.1256056489264549,0.13985162027327736,0.2051162164429092,0.27038081261254104,0.33564540878217297,0.40091000495180484,0.6530761972950729,0.6449403226915524,0.63069435134473,0.6164483799979075,0.602202408651085,0.5879564373042625,0.57371046595744,0.5084458697878081,0.4431812736181763,0.37791667744854435,0.3126520812789125
599,0.04326251605801909,0.04908169821561838,0.059271125452270715,0.06946055268892304,0.07964997992557539,0.08983940716222773,0.10002883439888008,0.1467093195416705,0.19338980468446088,0.24007028982725132,0.28675077497004176,0.499578441059629,0.4937592589020297,0.48356983166537737,0.47338040442872503,0.4631909771920727,0.45300154995542036,0.442812122718768,0.3961316375759776,0.3494511524331872,0.30277066729039676,0.2560901821476063
600,0.031367184720614005,0.03558634204876214,0.04297411500909338,0.050361887969424625,0.057749660929755864,0.0651374338900871,0.07252520685041834,0.10637056615310214,0.14021592545578596,0.17406128475846977,0.20790664406115364,0.38513873965896495,0.3809195823308168,0.3735318093704856,0.36614403641015436,0.35875626344982314,0.3513684904894919,0.3439807175291607,0.3101353582264769,0.27628999892379313,0.24244463962110932,0.20859928031842545
601,0.027541528392130105,0.031246101893993974,0.037732835101129916,0.04421956830826585,0.05070630151540179,0.057193034722537735,0.06367976792967367,0.09339722368731823,0.1231146794449628,0.15283213520260736,0.18254959096025195,0.2947264391013124,0.29102186559944854,0.2845351323923126,0.27804839918517665,0.2715616659780407,0.26507493277090477,0.25858819956376883,0.22887074380612427,0.1991532880484797,0.16943583229083514,0.13971837653319055
602,0.021214760756460276,0.024068329353953997,0.029064947229369295,0.03406156510478459,0.03905818298019989,0.04405480085561519,0.049051418731030486,0.07194225852804301,0.09483309832505553,0.11772393812206808,0.1406147779190806,0.2196416620198345,0.2167880934223408,0.21179147554692548,0.20679485767151018,0.20179823979609487,0.19680162192067957,0.19180500404526427,0.16891416424825173,0.14602332445123922,0.12313248465422667,0.10024164485721414
603,0.017379901386824617,0.01971764826949346,0.023811058840523276,0.02790446941155309,0.03199787998258291,0.03609129055361272,0.04018470112464254,0.058937707246218926,0.07769071336779533,0.09644371948937172,0.11519672561094813,0.1725522635160582,0.17021451663338938,0.16612110606235955,0.16202769549132973,0.1579342849202999,0.15384087434927007,0.14974746377824025,0.13099445765666387,0.11224145153508747,0.09348844541351108,0.07473543929193467
604,0.018861538995962508,0.02139857893702769,0.025840952998510806,0.030283327059993915,0.03472570112147703,0.03916807518296014,0.04361044924444325,0.0639621502340575,0.08431385122367176,0.10466555221328604,0.1250172532029003,0.16219714722554288,0.1596601072844777,0.15521773322299456,0.15077535916151147,0.14633298510002835,0.14189061103854522,0.1374482369770621,0.11709653598744785,0.0967448349978336,0.07639313400821932,0.05604143301860505
605,0.06031042844298219,0.06842270209442457,0.08262734801485494,0.09683199393528533,0.1110366398557157,0.1252412857761461,0.1394459316965765,0.20452120506052845,0.2695964784244804,0.33467175178843245,0.39974702515238447,0.4566317751531136,0.4485195015016712,0.43431485558124083,0.4201102096608105,0.4059055637403801,0.3917009178199497,0.3774962718995193,0.3124209985355673,0.24734572517161535,0.18227045180766333,0.1171951784437113
606,0.30895518501738617,0.35051232648691727,0.4232791617051753,0.4960459969234333,0.5688128321416914,0.6415796673599494,0.7143465025782075,1.0477107919933368,1.3810750814084662,1.7144393708235957,2.0478036602387255,2.1024107163262697,2.0608535748567385,1.9880867396384805,1.9153199044202225,1.8425530692019643,1.7697862339837063,1.6970193987654483,1.363655109350319,1.0302908199351897,0.6969265305200603,0.3635622411049304
607,1.1612949269476076,1.3174991271273024,1.5910137359992662,1.8645283448712298,2.1380429537431938,2.4115575626151577,2.685072171487121,3.9381155800368046,5.191158988586489,6.444202397136173,7.697245805685856,8.797592590406415,8.64138839022672,8.367873781354756,8.094359172482793,7.820844563610829,7.547329954738865,7.273815345866902,6.020771937317218,4.767728528767535,3.514685120217851,2.261641711668167
608,2.8365400828547638,3.218079229059924,3.8861568494030205,4.554234469746118,5.222312090089215,5.890389710432311,6.558467330775408,9.61910918103339,12.679751031291374,15.74039288154936,18.801034731807345,21.40384848736475,21.02230934115959,20.354231720816493,19.686154100473395,19.018076480130297,18.3499988597872,17.6819212394441,14.621279389186117,11.560637538928134,8.499995688670149,5.439353838412163
609,4.187241305649756,4.750461435119857,5.736663683482037,6.722865931844216,7.709068180206397,8.695270428568575,9.681472676930756,14.199528337297998,18.717583997665233,23.23563965803248,27.75369531839972,32.29130966000392,31.72808953053382,30.74188728217164,29.75568503380946,28.76948278544728,27.7832805370851,26.797078288722922,22.27902262835568,17.760966967988445,13.242911307621199,8.724855647253957
610,4.1224380187469025,4.6769415462886,5.647880965838258,6.618820385387915,7.5897598049375725,8.56069922448723,9.53163864403689,13.979771212843394,18.427903781649896,22.876036350456406,27.324168919262913,32.91035711924829,32.35585359170659,31.384914172156932,30.413974752607274,29.443035333057615,28.472095913507957,27.501156493958298,23.053023925151795,18.60489135634529,14.15675878753878,9.708626218732274
611,3.351595880008395,3.8024144805325077,4.591800893015079,5.381187305497649,6.170573717980221,6.959960130462791,7.7493465429453625,11.365736340329079,14.982126137712793,18.59851593509651,22.21490573248023,27.356769827551037,26.905951227026925,26.116564814544354,25.327178402061783,24.537791989579212,23.74840557709664,22.95901916461407,19.34262936723035,15.726239569846637,12.109849772462919,8.493459975079201
612,2.9910124143164416,3.3933294236000933,4.097789222441407,4.80224902128272,5.506708820124034,6.211168618965348,6.915628417806662,10.142946736074473,13.370265054342282,16.597583372610092,19.82490169087791,24.2284335048095,23.82611649552585,23.121656696684536,22.417196897843223,21.71273709900191,21.008277300160596,20.303817501319283,17.076499183051475,13.849180864783666,10.621862546515855,7.394544228248039
613,2.7047846416677372,3.0686015427890947,3.7056473923676854,4.342693241946275,4.979739091524866,5.6167849411034565,6.253830790682048,9.172307818474215,12.090784846266383,15.009261874058554,17.92773890185072,22.802692522038395,22.438875620917038,21.801829771338447,21.164783921759856,20.527738072181265,19.890692222602674,19.253646373024083,16.335169345231915,13.416692317439747,10.498215289647575,7.579738261855409
614,2.20733046474823,2.5042354815337093,3.0241181699939683,3.544000858454227,4.063883546914486,4.583766235374744,5.103648923835004,7.485370246439614,9.867091569044224,12.248812891648836,14.630534214253444,19.724931122724897,19.428026105939416,18.908143417479156,18.388260729018896,17.868378040558635,17.348495352098375,16.828612663638115,14.446891341033504,12.065170018428894,9.683448695824282,7.3017273732196735
615,1.677916042855984,1.903610246250039,2.298802319798513,2.693994393346985,3.0891864668954585,3.484378540443932,3.879570613992405,5.690050956937462,7.500531299882518,9.311011642827577,11.121491985772634,14.871256559632515,14.645562356238461,14.250370282689987,13.855178209141515,13.459986135593041,13.064794062044568,12.669601988496094,10.859121645551037,9.04864130260598,7.238160959660921,5.427680616715864
616,1.1172675321315855,1.2675496673528908,1.5306947005095728,1.7938397336662546,2.0569847668229366,2.3201297999796187,2.583274833136301,3.7888124482913326,4.9943500634463645,6.199887678601396,7.405425293756428,10.033161309414842,9.882879174193537,9.619734141036854,9.356589107880172,9.09344407472349,8.830299041566807,8.567154008410125,7.361616393255093,6.156078778100062,4.95054116294503,3.745003547789998
617,0.6682540838903488,0.7581400312657272,0.9155309318380566,1.0729218324103855,1.2303127329827148,1.3877036335550441,1.5450945341273732,2.2661442482220826,2.987193962316792,3.7082436764115014,4.429293390506211,6.0734388854665,5.983552938091121,5.826162037518792,5.668771136946463,5.5113802363741335,5.3539893358018045,5.196598435229475,4.475548721134766,3.7544990070400566,3.033449292945347,2.3123995788506377
618,0.4397550001969972,0.4989058467966161,0.6024793784527985,0.7060529101089809,0.8096264417651632,0.9131999734213457,1.016773505077528,1.4912714914090162,1.9657694777405041,2.4402674640719924,2.9147654504034803,3.6846018562989733,3.625451009699354,3.5218774780431716,3.418303946386989,3.314730414730807,3.2111568830746244,3.1075833514184423,2.633085365086954,2.158587378755466,1.6840893924239777,1.2095914060924897
619,0.286284866305672,0.32479265405806435,0.39222005033488544,0.4596474466117065,0.5270748428885276,0.5945022391653487,0.6619296354421698,0.9708325302776295,1.2797354251130895,1.5886383199485492,1.8975412147840094,2.22844041223525,2.1899326244828576,2.1225052282060366,2.0550778319292156,1.9876504356523945,1.9202230393755735,1.8527956430987524,1.5438927482632927,1.2349898534278327,0.926086958592373,0.6171840637569128
620,0.1600000684787465,0.18152145994052682,0.21920556165659857,0.25688966337267033,0.2945737650887421,0.33225786680481384,0.3699419685208856,0.5425828942000834,0.7152238198792811,0.887864745558479,1.0605056712376768,1.3303544742870113,1.308833082825231,1.2711489811091592,1.2334648793930874,1.1957807776770155,1.1580966759609437,1.1204125742448718,0.947771648565674,0.7751307228864763,0.6024897972072784,0.4298488715280806
621,0.0966650333943288,0.10966731548161278,0.1324343991801003,0.15520148287858784,0.17796856657707538,0.20073565027556292,0.2235027339740505,0.3278048196211218,0.432106905268193,0.5364089909152644,0.6407110765623357,0.8750441895076194,0.8620419074203355,0.8392748237218479,0.8165077400233604,0.7937406563248728,0.7709735726263852,0.7482064889278977,0.6439044032808263,0.5396023176337551,0.4353002319866837,0.3309981463396124
622,0.060485888935644626,0.06862176353916513,0.08286773488598757,0.09711370623281,0.11135967757963244,0.1256056489264549,0.13985162027327736,0.2051162164429092,0.27038081261254104,0.33564540878217297,0.40091000495180484,0.6530761972950729,0.6449403226915524,0.63069435134473,0.6164483799979075,0.602202408651085,0.5879564373042625,0.57371046595744,0.5084458697878081,0.4431812736181763,0.37791667744854435,0.3126520812789125
623,0.04326251605801909,0.04908169821561838,0.059271125452270715,0.06946055268892304,0.07964997992557539,0.08983940716222773,0.10002883439888008,0.1467093195416705,0.19338980468446088,0.24007028982725132,0.28675077497004176,0.499578441059629,0.4937592589020297,0.48356983166537737,0.47338040442872503,0.4631909771920727,0.45300154995542036,0.442812122718768,0.3961316375759776,0.3494511524331872,0.30277066729039676,0.2560901821476063
624,0.06656898268586907,0.07552308595105217,0.09120178120737912,0.10688047646370606,0.12255917172003303,0.13823786697635998,0.1539165622326869,0.2257448489433112,0.29757313565393556,0.36940142236455986,0.44122970907518416,0.4271966781704077,0.4182425749052246,0.4025638796488976,0.3868851843925707,0.3712064891362437,0.35552779387991673,0.3398490986235898,0.2680208119129655,0.19619252520234115,0.12436423849171685,0.05253595178109255
625,0.056639086305014866,0.06425753272192815,0.07759748382143074,0.09093743492093335,0.10427738602043597,0.11761733711993858,0.1309572882194412,0.19207116387144205,0.25318503952344296,0.31429891517544384,0.3754127908274448,0.3168441383691494,0.3092256919522361,0.2958857408527335,0.28254578975323086,0.26920583865372827,0.2558658875542257,0.24252593645472306,0.1814120608027222,0.1202981851507213,0.05918430949872042,-0.0019295661532805208
626,0.03392680220936796,0.038490250202461725,0.046480878441028384,0.05447150667959503,0.06246213491816169,0.07045276315672834,0.07844339139529499,0.1150505915949522,0.15165779179460942,0.18826499199426663,0.22487219219392388,0.22601923126692836,0.22145578327383458,0.21346515503526792,0.20547452679670128,0.1974838985581346,0.18949327031956797,0.1815026420810013,0.1448954418813441,0.10828824168168688,0.07168104148202967,0.035073841282372425
627,0.0236676925723058,0.026851201690074235,0.03242554764354464,0.03799989359701504,0.043574239550485436,0.049148585503955844,0.05472293145742625,0.08026049774238261,0.10579806402733898,0.13133563031229536,0.15687319659725174,0.20284547879051973,0.1996619696727513,0.1940876237192809,0.1885132777658105,0.1829389318123401,0.17736458585886972,0.17179023990539932,0.14625267362044297,0.12071510733548661,0.09517754105053022,0.06963997476557385
628,0.02469635730095266,0.028018230711428102,0.03383485347536883,0.03965147623930954,0.04546809900325027,0.051284721767191,0.05710134453113172,0.08374884553458932,0.11039634653804692,0.1370438475415045,0.16369134854496212,0.2086410790622131,0.20531920565173767,0.19950258288779693,0.19368596012385622,0.18786933735991548,0.18205271459597477,0.17623609183203404,0.14958859082857645,0.12294108982511885,0.09629358882166127,0.06964608781820365
629,0.018530992112733714,0.02102357064238779,0.025388092472381524,0.02975261430237525,0.03411713613236898,0.03848165796236271,0.04284617979235644,0.06284121893523797,0.08283625807811949,0.10283129722100104,0.12282633636388257,0.23076451461001737,0.2282719360803633,0.22390741425036959,0.21954289242037586,0.21517837059038214,0.21081384876038842,0.2064493269303947,0.18645428778751316,0.16645924864463163,0.1464642095017501,0.12646917035886857
630,0.022723898938375474,0.025780459658883387,0.031132518111866028,0.036484576564848666,0.0418366350178313,0.04718869347081395,0.05254075192379659,0.0770599598532782,0.10157916778275981,0.12609837571224142,0.15061758364172306,0.3411068640072945,0.3380503032867866,0.33269824483380395,0.3273461863808213,0.32199412792783866,0.316642069474856,0.31129001102187337,0.2867708030923918,0.2622515951629102,0.2377323872334286,0.21321317930394695
631,0.05954035988303085,0.0675490526604855,0.08157232777140645,0.0955956028823274,0.10961887799324835,0.12364215310416929,0.13766542821509023,0.20190979350324906,0.2661541587914079,0.33039852407956677,0.3946428893677256,0.5323949645104806,0.524386271733026,0.510362996622105,0.4963397215111841,0.48231644640026317,0.4682931712893422,0.4542698961784213,0.3900255308902625,0.32578116560210363,0.2615368003139448,0.19729243502578592
632,0.09422208070711786,0.10689576455313886,0.129087470513181,0.15127917647322317,0.17347088243326533,0.1956625883933075,0.21785429435334966,0.31952042104539957,0.42118654773744957,0.5228526744294996,0.6245188011215496,0.7630054397344619,0.7503317558884409,0.7281400499283988,0.7059483439683566,0.6837566380083144,0.6615649320482723,0.6393732260882301,0.5377070993961802,0.4360409727041302,0.33437484601208023,0.23270871932003023
633,0.11060462621291975,0.12548190395938727,0.1515321177130734,0.17758233146675953,0.2036325452204457,0.22968275897413182,0.255732972727818,0.37507595323620807,0.49441893374459817,0.6137619142529884,0.7331048947613785,1.04243040931092,1.0275531315644524,1.0015029178107662,0.9754527040570801,0.949402490303394,0.9233522765497079,0.8973020627960218,0.7779590822876317,0.6586161017792416,0.5392731212708513,0.41993014076246116
634,0.14593538259187422,0.16556495229609972,0.19993646134515083,0.23430797039420195,0.2686794794432531,0.3030509884923042,0.3374224975413554,0.4948875522726021,0.6523526070038489,0.8098176617350957,0.9672827164663426,1.3368623237393928,1.3172327540351674,1.2828612449861163,1.2484897359370652,1.2141182268880142,1.1797467178389631,1.145375208789912,0.9879101540586653,0.8304450993274186,0.6729800445961718,0.5155149898649249
635,0.17412844867806587,0.1975502293326846,0.2385619253527876,0.2795736213728906,0.3205853173929936,0.3615970134130966,0.40260870943319965,0.5904942325625675,0.7783797556919354,0.9662652788213034,1.1541508019506714,1.6963697765134498,1.6729479958588311,1.6319362998387281,1.590924603818625,1.549912907798522,1.508901211778419,1.467889515758316,1.2800039926289482,1.0921184694995802,0.9042329463702122,0.7163474232408442
636,0.20258246617249245,0.22983155799628885,0.277544901707457,0.32525824541862514,0.3729715891297932,0.4206849328409614,0.46839827655212957,0.6869858360383282,0.9055733955245269,1.1241609550107257,1.3427485144969247,1.9211150761464808,1.8938659843226844,1.8461526406115163,1.7984392969003482,1.7507259531891801,1.7030126094780118,1.6552992657668437,1.4367117062806452,1.2181241467944464,0.9995365873082476,0.7809490278220486
637,0.22682064156334378,0.25732997737244256,0.31075203030808307,0.3641740832437235,0.4175961361793641,0.4710181891150046,0.5244402420506451,0.769180921820084,1.013921601589523,1.2586622813589619,1.5034029611284008,2.0428941262432594,2.0123847904341607,1.9589627374985201,1.9055406845628797,1.852118631627239,1.7986965786915987,1.745274525755958,1.5005338459865192,1.2557931662170803,1.0110524864476413,0.7663118066782024
638,0.28713168866453304,0.3257533813399477,0.3933802259058238,0.46100707047169975,0.5286339150375757,0.5962607596034519,0.6638876041693279,0.9737042248382178,1.2835208455071077,1.5933374661759976,1.9031540868448875,2.133676930271694,2.095055237596279,2.027428393030403,1.9598015484645268,1.8921747038986507,1.8245478593327746,1.7569210147668985,1.4471043940980086,1.1372877734291187,0.8274711527602288,0.5176545320913388
639,0.3067951188581142,0.3480617127682659,0.42031979724889373,0.49257788172952155,0.5648359662101494,0.6370940506907772,0.709352135171405,1.040385701701159,1.3714192682309132,1.7024528347606676,2.0334864012904217,2.1612776545091203,2.120011060598969,2.047752976118341,1.975494891637713,1.9032368071570853,1.8309787226764576,1.7587206381958298,1.427687071666076,1.0966535051363218,0.7656199386065674,0.4345863720768133
640,0.27598175878396375,0.31310368956544515,0.3781044409318533,0.44310519229826134,0.5081059436646694,0.5731066950310776,0.6381074463974856,0.9358932333664804,1.233679020335475,1.53146480730447,1.829250594273465,1.9097257114610804,1.872603780679599,1.8076030293131908,1.7426022779467827,1.6776015265803745,1.6126007752139664,1.5476000238475582,1.2498142368785634,0.9520284499095688,0.6542426629405738,0.35645687597157893
641,0.2253108014307007,0.2556170506983482,0.3086834977291007,0.36174994475985317,0.4148163917906057,0.46788283882135817,0.5209492858521106,0.7640608400805081,1.0071723943089055,1.2502839485373032,1.4933955027657007,1.6192575536297766,1.588951304362129,1.5358848573313766,1.4828184103006241,1.4297519632698716,1.3766855162391192,1.3236190692083667,1.0805075149799692,0.8373959607515719,0.5942844065231742,0.3511728522947767
642,0.181071206183045,0.20542684770103406,0.24807374039633354,0.290720633091633,0.3333675257869325,0.376014418482232,0.41866131117753147,0.6140381066158548,0.809414902054178,1.0047916974925013,1.200168492930825,1.489569188741577,1.4652135472235879,1.4225666545282885,1.379919761832989,1.3372728691376894,1.29462597644239,1.2519790837470905,1.0566022883087673,0.8612254928704441,0.6658486974321208,0.4704719019937972
643,0.1371027565822645,0.15554426178254532,0.18783546186591396,0.22012666194928254,0.2524178620326512,0.2847090621160198,0.3170002621993884,0.464934866444111,0.6128694706888336,0.7608040749335562,0.9087386791782788,1.2544431595756709,1.23600165437539,1.2037104542920214,1.1714192542086528,1.1391280541252842,1.1068368540419156,1.074545653958547,0.9266110497138245,0.7786764454691019,0.6307418412243793,0.48280723697965666
644,0.12288693681507708,0.1394162914452449,0.16835930297358676,0.19730231450192862,0.22624532603027048,0.25518833755861237,0.28413134908695425,0.4167270081222759,0.5493226671575976,0.6819183261929194,0.8145139852282411,0.965950353268064,0.9494209986378962,0.9204779871095543,0.8915349755812124,0.8625919640528705,0.8336489525245286,0.8047059409961868,0.6721102819608651,0.5395146229255434,0.40691896389022164,0.27432330485489986
645,0.10407025709033581,0.11806860573895996,0.14257980870966933,0.16709101168037868,0.19160221465108804,0.2161134176217974,0.24062462059250678,0.3529169820306787,0.4652093434688507,0.5775017049070227,0.6897940663451948,0.756275578156249,0.7422772295076249,0.7177660265369155,0.6932548235662062,0.6687436205954969,0.6442324176247876,0.6197212146540781,0.5074288532159061,0.3951364917777342,0.2828441303395622,0.17055176890139007
646,0.09174496304809825,0.10408545316899447,0.1256937346673304,0.14730201616566632,0.16891029766400223,0.19051857916233816,0.21212686066067407,0.3111201642112374,0.4101134677618008,0.5091067713123641,0.6081000748629275,0.6380177307790044,0.6256772406581081,0.6040689591597722,0.5824606776614363,0.5608523961631003,0.5392441146647644,0.5176358331664285,0.4186425296158651,0.3196492260653017,0.22065592251473837,0.12166261896417502
647,0.0756798511426919,0.0858594449247251,0.10368398234795255,0.12150851977117999,0.13933305719440744,0.15715759461763487,0.17498213204086233,0.2566410943198301,0.33830005659879786,0.4199590188777657,0.5016179811567335,0.5589042903878931,0.54872469660586,0.5309001591826326,0.5130756217594051,0.4952510843361777,0.4774265469129503,0.45960200948972285,0.37794304721075506,0.2962840849317873,0.21462512265281947,0.13296616037385167
648,0.06656898268586907,0.07552308595105217,0.09120178120737912,0.10688047646370606,0.12255917172003303,0.13823786697635998,0.1539165622326869,0.2257448489433112,0.29757313565393556,0.36940142236455986,0.44122970907518416,0.4271966781704077,0.4182425749052246,0.4025638796488976,0.3868851843925707,0.3712064891362437,0.35552779387991673,0.3398490986235898,0.2680208119129655,0.19619252520234115,0.12436423849171685,0.05253595178109255
649,0.056639086305014866,0.06425753272192815,0.07759748382143074,0.09093743492093335,0.10427738602043597,0.11761733711993858,0.1309572882194412,0.19207116387144205,0.25318503952344296,0.31429891517544384,0.3754127908274448,0.3168441383691494,0.3092256919522361,0.2958857408527335,0.28254578975323086,0.26920583865372827,0.2558658875542257,0.24252593645472306,0.1814120608027222,0.1202981851507213,0.05918430949872042,-0.0019295661532805208
650,0.03392680220936796,0.038490250202461725,0.046480878441028384,0.05447150667959503,0.06246213491816169,0.07045276315672834,0.07844339139529499,0.1150505915949522,0.15165779179460942,0.18826499199426663,0.22487219219392388,0.22601923126692836,0.22145578327383458,0.21346515503526792,0.20547452679670128,0.1974838985581346,0.18949327031956797,0.1815026420810013,0.1448954418813441,0.10828824168168688,0.07168104148202967,0.035073841282372425
651,0.0236676925723058,0.026851201690074235,0.03242554764354464,0.03799989359701504,0.043574239550485436,0.049148585503955844,0.05472293145742625,0.08026049774238261,0.10579806402733898,0.13133563031229536,0.15687319659725174,0.20284547879051973,0.1996619696727513,0.1940876237192809,0.1885132777658105,0.1829389318123401,0.17736458585886972,0.17179023990539932,0.14625267362044297,0.12071510733548661,0.09517754105053022,0.06963997476557385
652,0.02469635730095266,0.028018230711428102,0.03383485347536883,0.03965147623930954,0.04546809900325027,0.051284721767191,0.05710134453113172,0.08374884553458932,0.11039634653804692,0.1370438475415045,0.16369134854496212,0.2086410790622131,0.20531920565173767,0.19950258288779693,0.19368596012385622,0.18786933735991548,0.18205271459597477,0.17623609183203404,0.14958859082857645,0.12294108982511885,0.09629358882166127,0.06964608781820365
653,0.018530992112733714,0.02102357064238779,0.025388092472381524,0.02975261430237525,0.03411713613236898,0.03848165796236271,0.04284617979235644,0.06284121893523797,0.08283625807811949,0.10283129722100104,0.12282633636388257,0.23076451461001737,0.2282719360803633,0.22390741425036959,0.21954289242037586,0.21517837059038214,0.21081384876038842,0.2064493269303947,0.18645428778751316,0.16645924864463163,0.1464642095017501,0.12646917035886857
654,0.022723898938375474,0.025780459658883387,0.031132518111866028,0.036484576564848666,0.0418366350178313,0.04718869347081395,0.05254075192379659,0.0770599598532782,0.10157916778275981,0.12609837571224142,0.15061758364172306,0.3411068640072945,0.3380503032867866,0.33269824483380395,0.3273461863808213,0.32199412792783866,0.316642069474856,0.31129001102187337,0.2867708030923918,0.2622515951629102,0.2377323872334286,0.21321317930394695
655,0.05954035988303085,0.0675490526604855,0.08157232777140645,0.0955956028823274,0.10961887799324835,0.12364215310416929,0.13766542821509023,0.20190979350324906,0.2661541587914079,0.33039852407956677,0.3946428893677256,0.5323949645104806,0.524386271733026,0.510362996622105,0.4963397215111841,0.48231644640026317,0.4682931712893422,0.4542698961784213,0.3900255308902625,0.32578116560210363,0.2615368003139448,0.19729243502578592
656,0.09422208070711786,0.10689576455313886,0.129087470513181,0.15127917647322317,0.17347088243326533,0.1956625883933075,0.21785429435334966,0.31952042104539957,0.42118654773744957,0.5228526744294996,0.6245188011215496,0.7630054397344619,0.7503317558884409,0.7281400499283988,0.7059483439683566,0.6837566380083144,0.6615649320482723,0.6393732260882301,0.5377070993961802,0.4360409727041302,0.33437484601208023,0.23270871932003023
657,0.11060462621291975,0.12548190395938727,0.1515321177130734,0.17758233146675953,0.2036325452204457,0.22968275897413182,0.255732972727818,0.37507595323620807,0.49441893374459817,0.6137619142529884,0.7331048947613785,1.04243040931092,1.0275531315644524,1.0015029178107662,0.9754527040570801,0.949402490303394,0.9233522765497079,0.8973020627960218,0.7779590822876317,0.6586161017792416,0.5392731212708513,0.41993014076246116
658,0.14593538259187422,0.16556495229609972,0.19993646134515083,0.23430797039420195,0.2686794794432531,0.3030509884923042,0.3374224975413554,0.4948875522726021,0.6523526070038489,0.8098176617350957,0.9672827164663426,1.3368623237393928,1.3172327540351674,1.2828612449861163,1.2484897359370652,1.2141182268880142,1.1797467178389631,1.145375208789912,0.9879101540586653,0.8304450993274186,0.6729800445961718,0.5155149898649249
659,0.17412844867806587,0.1975502293326846,0.2385619253527876,0.2795736213728906,0.3205853173929936,0.3615970134130966,0.40260870943319965,0.5904942325625675,0.7783797556919354,0.9662652788213034,1.1541508019506714,1.6963697765134498,1.6729479958588311,1.6319362998387281,1.590924603818625,1.549912907798522,1.508901211778419,1.467889515758316,1.2800039926289482,1.0921184694995802,0.9042329463702122,0.7163474232408442
660,0.20258246617249245,0.22983155799628885,0.277544901707457,0.32525824541862514,0.3729715891297932,0.4206849328409614,0.46839827655212957,0.6869858360383282,0.9055733955245269,1.1241609550107257,1.3427485144969247,1.9211150761464808,1.8938659843226844,1.8461526406115163,1.7984392969003482,1.7507259531891801,1.7030126094780118,1.6552992657668437,1.4367117062806452,1.2181241467944464,0.9995365873082476,0.7809490278220486
661,0.22682064156334378,0.25732997737244256,0.31075203030808307,0.3641740832437235,0.4175961361793641,0.4710181891150046,0.5244402420506451,0.769180921820084,1.013921601589523,1.2586622813589619,1.5034029611284008,2.0428941262432594,2.0123847904341607,1.9589627374985201,1.9055406845628797,1.852118631627239,1.7986965786915987,1.745274525755958,1.5005338459865192,1.2557931662170803,1.0110524864476413,0.7663118066782024
662,0.28713168866453304,0.3257533813399477,0.3933802259058238,0.46100707047169975,0.5286339150375757,0.5962607596034519,0.6638876041693279,0.9737042248382178,1.2835208455071077,1.5933374661759976,1.9031540868448875,2.133676930271694,2.095055237596279,2.027428393030403,1.9598015484645268,1.8921747038986507,1.8245478593327746,1.7569210147668985,1.4471043940980086,1.1372877734291187,0.8274711527602288,0.5176545320913388
663,0.3067951188581142,0.3480617127682659,0.42031979724889373,0.49257788172952155,0.5648359662101494,0.6370940506907772,0.709352135171405,1.040385701701159,1.3714192682309132,1.7024528347606676,2.0334864012904217,2.1612776545091203,2.120011060598969,2.047752976118341,1.975494891637713,1.9032368071570853,1.8309787226764576,1.7587206381958298,1.427687071666076,1.0966535051363218,0.7656199386065674,0.4345863720768133
664,0.27598175878396375,0.31310368956544515,0.3781044409318533,0.44310519229826134,0.5081059436646694,0.5731066950310776,0.6381074463974856,0.9358932333664804,1.233679020335475,1.53146480730447,1.829250594273465,1.9097257114610804,1.872603780679599,1.8076030293131908,1.7426022779467827,1.6776015265803745,1.6126007752139664,1.5476000238475582,1.2498142368785634,0.9520284499095688,0.6542426629405738,0.35645687597157893
665,0.2253108014307007,0.2556170506983482,0.3086834977291007,0.36174994475985317,0.4148163917906057,0.46788283882135817,0.5209492858521106,0.7640608400805081,1.0071723943089055,1.2502839485373032,1.4933955027657007,1.6192575536297766,1.588951304362129,1.5358848573313766,1.4828184103006241,1.4297519632698716,1.3766855162391192,1.3236190692083667,1.0805075149799692,0.8373959607515719,0.5942844065231742,0.3511728522947767
666,0.181071206183045,0.20542684770103406,0.24807374039633354,0.290720633091633,0.3333675257869325,0.376014418482232,0.41866131117753147,0.6140381066158548,0.809414902054178,1.0047916974925013,1.200168492930825,1.489569188741577,1.4652135472235879,1.4225666545282885,1.379919761832989,1.3372728691376894,1.29462597644239,1.2519790837470905,1.0566022883087673,0.8612254928704441,0.6658486974321208,0.4704719019937972
667,0.1371027565822645,0.15554426178254532,0.18783546186591396,0.22012666194928254,0.2524178620326512,0.2847090621160198,0.3170002621993884,0.464934866444111,0.6128694706888336,0.7608040749335562,0.9087386791782788,1.2544431595756709,1.23600165437539,1.2037104542920214,1.1714192542086528,1.1391280541252842,1.1068368540419156,1.074545653958547,0.9266110497138245,0.7786764454691019,0.6307418412243793,0.48280723697965666
668,0.12288693681507708,0.1394162914452449,0.16835930297358676,0.19730231450192862,0.22624532603027048,0.25518833755861237,0.28413134908695425,0.4167270081222759,0.5493226671575976,0.6819183261929194,0.8145139852282411,0.965950353268064,0.9494209986378962,0.9204779871095543,0.8915349755812124,0.8625919640528705,0.8336489525245286,0.8047059409961868,0.6721102819608651,0.5395146229255434,0.40691896389022164,0.27432330485489986
669,0.10407025709033581,0.11806860573895996,0.14257980870966933,0.16709101168037868,0.19160221465108804,0.2161134176217974,0.24062462059250678,0.3529169820306787,0.4652093434688507,0.5775017049070227,0.6897940663451948,0.756275578156249,0.7422772295076249,0.7177660265369155,0.6932548235662062,0.6687436205954969,0.6442324176247876,0.6197212146540781,0.5074288532159061,0.3951364917777342,0.2828441303395622,0.17055176890139007
670,0.09174496304809825,0.10408545316899447,0.1256937346673304,0.14730201616566632,0.16891029766400223,0.19051857916233816,0.21212686066067407,0.3111201642112374,0.4101134677618008,0.5091067713123641,0.6081000748629275,0.6380177307790044,0.6256772406581081,0.6040689591597722,0.5824606776614363,0.5608523961631003,0.5392441146647644,0.5176358331664285,0.4186425296158651,0.3196492260653017,0.22065592251473837,0.12166261896417502
671,0.0756798511426919,0.0858594449247251,0.10368398234795255,0.12150851977117999,0.13933305719440744,0.15715759461763487,0.17498213204086233,0.2566410943198301,0.33830005659879786,0.4199590188777657,0.5016179811567335,0.5589042903878931,0.54872469660586,0.5309001591826326,0.5130756217594051,0.4952510843361777,0.4774265469129503,0.45960200948972285,0.37794304721075506,0.2962840849317873,0.21462512265281947,0.13296616037385167
672,0.031367184720614005,0.03558634204876214,0.04297411500909338,0.050361887969424625,0.057749660929755864,0.0651374338900871,0.07252520685041834,0.10637056615310214,0.14021592545578596,0.17406128475846977,0.20790664406115364,0.38513873965896495,0.3809195823308168,0.3735318093704856,0.36614403641015436,0.35875626344982314,0.3513684904894919,0.3439807175291607,0.3101353582264769,0.27628999892379313,0.24244463962110932,0.20859928031842545
673,0.027541528392130105,0.031246101893993974,0.037732835101129916,0.04421956830826585,0.05070630151540179,0.057193034722537735,0.06367976792967367,0.09339722368731823,0.1231146794449628,0.15283213520260736,0.18254959096025195,0.2947264391013124,0.29102186559944854,0.2845351323923126,0.27804839918517665,0.2715616659780407,0.26507493277090477,0.25858819956376883,0.22887074380612427,0.1991532880484797,0.16943583229083514,0.13971837653319055
674,0.021214760756460276,0.024068329353953997,0.029064947229369295,0.03406156510478459,0.03905818298019989,0.04405480085561519,0.049051418731030486,0.07194225852804301,0.09483309832505553,0.11772393812206808,0.1406147779190806,0.2196416620198345,0.2167880934223408,0.21179147554692548,0.20679485767151018,0.20179823979609487,0.19680162192067957,0.19180500404526427,0.16891416424825173,0.14602332445123922,0.12313248465422667,0.10024164485721414
675,0.017379901386824617,0.01971764826949346,0.023811058840523276,0.02790446941155309,0.03199787998258291,0.03609129055361272,0.04018470112464254,0.058937707246218926,0.07769071336779533,0.09644371948937172,0.11519672561094813,0.1725522635160582,0.17021451663338938,0.16612110606235955,0.16202769549132973,0.1579342849202999,0.15384087434927007,0.14974746377824025,0.13099445765666387,0.11224145153508747,0.09348844541351108,0.07473543929193467
676,0.018861538995962508,0.02139857893702769,0.025840952998510806,0.030283327059993915,0.03472570112147703,0.03916807518296014,0.04361044924444325,0.0639621502340575,0.08431385122367176,0.10466555221328604,0.1250172532029003,0.16219714722554288,0.1596601072844777,0.15521773322299456,0.15077535916151147,0.14633298510002835,0.14189061103854522,0.1374482369770621,0.11709653598744785,0.0967448349978336,0.07639313400821932,0.05604143301860505
677,0.06031042844298219,0.06842270209442457,0.08262734801485494,0.09683199393528533,0.1110366398557157,0.1252412857761461,0.1394459316965765,0.20452120506052845,0.2695964784244804,0.33467175178843245,0.39974702515238447,0.4566317751531136,0.4485195015016712,0.43431485558124083,0.4201102096608105,0.4059055637403801,0.3917009178199497,0.3774962718995193,0.3124209985355673,0.24734572517161535,0.18227045180766333,0.1171951784437113
678,0.30895518501738617,0.35051232648691727,0.4232791617051753,0.4960459969234333,0.5688128321416914,0.6415796673599494,0.7143465025782075,1.0477107919933368,1.3810750814084662,1.7144393708235957,2.0478036602387255,2.1024107163262697,2.0608535748567385,1.9880867396384805,1.9153199044202225,1.8425530692019643,1.7697862339837063,1.6970193987654483,1.363655109350319,1.0302908199351897,0.6969265305200603,0.3635622411049304
679,1.1612949269476076,1.3174991271273024,1.5910137359992662,1.8645283448712298,2.1380429537431938,2.4115575626151577,2.685072171487121,3.9381155800368046,5.191158988586489,6.444202397136173,7.697245805685856,8.797592590406415,8.64138839022672,8.367873781354756,8.094359172482793,7.820844563610829,7.547329954738865,7.273815345866902,6.020771937317218,4.767728528767535,3.514685120217851,2.261641711668167
680,2.8365400828547638,3.218079229059924,3.8861568494030205,4.554234469746118,5.222312090089215,5.890389710432311,6.558467330775408,9.61910918103339,12.679751031291374,15.74039288154936,18.801034731807345,21.40384848736475,21.02230934115959,20.354231720816493,19.686154100473395,19.018076480130297,18.3499988597872,17.6819212394441,14.621279389186117,11.560637538928134,8.499995688670149,5.439353838412163
681,4.187241305649756,4.750461435119857,5.736663683482037,6.722865931844216,7.709068180206397,8.695270428568575,9.681472676930756,14.199528337297998,18.717583997665233,23.23563965803248,27.75369531839972,32.29130966000392,31.72808953053382,30.74188728217164,29.75568503380946,28.76948278544728,27.7832805370851,26.797078288722922,22.27902262835568,17.760966967988445,13.242911307621199,8.724855647253957
682,4.1224380187469025,4.6769415462886,5.647880965838258,6.618820385387915,7.5897598049375725,8.56069922448723,9.53163864403689,13.979771212843394,18.427903781649896,22.876036350456406,27.324168919262913,32.91035711924829,32.35585359170659,31.384914172156932,30.413974752607274,29.443035333057615,28.472095913507957,27.501156493958298,23.053023925151795,18.60489135634529,14.15675878753878,9.708626218732274
683,3.351595880008395,3.8024144805325077,4.591800893015079,5.381187305497649,6.170573717980221,6.959960130462791,7.7493465429453625,11.365736340329079,14.982126137712793,18.59851593509651,22.21490573248023,27.356769827551037,26.905951227026925,26.116564814544354,25.327178402061783,24.537791989579212,23.74840557709664,22.95901916461407,19.34262936723035,15.726239569846637,12.109849772462919,8.493459975079201
684,2.9910124143164416,3.3933294236000933,4.097789222441407,4.80224902128272,5.506708820124034,6.211168618965348,6.915628417806662,10.142946736074473,13.370265054342282,16.597583372610092,19.82490169087791,24.2284335048095,23.82611649552585,23.121656696684536,22.417196897843223,21.71273709900191,21.008277300160596,20.303817501319283,17.076499183051475,13.849180864783666,10.621862546515855,7.394544228248039
685,2.7047846416677372,3.0686015427890947,3.7056473923676854,4.342693241946275,4.979739091524866,5.6167849411034565,6.253830790682048,9.172307818474215,12.090784846266383,15.009261874058554,17.92773890185072,22.802692522038395,22.438875620917038,21.801829771338447,21.164783921759856,20.527738072181265,19.890692222602674,19.253646373024083,16.335169345231915,13.416692317439747,10.498215289647575,7.579738261855409
686,2.20733046474823,2.5042354815337093,3.0241181699939683,3.544000858454227,4.063883546914486,4.583766235374744,5.103648923835004,7.485370246439614,9.867091569044224,12.248812891648836,14.630534214253444,19.724931122724897,19.428026105939416,18.908143417479156,18.388260729018896,17.868378040558635,17.348495352098375,16.828612663638115,14.446891341033504,12.065170018428894,9.683448695824282,7.3017273732196735
687,1.677916042855984,1.903610246250039,2.298802319798513,2.693994393346985,3.0891864668954585,3.484378540443932,3.879570613992405,5.690050956937462,7.500531299882518,9.311011642827577,11.121491985772634,14.871256559632515,14.645562356238461,14.250370282689987,13.855178209141515,13.459986135593041,13.064794062044568,12.669601988496094,10.859121645551037,9.04864130260598,7.238160959660921,5.427680616715864
688,1.1172675321315855,1.2675496673528908,1.5306947005095728,1.7938397336662546,2.0569847668229366,2.3201297999796187,2.583274833136301,3.7888124482913326,4.9943500634463645,6.199887678601396,7.405425293756428,10.033161309414842,9.882879174193537,9.619734141036854,9.356589107880172,9.09344407472349,8.830299041566807,8.567154008410125,7.361616393255093,6.156078778100062,4.95054116294503,3.745003547789998
689,0.6682540838903488,0.7581400312657272,0.9155309318380566,1.0729218324103855,1.2303127329827148,1.3877036335550441,1.5450945341273732,2.2661442482220826,2.987193962316792,3.7082436764115014,4.429293390506211,6.0734388854665,5.983552938091121,5.826162037518792,5.668771136946463,5.5113802363741335,5.3539893358018045,5.196598435229475,4.475548721134766,3.7544990070400566,3.033449292945347,2.3123995788506377
690,0.4397550001969972,0.4989058467966161,0.6024793784527985,0.7060529101089809,0.8096264417651632,0.9131999734213457,1.016773505077528,1.4912714914090162,1.9657694777405041,2.4402674640719924,2.9147654504034803,3.6846018562989733,3.625451009699354,3.5218774780431716,3.418303946386989,3.314730414730807,3.2111568830746244,3.1075833514184423,2.633085365086954,2.158587378755466,1.6840893924239777,1.2095914060924897
691,0.286284866305672,0.32479265405806435,0.39222005033488544,0.4596474466117065,0.5270748428885276,0.5945022391653487,0.6619296354421698,0.9708325302776295,1.2797354251130895,1.5886383199485492,1.8975412147840094,2.22844041223525,2.1899326244828576,2.1225052282060366,2.0550778319292156,1.9876504356523945,1.9202230393755735,1.8527956430987524,1.5438927482632927,1.2349898534278327,0.926086958592373,0.6171840637569128
692,0.1600000684787465,0.18152145994052682,0.21920556165659857,0.25688966337267033,0.2945737650887421,0.33225786680481384,0.3699419685208856,0.5425828942000834,0.7152238198792811,0.887864745558479,1.0605056712376768,1.3303544742870113,1.308833082825231,1.2711489811091592,1.2334648793930874,1.1957807776770155,1.1580966759609437,1.1204125742448718,0.947771648565674,0.7751307228864763,0.6024897972072784,0.4298488715280806
693,0.0966650333943288,0.10966731548161278,0.1324343991801003,0.15520148287858784,0.17796856657707538,0.20073565027556292,0.2235027339740505,0.3278048196211218,0.432106905268193,0.5364089909152644,0.6407110765623357,0.8750441895076194,0.8620419074203355,0.8392748237218479,0.8165077400233604,0.7937406563248728,0.7709735726263852,0.7482064889278977,0.6439044032808263,0.5396023176337551,0.4353002319866837,0.3309981463396124
694,0.060485888935644626,0.06862176353916513,0.08286773488598757,0.09711370623281,0.11135967757963244,0.1256056489264549,0.13985162027327736,0.2051162164429092,0.27038081261254104,0.33564540878217297,0.40091000495180484,0.6530761972950729,0.6449403226915524,0.63069435134473,0.6164483799979075,0.602202408651085,0.5879564373042625,0.57371046595744,0.5084458697878081,0.4431812736181763,0.37791667744854435,0.3126520812789125
695,0.04326251605801909,0.04908169821561838,0.059271125452270715,0.06946055268892304,0.07964997992557539,0.08983940716222773,0.10002883439888008,0.1467093195416705,0.19338980468446088,0.24007028982725132,0.28675077497004176,0.499578441059629,0.4937592589020297,0.48356983166537737,0.47338040442872503,0.4631909771920727,0.45300154995542036,0.442812122718768,0.3961316375759776,0.3494511524331872,0.30277066729039676,0.2560901821476063
696,0.031367184720614005,0.03558634204876214,0.04297411500909338,0.050361887969424625,0.057749660929755864,0.0651374338900871,0.07252520685041834,0.10637056615310214,0.14021592545578596,0.17406128475846977,0.20790664406115364,0.38513873965896495,0.3809195823308168,0.3735318093704856,0.36614403641015436,0.35875626344982314,0.3513684904894919,0.3439807175291607,0.3101353582264769,0.27628999892379313,0.24244463962110932,0.20859928031842545
697,0.027541528392130105,0.031246101893993974,0.037732835101129916,0.04421956830826585,0.05070630151540179,0.057193034722537735,0.06367976792967367,0.09339722368731823,0.1231146794449628,0.15283213520260736,0.18254959096025195,0.2947264391013124,0.29102186559944854,0.2845351323923126,0.27804839918517665,0.2715616659780407,0.26507493277090477,0.25858819956376883,0.22887074380612427,0.1991532880484797,0.16943583229083514,0.13971837653319055
698,0.021214760756460276,0.024068329353953997,0.029064947229369295,0.03406156510478459,0.03905818298019989,0.04405480085561519,0.049051418731030486,0.07194225852804301,0.09483309832505553,0.11772393812206808,0.1406147779190806,0.2196416620198345,0.2167880934223408,0.21179147554692548,0.20679485767151018,0.20179823979609487,0.19680162192067957,0.19180500404526427,0.16891416424825173,0.14602332445123922,0.12313248465422667,0.10024164485721414
699,0.017379901386824617,0.01971764826949346,0.023811058840523276,0.02790446941155309,0.03199787998258291,0.03609129055361272,0.04018470112464254,0.058937707246218926,0.07769071336779533,0.09644371948937172,0.11519672561094813,0.1725522635160582,0.17021451663338938,0.16612110606235955,0.16202769549132973,0.1579342849202999,0.15384087434927007,0.14974746377824025,0.13099445765666387,0.11224145153508747,0.09348844541351108,0.07473543929193467
700,0.018861538995962508,0.02139857893702769,0.025840952998510806,0.030283327059993915,0.03472570112147703,0.03916807518296014,0.04361044924444325,0.0639621502340575,0.08431385122367176,0.10466555221328604,0.1250172532029003,0.16219714722554288,0.1596601072844777,0.15521773322299456,0.15077535916151147,0.14633298510002835,0.14189061103854522,0.1374482369770621,0.11709653598744785,0.0967448349978336,0.07639313400821932,0.05604143301860505
701,0.06031042844298219,0.06842270209442457,0.08262734801485494,0.09683199393528533,0.1110366398557157,0.1252412857761461,0.1394459316965765,0.20452120506052845,0.2695964784244804,0.33467175178843245,0.39974702515238447,0.4566317751531136,0.4485195015016712,0.43431485558124083,0.4201102096608105,0.4059055637403801,0.3917009178199497,0.3774962718995193,0.3124209985355673,0.24734572517161535,0.18227045180766333,0.1171951784437113
702,0.30895518501738617,0.35051232648691727,0.4232791617051753,0.4960459969234333,0.5688128321416914,0.6415796673599494,0.7143465025782075,1.0477107919933368,1.3810750814084662,1.7144393708235957,2.0478036602387255,2.1024107163262697,2.0608535748567385,1.9880867396384805,1.9153199044202225,1.8425530692019643,1.7697862339837063,1.6970193987654483,1.363655109350319,1.0302908199351897,0.6969265305200603,0.3635622411049304
703,1.1612949269476076,1.3174991271273024,1.5910137359992662,1.8645283448712298,2.1380429537431938,2.4115575626151577,2.685072171487121,3.9381155800368046,5.191158988586489,6.444202397136173,7.697245805685856,8.797592590406415,8.64138839022672,8.367873781354756,8.094359172482793,7.820844563610829,7.547329954738865,7.273815345866902,6.020771937317218,4.767728528767535,3.514685120217851,2.261641711668167
704,2.8365400828547638,3.218079229059924,3.8861568494030205,4.554234469746118,5.222312090089215,5.890389710432311,6.558467330775408,9.61910918103339,12.679751031291374,15.74039288154936,18.801034731807345,21.40384848736475,21.02230934115959,20.354231720816493,19.686154100473395,19.018076480130297,18.3499988597872,17.6819212394441,14.621279389186117,11.560637538928134,8.499995688670149,5.439353838412163
705,4.187241305649756,4.750461435119857,5.736663683482037,6.722865931844216,7.709068180206397,8.695270428568575,9.681472676930756,14.199528337297998,18.717583997665233,23.23563965803248,27.75369531839972,32.29130966000392,31.72808953053382,30.74188728217164,29.75568503380946,28.76948278544728,27.7832805370851,26.797078288722922,22.27902262835568,17.760966967988445,13.242911307621199,8.724855647253957
706,4.1224380187469025,4.6769415462886,5.647880965838258,6.618820385387915,7.5897598049375725,8.56069922448723,9.53163864403689,13.979771212843394,18.427903781649896,22.876036350456406,27.324168919262913,32.91035711924829,32.35585359170659,31.384914172156932,30.413974752607274,29.443035333057615,28.472095913507957,27.501156493958298,23.053023925151795,18.60489135634529,14.15675878753878,9.708626218732274
707,3.351595880008395,3.8024144805325077,4.591800893015079,5.381187305497649,6.170573717980221,6.959960130462791,7.7493465429453625,11.365736340329079,14.982126137712793,18.59851593509651,22.21490573248023,27.356769827551037,26.905951227026925,26.116564814544354,25.327178402061783,24.537791989579212,23.74840557709664,22.95901916461407,19.34262936723035,15.726239569846637,12.109849772462919,8.493459975079201
708,2.9910124143164416,3.3933294236000933,4.097789222441407,4.80224902128272,5.506708820124034,6.211168618965348,6.915628417806662,10.142946736074473,13.370265054342282,16.597583372610092,19.82490169087791,24.2284335048095,23.82611649552585,23.121656696684536,22.417196897843223,21.71273709900191,21.008277300160596,20.303817501319283,17.076499183051475,13.849180864783666,10.621862546515855,7.394544228248039
709,2.7047846416677372,3.0686015427890947,3.7056473923676854,4.342693241946275,4.979739091524866,5.6167849411034565,6.253830790682048,9.172307818474215,12.090784846266383,15.009261874058554,17.92773890185072,22.802692522038395,22.438875620917038,21.801829771338447,21.164783921759856,20.527738072181265,19.890692222602674,19.253646373024083,16.335169345231915,13.416692317439747,10.498215289647575,7.579738261855409
710,2.20733046474823,2.5042354815337093,3.0241181699939683,3.544000858454227,4.063883546914486,4.583766235374744,5.103648923835004,7.485370246439614,9.867091569044224,12.248812891648836,14.630534214253444,19.724931122724897,19.428026105939416,18.908143417479156,18.388260729018896,17.868378040558635,17.348495352098375,16.828612663638115,14.446891341033504,12.065170018428894,9.683448695824282,7.3017273732196735
711,1.677916042855984,1.903610246250039,2.298802319798513,2.693994393346985,3.0891864668954585,3.484378540443932,3.879570613992405,5.690050956937462,7.500531299882518,9.311011642827577,11.121491985772634,14.871256559632515,14.645562356238461,14.250370282689987,13.855178209141515,13.459986135593041,13.064794062044568,12.669601988496094,10.859121645551037,9.04864130260598,7.238160959660921,5.427680616715864
712,1.1172675321315855,1.2675496673528908,1.5306947005095728,1.7938397336662546,2.0569847668229366,2.3201297999796187,2.583274833136301,3.7888124482913326,4.9943500634463645,6.199887678601396,7.405425293756428,10.033161309414842,9.882879174193537,9.619734141036854,9.356589107880172,9.09344407472349,8.830299041566807,8.567154008410125,7.361616393255093,6.156078778100062,4.95054116294503,3.745003547789998
713,0.6682540838903488,0.7581400312657272,0.9155309318380566,1.0729218324103855,1.2303127329827148,1.3877036335550441,1.5450945341273732,2.2661442482220826,2.987193962316792,3.7082436764115014,4.429293390506211,6.0734388854665,5.983552938091121,5.826162037518792,5.668771136946463,5.5113802363741335,5.3539893358018045,5.196598435229475,4.475548721134766,3.7544990070400566,3.033449292945347,2.3123995788506377
714,0.4397550001969972,0.4989058467966161,0.6024793784527985,0.7060529101089809,0.8096264417651632,0.9131999734213457,1.016773505077528,1.4912714914090162,1.9657694777405041,2.4402674640719924,2.9147654504034803,3.6846018562989733,3.625451009699354,3.5218774780431716,3.418303946386989,3.314730414730807,3.2111568830746244,3.1075833514184423,2.633085365086954,2.158587378755466,1.6840893924239777,1.2095914060924897
715,0.286284866305672,0.32479265405806435,0.39222005033488544,0.4596474466117065,0.5270748428885276,0.5945022391653487,0.6619296354421698,0.9708325302776295,1.2797354251130895,1.5886383199485492,1.8975412147840094,2.22844041223525,2.1899326244828576,2.1225052282060366,2.0550778319292156,1.9876504356523945,1.9202230393755735,1.8527956430987524,1.5438927482632927,1.2349898534278327,0.926086958592373,0.6171840637569128
716,0.1600000684787465,0.18152145994052682,0.21920556165659857,0.25688966337267033,0.2945737650887421,0.33225786680481384,0.3699419685208856,0.5425828942000834,0.7152238198792811,0.887864745558479,1.0605056712376768,1.3303544742870113,1.308833082825231,1.2711489811091592,1.2334648793930874,1.1957807776770155,1.1580966759609437,1.1204125742448718,0.947771648565674,0.7751307228864763,0.6024897972072784,0.4298488715280806
717,0.0966650333943288,0.10966731548161278,0.1324343991801003,0.15520148287858784,0.17796856657707538,0.20073565027556292,0.2235027339740505,0.3278048196211218,0.432106905268193,0.5364089909152644,0.6407110765623357,0.8750441895076194,0.8620419074203355,0.8392748237218479,0.8165077400233604,0.7937406563248728,0.7709735726263852,0.7482064889278977,0.6439044032808263,0.5396023176337551,0.4353002319866837,0.3309981463396124
718,0.060485888935644626,0.06862176353916513,0.08286773488598757,0.09711370623281,0.11135967757963244,0.1256056489264549,0.13985162027327736,0.2051162164429092,0.27038081261254104,0.33564540878217297,0.40091000495180484,0.6530761972950729,0.6449403226915524,0.63069435134473,0.6164483799979075,0.602202408651085,0.5879564373042625,0.57371046595744,0.5084458697878081,0.4431812736181763,0.37791667744854435,0.3126520812789125
719,0.04326251605801909,0.04908169821561838,0.059271125452270715,0.06946055268892304,0.07964997992557539,0.08983940716222773,0.10002883439888008,0.1467093195416705,0.19338980468446088,0.24007028982725132,0.28675077497004176,0.499578441059629,0.4937592589020297,0.48356983166537737,0.47338040442872503,0.4631909771920727,0.45300154995542036,0.442812122718768,0.3961316375759776,0.3494511524331872,0.30277066729039676,0.2560901821476063
720,0.031367184720614005,0.03558634204876214,0.04297411500909338,0.050361887969424625,0.057749660929755864,0.0651374338900871,0.07252520685041834,0.10637056615310214,0.14021592545578596,0.17406128475846977,0.20790664406115364,0.38513873965896495,0.3809195823308168,0.3735318093704856,0.36614403641015436,0.35875626344982314,0.3513684904894919,0.3439807175291607,0.3101353582264769,0.27628999892379313,0.24244463962110932,0.20859928031842545
721,0.027541528392130105,0.031246101893993974,0.037732835101129916,0.04421956830826585,0.05070630151540179,0.057193034722537735,0.06367976792967367,0.09339722368731823,0.1231146794449628,0.15283213520260736,0.18254959096025195,0.2947264391013124,0.29102186559944854,0.2845351323923126,0.27804839918517665,0.2715616659780407,0.26507493277090477,0.25858819956376883,0.22887074380612427,0.1991532880484797,0.16943583229083514,0.13971837653319055
722,0.021214760756460276,0.024068329353953997,0.029064947229369295,0.03406156510478459,0.03905818298019989,0.04405480085561519,0.049051418731030486,0.07194225852804301,0.09483309832505553,0.11772393812206808,0.1406147779190806,0.2196416620198345,0.2167880934223408,0.21179147554692548,0.20679485767151018,0.20179823979609487,0.19680162192067957,0.19180500404526427,0.16891416424825173,0.14602332445123922,0.12313248465422667,0.10024164485721414
723,0.017379901386824617,0.01971764826949346,0.023811058840523276,0.02790446941155309,0.03199787998258291,0.03609129055361272,0.04018470112464254,0.058937707246218926,0.07769071336779533,0.09644371948937172,0.11519672561094813,0.1725522635160582,0.17021451663338938,0.16612110606235955,0.16202769549132973,0.1579342849202999,0.15384087434927007,0.14974746377824025,0.13099445765666387,0.11224145153508747,0.09348844541351108,0.07473543929193467
724,0.018861538995962508,0.02139857893702769,0.025840952998510806,0.030283327059993915,0.03472570112147703,0.03916807518296014,0.04361044924444325,0.0639621502340575,0.08431385122367176,0.10466555221328604,0.1250172532029003,0.16219714722554288,0.1596601072844777,0.15521773322299456,0.15077535916151147,0.14633298510002835,0.14189061103854522,0.1374482369770621,0.11709653598744785,0.0967448349978336,0.07639313400821932,0.05604143301860505
725,0.06031042844298219,0.06842270209442457,0.08262734801485494,0.09683199393528533,0.1110366398557157,0.1252412857761461,0.1394459316965765,0.20452120506052845,0.2695964784244804,0.33467175178843245,0.39974702515238447,0.4566317751531136,0.4485195015016712,0.43431485558124083,0.4201102096608105,0.4059055637403801,0.3917009178199497,0.3774962718995193,0.3124209985355673,0.24734572517161535,0.18227045180766333,0.1171951784437113
726,0.30895518501738617,0.35051232648691727,0.4232791617051753,0.4960459969234333,0.5688128321416914,0.6415796673599494,0.7143465025782075,1.0477107919933368,1.3810750814084662,1.7144393708235957,2.0478036602387255,2.1024107163262697,2.0608535748567385,1.9880867396384805,1.9153199044202225,1.8425530692019643,1.7697862339837063,1.6970193987654483,1.363655109350319,1.0302908199351897,0.6969265305200603,0.3635622411049304
727,1.1612949269476076,1.3174991271273024,1.5910137359992662,1.8645283448712298,2.1380429537431938,2.4115575626151577,2.685072171487121,3.9381155800368046,5.191158988586489,6.444202397136173,7.697245805685856,8.797592590406415,8.64138839022672,8.367873781354756,8.094359172482793,7.820844563610829,7.547329954738865,7.273815345866902,6.020771937317218,4.767728528767535,3.514685120217851,2.261641711668167
728,2.8365400828547638,3.218079229059924,3.8861568494030205,4.554234469746118,5.222312090089215,5.890389710432311,6.558467330775408,9.61910918103339,12.679751031291374,15.74039288154936,18.801034731807345,21.40384848736475,21.02230934115959,20.354231720816493,19.686154100473395,19.018076480130297,18.3499988597872,17.6819212394441,14.621279389186117,11.560637538928134,8.499995688670149,5.439353838412163
729,4.187241305649756,4.750461435119857,5.736663683482037,6.722865931844216,7.709068180206397,8.695270428568575,9.681472676930756,14.199528337297998,18.717583997665233,23.23563965803248,27.75369531839972,32.29130966000392,31.72808953053382,30.74188728217164,29.75568503380946,28.76948278544728,27.7832805370851,26.797078288722922,22.27902262835568,17.760966967988445,13.242911307621199,8.724855647253957
730,4.1224380187469025,4.6769415462886,5.647880965838258,6.618820385387915,7.5897598049375725,8.56069922448723,9.53163864403689,13.979771212843394,18.427903781649896,22.876036350456406,27.324168919262913,32.91035711924829,32.35585359170659,31.384914172156932,30.413974752607274,29.443035333057615,28.472095913507957,27.501156493958298,23.053023925151795,18.60489135634529,14.15675878753878,9.708626218732274
731,3.351595880008395,3.8024144805325077,4.591800893015079,5.381187305497649,6.170573717980221,6.959960130462791,7.7493465429453625,11.365736340329079,14.982126137712793,18.59851593509651,22.21490573248023,27.356769827551037,26.905951227026925,26.116564814544354,25.327178402061783,24.537791989579212,23.74840557709664,22.95901916461407,19.34262936723035,15.726239569846637,12.109849772462919,8.493459975079201
732,2.9910124143164416,3.3933294236000933,4.097789222441407,4.80224902128272,5.506708820124034,6.211168618965348,6.915628417806662,10.142946736074473,13.370265054342282,16.597583372610092,19.82490169087791,24.2284335048095,23.82611649552585,23.121656696684536,22.417196897843223,21.71273709900191,21.008277300160596,20.303817501319283,17.076499183051475,13.849180864783666,10.621862546515855,7.394544228248039
733,2.7047846416677372,3.0686015427890947,3.7056473923676854,4.342693241946275,4.979739091524866,5.6167849411034565,6.253830790682048,9.172307818474215,12.090784846266383,15.009261874058554,17.92773890185072,22.802692522038395,22.438875620917038,21.801829771338447,21.164783921759856,20.527738072181265,19.890692222602674,19.253646373024083,16.335169345231915,13.416692317439747,10.498215289647575,7.579738261855409
734,2.20733046474823,2.5042354815337093,3.0241181699939683,3.544000858454227,4.063883546914486,4.583766235374744,5.103648923835004,7.485370246439614,9.867091569044224,12.248812891648836,14.630534214253444,19.724931122724897,19.428026105939416,18.908143417479156,18.388260729018896,17.868378040558635,17.348495352098375,16.828612663638115,14.446891341033504,12.065170018428894,9.683448695824282,7.3017273732196735
735,1.677916042855984,1.903610246250039,2.298802319798513,2.693994393346985,3.0891864668954585,3.484378540443932,3.879570613992405,5.690050956937462,7.500531299882518,9.311011642827577,11.121491985772634,14.871256559632515,14.645562356238461,14.250370282689987,13.855178209141515,13.459986135593041,13.064794062044568,12.669601988496094,10.859121645551037,9.04864130260598,7.238160959660921,5.427680616715864
736,1.1172675321315855,1.2675496673528908,1.5306947005095728,1.7938397336662546,2.0569847668229366,2.3201297999796187,2.583274833136301,3.7888124482913326,4.9943500634463645,6.199887678601396,7.405425293756428,10.033161309414842,9.882879174193537,9.619734141036854,9.356589107880172,9.09344407472349,8.830299041566807,8.567154008410125,7.361616393255093,6.156078778100062,4.95054116294503,3.745003547789998
737,0.6682540838903488,0.7581400312657272,0.9155309318380566,1.0729218324103855,1.2303127329827148,1.3877036335550441,1.5450945341273732,2.2661442482220826,2.987193962316792,3.7082436764115014,4.429293390506211,6.0734388854665,5.983552938091121,5.826162037518792,5.668771136946463,5.5113802363741335,5.3539893358018045,5.196598435229475,4.475548721134766,3.7544990070400566,3.033449292945347,2.3123995788506377
738,0.4397550001969972,0.4989058467966161,0.6024793784527985,0.7060529101089809,0.8096264417651632,0.9131999734213457,1.016773505077528,1.4912714914090162,1.9657694777405041,2.4402674640719924,2.9147654504034803,3.6846018562989733,3.625451009699354,3.5218774780431716,3.418303946386989,3.314730414730807,3.2111568830746244,3.1075833514184423,2.633085365086954,2.158587378755466,1.6840893924239777,1.2095914060924897
739,0.286284866305672,0.32479265405806435,0.39222005033488544,0.4596474466117065,0.5270748428885276,0.5945022391653487,0.6619296354421698,0.9708325302776295,1.2797354251130895,1.5886383199485492,1.8975412147840094,2.22844041223525,2.1899326244828576,2.1225052282060366,2.0550778319292156,1.9876504356523945,1.9202230393755735,1.8527956430987524,1.5438927482632927,1.2349898534278327,0.926086958592373,0.6171840637569128
740,0.1600000684787465,0.18152145994052682,0.21920556165659857,0.25688966337267033,0.2945737650887421,0.33225786680481384,0.3699419685208856,0.5425828942000834,0.7152238198792811,0.887864745558479,1.0605056712376768,1.3303544742870113,1.308833082825231,1.2711489811091592,1.2334648793930874,1.1957807776770155,1.1580966759609437,1.1204125742448718,0.947771648565674,0.7751307228864763,0.6024897972072784,0.4298488715280806
741,0.0966650333943288,0.10966731548161278,0.1324343991801003,0.15520148287858784,0.17796856657707538,0.20073565027556292,0.2235027339740505,0.3278048196211218,0.432106905268193,0.5364089909152644,0.6407110765623357,0.8750441895076194,0.8620419074203355,0.8392748237218479,0.8165077400233604,0.7937406563248728,0.7709735726263852,0.7482064889278977,0.6439044032808263,0.5396023176337551,0.4353002319866837,0.3309981463396124
742,0.060485888935644626,0.06862176353916513,0.08286773488598757,0.09711370623281,0.11135967757963244,0.1256056489264549,0.13985162027327736,0.2051162164429092,0.27038081261254104,0.33564540878217297,0.40091000495180484,0.6530761972950729,0.6449403226915524,0.63069435134473,0.6164483799979075,0.602202408651085,0.5879564373042625,0.57371046595744,0.5084458697878081,0.4431812736181763,0.37791667744854435,0.3126520812789125
743,0.04326251605801909,0.04908169821561838,0.059271125452270715,0.06946055268892304,0.07964997992557539,0.08983940716222773,0.10002883439888008,0.1467093195416705,0.19338980468446088,0.24007028982725132,0.28675077497004176,0.499578441059629,0.4937592589020297,0.48356983166537737,0.47338040442872503,0.4631909771920727,0.45300154995542036,0.442812122718768,0.3961316375759776,0.3494511524331872,0.30277066729039676,0.2560901821476063
744,0.031367184720614005,0.03558634204876214,0.04297411500909338,0.050361887969424625,0.057749660929755864,0.0651374338900871,0.07252520685041834,0.10637056615310214,0.14021592545578596,0.17406128475846977,0.20790664406115364,0.38513873965896495,0.3809195823308168,0.3735318093704856,0.36614403641015436,0.35875626344982314,0.3513684904894919,0.3439807175291607,0.3101353582264769,0.27628999892379313,0.24244463962110932,0.20859928031842545
745,0.027541528392130105,0.031246101893993974,0.037732835101129916,0.04421956830826585,0.05070630151540179,0.057193034722537735,0.06367976792967367,0.09339722368731823,0.1231146794449628,0.15283213520260736,0.18254959096025195,0.2947264391013124,0.29102186559944854,0.2845351323923126,0.27804839918517665,0.2715616659780407,0.26507493277090477,0.25858819956376883,0.22887074380612427,0.1991532880484797,0.16943583229083514,0.13971837653319055
746,0.021214760756460276,0.024068329353953997,0.029064947229369295,0.03406156510478459,0.03905818298019989,0.04405480085561519,0.049051418731030486,0.07194225852804301,0.09483309832505553,0.11772393812206808,0.1406147779190806,0.2196416620198345,0.2167880934223408,0.21179147554692548,0.20679485767151018,0.20179823979609487,0.19680162192067957,0.19180500404526427,0.16891416424825173,0.14602332445123922,0.12313248465422667,0.10024164485721414
747,0.017379901386824617,0.01971764826949346,0.023811058840523276,0.02790446941155309,0.03199787998258291,0.03609129055361272,0.04018470112464254,0.058937707246218926,0.07769071336779533,0.09644371948937172,0.11519672561094813,0.1725522635160582,0.17021451663338938,0.16612110606235955,0.16202769549132973,0.1579342849202999,0.15384087434927007,0.14974746377824025,0.13099445765666387,0.11224145153508747,0.09348844541351108,0.07473543929193467
748,0.018861538995962508,0.02139857893702769,0.025840952998510806,0.030283327059993915,0.03472570112147703,0.03916807518296014,0.04361044924444325,0.0639621502340575,0.08431385122367176,0.10466555221328604,0.1250172532029003,0.16219714722554288,0.1596601072844777,0.15521773322299456,0.15077535916151147,0.14633298510002835,0.14189061103854522,0.1374482369770621,0.11709653598744785,0.0967448349978336,0.07639313400821932,0.05604143301860505
749,0.06031042844298219,0.06842270209442457,0.08262734801485494,0.09683199393528533,0.1110366398557157,0.1252412857761461,0.1394459316965765,0.20452120506052845,0.2695964784244804,0.33467175178843245,0.39974702515238447,0.4566317751531136,0.4485195015016712,0.43431485558124083,0.4201102096608105,0.4059055637403801,0.3917009178199497,0.3774962718995193,0.3124209985355673,0.24734572517161535,0.18227045180766333,0.1171951784437113
750,0.30895518501738617,0.35051232648691727,0.4232791617051753,0.4960459969234333,0.5688128321416914,0.6415796673599494,0.7143465025782075,1.0477107919933368,1.3810750814084662,1.7144393708235957,2.0478036602387255,2.1024107163262697,2.0608535748567385,1.9880867396384805,1.9153199044202225,1.8425530692019643,1.7697862339837063,1.6970193987654483,1.363655109350319,1.0302908199351897,0.6969265305200603,0.3635622411049304
751,1.1612949269476076,1.3174991271273024,1.5910137359992662,1.8645283448712298,2.1380429537431938,2.4115575626151577,2.685072171487121,3.9381155800368046,5.191158988586489,6.444202397136173,7.697245805685856,8.797592590406415,8.64138839022672,8.367873781354756,8.094359172482793,7.820844563610829,7.547329954738865,7.273815345866902,6.020771937317218,4.767728528767535,3.514685120217851,2.261641711668167
752,2.8365400828547638,3.218079229059924,3.8861568494030205,4.554234469746118,5.222312090089215,5.890389710432311,6.558467330775408,9.61910918103339,12.679751031291374,15.74039288154936,18.801034731807345,21.40384848736475,21.02230934115959,20.354231720816493,19.686154100473395,19.018076480130297,18.3499988597872,17.6819212394441,14.621279389186117,11.560637538928134,8.499995688670149,5.439353838412163
753,4.187241305649756,4.750461435119857,5.736663683482037,6.722865931844216,7.709068180206397,8.695270428568575,9.681472676930756,14.199528337297998,18.717583997665233,23.23563965803248,27.75369531839972,32.29130966000392,31.72808953053382,30.74188728217164,29.75568503380946,28.76948278544728,27.7832805370851,26.797078288722922,22.27902262835568,17.760966967988445,13.242911307621199,8.724855647253957
754,4.1224380187469025,4.6769415462886,5.647880965838258,6.618820385387915,7.5897598049375725,8.56069922448723,9.53163864403689,13.979771212843394,18.427903781649896,22.876036350456406,27.324168919262913,32.91035711924829,32.35585359170659,31.384914172156932,30.413974752607274,29.443035333057615,28.472095913507957,27.501156493958298,23.053023925151795,18.60489135634529,14.15675878753878,9.708626218732274
755,3.351595880008395,3.8024144805325077,4.591800893015079,5.381187305497649,6.170573717980221,6.959960130462791,7.7493465429453625,11.365736340329079,14.982126137712793,18.59851593509651,22.21490573248023,27.356769827551037,26.905951227026925,26.116564814544354,25.327178402061783,24.537791989579212,23.74840557709664,22.95901916461407,19.34262936723035,15.726239569846637,12.109849772462919,8.493459975079201
756,2.9910124143164416,3.3933294236000933,4.097789222441407,4.80224902128272,5.506708820124034,6.211168618965348,6.915628417806662,10.142946736074473,13.370265054342282,16.597583372610092,19.82490169087791,24.2284335048095,23.82611649552585,23.121656696684536,22.417196897843223,21.71273709900191,21.008277300160596,20.303817501319283,17.076499183051475,13.849180864783666,10.621862546515855,7.394544228248039
757,2.7047846416677372,3.0686015427890947,3.7056473923676854,4.342693241946275,4.979739091524866,5.6167849411034565,6.253830790682048,9.172307818474215,12.090784846266383,15.009261874058554,17.92773890185072,22.802692522038395,22.438875620917038,21.801829771338447,21.164783921759856,20.527738072181265,19.890692222602674,19.253646373024083,16.335169345231915,13.416692317439747,10.498215289647575,7.579738261855409
758,2.20733046474823,2.5042354815337093,3.0241181699939683,3.544000858454227,4.063883546914486,4.583766235374744,5.103648923835004,7.485370246439614,9.867091569044224,12.248812891648836,14.630534214253444,19.724931122724897,19.428026105939416,18.908143417479156,18.388260729018896,17.868378040558635,17.348495352098375,16.828612663638115,14.446891341033504,12.065170018428894,9.683448695824282,7.3017273732196735
759,1.677916042855984,1.903610246250039,2.298802319798513,2.693994393346985,3.0891864668954585,3.484378540443932,3.879570613992405,5.690050956937462,7.500531299882518,9.311011642827577,11.121491985772634,14.871256559632515,14.645562356238461,14.250370282689987,13.855178209141515,13.459986135593041,13.064794062044568,12.669601988496094,10.859121645551037,9.04864130260598,7.238160959660921,5.427680616715864
760,1.1172675321315855,1.2675496673528908,1.5306947005095728,1.7938397336662546,2.0569847668229366,2.3201297999796187,2.583274833136301,3.7888124482913326,4.9943500634463645,6.199887678601396,7.405425293756428,10.033161309414842,9.882879174193537,9.619734141036854,9.356589107880172,9.09344407472349,8.830299041566807,8.567154008410125,7.361616393255093,6.156078778100062,4.95054116294503,3.745003547789998
761,0.6682540838903488,0.7581400312657272,0.9155309318380566,1.0729218324103855,1.2303127329827148,1.3877036335550441,1.5450945341273732,2.2661442482220826,2.987193962316792,3.7082436764115014,4.429293390506211,6.0734388854665,5.983552938091121,5.826162037518792,5.668771136946463,5.5113802363741335,5.3539893358018045,5.196598435229475,4.475548721134766,3.7544990070400566,3.033449292945347,2.3123995788506377
762,0.4397550001969972,0.4989058467966161,0.6024793784527985,0.7060529101089809,0.8096264417651632,0.9131999734213457,1.016773505077528,1.4912714914090162,1.9657694777405041,2.4402674640719924,2.9147654504034803,3.6846018562989733,3.625451009699354,3.5218774780431716,3.418303946386989,3.314730414730807,3.2111568830746244,3.1075833514184423,2.633085365086954,2.158587378755466,1.6840893924239777,1.2095914060924897
763,0.286284866305672,0.32479265405806435,0.39222005033488544,0.4596474466117065,0.5270748428885276,0.5945022391653487,0.6619296354421698,0.9708325302776295,1.2797354251130895,1.5886383199485492,1.8975412147840094,2.22844041223525,2.1899326244828576,2.1225052282060366,2.0550778319292156,1.9876504356523945,1.9202230393755735,1.8527956430987524,1.5438927482632927,1.2349898534278327,0.926086958592373,0.6171840637569128
764,0.1600000684787465,0.18152145994052682,0.21920556165659857,0.25688966337267033,0.2945737650887421,0.33225786680481384,0.3699419685208856,0.5425828942000834,0.7152238198792811,0.887864745558479,1.0605056712376768,1.3303544742870113,1.308833082825231,1.2711489811091592,1.2334648793930874,1.1957807776770155,1.1580966759609437,1.1204125742448718,0.947771648565674,0.7751307228864763,0.6024897972072784,0.4298488715280806
765,0.0966650333943288,0.10966731548161278,0.1324343991801003,0.15520148287858784,0.17796856657707538,0.20073565027556292,0.2235027339740505,0.3278048196211218,0.432106905268193,0.5364089909152644,0.6407110765623357,0.8750441895076194,0.8620419074203355,0.8392748237218479,0.8165077400233604,0.7937406563248728,0.7709735726263852,0.7482064889278977,0.6439044032808263,0.5396023176337551,0.4353002319866837,0.3309981463396124
766,0.060485888935644626,0.06862176353916513,0.08286773488598757,0.09711370623281,0.11135967757963244,0.1256056489264549,0.13985162027327736,0.2051162164429092,0.27038081261254104,0.33564540878217297,0.40091000495180484,0.6530761972950729,0.6449403226915524,0.63069435134473,0.6164483799979075,0.602202408651085,0.5879564373042625,0.57371046595744,0.5084458697878081,0.4431812736181763,0.37791667744854435,0.3126520812789125
767,0.04326251605801909,0.04908169821561838,0.059271125452270715,0.06946055268892304,0.07964997992557539,0.08983940716222773,0.10002883439888008,0.1467093195416705,0.19338980468446088,0.24007028982725132,0.28675077497004176,0.499578441059629,0.4937592589020297,0.48356983166537737,0.47338040442872503,0.4631909771920727,0.45300154995542036,0.442812122718768,0.3961316375759776,0.3494511524331872,0.30277066729039676,0.2560901821476063
768,0.031367184720614005,0.03558634204876214,0.04297411500909338,0.050361887969424625,0.057749660929755864,0.0651374338900871,0.07252520685041834,0.10637056615310214,0.14021592545578596,0.17406128475846977,0.20790664406115364,0.38513873965896495,0.3809195823308168,0.3735318093704856,0.36614403641015436,0.35875626344982314,0.3513684904894919,0.3439807175291607,0.3101353582264769,0.27628999892379313,0.24244463962110932,0.20859928031842545
769,0.027541528392130105,0.031246101893993974,0.037732835101129916,0.04421956830826585,0.05070630151540179,0.057193034722537735,0.06367976792967367,0.09339722368731823,0.1231146794449628,0.15283213520260736,0.18254959096025195,0.2947264391013124,0.29102186559944854,0.2845351323923126,0.27804839918517665,0.2715616659780407,0.26507493277090477,0.25858819956376883,0.22887074380612427,0.1991532880484797,0.16943583229083514,0.13971837653319055
770,0.021214760756460276,0.024068329353953997,0.029064947229369295,0.03406156510478459,0.03905818298019989,0.04405480085561519,0.049051418731030486,0.07194225852804301,0.09483309832505553,0.11772393812206808,0.1406147779190806,0.2196416620198345,0.2167880934223408,0.21179147554692548,0.20679485767151018,0.20179823979609487,0.19680162192067957,0.19180500404526427,0.16891416424825173,0.14602332445123922,0.12313248465422667,0.10024164485721414
771,0.017379901386824617,0.01971764826949346,0.023811058840523276,0.02790446941155309,0.03199787998258291,0.03609129055361272,0.04018470112464254,0.058937707246218926,0.07769071336779533,0.09644371948937172,0.11519672561094813,0.1725522635160582,0.17021451663338938,0.16612110606235955,0.16202769549132973,0.1579342849202999,0.15384087434927007,0.14974746377824025,0.13099445765666387,0.11224145153508747,0.09348844541351108,0.07473543929193467
772,0.018861538995962508,0.02139857893702769,0.025840952998510806,0.030283327059993915,0.03472570112147703,0.03916807518296014,0.04361044924444325,0.0639621502340575,0.08431385122367176,0.10466555221328604,0.1250172532029003,0.16219714722554288,0.1596601072844777,0.15521773322299456,0.15077535916151147,0.14633298510002835,0.14189061103854522,0.1374482369770621,0.11709653598744785,0.0967448349978336,0.07639313400821932,0.05604143301860505
773,0.06031042844298219,0.06842270209442457,0.08262734801485494,0.09683199393528533,0.1110366398557157,0.1252412857761461,0.1394459316965765,0.20452120506052845,0.2695964784244804,0.33467175178843245,0.39974702515238447,0.4566317751531136,0.4485195015016712,0.43431485558124083,0.4201102096608105,0.4059055637403801,0.3917009178199497,0.3774962718995193,0.3124209985355673,0.24734572517161535,0.18227045180766333,0.1171951784437113
774,0.30895518501738617,0.35051232648691727,0.4232791617051753,0.4960459969234333,0.5688128321416914,0.6415796673599494,0.7143465025782075,1.0477107919933368,1.3810750814084662,1.7144393708235957,2.0478036602387255,2.1024107163262697,2.0608535748567385,1.9880867396384805,1.9153199044202225,1.8425530692019643,1.7697862339837063,1.6970193987654483,1.363655109350319,1.0302908199351897,0.6969265305200603,0.3635622411049304
775,1.1612949269476076,1.3174991271273024,1.5910137359992662,1.8645283448712298,2.1380429537431938,2.4115575626151577,2.685072171487121,3.9381155800368046,5.191158988586489,6.444202397136173,7.697245805685856,8.797592590406415,8.64138839022672,8.367873781354756,8.094359172482793,7.820844563610829,7.547329954738865,7.273815345866902,6.020771937317218,4.767728528767535,3.514685120217851,2.261641711668167
776,2.8365400828547638,3.218079229059924,3.8861568494030205,4.554234469746118,5.222312090089215,5.890389710432311,6.558467330775408,9.61910918103339,12.679751031291374,15.74039288154936,18.801034731807345,21.40384848736475,21.02230934115959,20.354231720816493,19.686154100473395,19.018076480130297,18.3499988597872,17.6819212394441,14.621279389186117,11.560637538928134,8.499995688670149,5.439353838412163
777,4.187241305649756,4.750461435119857,5.736663683482037,6.722865931844216,7.709068180206397,8.695270428568575,9.681472676930756,14.199528337297998,18.717583997665233,23.23563965803248,27.75369531839972,32.29130966000392,31.72808953053382,30.74188728217164,29.75568503380946,28.76948278544728,27.7832805370851,26.797078288722922,22.27902262835568,17.760966967988445,13.242911307621199,8.724855647253957
778,4.1224380187469025,4.6769415462886,5.647880965838258,6.618820385387915,7.5897598049375725,8.56069922448723,9.53163864403689,13.979771212843394,18.427903781649896,22.876036350456406,27.324168919262913,32.91035711924829,32.35585359170659,31.384914172156932,30.413974752607274,29.443035333057615,28.472095913507957,27.501156493958298,23.053023925151795,18.60489135634529,14.15675878753878,9.708626218732274
779,3.351595880008395,3.8024144805325077,4.591800893015079,5.381187305497649,6.170573717980221,6.959960130462791,7.7493465429453625,11.365736340329079,14.982126137712793,18.59851593509651,22.21490573248023,27.356769827551037,26.905951227026925,26.116564814544354,25.327178402061783,24.537791989579212,23.74840557709664,22.95901916461407,19.34262936723035,15.726239569846637,12.109849772462919,8.493459975079201
780,2.9910124143164416,3.3933294236000933,4.097789222441407,4.80224902128272,5.506708820124034,6.211168618965348,6.915628417806662,10.142946736074473,13.370265054342282,16.597583372610092,19.82490169087791,24.2284335048095,23.82611649552585,23.121656696684536,22.417196897843223,21.71273709900191,21.008277300160596,20.303817501319283,17.076499183051475,13.849180864783666,10.621862546515855,7.394544228248039
781,2.7047846416677372,3.0686015427890947,3.7056473923676854,4.342693241946275,4.979739091524866,5.6167849411034565,6.253830790682048,9.172307818474215,12.090784846266383,15.009261874058554,17.92773890185072,22.802692522038395,22.438875620917038,21.801829771338447,21.164783921759856,20.527738072181265,19.890692222602674,19.253646373024083,16.335169345231915,13.416692317439747,10.498215289647575,7.579738261855409
782,2.20733046474823,2.5042354815337093,3.0241181699939683,3.544000858454227,4.063883546914486,4.583766235374744,5.103648923835004,7.485370246439614,9.867091569044224,12.248812891648836,14.630534214253444,19.724931122724897,19.428026105939416,18.908143417479156,18.388260729018896,17.868378040558635,17.348495352098375,16.828612663638115,14.446891341033504,12.065170018428894,9.683448695824282,7.3017273732196735
783,1.677916042855984,1.903610246250039,2.298802319798513,2.693994393346985,3.0891864668954585,3.484378540443932,3.879570613992405,5.690050956937462,7.500531299882518,9.311011642827577,11.121491985772634,14.871256559632515,14.645562356238461,14.250370282689987,13.855178209141515,13.459986135593041,13.064794062044568,12.669601988496094,10.859121645551037,9.04864130260598,7.238160959660921,5.427680616715864
784,1.1172675321315855,1.2675496673528908,1.5306947005095728,1.7938397336662546,2.0569847668229366,2.3201297999796187,2.583274833136301,3.7888124482913326,4.9943500634463645,6.199887678601396,7.405425293756428,10.033161309414842,9.882879174193537,9.619734141036854,9.356589107880172,9.09344407472349,8.830299041566807,8.567154008410125,7.361616393255093,6.156078778100062,4.95054116294503,3.745003547789998
785,0.6682540838903488,0.7581400312657272,0.9155309318380566,1.0729218324103855,1.2303127329827148,1.3877036335550441,1.5450945341273732,2.2661442482220826,2.987193962316792,3.7082436764115014,4.429293390506211,6.0734388854665,5.983552938091121,5.826162037518792,5.668771136946463,5.5113802363741335,5.3539893358018045,5.196598435229475,4.475548721134766,3.7544990070400566,3.033449292945347,2.3123995788506377
786,0.4397550001969972,0.4989058467966161,0.6024793784527985,0.7060529101089809,0.8096264417651632,0.9131999734213457,1.016773505077528,1.4912714914090162,1.9657694777405041,2.4402674640719924,2.9147654504034803,3.6846018562989733,3.625451009699354,3.5218774780431716,3.418303946386989,3.314730414730807,3.2111568830746244,3.1075833514184423,2.633085365086954,2.158587378755466,1.6840893924239777,1.2095914060924897
787,0.286284866305672,0.32479265405806435,0.39222005033488544,0.4596474466117065,0.5270748428885276,0.5945022391653487,0.6619296354421698,0.9708325302776295,1.2797354251130895,1.5886383199485492,1.8975412147840094,2.22844041223525,2.1899326244828576,2.1225052282060366,2.0550778319292156,1.9876504356523945,1.9202230393755735,1.8527956430987524,1.5438927482632927,1.2349898534278327,0.926086958592373,0.6171840637569128
788,0.1600000684787465,0.18152145994052682,0.21920556165659857,0.25688966337267033,0.2945737650887421,0.33225786680481384,0.3699419685208856,0.5425828942000834,0.7152238198792811,0.887864745558479,1.0605056712376768,1.3303544742870113,1.308833082825231,1.2711489811091592,1.2334648793930874,1.1957807776770155,1.1580966759609437,1.1204125742448718,0.947771648565674,0.7751307228864763,0.6024897972072784,0.4298488715280806
789,0.0966650333943288,0.10966731548161278,0.1324343991801003,0.15520148287858784,0.17796856657707538,0.20073565027556292,0.2235027339740505,0.3278048196211218,0.432106905268193,0.5364089909152644,0.6407110765623357,0.8750441895076194,0.8620419074203355,0.8392748237218479,0.8165077400233604,0.7937406563248728,0.7709735726263852,0.7482064889278977,0.6439044032808263,0.5396023176337551,0.4353002319866837,0.3309981463396124
790,0.060485888935644626,0.06862176353916513,0.08286773488598757,0.09711370623281,0.11135967757963244,0.1256056489264549,0.13985162027327736,0.2051162164429092,0.27038081261254104,0.33564540878217297,0.40091000495180484,0.6530761972950729,0.6449403226915524,0.63069435134473,0.6164483799979075,0.602202408651085,0.5879564373042625,0.57371046595744,0.5084458697878081,0.4431812736181763,0.37791667744854435,0.3126520812789125
791,0.04326251605801909,0.04908169821561838,0.059271125452270715,0.06946055268892304,0.07964997992557539,0.08983940716222773,0.10002883439888008,0.1467093195416705,0.19338980468446088,0.24007028982725132,0.28675077497004176,0.499578441059629,0.4937592589020297,0.48356983166537737,0.47338040442872503,0.4631909771920727,0.45300154995542036,0.442812122718768,0.3961316375759776,0.3494511524331872,0.30277066729039676,0.2560901821476063
792,0.06656898268586907,0.07552308595105217,0.09120178120737912,0.10688047646370606,0.12255917172003303,0.13823786697635998,0.1539165622326869,0.2257448489433112,0.29757313565393556,0.36940142236455986,0.44122970907518416,0.4271966781704077,0.4182425749052246,0.4025638796488976,0.3868851843925707,0.3712064891362437,0.35552779387991673,0.3398490986235898,0.2680208119129655,0.19619252520234115,0.12436423849171685,0.05253595178109255
793,0.056639086305014866,0.06425753272192815,0.07759748382143074,0.09093743492093335,0.10427738602043597,0.11761733711993858,0.1309572882194412,0.19207116387144205,0.25318503952344296,0.31429891517544384,0.3754127908274448,0.3168441383691494,0.3092256919522361,0.2958857408527335,0.28254578975323086,0.26920583865372827,0.2558658875542257,0.24252593645472306,0.1814120608027222,0.1202981851507213,0.05918430949872042,-0.0019295661532805208
794,0.03392680220936796,0.038490250202461725,0.046480878441028384,0.05447150667959503,0.06246213491816169,0.07045276315672834,0.07844339139529499,0.1150505915949522,0.15165779179460942,0.18826499199426663,0.22487219219392388,0.22601923126692836,0.22145578327383458,0.21346515503526792,0.20547452679670128,0.1974838985581346,0.18949327031956797,0.1815026420810013,0.1448954418813441,0.10828824168168688,0.07168104148202967,0.035073841282372425
795,0.0236676925723058,0.026851201690074235,0.03242554764354464,0.03799989359701504,0.043574239550485436,0.049148585503955844,0.05472293145742625,0.08026049774238261,0.10579806402733898,0.13133563031229536,0.15687319659725174,0.20284547879051973,0.1996619696727513,0.1940876237192809,0.1885132777658105,0.1829389318123401,0.17736458585886972,0.17179023990539932,0.14625267362044297,0.12071510733548661,0.09517754105053022,0.06963997476557385
796,0.02469635730095266,0.028018230711428102,0.03383485347536883,0.03965147623930954,0.04546809900325027,0.051284721767191,0.05710134453113172,0.08374884553458932,0.11039634653804692,0.1370438475415045,0.16369134854496212,0.2086410790622131,0.20531920565173767,0.19950258288779693,0.19368596012385622,0.18786933735991548,0.18205271459597477,0.17623609183203404,0.14958859082857645,0.12294108982511885,0.09629358882166127,0.06964608781820365
797,0.018530992112733714,0.02102357064238779,0.025388092472381524,0.02975261430237525,0.03411713613236898,0.03848165796236271,0.04284617979235644,0.06284121893523797,0.08283625807811949,0.10283129722100104,0.12282633636388257,0.23076451461001737,0.2282719360803633,0.22390741425036959,0.21954289242037586,0.21517837059038214,0.21081384876038842,0.2064493269303947,0.18645428778751316,0.16645924864463163,0.1464642095017501,0.12646917035886857
798,0.022723898938375474,0.025780459658883387,0.031132518111866028,0.036484576564848666,0.0418366350178313,0.04718869347081395,0.05254075192379659,0.0770599598532782,0.10157916778275981,0.12609837571224142,0.15061758364172306,0.3411068640072945,0.3380503032867866,0.33269824483380395,0.3273461863808213,0.32199412792783866,0.316642069474856,0.31129001102187337,0.2867708030923918,0.2622515951629102,0.2377323872334286,0.21321317930394695
799,0.05954035988303085,0.0675490526604855,0.08157232777140645,0.0955956028823274,0.10961887799324835,0.12364215310416929,0.13766542821509023,0.20190979350324906,0.2661541587914079,0.33039852407956677,0.3946428893677256,0.5323949645104806,0.524386271733026,0.510362996622105,0.4963397215111841,0.48231644640026317,0.4682931712893422,0.4542698961784213,0.3900255308902625,0.32578116560210363,0.2615368003139448,0.19729243502578592
800,0.09422208070711786,0.10689576455313886,0.129087470513181,0.15127917647322317,0.17347088243326533,0.1956625883933075,0.21785429435334966,0.31952042104539957,0.42118654773744957,0.5228526744294996,0.6245188011215496,0.7630054397344619,0.7503317558884409,0.7281400499283988,0.7059483439683566,0.6837566380083144,0.6615649320482723,0.6393732260882301,0.5377070993961802,0.4360409727041302,0.33437484601208023,0.23270871932003023
801,0.11060462621291975,0.12548190395938727,0.1515321177130734,0.17758233146675953,0.2036325452204457,0.22968275897413182,0.255732972727818,0.37507595323620807,0.49441893374459817,0.6137619142529884,0.7331048947613785,1.04243040931092,1.0275531315644524,1.0015029178107662,0.9754527040570801,0.949402490303394,0.9233522765497079,0.8973020627960218,0.7779590822876317,0.6586161017792416,0.5392731212708513,0.41993014076246116
802,0.14593538259187422,0.16556495229609972,0.19993646134515083,0.23430797039420195,0.2686794794432531,0.3030509884923042,0.3374224975413554,0.4948875522726021,0.6523526070038489,0.8098176617350957,0.9672827164663426,1.3368623237393928,1.3172327540351674,1.2828612449861163,1.2484897359370652,1.2141182268880142,1.1797467178389631,1.145375208789912,0.9879101540586653,0.8304450993274186,0.6729800445961718,0.5155149898649249
803,0.17412844867806587,0.1975502293326846,0.2385619253527876,0.2795736213728906,0.3205853173929936,0.3615970134130966,0.40260870943319965,0.5904942325625675,0.7783797556919354,0.9662652788213034,1.1541508019506714,1.6963697765134498,1.6729479958588311,1.6319362998387281,1.590924603818625,1.549912907798522,1.508901211778419,1.467889515758316,1.2800039926289482,1.0921184694995802,0.9042329463702122,0.7163474232408442
804,0.20258246617249245,0.22983155799628885,0.277544901707457,0.32525824541862514,0.3729715891297932,0.4206849328409614,0.46839827655212957,0.6869858360383282,0.9055733955245269,1.1241609550107257,1.3427485144969247,1.9211150761464808,1.8938659843226844,1.8461526406115163,1.7984392969003482,1.7507259531891801,1.7030126094780118,1.6552992657668437,1.4367117062806452,1.2181241467944464,0.9995365873082476,0.7809490278220486
805,0.22682064156334378,0.25732997737244256,0.31075203030808307,0.3641740832437235,0.4175961361793641,0.4710181891150046,0.5244402420506451,0.769180921820084,1.013921601589523,1.2586622813589619,1.5034029611284008,2.0428941262432594,2.0123847904341607,1.9589627374985201,1.9055406845628797,1.852118631627239,1.7986965786915987,1.745274525755958,1.5005338459865192,1.2557931662170803,1.0110524864476413,0.7663118066782024
806,0.28713168866453304,0.3257533813399477,0.3933802259058238,0.46100707047169975,0.5286339150375757,0.5962607596034519,0.6638876041693279,0.9737042248382178,1.2835208455071077,1.5933374661759976,1.9031540868448875,2.133676930271694,2.095055237596279,2.027428393030403,1.9598015484645268,1.8921747038986507,1.8245478593327746,1.7569210147668985,1.4471043940980086,1.1372877734291187,0.8274711527602288,0.5176545320913388
807,0.3067951188581142,0.3480617127682659,0.42031979724889373,0.49257788172952155,0.5648359662101494,0.6370940506907772,0.709352135171405,1.040385701701159,1.3714192682309132,1.7024528347606676,2.0334864012904217,2.1612776545091203,2.120011060598969,2.047752976118341,1.975494891637713,1.9032368071570853,1.8309787226764576,1.7587206381958298,1.427687071666076,1.0966535051363218,0.7656199386065674,0.4345863720768133
808,0.27598175878396375,0.31310368956544515,0.3781044409318533,0.44310519229826134,0.5081059436646694,0.5731066950310776,0.6381074463974856,0.9358932333664804,1.233679020335475,1.53146480730447,1.829250594273465,1.9097257114610804,1.872603780679599,1.8076030293131908,1.7426022779467827,1.6776015265803745,1.6126007752139664,1.5476000238475582,1.2498142368785634,0.9520284499095688,0.6542426629405738,0.35645687597157893
809,0.2253108014307007,0.2556170506983482,0.3086834977291007,0.36174994475985317,0.4148163917906057,0.46788283882135817,0.5209492858521106,0.7640608400805081,1.0071723943089055,1.2502839485373032,1.4933955027657007,1.6192575536297766,1.588951304362129,1.5358848573313766,1.4828184103006241,1.4297519632698716,1.3766855162391192,1.3236190692083667,1.0805075149799692,0.8373959607515719,0.5942844065231742,0.3511728522947767
810,0.181071206183045,0.20542684770103406,0.24807374039633354,0.290720633091633,0.3333675257869325,0.376014418482232,0.41866131117753147,0.6140381066158548,0.809414902054178,1.0047916974925013,1.200168492930825,1.489569188741577,1.4652135472235879,1.4225666545282885,1.379919761832989,1.3372728691376894,1.29462597644239,1.2519790837470905,1.0566022883087673,0.8612254928704441,0.6658486974321208,0.4704719019937972
811,0.1371027565822645,0.15554426178254532,0.18783546186591396,0.22012666194928254,0.2524178620326512,0.2847090621160198,0.3170002621993884,0.464934866444111,0.6128694706888336,0.7608040749335562,0.9087386791782788,1.2544431595756709,1.23600165437539,1.2037104542920214,1.1714192542086528,1.1391280541252842,1.1068368540419156,1.074545653958547,0.9266110497138245,0.7786764454691019,0.6307418412243793,0.48280723697965666
812,0.12288693681507708,0.1394162914452449,0.16835930297358676,0.19730231450192862,0.22624532603027048,0.25518833755861237,0.28413134908695425,0.4167270081222759,0.5493226671575976,0.6819183261929194,0.8145139852282411,0.965950353268064,0.9494209986378962,0.9204779871095543,0.8915349755812124,0.8625919640528705,0.8336489525245286,0.8047059409961868,0.6721102819608651,0.5395146229255434,0.40691896389022164,0.27432330485489986
813,0.10407025709033581,0.11806860573895996,0.14257980870966933,0.16709101168037868,0.19160221465108804,0.2161134176217974,0.24062462059250678,0.3529169820306787,0.4652093434688507,0.5775017049070227,0.6897940663451948,0.756275578156249,0.7422772295076249,0.7177660265369155,0.6932548235662062,0.6687436205954969,0.6442324176247876,0.6197212146540781,0.5074288532159061,0.3951364917777342,0.2828441303395622,0.17055176890139007
814,0.09174496304809825,0.10408545316899447,0.1256937346673304,0.14730201616566632,0.16891029766400223,0.19051857916233816,0.21212686066067407,0.3111201642112374,0.4101134677618008,0.5091067713123641,0.6081000748629275,0.6380177307790044,0.6256772406581081,0.6040689591597722,0.5824606776614363,0.5608523961631003,0.5392441146647644,0.5176358331664285,0.4186425296158651,0.3196492260653017,0.22065592251473837,0.12166261896417502
815,0.0756798511426919,0.0858594449247251,0.10368398234795255,0.12150851977117999,0.13933305719440744,0.15715759461763487,0.17498213204086233,0.2566410943198301,0.33830005659879786,0.4199590188777657,0.5016179811567335,0.5589042903878931,0.54872469660586,0.5309001591826326,0.5130756217594051,0.4952510843361777,0.4774265469129503,0.45960200948972285,0.37794304721075506,0.2962840849317873,0.21462512265281947,0.13296616037385167
816,0.06656898268586907,0.07552308595105217,0.09120178120737912,0.10688047646370606,0.12255917172003303,0.13823786697635998,0.1539165622326869,0.2257448489433112,0.29757313565393556,0.36940142236455986,0.44122970907518416,0.4271966781704077,0.4182425749052246,0.4025638796488976,0.3868851843925707,0.3712064891362437,0.35552779387991673,0.3398490986235898,0.2680208119129655,0.19619252520234115,0.12436423849171685,0.05253595178109255
817,0.056639086305014866,0.06425753272192815,0.07759748382143074,0.09093743492093335,0.10427738602043597,0.11761733711993858,0.1309572882194412,0.19207116387144205,0.25318503952344296,0.31429891517544384,0.3754127908274448,0.3168441383691494,0.3092256919522361,0.2958857408527335,0.28254578975323086,0.26920583865372827,0.2558658875542257,0.24252593645472306,0.1814120608027222,0.1202981851507213,0.05918430949872042,-0.0019295661532805208
818,0.03392680220936796,0.038490250202461725,0.046480878441028384,0.05447150667959503,0.06246213491816169,0.07045276315672834,0.07844339139529499,0.1150505915949522,0.15165779179460942,0.18826499199426663,0.22487219219392388,0.22601923126692836,0.22145578327383458,0.21346515503526792,0.20547452679670128,0.1974838985581346,0.18949327031956797,0.1815026420810013,0.1448954418813441,0.10828824168168688,0.07168104148202967,0.035073841282372425
819,0.0236676925723058,0.026851201690074235,0.03242554764354464,0.03799989359701504,0.043574239550485436,0.049148585503955844,0.05472293145742625,0.08026049774238261,0.10579806402733898,0.13133563031229536,0.15687319659725174,0.20284547879051973,0.1996619696727513,0.1940876237192809,0.1885132777658105,0.1829389318123401,0.17736458585886972,0.17179023990539932,0.14625267362044297,0.12071510733548661,0.09517754105053022,0.06963997476557385
820,0.02469635730095266,0.028018230711428102,0.03383485347536883,0.03965147623930954,0.04546809900325027,0.051284721767191,0.05710134453113172,0.08374884553458932,0.11039634653804692,0.1370438475415045,0.16369134854496212,0.2086410790622131,0.20531920565173767,0.19950258288779693,0.19368596012385622,0.18786933735991548,0.18205271459597477,0.17623609183203404,0.14958859082857645,0.12294108982511885,0.09629358882166127,0.06964608781820365
821,0.018530992112733714,0.02102357064238779,0.025388092472381524,0.02975261430237525,0.03411713613236898,0.03848165796236271,0.04284617979235644,0.06284121893523797,0.08283625807811949,0.10283129722100104,0.12282633636388257,0.23076451461001737,0.2282719360803633,0.22390741425036959,0.21954289242037586,0.21517837059038214,0.21081384876038842,0.2064493269303947,0.18645428778751316,0.16645924864463163,0.1464642095017501,0.12646917035886857
822,0.022723898938375474,0.025780459658883387,0.031132518111866028,0.036484576564848666,0.0418366350178313,0.04718869347081395,0.05254075192379659,0.0770599598532782,0.10157916778275981,0.12609837571224142,0.15061758364172306,0.3411068640072945,0.3380503032867866,0.33269824483380395,0.3273461863808213,0.32199412792783866,0.316642069474856,0.31129001102187337,0.2867708030923918,0.2622515951629102,0.2377323872334286,0.21321317930394695
823,0.05954035988303085,0.0675490526604855,0.08157232777140645,0.0955956028823274,0.10961887799324835,0.12364215310416929,0.13766542821509023,0.20190979350324906,0.2661541587914079,0.33039852407956677,0.3946428893677256,0.5323949645104806,0.524386271733026,0.510362996622105,0.4963397215111841,0.48231644640026317,0.4682931712893422,0.4542698961784213,0.3900255308902625,0.32578116560210363,0.2615368003139448,0.19729243502578592
824,0.09422208070711786,0.10689576455313886,0.129087470513181,0.15127917647322317,0.17347088243326533,0.1956625883933075,0.21785429435334966,0.31952042104539957,0.42118654773744957,0.5228526744294996,0.6245188011215496,0.7630054397344619,0.7503317558884409,0.7281400499283988,0.7059483439683566,0.6837566380083144,0.6615649320482723,0.6393732260882301,0.5377070993961802,0.4360409727041302,0.33437484601208023,0.23270871932003023
825,0.11060462621291975,0.12548190395938727,0.1515321177130734,0.17758233146675953,0.2036325452204457,0.22968275897413182,0.255732972727818,0.37507595323620807,0.49441893374459817,0.6137619142529884,0.7331048947613785,1.04243040931092,1.0275531315644524,1.0015029178107662,0.9754527040570801,0.949402490303394,0.9233522765497079,0.8973020627960218,0.7779590822876317,0.6586161017792416,0.5392731212708513,0.41993014076246116
826,0.14593538259187422,0.16556495229609972,0.19993646134515083,0.23430797039420195,0.2686794794432531,0.3030509884923042,0.3374224975413554,0.4948875522726021,0.6523526070038489,0.8098176617350957,0.9672827164663426,1.3368623237393928,1.3172327540351674,1.2828612449861163,1.2484897359370652,1.2141182268880142,1.1797467178389631,1.145375208789912,0.9879101540586653,0.8304450993274186,0.6729800445961718,0.5155149898649249
827,0.17412844867806587,0.1975502293326846,0.2385619253527876,0.2795736213728906,0.3205853173929936,0.3615970134130966,0.40260870943319965,0.5904942325625675,0.7783797556919354,0.9662652788213034,1.1541508019506714,1.6963697765134498,1.6729479958588311,1.6319362998387281,1.590924603818625,1.549912907798522,1.508901211778419,1.467889515758316,1.2800039926289482,1.0921184694995802,0.9042329463702122,0.7163474232408442
828,0.20258246617249245,0.22983155799628885,0.277544901707457,0.32525824541862514,0.3729715891297932,0.4206849328409614,0.46839827655212957,0.6869858360383282,0.9055733955245269,1.1241609550107257,1.3427485144969247,1.9211150761464808,1.8938659843226844,1.8461526406115163,1.7984392969003482,1.7507259531891801,1.7030126094780118,1.6552992657668437,1.4367117062806452,1.2181241467944464,0.9995365873082476,0.7809490278220486
829,0.22682064156334378,0.25732997737244256,0.31075203030808307,0.3641740832437235,0.4175961361793641,0.4710181891150046,0.5244402420506451,0.769180921820084,1.013921601589523,1.2586622813589619,1.5034029611284008,2.0428941262432594,2.0123847904341607,1.9589627374985201,1.9055406845628797,1.852118631627239,1.7986965786915987,1.745274525755958,1.5005338459865192,1.2557931662170803,1.0110524864476413,0.7663118066782024
830,0.28713168866453304,0.3257533813399477,0.3933802259058238,0.46100707047169975,0.5286339150375757,0.5962607596034519,0.6638876041693279,0.9737042248382178,1.2835208455071077,1.5933374661759976,1.9031540868448875,2.133676930271694,2.095055237596279,2.027428393030403,1.9598015484645268,1.8921747038986507,1.8245478593327746,1.7569210147668985,1.4471043940980086,1.1372877734291187,0.8274711527602288,0.5176545320913388
831,0.3067951188581142,0.3480617127682659,0.42031979724889373,0.49257788172952155,0.5648359662101494,0.6370940506907772,0.709352135171405,1.040385701701159,1.3714192682309132,1.7024528347606676,2.0334864012904217,2.1612776545091203,2.120011060598969,2.047752976118341,1.975494891637713,1.9032368071570853,1.8309787226764576,1.7587206381958298,1.427687071666076,1.0966535051363218,0.7656199386065674,0.4345863720768133
832,0.27598175878396375,0.31310368956544515,0.3781044409318533,0.44310519229826134,0.5081059436646694,0.5731066950310776,0.6381074463974856,0.9358932333664804,1.233679020335475,1.53146480730447,1.829250594273465,1.9097257114610804,1.872603780679599,1.8076030293131908,1.7426022779467827,1.6776015265803745,1.6126007752139664,1.5476000238475582,1.2498142368785634,0.9520284499095688,0.6542426629405738,0.35645687597157893
833,0.2253108014307007,0.2556170506983482,0.3086834977291007,0.36174994475985317,0.4148163917906057,0.46788283882135817,0.5209492858521106,0.7640608400805081,1.0071723943089055,1.2502839485373032,1.4933955027657007,1.6192575536297766,1.588951304362129,1.5358848573313766,1.4828184103006241,1.4297519632698716,1.3766855162391192,1.3236190692083667,1.0805075149799692,0.8373959607515719,0.5942844065231742,0.3511728522947767
834,0.181071206183045,0.20542684770103406,0.24807374039633354,0.290720633091633,0.3333675257869325,0.376014418482232,0.41866131117753147,0.6140381066158548,0.809414902054178,1.0047916974925013,1.200168492930825,1.489569188741577,1.4652135472235879,1.4225666545282885,1.379919761832989,1.3372728691376894,1.29462597644239,1.2519790837470905,1.0566022883087673,0.8612254928704441,0.6658486974321208,0.4704719019937972
835,0.1371027565822645,0.15554426178254532,0.18783546186591396,0.22012666194928254,0.2524178620326512,0.2847090621160198,0.3170002621993884,0.464934866444111,0.6128694706888336,0.7608040749335562,0.9087386791782788,1.2544431595756709,1.23600165437539,1.2037104542920214,1.1714192542086528,1.1391280541252842,1.1068368540419156,1.074545653958547,0.9266110497138245,0.7786764454691019,0.6307418412243793,0.48280723697965666
836,0.12288693681507708,0.1394162914452449,0.16835930297358676,0.19730231450192862,0.22624532603027048,0.25518833755861237,0.28413134908695425,0.4167270081222759,0.5493226671575976,0.6819183261929194,0.8145139852282411,0.965950353268064,0.9494209986378962,0.9204779871095543,0.8915349755812124,0.8625919640528705,0.8336489525245286,0.8047059409961868,0.6721102819608651,0.5395146229255434,0.40691896389022164,0.27432330485489986
837,0.10407025709033581,0.11806860573895996,0.14257980870966933,0.16709101168037868,0.19160221465108804,0.2161134176217974,0.24062462059250678,0.3529169820306787,0.4652093434688507,0.5775017049070227,0.6897940663451948,0.756275578156249,0.7422772295076249,0.7177660265369155,0.6932548235662062,0.6687436205954969,0.6442324176247876,0.6197212146540781,0.5074288532159061,0.3951364917777342,0.2828441303395622,0.17055176890139007
838,0.09174496304809825,0.10408545316899447,0.1256937346673304,0.14730201616566632,0.16891029766400223,0.19051857916233816,0.21212686066067407,0.3111201642112374,0.4101134677618008,0.5091067713123641,0.6081000748629275,0.6380177307790044,0.6256772406581081,0.6040689591597722,0.5824606776614363,0.5608523961631003,0.5392441146647644,0.5176358331664285,0.4186425296158651,0.3196492260653017,0.22065592251473837,0.12166261896417502
839,0.0756798511426919,0.0858594449247251,0.10368398234795255,0.12150851977117999,0.13933305719440744,0.15715759461763487,0.17498213204086233,0.2566410943198301,0.33830005659879786,0.4199590188777657,0.5016179811567335,0.5589042903878931,0.54872469660586,0.5309001591826326,0.5130756217594051,0.4952510843361777,0.4774265469129503,0.45960200948972285,0.37794304721075506,0.2962840849317873,0.21462512265281947,0.13296616037385167
840,0.031367184720614005,0.03558634204876214,0.04297411500909338,0.050361887969424625,0.057749660929755864,0.0651374338900871,0.07252520685041834,0.10637056615310214,0.14021592545578596,0.17406128475846977,0.20790664406115364,0.38513873965896495,0.3809195823308168,0.3735318093704856,0.36614403641015436,0.35875626344982314,0.3513684904894919,0.3439807175291607,0.3101353582264769,0.27628999892379313,0.24244463962110932,0.20859928031842545
841,0.027541528392130105,0.031246101893993974,0.037732835101129916,0.04421956830826585,0.05070630151540179,0.057193034722537735,0.06367976792967367,0.09339722368731823,0.1231146794449628,0.15283213520260736,0.18254959096025195,0.2947264391013124,0.29102186559944854,0.2845351323923126,0.27804839918517665,0.2715616659780407,0.26507493277090477,0.25858819956376883,0.22887074380612427,0.1991532880484797,0.16943583229083514,0.13971837653319055
842,0.021214760756460276,0.024068329353953997,0.029064947229369295,0.03406156510478459,0.03905818298019989,0.04405480085561519,0.049051418731030486,0.07194225852804301,0.09483309832505553,0.11772393812206808,0.1406147779190806,0.2196416620198345,0.2167880934223408,0.21179147554692548,0.20679485767151018,0.20179823979609487,0.19680162192067957,0.19180500404526427,0.16891416424825173,0.14602332445123922,0.12313248465422667,0.10024164485721414
843,0.017379901386824617,0.01971764826949346,0.023811058840523276,0.02790446941155309,0.03199787998258291,0.03609129055361272,0.04018470112464254,0.058937707246218926,0.07769071336779533,0.09644371948937172,0.11519672561094813,0.1725522635160582,0.17021451663338938,0.16612110606235955,0.16202769549132973,0.1579342849202999,0.15384087434927007,0.14974746377824025,0.13099445765666387,0.11224145153508747,0.09348844541351108,0.07473543929193467
844,0.018861538995962508,0.02139857893702769,0.025840952998510806,0.030283327059993915,0.03472570112147703,0.03916807518296014,0.04361044924444325,0.0639621502340575,0.08431385122367176,0.10466555221328604,0.1250172532029003,0.16219714722554288,0.1596601072844777,0.15521773322299456,0.15077535916151147,0.14633298510002835,0.14189061103854522,0.1374482369770621,0.11709653598744785,0.0967448349978336,0.07639313400821932,0.05604143301860505
845,0.06031042844298219,0.06842270209442457,0.08262734801485494,0.09683199393528533,0.1110366398557157,0.1252412857761461,0.1394459316965765,0.20452120506052845,0.2695964784244804,0.33467175178843245,0.39974702515238447,0.4566317751531136,0.4485195015016712,0.43431485558124083,0.4201102096608105,0.4059055637403801,0.3917009178199497,0.3774962718995193,0.3124209985355673,0.24734572517161535,0.18227045180766333,0.1171951784437113
846,0.30895518501738617,0.35051232648691727,0.4232791617051753,0.4960459969234333,0.5688128321416914,0.6415796673599494,0.7143465025782075,1.0477107919933368,1.3810750814084662,1.7144393708235957,2.0478036602387255,2.1024107163262697,2.0608535748567385,1.9880867396384805,1.9153199044202225,1.8425530692019643,1.7697862339837063,1.6970193987654483,1.363655109350319,1.0302908199351897,0.6969265305200603,0.3635622411049304
847,1.1612949269476076,1.3174991271273024,1.5910137359992662,1.8645283448712298,2.1380429537431938,2.4115575626151577,2.685072171487121,3.9381155800368046,5.191158988586489,6.444202397136173,7.697245805685856,8.797592590406415,8.64138839022672,8.367873781354756,8.094359172482793,7.820844563610829,7.547329954738865,7.273815345866902,6.020771937317218,4.767728528767535,3.514685120217851,2.261641711668167
848,2.8365400828547638,3.218079229059924,3.8861568494030205,4.554234469746118,5.222312090089215,5.890389710432311,6.558467330775408,9.61910918103339,12.679751031291374,15.74039288154936,18.801034731807345,21.40384848736475,21.02230934115959,20.354231720816493,19.686154100473395,19.018076480130297,18.3499988597872,17.6819212394441,14.621279389186117,11.560637538928134,8.499995688670149,5.439353838412163
849,4.187241305649756,4.750461435119857,5.736663683482037,6.722865931844216,7.709068180206397,8.695270428568575,9.681472676930756,14.199528337297998,18.717583997665233,23.23563965803248,27.75369531839972,32.29130966000392,31.72808953053382,30.74188728217164,29.75568503380946,28.76948278544728,27.7832805370851,26.797078288722922,22.27902262835568,17.760966967988445,13.242911307621199,8.724855647253957
850,4.1224380187469025,4.6769415462886,5.647880965838258,6.618820385387915,7.5897598049375725,8.56069922448723,9.53163864403689,13.979771212843394,18.427903781649896,22.876036350456406,27.324168919262913,32.91035711924829,32.35585359170659,31.384914172156932,30.413974752607274,29.443035333057615,28.472095913507957,27.501156493958298,23.053023925151795,18.60489135634529,14.15675878753878,9.708626218732274
851,3.351595880008395,3.8024144805325077,4.591800893015079,5.381187305497649,6.170573717980221,6.959960130462791,7.7493465429453625,11.365736340329079,14.982126137712793,18.59851593509651,22.21490573248023,27.356769827551037,26.905951227026925,26.116564814544354,25.327178402061783,24.537791989579212,23.74840557709664,22.95901916461407,19.34262936723035,15.726239569846637,12.109849772462919,8.493459975079201
852,2.9910124143164416,3.3933294236000933,4.097789222441407,4.80224902128272,5.506708820124034,6.211168618965348,6.915628417806662,10.142946736074473,13.370265054342282,16.597583372610092,19.82490169087791,24.2284335048095,23.82611649552585,23.121656696684536,22.417196897843223,21.71273709900191,21.008277300160596,20.303817501319283,17.076499183051475,13.849180864783666,10.621862546515855,7.394544228248039
853,2.7047846416677372,3.0686015427890947,3.7056473923676854,4.342693241946275,4.979739091524866,5.6167849411034565,6.253830790682048,9.172307818474215,12.090784846266383,15.009261874058554,17.92773890185072,22.802692522038395,22.438875620917038,21.801829771338447,21.164783921759856,20.527738072181265,19.890692222602674,19.253646373024083,16.335169345231915,13.416692317439747,10.498215289647575,7.579738261855409
854,2.20733046474823,2.5042354815337093,3.0241181699939683,3.544000858454227,4.063883546914486,4.583766235374744,5.103648923835004,7.485370246439614,9.867091569044224,12.248812891648836,14.630534214253444,19.724931122724897,19.428026105939416,18.908143417479156,18.388260729018896,17.868378040558635,17.348495352098375,16.828612663638115,14.446891341033504,12.065170018428894,9.683448695824282,7.3017273732196735
855,1.677916042855984,1.903610246250039,2.298802319798513,2.693994393346985,3.0891864668954585,3.484378540443932,3.879570613992405,5.690050956937462,7.500531299882518,9.311011642827577,11.121491985772634,14.871256559632515,14.645562356238461,14.250370282689987,13.855178209141515,13.459986135593041,13.064794062044568,12.669601988496094,10.859121645551037,9.04864130260598,7.238160959660921,5.427680616715864
856,1.1172675321315855,1.2675496673528908,1.5306947005095728,1.7938397336662546,2.0569847668229366,2.3201297999796187,2.583274833136301,3.7888124482913326,4.9943500634463645,6.199887678601396,7.405425293756428,10.033161309414842,9.882879174193537,9.619734141036854,9.356589107880172,9.09344407472349,8.830299041566807,8.567154008410125,7.361616393255093,6.156078778100062,4.95054116294503,3.745003547789998
857,0.6682540838903488,0.7581400312657272,0.9155309318380566,1.0729218324103855,1.2303127329827148,1.3877036335550441,1.5450945341273732,2.2661442482220826,2.987193962316792,3.7082436764115014,4.429293390506211,6.0734388854665,5.983552938091121,5.826162037518792,5.668771136946463,5.5113802363741335,5.3539893358018045,5.196598435229475,4.475548721134766,3.7544990070400566,3.033449292945347,2.3123995788506377
858,0.4397550001969972,0.4989058467966161,0.6024793784527985,0.7060529101089809,0.8096264417651632,0.9131999734213457,1.016773505077528,1.4912714914090162,1.9657694777405041,2.4402674640719924,2.9147654504034803,3.6846018562989733,3.625451009699354,3.5218774780431716,3.418303946386989,3.314730414730807,3.2111568830746244,3.1075833514184423,2.633085365086954,2.158587378755466,1.6840893924239777,1.2095914060924897
859,0.286284866305672,0.32479265405806435,0.39222005033488544,0.4596474466117065,0.5270748428885276,0.5945022391653487,0.6619296354421698,0.9708325302776295,1.2797354251130895,1.5886383199485492,1.8975412147840094,2.22844041223525,2.1899326244828576,2.1225052282060366,2.0550778319292156,1.9876504356523945,1.9202230393755735,1.8527956430987524,1.5438927482632927,1.2349898534278327,0.926086958592373,0.6171840637569128
860,0.1600000684787465,0.18152145994052682,0.21920556165659857,0.25688966337267033,0.2945737650887421,0.33225786680481384,0.3699419685208856,0.5425828942000834,0.7152238198792811,0.887864745558479,1.0605056712376768,1.3303544742870113,1.308833082825231,1.2711489811091592,1.2334648793930874,1.1957807776770155,1.1580966759609437,1.1204125742448718,0.947771648565674,0.7751307228864763,0.6024897972072784,0.4298488715280806
861,0.0966650333943288,0.10966731548161278,0.1324343991801003,0.15520148287858784,0.17796856657707538,0.20073565027556292,0.2235027339740505,0.3278048196211218,0.432106905268193,0.5364089909152644,0.6407110765623357,0.8750441895076194,0.8620419074203355,0.8392748237218479,0.8165077400233604,0.7937406563248728,0.7709735726263852,0.7482064889278977,0.6439044032808263,0.5396023176337551,0.4353002319866837,0.3309981463396124
862,0.060485888935644626,0.06862176353916513,0.08286773488598757,0.09711370623281,0.11135967757963244,0.1256056489264549,0.13985162027327736,0.2051162164429092,0.27038081261254104,0.33564540878217297,0.40091000495180484,0.6530761972950729,0.6449403226915524,0.63069435134473,0.6164483799979075,0.602202408651085,0.5879564373042625,0.57371046595744,0.5084458697878081,0.4431812736181763,0.37791667744854435,0.3126520812789125
863,0.04326251605801909,0.04908169821561838,0.059271125452270715,0.06946055268892304,0.07964997992557539,0.08983940716222773,0.10002883439888008,0.1467093195416705,0.19338980468446088,0.24007028982725132,0.28675077497004176,0.499578441059629,0.4937592589020297,0.48356983166537737,0.47338040442872503,0.4631909771920727,0.45300154995542036,0.442812122718768,0.3961316375759776,0.3494511524331872,0.30277066729039676,0.2560901821476063
864,0.031367184720614005,0.03558634204876214,0.04297411500909338,0.050361887969424625,0.057749660929755864,0.0651374338900871,0.07252520685041834,0.10637056615310214,0.14021592545578596,0.17406128475846977,0.20790664406115364,0.38513873965896495,0.3809195823308168,0.3735318093704856,0.36614403641015436,0.35875626344982314,0.3513684904894919,0.3439807175291607,0.3101353582264769,0.27628999892379313,0.24244463962110932,0.20859928031842545
865,0.027541528392130105,0.031246101893993974,0.037732835101129916,0.04421956830826585,0.05070630151540179,0.057193034722537735,0.06367976792967367,0.09339722368731823,0.1231146794449628,0.15283213520260736,0.18254959096025195,0.2947264391013124,0.29102186559944854,0.2845351323923126,0.27804839918517665,0.2715616659780407,0.26507493277090477,0.25858819956376883,0.22887074380612427,0.1991532880484797,0.16943583229083514,0.13971837653319055
866,0.021214760756460276,0.024068329353953997,0.029064947229369295,0.03406156510478459,0.03905818298019989,0.04405480085561519,0.049051418731030486,0.07194225852804301,0.09483309832505553,0.11772393812206808,0.1406147779190806,0.2196416620198345,0.2167880934223408,0.21179147554692548,0.20679485767151018,0.20179823979609487,0.19680162192067957,0.19180500404526427,0.16891416424825173,0.14602332445123922,0.12313248465422667,0.10024164485721414
867,0.017379901386824617,0.01971764826949346,0.023811058840523276,0.02790446941155309,0.03199787998258291,0.03609129055361272,0.04018470112464254,0.058937707246218926,0.07769071336779533,0.09644371948937172,0.11519672561094813,0.1725522635160582,0.17021451663338938,0.16612110606235955,0.16202769549132973,0.1579342849202999,0.15384087434927007,0.14974746377824025,0.13099445765666387,0.11224145153508747,0.09348844541351108,0.07473543929193467
868,0.018861538995962508,0.02139857893702769,0.025840952998510806,0.030283327059993915,0.03472570112147703,0.03916807518296014,0.04361044924444325,0.0639621502340575,0.08431385122367176,0.10466555221328604,0.1250172532029003,0.16219714722554288,0.1596601072844777,0.15521773322299456,0.15077535916151147,0.14633298510002835,0.14189061103854522,0.1374482369770621,0.11709653598744785,0.0967448349978336,0.07639313400821932,0.05604143301860505
869,0.06031042844298219,0.06842270209442457,0.08262734801485494,0.09683199393528533,0.1110366398557157,0.1252412857761461,0.1394459316965765,0.20452120506052845,0.2695964784244804,0.33467175178843245,0.39974702515238447,0.4566317751531136,0.4485195015016712,0.43431485558124083,0.4201102096608105,0.4059055637403801,0.3917009178199497,0.3774962718995193,0.3124209985355673,0.24734572517161535,0.18227045180766333,0.1171951784437113
870,0.30895518501738617,0.35051232648691727,0.4232791617051753,0.4960459969234333,0.5688128321416914,0.6415796673599494,0.7143465025782075,1.0477107919933368,1.3810750814084662,1.7144393708235957,2.0478036602387255,2.1024107163262697,2.0608535748567385,1.9880867396384805,1.9153199044202225,1.8425530692019643,1.7697862339837063,1.6970193987654483,1.363655109350319,1.0302908199351897,0.6969265305200603,0.3635622411049304
871,1.1612949269476076,1.3174991271273024,1.5910137359992662,1.8645283448712298,2.1380429537431938,2.4115575626151577,2.685072171487121,3.9381155800368046,5.191158988586489,6.444202397136173,7.697245805685856,8.797592590406415,8.64138839022672,8.367873781354756,8.094359172482793,7.820844563610829,7.547329954738865,7.273815345866902,6.020771937317218,4.767728528767535,3.514685120217851,2.261641711668167
872,2.8365400828547638,3.218079229059924,3.8861568494030205,4.554234469746118,5.222312090089215,5.890389710432311,6.558467330775408,9.61910918103339,12.679751031291374,15.74039288154936,18.801034731807345,21.40384848736475,21.02230934115959,20.354231720816493,19.686154100473395,19.018076480130297,18.3499988597872,17.6819212394441,14.621279389186117,11.560637538928134,8.499995688670149,5.439353838412163
873,4.187241305649756,4.750461435119857,5.736663683482037,6.722865931844216,7.709068180206397,8.695270428568575,9.681472676930756,14.199528337297998,18.717583997665233,23.23563965803248,27.75369531839972,32.29130966000392,31.72808953053382,30.74188728217164,29.75568503380946,28.76948278544728,27.7832805370851,26.797078288722922,22.27902262835568,17.760966967988445,13.242911307621199,8.724855647253957
874,4.1224380187469025,4.6769415462886,5.647880965838258,6.618820385387915,7.5897598049375725,8.56069922448723,9.53163864403689,13.979771212843394,18.427903781649896,22.876036350456406,27.324168919262913,32.91035711924829,32.35585359170659,31.384914172156932,30.413974752607274,29.443035333057615,28.472095913507957,27.501156493958298,23.053023925151795,18.60489135634529,14.15675878753878,9.708626218732274
875,3.351595880008395,3.8024144805325077,4.591800893015079,5.381187305497649,6.170573717980221,6.959960130462791,7.7493465429453625,11.365736340329079,14.982126137712793,18.59851593509651,22.21490573248023,27.356769827551037,26.905951227026925,26.116564814544354,25.327178402061783,24.537791989579212,23.74840557709664,22.95901916461407,19.34262936723035,15.726239569846637,12.109849772462919,8.493459975079201
876,2.9910124143164416,3.3933294236000933,4.097789222441407,4.80224902128272,5.506708820124034,6.211168618965348,6.915628417806662,10.142946736074473,13.370265054342282,16.597583372610092,19.82490169087791,24.2284335048095,23.82611649552585,23.121656696684536,22.417196897843223,21.71273709900191,21.008277300160596,20.303817501319283,17.076499183051475,13.849180864783666,10.621862546515855,7.394544228248039
877,2.7047846416677372,3.0686015427890947,3.7056473923676854,4.342693241946275,4.979739091524866,5.6167849411034565,6.253830790682048,9.172307818474215,12.090784846266383,15.009261874058554,17.92773890185072,22.802692522038395,22.438875620917038,21.801829771338447,21.164783921759856,20.527738072181265,19.890692222602674,19.253646373024083,16.335169345231915,13.416692317439747,10.498215289647575,7.579738261855409
878,2.20733046474823,2.5042354815337093,3.0241181699939683,3.544000858454227,4.063883546914486,4.583766235374744,5.103648923835004,7.485370246439614,9.867091569044224,12.248812891648836,14.630534214253444,19.724931122724897,19.428026105939416,18.908143417479156,18.388260729018896,17.868378040558635,17.348495352098375,16.828612663638115,14.446891341033504,12.065170018428894,9.683448695824282,7.3017273732196735
879,1.677916042855984,1.903610246250039,2.298802319798513,2.693994393346985,3.0891864668954585,3.484378540443932,3.879570613992405,5.690050956937462,7.500531299882518,9.311011642827577,11.121491985772634,14.871256559632515,14.645562356238461,14.250370282689987,13.855178209141515,13.459986135593041,13.064794062044568,12.669601988496094,10.859121645551037,9.04864130260598,7.238160959660921,5.427680616715864
880,1.1172675321315855,1.2675496673528908,1.5306947005095728,1.7938397336662546,2.0569847668229366,2.3201297999796187,2.583274833136301,3.7888124482913326,4.9943500634463645,6.199887678601396,7.405425293756428,10.033161309414842,9.882879174193537,9.619734141036854,9.356589107880172,9.09344407472349,8.830299041566807,8.567154008410125,7.361616393255093,6.156078778100062,4.95054116294503,3.745003547789998
881,0.6682540838903488,0.7581400312657272,0.9155309318380566,1.0729218324103855,1.2303127329827148,1.3877036335550441,1.5450945341273732,2.2661442482220826,2.987193962316792,3.7082436764115014,4.429293390506211,6.0734388854665,5.983552938091121,5.826162037518792,5.668771136946463,5.5113802363741335,5.3539893358018045,5.196598435229475,4.475548721134766,3.7544990070400566,3.033449292945347,2.3123995788506377
882,0.4397550001969972,0.4989058467966161,0.6024793784527985,0.7060529101089809,0.8096264417651632,0.9131999734213457,1.016773505077528,1.4912714914090162,1.9657694777405041,2.4402674640719924,2.9147654504034803,3.6846018562989733,3.625451009699354,3.5218774780431716,3.418303946386989,3.314730414730807,3.2111568830746244,3.1075833514184423,2.633085365086954,2.158587378755466,1.6840893924239777,1.2095914060924897
883,0.286284866305672,0.32479265405806435,0.39222005033488544,0.4596474466117065,0.5270748428885276,0.5945022391653487,0.6619296354421698,0.9708325302776295,1.2797354251130895,1.5886383199485492,1.8975412147840094,2.22844041223525,2.1899326244828576,2.1225052282060366,2.0550778319292156,1.9876504356523945,1.9202230393755735,1.8527956430987524,1.5438927482632927,1.2349898534278327,0.926086958592373,0.6171840637569128
884,0.1600000684787465,0.18152145994052682,0.21920556165659857,0.25688966337267033,0.2945737650887421,0.33225786680481384,0.3699419685208856,0.5425828942000834,0.7152238198792811,0.887864745558479,1.0605056712376768,1.3303544742870113,1.308833082825231,1.2711489811091592,1.2334648793930874,1.1957807776770155,1.1580966759609437,1.1204125742448718,0.947771648565674,0.7751307228864763,0.6024897972072784,0.4298488715280806
885,0.0966650333943288,0.10966731548161278,0.1324343991801003,0.15520148287858784,0.17796856657707538,0.20073565027556292,0.2235027339740505,0.3278048196211218,0.432106905268193,0.5364089909152644,0.6407110765623357,0.8750441895076194,0.8620419074203355,0.8392748237218479,0.8165077400233604,0.7937406563248728,0.7709735726263852,0.7482064889278977,0.6439044032808263,0.5396023176337551,0.4353002319866837,0.3309981463396124
886,0.060485888935644626,0.06862176353916513,0.08286773488598757,0.09711370623281,0.11135967757963244,0.1256056489264549,0.13985162027327736,0.2051162164429092,0.27038081261254104,0.33564540878217297,0.40091000495180484,0.6530761972950729,0.6449403226915524,0.63069435134473,0.6164483799979075,0.602202408651085,0.5879564373042625,0.57371046595744,0.5084458697878081,0.4431812736181763,0.37791667744854435,0.3126520812789125
887,0.04326251605801909,0.04908169821561838,0.059271125452270715,0.06946055268892304,0.07964997992557539,0.08983940716222773,0.10002883439888008,0.1467093195416705,0.19338980468446088,0.24007028982725132,0.28675077497004176,0.499578441059629,0.4937592589020297,0.48356983166537737,0.47338040442872503,0.4631909771920727,0.45300154995542036,0.442812122718768,0.3961316375759776,0.3494511524331872,0.30277066729039676,0.2560901821476063
888,0.031367184720614005,0.03558634204876214,0.04297411500909338,0.050361887969424625,0.057749660929755864,0.0651374338900871,0.07252520685041834,0.10637056615310214,0.14021592545578596,0.17406128475846977,0.20790664406115364,0.38513873965896495,0.3809195823308168,0.3735318093704856,0.36614403641015436,0.35875626344982314,0.3513684904894919,0.3439807175291607,0.3101353582264769,0.27628999892379313,0.24244463962110932,0.20859928031842545
889,0.027541528392130105,0.031246101893993974,0.037732835101129916,0.04421956830826585,0.05070630151540179,0.057193034722537735,0.06367976792967367,0.09339722368731823,0.1231146794449628,0.15283213520260736,0.18254959096025195,0.2947264391013124,0.29102186559944854,0.2845351323923126,0.27804839918517665,0.2715616659780407,0.26507493277090477,0.25858819956376883,0.22887074380612427,0.1991532880484797,0.16943583229083514,0.13971837653319055
890,0.021214760756460276,0.024068329353953997,0.029064947229369295,0.03406156510478459,0.03905818298019989,0.04405480085561519,0.049051418731030486,0.07194225852804301,0.09483309832505553,0.11772393812206808,0.1406147779190806,0.2196416620198345,0.2167880934223408,0.21179147554692548,0.20679485767151018,0.20179823979609487,0.19680162192067957,0.19180500404526427,0.16891416424825173,0.14602332445123922,0.12313248465422667,0.10024164485721414
891,0.017379901386824617,0.01971764826949346,0.023811058840523276,0.02790446941155309,0.03199787998258291,0.03609129055361272,0.04018470112464254,0.058937707246218926,0.07769071336779533,0.09644371948937172,0.11519672561094813,0.1725522635160582,0.17021451663338938,0.16612110606235955,0.16202769549132973,0.1579342849202999,0.15384087434927007,0.14974746377824025,0.13099445765666387,0.11224145153508747,0.09348844541351108,0.07473543929193467
892,0.018861538995962508,0.02139857893702769,0.025840952998510806,0.030283327059993915,0.03472570112147703,0.03916807518296014,0.04361044924444325,0.0639621502340575,0.08431385122367176,0.10466555221328604,0.1250172532029003,0.16219714722554288,0.1596601072844777,0.15521773322299456,0.15077535916151147,0.14633298510002835,0.14189061103854522,0.1374482369770621,0.11709653598744785,0.0967448349978336,0.07639313400821932,0.05604143301860505
893,0.06031042844298219,0.06842270209442457,0.08262734801485494,0.09683199393528533,0.1110366398557157,0.1252412857761461,0.1394459316965765,0.20452120506052845,0.2695964784244804,0.33467175178843245,0.39974702515238447,0.4566317751531136,0.4485195015016712,0.43431485558124083,0.4201102096608105,0.4059055637403801,0.3917009178199497,0.3774962718995193,0.3124209985355673,0.24734572517161535,0.18227045180766333,0.1171951784437113
894,0.30895518501738617,0.35051232648691727,0.4232791617051753,0.4960459969234333,0.5688128321416914,0.6415796673599494,0.7143465025782075,1.0477107919933368,1.3810750814084662,1.7144393708235957,2.0478036602387255,2.1024107163262697,2.0608535748567385,1.9880867396384805,1.9153199044202225,1.8425530692019643,1.7697862339837063,1.6970193987654483,1.363655109350319,1.0302908199351897,0.6969265305200603,0.3635622411049304
895,1.1612949269476076,1.3174991271273024,1.5910137359992662,1.8645283448712298,2.1380429537431938,2.4115575626151577,2.685072171487121,3.9381155800368046,5.191158988586489,6.444202397136173,7.697245805685856,8.797592590406415,8.64138839022672,8.367873781354756,8.094359172482793,7.820844563610829,7.547329954738865,7.273815345866902,6.020771937317218,4.767728528767535,3.514685120217851,2.261641711668167
896,2.8365400828547638,3.218079229059924,3.8861568494030205,4.554234469746118,5.222312090089215,5.890389710432311,6.558467330775408,9.61910918103339,12.679751031291374,15.74039288154936,18.801034731807345,21.40384848736475,21.02230934115959,20.354231720816493,19.686154100473395,19.018076480130297,18.3499988597872,17.6819212394441,14.621279389186117,11.560637538928134,8.499995688670149,5.439353838412163
897,4.187241305649756,4.750461435119857,5.736663683482037,6.722865931844216,7.709068180206397,8.695270428568575,9.681472676930756,14.199528337297998,18.717583997665233,23.23563965803248,27.75369531839972,32.29130966000392,31.72808953053382,30.74188728217164,29.75568503380946,28.76948278544728,27.7832805370851,26.797078288722922,22.27902262835568,17.760966967988445,13.242911307621199,8.724855647253957
898,4.1224380187469025,4.6769415462886,5.647880965838258,6.618820385387915,7.5897598049375725,8.56069922448723,9.53163864403689,13.979771212843394,18.427903781649896,22.876036350456406,27.324168919262913,32.91035711924829,32.35585359170659,31.384914172156932,30.413974752607274,29.443035333057615,28.472095913507957,27.501156493958298,23.053023925151795,18.60489135634529,14.15675878753878,9.708626218732274
899,3.351595880008395,3.8024144805325077,4.591800893015079,5.381187305497649,6.170573717980221,6.959960130462791,7.7493465429453625,11.365736340329079,14.982126137712793,18.59851593509651,22.21490573248023,27.356769827551037,26.905951227026925,26.116564814544354,25.327178402061783,24.537791989579212,23.74840557709664,22.95901916461407,19.34262936723035,15.726239569846637,12.109849772462919,8.493459975079201
900,2.9910124143164416,3.3933294236000933,4.097789222441407,4.80224902128272,5.506708820124034,6.211168618965348,6.915628417806662,10.142946736074473,13.370265054342282,16.597583372610092,19.82490169087791,24.2284335048095,23.82611649552585,23.121656696684536,22.417196897843223,21.71273709900191,21.008277300160596,20.303817501319283,17.076499183051475,13.849180864783666,10.621862546515855,7.394544228248039
901,2.7047846416677372,3.0686015427890947,3.7056473923676854,4.342693241946275,4.979739091524866,5.6167849411034565,6.253830790682048,9.172307818474215,12.090784846266383,15.009261874058554,17.92773890185072,22.802692522038395,22.438875620917038,21.801829771338447,21.164783921759856,20.527738072181265,19.890692222602674,19.253646373024083,16.335169345231915,13.416692317439747,10.498215289647575,7.579738261855409
902,2.20733046474823,2.5042354815337093,3.0241181699939683,3.544000858454227,4.063883546914486,4.583766235374744,5.103648923835004,7.485370246439614,9.867091569044224,12.248812891648836,14.630534214253444,19.724931122724897,19.428026105939416,18.908143417479156,18.388260729018896,17.868378040558635,17.348495352098375,16.828612663638115,14.446891341033504,12.065170018428894,9.683448695824282,7.3017273732196735
903,1.677916042855984,1.903610246250039,2.298802319798513,2.693994393346985,3.0891864668954585,3.484378540443932,3.879570613992405,5.690050956937462,7.500531299882518,9.311011642827577,11.121491985772634,14.871256559632515,14.645562356238461,14.250370282689987,13.855178209141515,13.459986135593041,13.064794062044568,12.669601988496094,10.859121645551037,9.04864130260598,7.238160959660921,5.427680616715864
904,1.1172675321315855,1.2675496673528908,1.5306947005095728,1.7938397336662546,2.0569847668229366,2.3201297999796187,2.583274833136301,3.7888124482913326,4.9943500634463645,6.199887678601396,7.405425293756428,10.033161309414842,9.882879174193537,9.619734141036854,9.356589107880172,9.09344407472349,8.830299041566807,8.567154008410125,7.361616393255093,6.156078778100062,4.95054116294503,3.745003547789998
905,0.6682540838903488,0.7581400312657272,0.9155309318380566,1.0729218324103855,1.2303127329827148,1.3877036335550441,1.5450945341273732,2.2661442482220826,2.987193962316792,3.7082436764115014,4.429293390506211,6.0734388854665,5.983552938091121,5.826162037518792,5.668771136946463,5.5113802363741335,5.3539893358018045,5.196598435229475,4.475548721134766,3.7544990070400566,3.033449292945347,2.3123995788506377
906,0.4397550001969972,0.4989058467966161,0.6024793784527985,0.7060529101089809,0.8096264417651632,0.9131999734213457,1.016773505077528,1.4912714914090162,1.9657694777405041,2.4402674640719924,2.9147654504034803,3.6846018562989733,3.625451009699354,3.5218774780431716,3.418303946386989,3.314730414730807,3.2111568830746244,3.1075833514184423,2.633085365086954,2.158587378755466,1.6840893924239777,1.2095914060924897
907,0.286284866305672,0.32479265405806435,0.39222005033488544,0.4596474466117065,0.5270748428885276,0.5945022391653487,0.6619296354421698,0.9708325302776295,1.2797354251130895,1.5886383199485492,1.8975412147840094,2.22844041223525,2.1899326244828576,2.1225052282060366,2.0550778319292156,1.9876504356523945,1.9202230393755735,1.8527956430987524,1.5438927482632927,1.2349898534278327,0.926086958592373,0.6171840637569128
908,0.1600000684787465,0.18152145994052682,0.21920556165659857,0.25688966337267033,0.2945737650887421,0.33225786680481384,0.3699419685208856,0.5425828942000834,0.7152238198792811,0.887864745558479,1.0605056712376768,1.3303544742870113,1.308833082825231,1.2711489811091592,1.2334648793930874,1.1957807776770155,1.1580966759609437,1.1204125742448718,0.947771648565674,0.7751307228864763,0.6024897972072784,0.4298488715280806
909,0.0966650333943288,0.10966731548161278,0.1324343991801003,0.15520148287858784,0.17796856657707538,0.20073565027556292,0.2235027339740505,0.3278048196211218,0.432106905268193,0.5364089909152644,0.6407110765623357,0.8750441895076194,0.8620419074203355,0.8392748237218479,0.8165077400233604,0.7937406563248728,0.7709735726263852,0.7482064889278977,0.6439044032808263,0.5396023176337551,0.4353002319866837,0.3309981463396124
910,0.060485888935644626,0.06862176353916513,0.08286773488598757,0.09711370623281,0.11135967757963244,0.1256056489264549,0.13985162027327736,0.2051162164429092,0.27038081261254104,0.33564540878217297,0.40091000495180484,0.6530761972950729,0.6449403226915524,0.63069435134473,0.6164483799979075,0.602202408651085,0.5879564373042625,0.57371046595744,0.5084458697878081,0.4431812736181763,0.37791667744854435,0.3126520812789125
911,0.04326251605801909,0.04908169821561838,0.059271125452270715,0.06946055268892304,0.07964997992557539,0.08983940716222773,0.10002883439888008,0.1467093195416705,0.19338980468446088,0.24007028982725132,0.28675077497004176,0.499578441059629,0.4937592589020297,0.48356983166537737,0.47338040442872503,0.4631909771920727,0.45300154995542036,0.442812122718768,0.3961316375759776,0.3494511524331872,0.30277066729039676,0.2560901821476063
912,0.031367184720614005,0.03558634204876214,0.04297411500909338,0.050361887969424625,0.057749660929755864,0.0651374338900871,0.07252520685041834,0.10637056615310214,0.14021592545578596,0.17406128475846977,0.20790664406115364,0.38513873965896495,0.3809195823308168,0.3735318093704856,0.36614403641015436,0.35875626344982314,0.3513684904894919,0.3439807175291607,0.3101353582264769,0.27628999892379313,0.24244463962110932,0.20859928031842545
913,0.027541528392130105,0.031246101893993974,0.037732835101129916,0.04421956830826585,0.05070630151540179,0.057193034722537735,0.06367976792967367,0.09339722368731823,0.1231146794449628,0.15283213520260736,0.18254959096025195,0.2947264391013124,0.29102186559944854,0.2845351323923126,0.27804839918517665,0.2715616659780407,0.26507493277090477,0.25858819956376883,0.22887074380612427,0.1991532880484797,0.16943583229083514,0.13971837653319055
914,0.021214760756460276,0.024068329353953997,0.029064947229369295,0.03406156510478459,0.03905818298019989,0.04405480085561519,0.049051418731030486,0.07194225852804301,0.09483309832505553,0.11772393812206808,0.1406147779190806,0.2196416620198345,0.2167880934223408,0.21179147554692548,0.20679485767151018,0.20179823979609487,0.19680162192067957,0.19180500404526427,0.16891416424825173,0.14602332445123922,0.12313248465422667,0.10024164485721414
915,0.017379901386824617,0.01971764826949346,0.023811058840523276,0.02790446941155309,0.03199787998258291,0.03609129055361272,0.04018470112464254,0.058937707246218926,0.07769071336779533,0.09644371948937172,0.11519672561094813,0.1725522635160582,0.17021451663338938,0.16612110606235955,0.16202769549132973,0.1579342849202999,0.15384087434927007,0.14974746377824025,0.13099445765666387,0.11224145153508747,0.09348844541351108,0.07473543929193467
916,0.018861538995962508,0.02139857893702769,0.025840952998510806,0.030283327059993915,0.03472570112147703,0.03916807518296014,0.04361044924444325,0.0639621502340575,0.08431385122367176,0.10466555221328604,0.1250172532029003,0.16219714722554288,0.1596601072844777,0.15521773322299456,0.15077535916151147,0.14633298510002835,0.14189061103854522,0.1374482369770621,0.11709653598744785,0.0967448349978336,0.07639313400821932,0.05604143301860505
917,0.06031042844298219,0.06842270209442457,0.08262734801485494,0.09683199393528533,0.1110366398557157,0.1252412857761461,0.1394459316965765,0.20452120506052845,0.2695964784244804,0.33467175178843245,0.39974702515238447,0.4566317751531136,0.4485195015016712,0.43431485558124083,0.4201102096608105,0.4059055637403801,0.3917009178199497,0.3774962718995193,0.3124209985355673,0.24734572517161535,0.18227045180766333,0.1171951784437113
918,0.30895518501738617,0.35051232648691727,0.4232791617051753,0.4960459969234333,0.5688128321416914,0.6415796673599494,0.7143465025782075,1.0477107919933368,1.3810750814084662,1.7144393708235957,2.0478036602387255,2.1024107163262697,2.0608535748567385,1.9880867396384805,1.9153199044202225,1.8425530692019643,1.7697862339837063,1.6970193987654483,1.363655109350319,1.0302908199351897,0.6969265305200603,0.3635622411049304
919,1.1612949269476076,1.3174991271273024,1.5910137359992662,1.8645283448712298,2.1380429537431938,2.4115575626151577,2.685072171487121,3.9381155800368046,5.191158988586489,6.444202397136173,7.697245805685856,8.797592590406415,8.64138839022672,8.367873781354756,8.094359172482793,7.820844563610829,7.547329954738865,7.273815345866902,6.020771937317218,4.767728528767535,3.514685120217851,2.261641711668167
920,2.8365400828547638,3.218079229059924,3.8861568494030205,4.554234469746118,5.222312090089215,5.890389710432311,6.558467330775408,9.61910918103339,12.679751031291374,15.74039288154936,18.801034731807345,21.40384848736475,21.02230934115959,20.354231720816493,19.686154100473395,19.018076480130297,18.3499988597872,17.6819212394441,14.621279389186117,11.560637538928134,8.499995688670149,5.439353838412163
921,4.187241305649756,4.750461435119857,5.736663683482037,6.722865931844216,7.709068180206397,8.695270428568575,9.681472676930756,14.199528337297998,18.717583997665233,23.23563965803248,27.75369531839972,32.29130966000392,31.72808953053382,30.74188728217164,29.75568503380946,28.76948278544728,27.7832805370851,26.797078288722922,22.27902262835568,17.760966967988445,13.242911307621199,8.724855647253957
922,4.1224380187469025,4.6769415462886,5.647880965838258,6.618820385387915,7.5897598049375725,8.56069922448723,9.53163864403689,13.979771212843394,18.427903781649896,22.876036350456406,27.324168919262913,32.91035711924829,32.35585359170659,31.384914172156932,30.413974752607274,29.443035333057615,28.472095913507957,27.501156493958298,23.053023925151795,18.60489135634529,14.15675878753878,9.708626218732274
923,3.351595880008395,3.8024144805325077,4.591800893015079,5.381187305497649,6.170573717980221,6.959960130462791,7.7493465429453625,11.365736340329079,14.982126137712793,18.59851593509651,22.21490573248023,27.356769827551037,26.905951227026925,26.116564814544354,25.327178402061783,24.537791989579212,23.74840557709664,22.95901916461407,19.34262936723035,15.726239569846637,12.109849772462919,8.493459975079201
924,2.9910124143164416,3.3933294236000933,4.097789222441407,4.80224902128272,5.506708820124034,6.211168618965348,6.915628417806662,10.142946736074473,13.370265054342282,16.597583372610092,19.82490169087791,24.2284335048095,23.82611649552585,23.121656696684536,22.417196897843223,21.71273709900191,21.008277300160596,20.303817501319283,17.076499183051475,13.849180864783666,10.621862546515855,7.394544228248039
925,2.7047846416677372,3.0686015427890947,3.7056473923676854,4.342693241946275,4.979739091524866,5.6167849411034565,6.253830790682048,9.172307818474215,12.090784846266383,15.009261874058554,17.92773890185072,22.802692522038395,22.438875620917038,21.801829771338447,21.164783921759856,20.527738072181265,19.890692222602674,19.253646373024083,16.335169345231915,13.416692317439747,10.498215289647575,7.579738261855409
926,2.20733046474823,2.5042354815337093,3.0241181699939683,3.544000858454227,4.063883546914486,4.583766235374744,5.103648923835004,7.485370246439614,9.867091569044224,12.248812891648836,14.630534214253444,19.724931122724897,19.428026105939416,18.908143417479156,18.388260729018896,17.868378040558635,17.348495352098375,16.828612663638115,14.446891341033504,12.065170018428894,9.683448695824282,7.3017273732196735
927,1.677916042855984,1.903610246250039,2.298802319798513,2.693994393346985,3.0891864668954585,3.484378540443932,3.879570613992405,5.690050956937462,7.500531299882518,9.311011642827577,11.121491985772634,14.871256559632515,14.645562356238461,14.250370282689987,13.855178209141515,13.459986135593041,13.064794062044568,12.669601988496094,10.859121645551037,9.04864130260598,7.238160959660921,5.427680616715864
928,1.1172675321315855,1.2675496673528908,1.5306947005095728,1.7938397336662546,2.0569847668229366,2.3201297999796187,2.583274833136301,3.7888124482913326,4.9943500634463645,6.199887678601396,7.405425293756428,10.033161309414842,9.882879174193537,9.619734141036854,9.356589107880172,9.09344407472349,8.830299041566807,8.567154008410125,7.361616393255093,6.156078778100062,4.95054116294503,3.745003547789998
929,0.6682540838903488,0.7581400312657272,0.9155309318380566,1.0729218324103855,1.2303127329827148,1.3877036335550441,1.5450945341273732,2.2661442482220826,2.987193962316792,3.7082436764115014,4.429293390506211,6.0734388854665,5.983552938091121,5.826162037518792,5.668771136946463,5.5113802363741335,5.3539893358018045,5.196598435229475,4.475548721134766,3.7544990070400566,3.033449292945347,2.3123995788506377
930,0.4397550001969972,0.4989058467966161,0.6024793784527985,0.7060529101089809,0.8096264417651632,0.9131999734213457,1.016773505077528,1.4912714914090162,1.9657694777405041,2.4402674640719924,2.9147654504034803,3.6846018562989733,3.625451009699354,3.5218774780431716,3.418303946386989,3.314730414730807,3.2111568830746244,3.1075833514184423,2.633085365086954,2.158587378755466,1.6840893924239777,1.2095914060924897
931,0.286284866305672,0.32479265405806435,0.39222005033488544,0.4596474466117065,0.5270748428885276,0.5945022391653487,0.6619296354421698,0.9708325302776295,1.2797354251130895,1.5886383199485492,1.8975412147840094,2.22844041223525,2.1899326244828576,2.1225052282060366,2.0550778319292156,1.9876504356523945,1.9202230393755735,1.8527956430987524,1.5438927482632927,1.2349898534278327,0.926086958592373,0.6171840637569128
932,0.1600000684787465,0.18152145994052682,0.21920556165659857,0.25688966337267033,0.2945737650887421,0.33225786680481384,0.3699419685208856,0.5425828942000834,0.7152238198792811,0.887864745558479,1.0605056712376768,1.3303544742870113,1.308833082825231,1.2711489811091592,1.2334648793930874,1.1957807776770155,1.1580966759609437,1.1204125742448718,0.947771648565674,0.7751307228864763,0.6024897972072784,0.4298488715280806
933,0.0966650333943288,0.10966731548161278,0.1324343991801003,0.15520148287858784,0.17796856657707538,0.20073565027556292,0.2235027339740505,0.3278048196211218,0.432106905268193,0.5364089909152644,0.6407110765623357,0.8750441895076194,0.8620419074203355,0.8392748237218479,0.8165077400233604,0.7937406563248728,0.7709735726263852,0.7482064889278977,0.6439044032808263,0.5396023176337551,0.4353002319866837,0.3309981463396124
934,0.060485888935644626,0.06862176353916513,0.08286773488598757,0.09711370623281,0.11135967757963244,0.1256056489264549,0.13985162027327736,0.2051162164429092,0.27038081261254104,0.33564540878217297,0.40091000495180484,0.6530761972950729,0.6449403226915524,0.63069435134473,0.6164483799979075,0.602202408651085,0.5879564373042625,0.57371046595744,0.5084458697878081,0.4431812736181763,0.37791667744854435,0.3126520812789125
935,0.04326251605801909,0.04908169821561838,0.059271125452270715,0.06946055268892304,0.07964997992557539,0.08983940716222773,0.10002883439888008,0.1467093195416705,0.19338980468446088,0.24007028982725132,0.28675077497004176,0.499578441059629,0.4937592589020297,0.48356983166537737,0.47338040442872503,0.4631909771920727,0.45300154995542036,0.442812122718768,0.3961316375759776,0.3494511524331872,0.30277066729039676,0.2560901821476063
936,0.031367184720614005,0.03558634204876214,0.04297411500909338,0.050361887969424625,0.057749660929755864,0.0651374338900871,0.07252520685041834,0.10637056615310214,0.14021592545578596,0.17406128475846977,0.20790664406115364,0.38513873965896495,0.3809195823308168,0.3735318093704856,0.36614403641015436,0.35875626344982314,0.3513684904894919,0.3439807175291607,0.3101353582264769,0.27628999892379313,0.24244463962110932,0.20859928031842545
937,0.027541528392130105,0.031246101893993974,0.037732835101129916,0.04421956830826585,0.05070630151540179,0.057193034722537735,0.06367976792967367,0.09339722368731823,0.1231146794449628,0.15283213520260736,0.18254959096025195,0.2947264391013124,0.29102186559944854,0.2845351323923126,0.27804839918517665,0.2715616659780407,0.26507493277090477,0.25858819956376883,0.22887074380612427,0.1991532880484797,0.16943583229083514,0.13971837653319055
938,0.021214760756460276,0.024068329353953997,0.029064947229369295,0.03406156510478459,0.03905818298019989,0.04405480085561519,0.049051418731030486,0.07194225852804301,0.09483309832505553,0.11772393812206808,0.1406147779190806,0.2196416620198345,0.2167880934223408,0.21179147554692548,0.20679485767151018,0.20179823979609487,0.19680162192067957,0.19180500404526427,0.16891416424825173,0.14602332445123922,0.12313248465422667,0.10024164485721414
939,0.017379901386824617,0.01971764826949346,0.023811058840523276,0.02790446941155309,0.03199787998258291,0.03609129055361272,0.04018470112464254,0.058937707246218926,0.07769071336779533,0.09644371948937172,0.11519672561094813,0.1725522635160582,0.17021451663338938,0.16612110606235955,0.16202769549132973,0.1579342849202999,0.15384087434927007,0.14974746377824025,0.13099445765666387,0.11224145153508747,0.09348844541351108,0.07473543929193467
940,0.018861538995962508,0.02139857893702769,0.025840952998510806,0.030283327059993915,0.03472570112147703,0.03916807518296014,0.04361044924444325,0.0639621502340575,0.08431385122367176,0.10466555221328604,0.1250172532029003,0.16219714722554288,0.1596601072844777,0.15521773322299456,0.15077535916151147,0.14633298510002835,0.14189061103854522,0.1374482369770621,0.11709653598744785,0.0967448349978336,0.07639313400821932,0.05604143301860505
941,0.06031042844298219,0.06842270209442457,0.08262734801485494,0.09683199393528533,0.1110366398557157,0.1252412857761461,0.1394459316965765,0.20452120506052845,0.2695964784244804,0.33467175178843245,0.39974702515238447,0.4566317751531136,0.4485195015016712,0.43431485558124083,0.4201102096608105,0.4059055637403801,0.3917009178199497,0.3774962718995193,0.3124209985355673,0.24734572517161535,0.18227045180766333,0.1171951784437113
942,0.30895518501738617,0.35051232648691727,0.4232791617051753,0.4960459969234333,0.5688128321416914,0.6415796673599494,0.7143465025782075,1.0477107919933368,1.3810750814084662,1.7144393708235957,2.0478036602387255,2.1024107163262697,2.0608535748567385,1.9880867396384805,1.9153199044202225,1.8425530692019643,1.7697862339837063,1.6970193987654483,1.363655109350319,1.0302908199351897,0.6969265305200603,0.3635622411049304
943,1.1612949269476076,1.3174991271273024,1.5910137359992662,1.8645283448712298,2.1380429537431938,2.4115575626151577,2.685072171487121,3.9381155800368046,5.191158988586489,6.444202397136173,7.697245805685856,8.797592590406415,8.64138839022672,8.367873781354756,8.094359172482793,7.820844563610829,7.547329954738865,7.273815345866902,6.020771937317218,4.767728528767535,3.514685120217851,2.261641711668167
944,2.8365400828547638,3.218079229059924,3.8861568494030205,4.554234469746118,5.222312090089215,5.890389710432311,6.558467330775408,9.61910918103339,12.679751031291374,15.74039288154936,18.801034731807345,21.40384848736475,21.02230934115959,20.354231720816493,19.686154100473395,19.018076480130297,18.3499988597872,17.6819212394441,14.621279389186117,11.560637538928134,8.499995688670149,5.439353838412163
945,4.187241305649756,4.750461435119857,5.736663683482037,6.722865931844216,7.709068180206397,8.695270428568575,9.681472676930756,14.199528337297998,18.717583997665233,23.23563965803248,27.75369531839972,32.29130966000392,31.72808953053382,30.74188728217164,29.75568503380946,28.76948278544728,27.7832805370851,26.797078288722922,22.27902262835568,17.760966967988445,13.242911307621199,8.724855647253957
946,4.1224380187469025,4.6769415462886,5.647880965838258,6.618820385387915,7.5897598049375725,8.56069922448723,9.53163864403689,13.979771212843394,18.427903781649896,22.876036350456406,27.324168919262913,32.91035711924829,32.35585359170659,31.384914172156932,30.413974752607274,29.443035333057615,28.472095913507957,27.501156493958298,23.053023925151795,18.60489135634529,14.15675878753878,9.708626218732274
947,3.351595880008395,3.8024144805325077,4.591800893015079,5.381187305497649,6.170573717980221,6.959960130462791,7.7493465429453625,11.365736340329079,14.982126137712793,18.59851593509651,22.21490573248023,27.356769827551037,26.905951227026925,26.116564814544354,25.327178402061783,24.537791989579212,23.74840557709664,22.95901916461407,19.34262936723035,15.726239569846637,12.109849772462919,8.493459975079201
948,2.9910124143164416,3.3933294236000933,4.097789222441407,4.80224902128272,5.506708820124034,6.211168618965348,6.915628417806662,10.142946736074473,13.370265054342282,16.597583372610092,19.82490169087791,24.2284335048095,23.82611649552585,23.121656696684536,22.417196897843223,21.71273709900191,21.008277300160596,20.303817501319283,17.076499183051475,13.849180864783666,10.621862546515855,7.394544228248039
949,2.7047846416677372,3.0686015427890947,3.7056473923676854,4.342693241946275,4.979739091524866,5.6167849411034565,6.253830790682048,9.172307818474215,12.090784846266383,15.009261874058554,17.92773890185072,22.802692522038395,22.438875620917038,21.801829771338447,21.164783921759856,20.527738072181265,19.890692222602674,19.253646373024083,16.335169345231915,13.416692317439747,10.498215289647575,7.579738261855409
950,2.20733046474823,2.5042354815337093,3.0241181699939683,3.544000858454227,4.063883546914486,4.583766235374744,5.103648923835004,7.485370246439614,9.867091569044224,12.248812891648836,14.630534214253444,19.724931122724897,19.428026105939416,18.908143417479156,18.388260729018896,17.868378040558635,17.348495352098375,16.828612663638115,14.446891341033504,12.065170018428894,9.683448695824282,7.3017273732196735
951,1.677916042855984,1.903610246250039,2.298802319798513,2.693994393346985,3.0891864668954585,3.484378540443932,3.879570613992405,5.690050956937462,7.500531299882518,9.311011642827577,11.121491985772634,14.871256559632515,14.645562356238461,14.250370282689987,13.855178209141515,13.459986135593041,13.064794062044568,12.669601988496094,10.859121645551037,9.04864130260598,7.238160959660921,5.427680616715864
952,1.1172675321315855,1.2675496673528908,1.5306947005095728,1.7938397336662546,2.0569847668229366,2.3201297999796187,2.583274833136301,3.7888124482913326,4.9943500634463645,6.199887678601396,7.405425293756428,10.033161309414842,9.882879174193537,9.619734141036854,9.356589107880172,9.09344407472349,8.830299041566807,8.567154008410125,7.361616393255093,6.156078778100062,4.95054116294503,3.745003547789998
953,0.6682540838903488,0.7581400312657272,0.9155309318380566,1.0729218324103855,1.2303127329827148,1.3877036335550441,1.5450945341273732,2.2661442482220826,2.987193962316792,3.7082436764115014,4.429293390506211,6.0734388854665,5.983552938091121,5.826162037518792,5.668771136946463,5.5113802363741335,5.3539893358018045,5.196598435229475,4.475548721134766,3.7544990070400566,3.033449292945347,2.3123995788506377
954,0.4397550001969972,0.4989058467966161,0.6024793784527985,0.7060529101089809,0.8096264417651632,0.9131999734213457,1.016773505077528,1.4912714914090162,1.9657694777405041,2.4402674640719924,2.9147654504034803,3.6846018562989733,3.625451009699354,3.5218774780431716,3.418303946386989,3.314730414730807,3.2111568830746244,3.1075833514184423,2.633085365086954,2.158587378755466,1.6840893924239777,1.2095914060924897
955,0.286284866305672,0.32479265405806435,0.39222005033488544,0.4596474466117065,0.5270748428885276,0.5945022391653487,0.6619296354421698,0.9708325302776295,1.2797354251130895,1.5886383199485492,1.8975412147840094,2.22844041223525,2.1899326244828576,2.1225052282060366,2.0550778319292156,1.9876504356523945,1.9202230393755735,1.8527956430987524,1.5438927482632927,1.2349898534278327,0.926086958592373,0.6171840637569128
956,0.1600000684787465,0.18152145994052682,0.21920556165659857,0.25688966337267033,0.2945737650887421,0.33225786680481384,0.3699419685208856,0.5425828942000834,0.7152238198792811,0.887864745558479,1.0605056712376768,1.3303544742870113,1.308833082825231,1.2711489811091592,1.2334648793930874,1.1957807776770155,1.1580966759609437,1.1204125742448718,0.947771648565674,0.7751307228864763,0.6024897972072784,0.4298488715280806
957,0.0966650333943288,0.10966731548161278,0.1324343991801003,0.15520148287858784,0.17796856657707538,0.20073565027556292,0.2235027339740505,0.3278048196211218,0.432106905268193,0.5364089909152644,0.6407110765623357,0.8750441895076194,0.8620419074203355,0.8392748237218479,0.8165077400233604,0.7937406563248728,0.7709735726263852,0.7482064889278977,0.6439044032808263,0.5396023176337551,0.4353002319866837,0.3309981463396124
958,0.060485888935644626,0.06862176353916513,0.08286773488598757,0.09711370623281,0.11135967757963244,0.1256056489264549,0.13985162027327736,0.2051162164429092,0.27038081261254104,0.33564540878217297,0.40091000495180484,0.6530761972950729,0.6449403226915524,0.63069435134473,0.6164483799979075,0.602202408651085,0.5879564373042625,0.57371046595744,0.5084458697878081,0.4431812736181763,0.37791667744854435,0.3126520812789125
959,0.04326251605801909,0.04908169821561838,0.059271125452270715,0.06946055268892304,0.07964997992557539,0.08983940716222773,0.10002883439888008,0.1467093195416705,0.19338980468446088,0.24007028982725132,0.28675077497004176,0.499578441059629,0.4937592589020297,0.48356983166537737,0.47338040442872503,0.4631909771920727,0.45300154995542036,0.442812122718768,0.3961316375759776,0.3494511524331872,0.30277066729039676,0.2560901821476063
960,0.06656898268586907,0.07552308595105217,0.09120178120737912,0.10688047646370606,0.12255917172003303,0.13823786697635998,0.1539165622326869,0.2257448489433112,0.29757313565393556,0.36940142236455986,0.44122970907518416,0.4271966781704077,0.4182425749052246,0.4025638796488976,0.3868851843925707,0.3712064891362437,0.35552779387991673,0.3398490986235898,0.2680208119129655,0.19619252520234115,0.12436423849171685,0.05253595178109255
961,0.056639086305014866,0.06425753272192815,0.07759748382143074,0.09093743492093335,0.10427738602043597,0.11761733711993858,0.1309572882194412,0.19207116387144205,0.25318503952344296,0.31429891517544384,0.3754127908274448,0.3168441383691494,0.3092256919522361,0.2958857408527335,0.28254578975323086,0.26920583865372827,0.2558658875542257,0.24252593645472306,0.1814120608027222,0.1202981851507213,0.05918430949872042,-0.0019295661532805208
962,0.03392680220936796,0.038490250202461725,0.046480878441028384,0.05447150667959503,0.06246213491816169,0.07045276315672834,0.07844339139529499,0.1150505915949522,0.15165779179460942,0.18826499199426663,0.22487219219392388,0.22601923126692836,0.22145578327383458,0.21346515503526792,0.20547452679670128,0.1974838985581346,0.18949327031956797,0.1815026420810013,0.1448954418813441,0.10828824168168688,0.07168104148202967,0.035073841282372425
963,0.0236676925723058,0.026851201690074235,0.03242554764354464,0.03799989359701504,0.043574239550485436,0.049148585503955844,0.05472293145742625,0.08026049774238261,0.10579806402733898,0.13133563031229536,0.15687319659725174,0.20284547879051973,0.1996619696727513,0.1940876237192809,0.1885132777658105,0.1829389318123401,0.17736458585886972,0.17179023990539932,0.14625267362044297,0.12071510733548661,0.09517754105053022,0.06963997476557385
964,0.02469635730095266,0.028018230711428102,0.03383485347536883,0.03965147623930954,0.04546809900325027,0.051284721767191,0.05710134453113172,0.08374884553458932,0.11039634653804692,0.1370438475415045,0.16369134854496212,0.2086410790622131,0.20531920565173767,0.19950258288779693,0.19368596012385622,0.18786933735991548,0.18205271459597477,0.17623609183203404,0.14958859082857645,0.12294108982511885,0.09629358882166127,0.06964608781820365
965,0.018530992112733714,0.02102357064238779,0.025388092472381524,0.02975261430237525,0.03411713613236898,0.03848165796236271,0.04284617979235644,0.06284121893523797,0.08283625807811949,0.10283129722100104,0.12282633636388257,0.23076451461001737,0.2282719360803633,0.22390741425036959,0.21954289242037586,0.21517837059038214,0.21081384876038842,0.2064493269303947,0.18645428778751316,0.16645924864463163,0.1464642095017501,0.12646917035886857
966,0.022723898938375474,0.025780459658883387,0.031132518111866028,0.036484576564848666,0.0418366350178313,0.04718869347081395,0.05254075192379659,0.0770599598532782,0.10157916778275981,0.12609837571224142,0.15061758364172306,0.3411068640072945,0.3380503032867866,0.33269824483380395,0.3273461863808213,0.32199412792783866,0.316642069474856,0.31129001102187337,0.2867708030923918,0.2622515951629102,0.2377323872334286,0.21321317930394695
967,0.05954035988303085,0.0675490526604855,0.08157232777140645,0.0955956028823274,0.10961887799324835,0.12364215310416929,0.13766542821509023,0.20190979350324906,0.2661541587914079,0.33039852407956677,0.3946428893677256,0.5323949645104806,0.524386271733026,0.510362996622105,0.4963397215111841,0.48231644640026317,0.4682931712893422,0.4542698961784213,0.3900255308902625,0.32578116560210363,0.2615368003139448,0.19729243502578592
968,0.09422208070711786,0.10689576455313886,0.129087470513181,0.15127917647322317,0.17347088243326533,0.1956625883933075,0.21785429435334966,0.31952042104539957,0.42118654773744957,0.5228526744294996,0.6245188011215496,0.7630054397344619,0.7503317558884409,0.7281400499283988,0.7059483439683566,0.6837566380083144,0.6615649320482723,0.6393732260882301,0.5377070993961802,0.4360409727041302,0.33437484601208023,0.23270871932003023
969,0.11060462621291975,0.12548190395938727,0.1515321177130734,0.17758233146675953,0.2036325452204457,0.22968275897413182,0.255732972727818,0.37507595323620807,0.49441893374459817,0.6137619142529884,0.7331048947613785,1.04243040931092,1.0275531315644524,1.0015029178107662,0.9754527040570801,0.949402490303394,0.9233522765497079,0.8973020627960218,0.7779590822876317,0.6586161017792416,0.5392731212708513,0.41993014076246116
970,0.14593538259187422,0.16556495229609972,0.19993646134515083,0.23430797039420195,0.2686794794432531,0.3030509884923042,0.3374224975413554,0.4948875522726021,0.6523526070038489,0.8098176617350957,0.9672827164663426,1.3368623237393928,1.3172327540351674,1.2828612449861163,1.2484897359370652,1.2141182268880142,1.1797467178389631,1.145375208789912,0.9879101540586653,0.8304450993274186,0.6729800445961718,0.5155149898649249
971,0.17412844867806587,0.1975502293326846,0.2385619253527876,0.2795736213728906,0.3205853173929936,0.3615970134130966,0.40260870943319965,0.5904942325625675,0.7783797556919354,0.9662652788213034,1.1541508019506714,1.6963697765134498,1.6729479958588311,1.6319362998387281,1.590924603818625,1.549912907798522,1.508901211778419,1.467889515758316,1.2800039926289482,1.0921184694995802,0.9042329463702122,0.7163474232408442
972,0.20258246617249245,0.22983155799628885,0.277544901707457,0.32525824541862514,0.3729715891297932,0.4206849328409614,0.46839827655212957,0.6869858360383282,0.9055733955245269,1.1241609550107257,1.3427485144969247,1.9211150761464808,1.8938659843226844,1.8461526406115163,1.7984392969003482,1.7507259531891801,1.7030126094780118,1.6552992657668437,1.4367117062806452,1.2181241467944464,0.9995365873082476,0.7809490278220486
973,0.22682064156334378,0.25732997737244256,0.31075203030808307,0.3641740832437235,0.4175961361793641,0.4710181891150046,0.5244402420506451,0.769180921820084,1.013921601589523,1.2586622813589619,1.5034029611284008,2.0428941262432594,2.0123847904341607,1.9589627374985201,1.9055406845628797,1.852118631627239,1.7986965786915987,1.745274525755958,1.5005338459865192,1.2557931662170803,1.0110524864476413,0.7663118066782024
974,0.28713168866453304,0.3257533813399477,0.3933802259058238,0.46100707047169975,0.5286339150375757,0.5962607596034519,0.6638876041693279,0.9737042248382178,1.2835208455071077,1.5933374661759976,1.9031540868448875,2.133676930271694,2.095055237596279,2.027428393030403,1.9598015484645268,1.8921747038986507,1.8245478593327746,1.7569210147668985,1.4471043940980086,1.1372877734291187,0.8274711527602288,0.5176545320913388
975,0.3067951188581142,0.3480617127682659,0.42031979724889373,0.49257788172952155,0.5648359662101494,0.6370940506907772,0.709352135171405,1.040385701701159,1.3714192682309132,1.7024528347606676,2.0334864012904217,2.1612776545091203,2.120011060598969,2.047752976118341,1.975494891637713,1.9032368071570853,1.8309787226764576,1.7587206381958298,1.427687071666076,1.0966535051363218,0.7656199386065674,0.4345863720768133
976,0.27598175878396375,0.31310368956544515,0.3781044409318533,0.44310519229826134,0.5081059436646694,0.5731066950310776,0.6381074463974856,0.9358932333664804,1.233679020335475,1.53146480730447,1.829250594273465,1.9097257114610804,1.872603780679599,1.8076030293131908,1.7426022779467827,1.6776015265803745,1.6126007752139664,1.5476000238475582,1.2498142368785634,0.9520284499095688,0.6542426629405738,0.35645687597157893
977,0.2253108014307007,0.2556170506983482,0.3086834977291007,0.36174994475985317,0.4148163917906057,0.46788283882135817,0.5209492858521106,0.7640608400805081,1.0071723943089055,1.2502839485373032,1.4933955027657007,1.6192575536297766,1.588951304362129,1.5358848573313766,1.4828184103006241,1.4297519632698716,1.3766855162391192,1.3236190692083667,1.0805075149799692,0.8373959607515719,0.5942844065231742,0.3511728522947767
978,0.181071206183045,0.20542684770103406,0.24807374039633354,0.290720633091633,0.3333675257869325,0.376014418482232,0.41866131117753147,0.6140381066158548,0.809414902054178,1.0047916974925013,1.200168492930825,1.489569188741577,1.4652135472235879,1.4225666545282885,1.379919761832989,1.3372728691376894,1.29462597644239,1.2519790837470905,1.0566022883087673,0.8612254928704441,0.6658486974321208,0.4704719019937972
979,0.1371027565822645,0.15554426178254532,0.18783546186591396,0.22012666194928254,0.2524178620326512,0.2847090621160198,0.3170002621993884,0.464934866444111,0.6128694706888336,0.7608040749335562,0.9087386791782788,1.2544431595756709,1.23600165437539,1.2037104542920214,1.1714192542086528,1.1391280541252842,1.1068368540419156,1.074545653958547,0.9266110497138245,0.7786764454691019,0.6307418412243793,0.48280723697965666
980,0.12288693681507708,0.1394162914452449,0.16835930297358676,0.19730231450192862,0.22624532603027048,0.25518833755861237,0.28413134908695425,0.4167270081222759,0.5493226671575976,0.6819183261929194,0.8145139852282411,0.965950353268064,0.9494209986378962,0.9204779871095543,0.8915349755812124,0.8625919640528705,0.8336489525245286,0.8047059409961868,0.6721102819608651,0.5395146229255434,0.40691896389022164,0.27432330485489986
981,0.10407025709033581,0.11806860573895996,0.14257980870966933,0.16709101168037868,0.19160221465108804,0.2161134176217974,0.24062462059250678,0.3529169820306787,0.4652093434688507,0.5775017049070227,0.6897940663451948,0.756275578156249,0.7422772295076249,0.7177660265369155,0.6932548235662062,0.6687436205954969,0.6442324176247876,0.6197212146540781,0.5074288532159061,0.3951364917777342,0.2828441303395622,0.17055176890139007
982,0.09174496304809825,0.10408545316899447,0.1256937346673304,0.14730201616566632,0.16891029766400223,0.19051857916233816,0.21212686066067407,0.3111201642112374,0.4101134677618008,0.5091067713123641,0.6081000748629275,0.6380177307790044,0.6256772406581081,0.6040689591597722,0.5824606776614363,0.5608523961631003,0.5392441146647644,0.5176358331664285,0.4186425296158651,0.3196492260653017,0.22065592251473837,0.12166261896417502
983,0.0756798511426919,0.0858594449247251,0.10368398234795255,0.12150851977117999,0.13933305719440744,0.15715759461763487,0.17498213204086233,0.2566410943198301,0.33830005659879786,0.4199590188777657,0.5016179811567335,0.5589042903878931,0.54872469660586,0.5309001591826326,0.5130756217594051,0.4952510843361777,0.4774265469129503,0.45960200948972285,0.37794304721075506,0.2962840849317873,0.21462512265281947,0.13296616037385167
984,0.06656898268586907,0.07552308595105217,0.09120178120737912,0.10688047646370606,0.12255917172003303,0.13823786697635998,0.1539165622326869,0.2257448489433112,0.29757313565393556,0.36940142236455986,0.44122970907518416,0.4271966781704077,0.4182425749052246,0.4025638796488976,0.3868851843925707,0.3712064891362437,0.35552779387991673,0.3398490986235898,0.2680208119129655,0.19619252520234115,0.12436423849171685,0.05253595178109255
985,0.056639086305014866,0.06425753272192815,0.07759748382143074,0.09093743492093335,0.10427738602043597,0.11761733711993858,0.1309572882194412,0.19207116387144205,0.25318503952344296,0.31429891517544384,0.3754127908274448,0.3168441383691494,0.3092256919522361,0.2958857408527335,0.28254578975323086,0.26920583865372827,0.2558658875542257,0.24252593645472306,0.1814120608027222,0.1202981851507213,0.05918430949872042,-0.0019295661532805208
986,0.03392680220936796,0.038490250202461725,0.046480878441028384,0.05447150667959503,0.06246213491816169,0.07045276315672834,0.07844339139529499,0.1150505915949522,0.15165779179460942,0.18826499199426663,0.22487219219392388,0.22601923126692836,0.22145578327383458,0.21346515503526792,0.20547452679670128,0.1974838985581346,0.18949327031956797,0.1815026420810013,0.1448954418813441,0.10828824168168688,0.07168104148202967,0.035073841282372425
987,0.0236676925723058,0.026851201690074235,0.03242554764354464,0.03799989359701504,0.043574239550485436,0.049148585503955844,0.05472293145742625,0.08026049774238261,0.10579806402733898,0.13133563031229536,0.15687319659725174,0.20284547879051973,0.1996619696727513,0.1940876237192809,0.1885132777658105,0.1829389318123401,0.17736458585886972,0.17179023990539932,0.14625267362044297,0.12071510733548661,0.09517754105053022,0.06963997476557385
988,0.02469635730095266,0.028018230711428102,0.03383485347536883,0.03965147623930954,0.04546809900325027,0.051284721767191,0.05710134453113172,0.08374884553458932,0.11039634653804692,0.1370438475415045,0.16369134854496212,0.2086410790622131,0.20531920565173767,0.19950258288779693,0.19368596012385622,0.18786933735991548,0.18205271459597477,0.17623609183203404,0.14958859082857645,0.12294108982511885,0.09629358882166127,0.06964608781820365
989,0.018530992112733714,0.02102357064238779,0.025388092472381524,0.02975261430237525,0.03411713613236898,0.03848165796236271,0.04284617979235644,0.06284121893523797,0.08283625807811949,0.10283129722100104,0.12282633636388257,0.23076451461001737,0.2282719360803633,0.22390741425036959,0.21954289242037586,0.21517837059038214,0.21081384876038842,0.2064493269303947,0.18645428778751316,0.16645924864463163,0.1464642095017501,0.12646917035886857
990,0.022723898938375474,0.025780459658883387,0.031132518111866028,0.036484576564848666,0.0418366350178313,0.04718869347081395,0.05254075192379659,0.0770599598532782,0.10157916778275981,0.12609837571224142,0.15061758364172306,0.3411068640072945,0.3380503032867866,0.33269824483380395,0.3273461863808213,0.32199412792783866,0.316642069474856,0.31129001102187337,0.2867708030923918,0.2622515951629102,0.2377323872334286,0.21321317930394695
991,0.05954035988303085,0.0675490526604855,0.08157232777140645,0.0955956028823274,0.10961887799324835,0.12364215310416929,0.13766542821509023,0.20190979350324906,0.2661541587914079,0.33039852407956677,0.3946428893677256,0.5323949645104806,0.524386271733026,0.510362996622105,0.4963397215111841,0.48231644640026317,0.4682931712893422,0.4542698961784213,0.3900255308902625,0.32578116560210363,0.2615368003139448,0.19729243502578592
992,0.09422208070711786,0.10689576455313886,0.129087470513181,0.15127917647322317,0.17347088243326533,0.1956625883933075,0.21785429435334966,0.31952042104539957,0.42118654773744957,0.5228526744294996,0.6245188011215496,0.7630054397344619,0.7503317558884409,0.7281400499283988,0.7059483439683566,0.6837566380083144,0.6615649320482723,0.6393732260882301,0.5377070993961802,0.4360409727041302,0.33437484601208023,0.23270871932003023
993,0.11060462621291975,0.12548190395938727,0.1515321177130734,0.17758233146675953,0.2036325452204457,0.22968275897413182,0.255732972727818,0.37507595323620807,0.49441893374459817,0.6137619142529884,0.7331048947613785,1.04243040931092,1.0275531315644524,1.0015029178107662,0.9754527040570801,0.949402490303394,0.9233522765497079,0.8973020627960218,0.7779590822876317,0.6586161017792416,0.5392731212708513,0.41993014076246116
994,0.14593538259187422,0.16556495229609972,0.19993646134515083,0.23430797039420195,0.2686794794432531,0.3030509884923042,0.3374224975413554,0.4948875522726021,0.6523526070038489,0.8098176617350957,0.9672827164663426,1.3368623237393928,1.3172327540351674,1.2828612449861163,1.2484897359370652,1.2141182268880142,1.1797467178389631,1.145375208789912,0.9879101540586653,0.8304450993274186,0.6729800445961718,0.5155149898649249
995,0.17412844867806587,0.1975502293326846,0.2385619253527876,0.2795736213728906,0.3205853173929936,0.3615970134130966,0.40260870943319965,0.5904942325625675,0.7783797556919354,0.9662652788213034,1.1541508019506714,1.6963697765134498,1.6729479958588311,1.6319362998387281,1.590924603818625,1.549912907798522,1.508901211778419,1.467889515758316,1.2800039926289482,1.0921184694995802,0.9042329463702122,0.7163474232408442
996,0.20258246617249245,0.22983155799628885,0.277544901707457,0.32525824541862514,0.3729715891297932,0.4206849328409614,0.46839827655212957,0.6869858360383282,0.9055733955245269,1.1241609550107257,1.3427485144969247,1.9211150761464808,1.8938659843226844,1.8461526406115163,1.7984392969003482,1.7507259531891801,1.7030126094780118,1.6552992657668437,1.4367117062806452,1.2181241467944464,0.9995365873082476,0.7809490278220486
997,0.22682064156334378,0.25732997737244256,0.31075203030808307,0.3641740832437235,0.4175961361793641,0.4710181891150046,0.5244402420506451,0.769180921820084,1.013921601589523,1.2586622813589619,1.5034029611284008,2.0428941262432594,2.0123847904341607,1.9589627374985201,1.9055406845628797,1.852118631627239,1.7986965786915987,1.745274525755958,1.5005338459865192,1.2557931662170803,1.0110524864476413,0.7663118066782024
998,0.28713168866453304,0.3257533813399477,0.3933802259058238,0.46100707047169975,0.5286339150375757,0.5962607596034519,0.6638876041693279,0.9737042248382178,1.2835208455071077,1.5933374661759976,1.9031540868448875,2.133676930271694,2.095055237596279,2.027428393030403,1.9598015484645268,1.8921747038986507,1.8245478593327746,1.7569210147668985,1.4471043940980086,1.1372877734291187,0.8274711527602288,0.5176545320913388
999,0.3067951188581142,0.3480617127682659,0.42031979724889373,0.49257788172952155,0.5648359662101494,0.6370940506907772,0.709352135171405,1.040385701701159,1.3714192682309132,1.7024528347606676,2.0334864012904217,2.1612776545091203,2.120011060598969,2.047752976118341,1.975494891637713,1.9032368071570853,1.8309787226764576,1.7587206381958298,1.427687071666076,1.0966535051363218,0.7656199386065674,0.4345863720768133
1000,0.27598175878396375,0.31310368956544515,0.3781044409318533,0.44310519229826134,0.5081059436646694,0.5731066950310776,0.6381074463974856,0.9358932333664804,1.233679020335475,1.53146480730447,1.829250594273465,1.9097257114610804,1.872603780679599,1.8076030293131908,1.7426022779467827,1.6776015265803745,1.6126007752139664,1.5476000238475582,1.2498142368785634,0.9520284499095688,0.6542426629405738,0.35645687597157893
1001,0.2253108014307007,0.2556170506983482,0.3086834977291007,0.36174994475985317,0.4148163917906057,0.46788283882135817,0.5209492858521106,0.7640608400805081,1.0071723943089055,1.2502839485373032,1.4933955027657007,1.6192575536297766,1.588951304362129,1.5358848573313766,1.4828184103006241,1.4297519632698716,1.3766855162391192,1.3236190692083667,1.0805075149799692,0.8373959607515719,0.5942844065231742,0.3511728522947767
1002,0.181071206183045,0.20542684770103406,0.24807374039633354,0.290720633091633,0.3333675257869325,0.376014418482232,0.41866131117753147,0.6140381066158548,0.809414902054178,1.0047916974925013,1.200168492930825,1.489569188741577,1.4652135472235879,1.4225666545282885,1.379919761832989,1.3372728691376894,1.29462597644239,1.2519790837470905,1.0566022883087673,0.8612254928704441,0.6658486974321208,0.4704719019937972
1003,0.1371027565822645,0.15554426178254532,0.18783546186591396,0.22012666194928254,0.2524178620326512,0.2847090621160198,0.3170002621993884,0.464934866444111,0.6128694706888336,0.7608040749335562,0.9087386791782788,1.2544431595756709,1.23600165437539,1.2037104542920214,1.1714192542086528,1.1391280541252842,1.1068368540419156,1.074545653958547,0.9266110497138245,0.7786764454691019,0.6307418412243793,0.48280723697965666
1004,0.12288693681507708,0.1394162914452449,0.16835930297358676,0.19730231450192862,0.22624532603027048,0.25518833755861237,0.28413134908695425,0.4167270081222759,0.5493226671575976,0.6819183261929194,0.8145139852282411,0.965950353268064,0.9494209986378962,0.9204779871095543,0.8915349755812124,0.8625919640528705,0.8336489525245286,0.8047059409961868,0.6721102819608651,0.5395146229255434,0.40691896389022164,0.27432330485489986
1005,0.10407025709033581,0.11806860573895996,0.14257980870966933,0.16709101168037868,0.19160221465108804,0.2161134176217974,0.24062462059250678,0.3529169820306787,0.4652093434688507,0.5775017049070227,0.6897940663451948,0.756275578156249,0.7422772295076249,0.7177660265369155,0.6932548235662062,0.6687436205954969,0.6442324176247876,0.6197212146540781,0.5074288532159061,0.3951364917777342,0.2828441303395622,0.17055176890139007
1006,0.09174496304809825,0.10408545316899447,0.1256937346673304,0.14730201616566632,0.16891029766400223,0.19051857916233816,0.21212686066067407,0.3111201642112374,0.4101134677618008,0.5091067713123641,0.6081000748629275,0.6380177307790044,0.6256772406581081,0.6040689591597722,0.5824606776614363,0.5608523961631003,0.5392441146647644,0.5176358331664285,0.4186425296158651,0.3196492260653017,0.22065592251473837,0.12166261896417502
1007,0.0756798511426919,0.0858594449247251,0.10368398234795255,0.12150851977117999,0.13933305719440744,0.15715759461763487,0.17498213204086233,0.2566410943198301,0.33830005659879786,0.4199590188777657,0.5016179811567335,0.5589042903878931,0.54872469660586,0.5309001591826326,0.5130756217594051,0.4952510843361777,0.4774265469129503,0.45960200948972285,0.37794304721075506,0.2962840849317873,0.21462512265281947,0.13296616037385167
1008,0.031367184720614005,0.03558634204876214,0.04297411500909338,0.050361887969424625,0.057749660929755864,0.0651374338900871,0.07252520685041834,0.10637056615310214,0.14021592545578596,0.17406128475846977,0.20790664406115364,0.38513873965896495,0.3809195823308168,0.3735318093704856,0.36614403641015436,0.35875626344982314,0.3513684904894919,0.3439807175291607,0.3101353582264769,0.27628999892379313,0.24244463962110932,0.20859928031842545
1009,0.027541528392130105,0.031246101893993974,0.037732835101129916,0.04421956830826585,0.05070630151540179,0.057193034722537735,0.06367976792967367,0.09339722368731823,0.1231146794449628,0.15283213520260736,0.18254959096025195,0.2947264391013124,0.29102186559944854,0.2845351323923126,0.27804839918517665,0.2715616659780407,0.26507493277090477,0.25858819956376883,0.22887074380612427,0.1991532880484797,0.16943583229083514,0.13971837653319055
1010,0.021214760756460276,0.024068329353953997,0.029064947229369295,0.03406156510478459,0.03905818298019989,0.04405480085561519,0.049051418731030486,0.07194225852804301,0.09483309832505553,0.11772393812206808,0.1406147779190806,0.2196416620198345,0.2167880934223408,0.21179147554692548,0.20679485767151018,0.20179823979609487,0.19680162192067957,0.19180500404526427,0.16891416424825173,0.14602332445123922,0.12313248465422667,0.10024164485721414
1011,0.017379901386824617,0.01971764826949346,0.023811058840523276,0.02790446941155309,0.03199787998258291,0.03609129055361272,0.04018470112464254,0.058937707246218926,0.07769071336779533,0.09644371948937172,0.11519672561094813,0.1725522635160582,0.17021451663338938,0.16612110606235955,0.16202769549132973,0.1579342849202999,0.15384087434927007,0.14974746377824025,0.13099445765666387,0.11224145153508747,0.09348844541351108,0.07473543929193467
1012,0.018861538995962508,0.02139857893702769,0.025840952998510806,0.030283327059993915,0.03472570112147703,0.03916807518296014,0.04361044924444325,0.0639621502340575,0.08431385122367176,0.10466555221328604,0.1250172532029003,0.16219714722554288,0.1596601072844777,0.15521773322299456,0.15077535916151147,0.14633298510002835,0.14189061103854522,0.1374482369770621,0.11709653598744785,0.0967448349978336,0.07639313400821932,0.05604143301860505
1013,0.06031042844298219,0.06842270209442457,0.08262734801485494,0.09683199393528533,0.1110366398557157,0.1252412857761461,0.1394459316965765,0.20452120506052845,0.2695964784244804,0.33467175178843245,0.39974702515238447,0.4566317751531136,0.4485195015016712,0.43431485558124083,0.4201102096608105,0.4059055637403801,0.3917009178199497,0.3774962718995193,0.3124209985355673,0.24734572517161535,0.18227045180766333,0.1171951784437113
1014,0.30895518501738617,0.35051232648691727,0.4232791617051753,0.4960459969234333,0.5688128321416914,0.6415796673599494,0.7143465025782075,1.0477107919933368,1.3810750814084662,1.7144393708235957,2.0478036602387255,2.1024107163262697,2.0608535748567385,1.9880867396384805,1.9153199044202225,1.8425530692019643,1.7697862339837063,1.6970193987654483,1.363655109350319,1.0302908199351897,0.6969265305200603,0.3635622411049304
1015,1.1612949269476076,1.3174991271273024,1.5910137359992662,1.8645283448712298,2.1380429537431938,2.4115575626151577,2.685072171487121,3.9381155800368046,5.191158988586489,6.444202397136173,7.697245805685856,8.797592590406415,8.64138839022672,8.367873781354756,8.094359172482793,7.820844563610829,7.547329954738865,7.273815345866902,6.020771937317218,4.767728528767535,3.514685120217851,2.261641711668167
1016,2.8365400828547638,3.218079229059924,3.8861568494030205,4.554234469746118,5.222312090089215,5.890389710432311,6.558467330775408,9.61910918103339,12.679751031291374,15.74039288154936,18.801034731807345,21.40384848736475,21.02230934115959,20.354231720816493,19.686154100473395,19.018076480130297,18.3499988597872,17.6819212394441,14.621279389186117,11.560637538928134,8.499995688670149,5.439353838412163
1017,4.187241305649756,4.750461435119857,5.736663683482037,6.722865931844216,7.709068180206397,8.695270428568575,9.681472676930756,14.199528337297998,18.717583997665233,23.23563965803248,27.75369531839972,32.29130966000392,31.72808953053382,30.74188728217164,29.75568503380946,28.76948278544728,27.7832805370851,26.797078288722922,22.27902262835568,17.760966967988445,13.242911307621199,8.724855647253957
1018,4.1224380187469025,4.6769415462886,5.647880965838258,6.618820385387915,7.5897598049375725,8.56069922448723,9.53163864403689,13.979771212843394,18.427903781649896,22.876036350456406,27.324168919262913,32.91035711924829,32.35585359170659,31.384914172156932,30.413974752607274,29.443035333057615,28.472095913507957,27.501156493958298,23.053023925151795,18.60489135634529,14.15675878753878,9.708626218732274
1019,3.351595880008395,3.8024144805325077,4.591800893015079,5.381187305497649,6.170573717980221,6.959960130462791,7.7493465429453625,11.365736340329079,14.982126137712793,18.59851593509651,22.21490573248023,27.356769827551037,26.905951227026925,26.116564814544354,25.327178402061783,24.537791989579212,23.74840557709664,22.95901916461407,19.34262936723035,15.726239569846637,12.109849772462919,8.493459975079201
1020,2.9910124143164416,3.3933294236000933,4.097789222441407,4.80224902128272,5.506708820124034,6.211168618965348,6.915628417806662,10.142946736074473,13.370265054342282,16.597583372610092,19.82490169087791,24.2284335048095,23.82611649552585,23.121656696684536,22.417196897843223,21.71273709900191,21.008277300160596,20.303817501319283,17.076499183051475,13.849180864783666,10.621862546515855,7.394544228248039
1021,2.7047846416677372,3.0686015427890947,3.7056473923676854,4.342693241946275,4.979739091524866,5.6167849411034565,6.253830790682048,9.172307818474215,12.090784846266383,15.009261874058554,17.92773890185072,22.802692522038395,22.438875620917038,21.801829771338447,21.164783921759856,20.527738072181265,19.890692222602674,19.253646373024083,16.335169345231915,13.416692317439747,10.498215289647575,7.579738261855409
1022,2.20733046474823,2.5042354815337093,3.0241181699939683,3.544000858454227,4.063883546914486,4.583766235374744,5.103648923835004,7.485370246439614,9.867091569044224,12.248812891648836,14.630534214253444,19.724931122724897,19.428026105939416,18.908143417479156,18.388260729018896,17.868378040558635,17.348495352098375,16.828612663638115,14.446891341033504,12.065170018428894,9.683448695824282,7.3017273732196735
1023,1.677916042855984,1.903610246250039,2.298802319798513,2.693994393346985,3.0891864668954585,3.484378540443932,3.879570613992405,5.690050956937462,7.500531299882518,9.311011642827577,11.121491985772634,14.871256559632515,14.645562356238461,14.250370282689987,13.855178209141515,13.459986135593041,13.064794062044568,12.669601988496094,10.859121645551037,9.04864130260598,7.238160959660921,5.427680616715864
1024,1.1172675321315855,1.2675496673528908,1.5306947005095728,1.7938397336662546,2.0569847668229366,2.3201297999796187,2.583274833136301,3.7888124482913326,4.9943500634463645,6.199887678601396,7.405425293756428,10.033161309414842,9.882879174193537,9.619734141036854,9.356589107880172,9.09344407472349,8.830299041566807,8.567154008410125,7.361616393255093,6.156078778100062,4.95054116294503,3.745003547789998
1025,0.6682540838903488,0.7581400312657272,0.9155309318380566,1.0729218324103855,1.2303127329827148,1.3877036335550441,1.5450945341273732,2.2661442482220826,2.987193962316792,3.7082436764115014,4.429293390506211,6.0734388854665,5.983552938091121,5.826162037518792,5.668771136946463,5.5113802363741335,5.3539893358018045,5.196598435229475,4.475548721134766,3.7544990070400566,3.033449292945347,2.3123995788506377
1026,0.4397550001969972,0.4989058467966161,0.6024793784527985,0.7060529101089809,0.8096264417651632,0.9131999734213457,1.016773505077528,1.4912714914090162,1.9657694777405041,2.4402674640719924,2.9147654504034803,3.6846018562989733,3.625451009699354,3.5218774780431716,3.418303946386989,3.314730414730807,3.2111568830746244,3.1075833514184423,2.633085365086954,2.158587378755466,1.6840893924239777,1.2095914060924897
1027,0.286284866305672,0.32479265405806435,0.39222005033488544,0.4596474466117065,0.5270748428885276,0.5945022391653487,0.6619296354421698,0.9708325302776295,1.2797354251130895,1.5886383199485492,1.8975412147840094,2.22844041223525,2.1899326244828576,2.1225052282060366,2.0550778319292156,1.9876504356523945,1.9202230393755735,1.8527956430987524,1.5438927482632927,1.2349898534278327,0.926086958592373,0.6171840637569128
1028,0.1600000684787465,0.18152145994052682,0.21920556165659857,0.25688966337267033,0.2945737650887421,0.33225786680481384,0.3699419685208856,0.5425828942000834,0.7152238198792811,0.887864745558479,1.0605056712376768,1.3303544742870113,1.308833082825231,1.2711489811091592,1.2334648793930874,1.1957807776770155,1.1580966759609437,1.1204125742448718,0.947771648565674,0.7751307228864763,0.6024897972072784,0.4298488715280806
1029,0.0966650333943288,0.10966731548161278,0.1324343991801003,0.15520148287858784,0.17796856657707538,0.20073565027556292,0.2235027339740505,0.3278048196211218,0.432106905268193,0.5364089909152644,0.6407110765623357,0.8750441895076194,0.8620419074203355,0.8392748237218479,0.8165077400233604,0.7937406563248728,0.7709735726263852,0.7482064889278977,0.6439044032808263,0.5396023176337551,0.4353002319866837,0.3309981463396124
1030,0.060485888935644626,0.06862176353916513,0.08286773488598757,0.09711370623281,0.11135967757963244,0.1256056489264549,0.13985162027327736,0.2051162164429092,0.27038081261254104,0.33564540878217297,0.40091000495180484,0.6530761972950729,0.6449403226915524,0.63069435134473,0.6164483799979075,0.602202408651085,0.5879564373042625,0.57371046595744,0.5084458697878081,0.4431812736181763,0.37791667744854435,0.3126520812789125
1031,0.04326251605801909,0.04908169821561838,0.059271125452270715,0.06946055268892304,0.07964997992557539,0.08983940716222773,0.10002883439888008,0.1467093195416705,0.19338980468446088,0.24007028982725132,0.28675077497004176,0.499578441059629,0.4937592589020297,0.48356983166537737,0.47338040442872503,0.4631909771920727,0.45300154995542036,0.442812122718768,0.3961316375759776,0.3494511524331872,0.30277066729039676,0.2560901821476063
1032,0.031367184720614005,0.03558634204876214,0.04297411500909338,0.050361887969424625,0.057749660929755864,0.0651374338900871,0.07252520685041834,0.10637056615310214,0.14021592545578596,0.17406128475846977,0.20790664406115364,0.38513873965896495,0.3809195823308168,0.3735318093704856,0.36614403641015436,0.35875626344982314,0.3513684904894919,0.3439807175291607,0.3101353582264769,0.27628999892379313,0.24244463962110932,0.20859928031842545
1033,0.027541528392130105,0.031246101893993974,0.037732835101129916,0.04421956830826585,0.05070630151540179,0.057193034722537735,0.06367976792967367,0.09339722368731823,0.1231146794449628,0.15283213520260736,0.18254959096025195,0.2947264391013124,0.29102186559944854,0.2845351323923126,0.27804839918517665,0.2715616659780407,0.26507493277090477,0.25858819956376883,0.22887074380612427,0.1991532880484797,0.16943583229083514,0.13971837653319055
1034,0.021214760756460276,0.024068329353953997,0.029064947229369295,0.03406156510478459,0.03905818298019989,0.04405480085561519,0.049051418731030486,0.07194225852804301,0.09483309832505553,0.11772393812206808,0.1406147779190806,0.2196416620198345,0.2167880934223408,0.21179147554692548,0.20679485767151018,0.20179823979609487,0.19680162192067957,0.19180500404526427,0.16891416424825173,0.14602332445123922,0.12313248465422667,0.10024164485721414
1035,0.017379901386824617,0.01971764826949346,0.023811058840523276,0.02790446941155309,0.03199787998258291,0.03609129055361272,0.04018470112464254,0.058937707246218926,0.07769071336779533,0.09644371948937172,0.11519672561094813,0.1725522635160582,0.17021451663338938,0.16612110606235955,0.16202769549132973,0.1579342849202999,0.15384087434927007,0.14974746377824025,0.13099445765666387,0.11224145153508747,0.09348844541351108,0.07473543929193467
1036,0.018861538995962508,0.02139857893702769,0.025840952998510806,0.030283327059993915,0.03472570112147703,0.03916807518296014,0.04361044924444325,0.0639621502340575,0.08431385122367176,0.10466555221328604,0.1250172532029003,0.16219714722554288,0.1596601072844777,0.15521773322299456,0.15077535916151147,0.14633298510002835,0.14189061103854522,0.1374482369770621,0.11709653598744785,0.0967448349978336,0.07639313400821932,0.05604143301860505
1037,0.06031042844298219,0.06842270209442457,0.08262734801485494,0.09683199393528533,0.1110366398557157,0.1252412857761461,0.1394459316965765,0.20452120506052845,0.2695964784244804,0.33467175178843245,0.39974702515238447,0.4566317751531136,0.4485195015016712,0.43431485558124083,0.4201102096608105,0.4059055637403801,0.3917009178199497,0.3774962718995193,0.3124209985355673,0.24734572517161535,0.18227045180766333,0.1171951784437113
1038,0.30895518501738617,0.35051232648691727,0.4232791617051753,0.4960459969234333,0.5688128321416914,0.6415796673599494,0.7143465025782075,1.0477107919933368,1.3810750814084662,1.7144393708235957,2.0478036602387255,2.1024107163262697,2.0608535748567385,1.9880867396384805,1.9153199044202225,1.8425530692019643,1.7697862339837063,1.6970193987654483,1.363655109350319,1.0302908199351897,0.6969265305200603,0.3635622411049304
1039,1.1612949269476076,1.3174991271273024,1.5910137359992662,1.8645283448712298,2.1380429537431938,2.4115575626151577,2.685072171487121,3.9381155800368046,5.191158988586489,6.444202397136173,7.697245805685856,8.797592590406415,8.64138839022672,8.367873781354756,8.094359172482793,7.820844563610829,7.547329954738865,7.273815345866902,6.020771937317218,4.767728528767535,3.514685120217851,2.261641711668167
1040,2.8365400828547638,3.218079229059924,3.8861568494030205,4.554234469746118,5.222312090089215,5.890389710432311,6.558467330775408,9.61910918103339,12.679751031291374,15.74039288154936,18.801034731807345,21.40384848736475,21.02230934115959,20.354231720816493,19.686154100473395,19.018076480130297,18.3499988597872,17.6819212394441,14.621279389186117,11.560637538928134,8.499995688670149,5.439353838412163
1041,4.187241305649756,4.750461435119857,5.736663683482037,6.722865931844216,7.709068180206397,8.695270428568575,9.681472676930756,14.199528337297998,18.717583997665233,23.23563965803248,27.75369531839972,32.29130966000392,31.72808953053382,30.74188728217164,29.75568503380946,28.76948278544728,27.7832805370851,26.797078288722922,22.27902262835568,17.760966967988445,13.242911307621199,8.724855647253957
1042,4.1224380187469025,4.6769415462886,5.647880965838258,6.618820385387915,7.5897598049375725,8.56069922448723,9.53163864403689,13.979771212843394,18.427903781649896,22.876036350456406,27.324168919262913,32.91035711924829,32.35585359170659,31.384914172156932,30.413974752607274,29.443035333057615,28.472095913507957,27.501156493958298,23.053023925151795,18.60489135634529,14.15675878753878,9.708626218732274
1043,3.351595880008395,3.8024144805325077,4.591800893015079,5.381187305497649,6.170573717980221,6.959960130462791,7.7493465429453625,11.365736340329079,14.982126137712793,18.59851593509651,22.21490573248023,27.356769827551037,26.905951227026925,26.116564814544354,25.327178402061783,24.537791989579212,23.74840557709664,22.95901916461407,19.34262936723035,15.726239569846637,12.109849772462919,8.493459975079201
1044,2.9910124143164416,3.3933294236000933,4.097789222441407,4.80224902128272,5.506708820124034,6.211168618965348,6.915628417806662,10.142946736074473,13.370265054342282,16.597583372610092,19.82490169087791,24.2284335048095,23.82611649552585,23.121656696684536,22.417196897843223,21.71273709900191,21.008277300160596,20.303817501319283,17.076499183051475,13.849180864783666,10.621862546515855,7.394544228248039
1045,2.7047846416677372,3.0686015427890947,3.7056473923676854,4.342693241946275,4.979739091524866,5.6167849411034565,6.253830790682048,9.172307818474215,12.090784846266383,15.009261874058554,17.92773890185072,22.802692522038395,22.438875620917038,21.801829771338447,21.164783921759856,20.527738072181265,19.890692222602674,19.253646373024083,16.335169345231915,13.416692317439747,10.498215289647575,7.579738261855409
1046,2.20733046474823,2.5042354815337093,3.0241181699939683,3.544000858454227,4.063883546914486,4.583766235374744,5.103648923835004,7.485370246439614,9.867091569044224,12.248812891648836,14.630534214253444,19.724931122724897,19.428026105939416,18.908143417479156,18.388260729018896,17.868378040558635,17.348495352098375,16.828612663638115,14.446891341033504,12.065170018428894,9.683448695824282,7.3017273732196735
1047,1.677916042855984,1.903610246250039,2.298802319798513,2.693994393346985,3.0891864668954585,3.484378540443932,3.879570613992405,5.690050956937462,7.500531299882518,9.311011642827577,11.121491985772634,14.871256559632515,14.645562356238461,14.250370282689987,13.855178209141515,13.459986135593041,13.064794062044568,12.669601988496094,10.859121645551037,9.04864130260598,7.238160959660921,5.427680616715864
1048,1.1172675321315855,1.2675496673528908,1.5306947005095728,1.7938397336662546,2.0569847668229366,2.3201297999796187,2.583274833136301,3.7888124482913326,4.9943500634463645,6.199887678601396,7.405425293756428,10.033161309414842,9.882879174193537,9.619734141036854,9.356589107880172,9.09344407472349,8.830299041566807,8.567154008410125,7.361616393255093,6.156078778100062,4.95054116294503,3.745003547789998
1049,0.6682540838903488,0.7581400312657272,0.9155309318380566,1.0729218324103855,1.2303127329827148,1.3877036335550441,1.5450945341273732,2.2661442482220826,2.987193962316792,3.7082436764115014,4.429293390506211,6.0734388854665,5.983552938091121,5.826162037518792,5.668771136946463,5.5113802363741335,5.3539893358018045,5.196598435229475,4.475548721134766,3.7544990070400566,3.033449292945347,2.3123995788506377
1050,0.4397550001969972,0.4989058467966161,0.6024793784527985,0.7060529101089809,0.8096264417651632,0.9131999734213457,1.016773505077528,1.4912714914090162,1.9657694777405041,2.4402674640719924,2.9147654504034803,3.6846018562989733,3.625451009699354,3.5218774780431716,3.418303946386989,3.314730414730807,3.2111568830746244,3.1075833514184423,2.633085365086954,2.158587378755466,1.6840893924239777,1.2095914060924897
1051,0.286284866305672,0.32479265405806435,0.39222005033488544,0.4596474466117065,0.5270748428885276,0.5945022391653487,0.6619296354421698,0.9708325302776295,1.2797354251130895,1.5886383199485492,1.8975412147840094,2.22844041223525,2.1899326244828576,2.1225052282060366,2.0550778319292156,1.9876504356523945,1.9202230393755735,1.8527956430987524,1.5438927482632927,1.2349898534278327,0.926086958592373,0.6171840637569128
1052,0.1600000684787465,0.18152145994052682,0.21920556165659857,0.25688966337267033,0.2945737650887421,0.33225786680481384,0.3699419685208856,0.5425828942000834,0.7152238198792811,0.887864745558479,1.0605056712376768,1.3303544742870113,1.308833082825231,1.2711489811091592,1.2334648793930874,1.1957807776770155,1.1580966759609437,1.1204125742448718,0.947771648565674,0.7751307228864763,0.6024897972072784,0.4298488715280806
1053,0.0966650333943288,0.10966731548161278,0.1324343991801003,0.15520148287858784,0.17796856657707538,0.20073565027556292,0.2235027339740505,0.3278048196211218,0.432106905268193,0.5364089909152644,0.6407110765623357,0.8750441895076194,0.8620419074203355,0.8392748237218479,0.8165077400233604,0.7937406563248728,0.7709735726263852,0.7482064889278977,0.6439044032808263,0.5396023176337551,0.4353002319866837,0.3309981463396124
1054,0.060485888935644626,0.06862176353916513,0.08286773488598757,0.09711370623281,0.11135967757963244,0.1256056489264549,0.13985162027327736,0.2051162164429092,0.27038081261254104,0.33564540878217297,0.40091000495180484,0.6530761972950729,0.6449403226915524,0.63069435134473,0.6164483799979075,0.602202408651085,0.5879564373042625,0.57371046595744,0.5084458697878081,0.4431812736181763,0.37791667744854435,0.3126520812789125
1055,0.04326251605801909,0.04908169821561838,0.059271125452270715,0.06946055268892304,0.07964997992557539,0.08983940716222773,0.10002883439888008,0.1467093195416705,0.19338980468446088,0.24007028982725132,0.28675077497004176,0.499578441059629,0.4937592589020297,0.48356983166537737,0.47338040442872503,0.4631909771920727,0.45300154995542036,0.442812122718768,0.3961316375759776,0.3494511524331872,0.30277066729039676,0.2560901821476063
1056,0.031367184720614005,0.03558634204876214,0.04297411500909338,0.050361887969424625,0.057749660929755864,0.0651374338900871,0.07252520685041834,0.10637056615310214,0.14021592545578596,0.17406128475846977,0.20790664406115364,0.38513873965896495,0.3809195823308168,0.3735318093704856,0.36614403641015436,0.35875626344982314,0.3513684904894919,0.3439807175291607,0.3101353582264769,0.27628999892379313,0.24244463962110932,0.20859928031842545
1057,0.027541528392130105,0.031246101893993974,0.037732835101129916,0.04421956830826585,0.05070630151540179,0.057193034722537735,0.06367976792967367,0.09339722368731823,0.1231146794449628,0.15283213520260736,0.18254959096025195,0.2947264391013124,0.29102186559944854,0.2845351323923126,0.27804839918517665,0.2715616659780407,0.26507493277090477,0.25858819956376883,0.22887074380612427,0.1991532880484797,0.16943583229083514,0.13971837653319055
1058,0.021214760756460276,0.024068329353953997,0.029064947229369295,0.03406156510478459,0.03905818298019989,0.04405480085561519,0.049051418731030486,0.07194225852804301,0.09483309832505553,0.11772393812206808,0.1406147779190806,0.2196416620198345,0.2167880934223408,0.21179147554692548,0.20679485767151018,0.20179823979609487,0.19680162192067957,0.19180500404526427,0.16891416424825173,0.14602332445123922,0.12313248465422667,0.10024164485721414
1059,0.017379901386824617,0.01971764826949346,0.023811058840523276,0.02790446941155309,0.03199787998258291,0.03609129055361272,0.04018470112464254,0.058937707246218926,0.07769071336779533,0.09644371948937172,0.11519672561094813,0.1725522635160582,0.17021451663338938,0.16612110606235955,0.16202769549132973,0.1579342849202999,0.15384087434927007,0.14974746377824025,0.13099445765666387,0.11224145153508747,0.09348844541351108,0.07473543929193467
1060,0.018861538995962508,0.02139857893702769,0.025840952998510806,0.030283327059993915,0.03472570112147703,0.03916807518296014,0.04361044924444325,0.0639621502340575,0.08431385122367176,0.10466555221328604,0.1250172532029003,0.16219714722554288,0.1596601072844777,0.15521773322299456,0.15077535916151147,0.14633298510002835,0.14189061103854522,0.1374482369770621,0.11709653598744785,0.0967448349978336,0.07639313400821932,0.05604143301860505
1061,0.06031042844298219,0.06842270209442457,0.08262734801485494,0.09683199393528533,0.1110366398557157,0.1252412857761461,0.1394459316965765,0.20452120506052845,0.2695964784244804,0.33467175178843245,0.39974702515238447,0.4566317751531136,0.4485195015016712,0.43431485558124083,0.4201102096608105,0.4059055637403801,0.3917009178199497,0.3774962718995193,0.3124209985355673,0.24734572517161535,0.18227045180766333,0.1171951784437113
1062,0.30895518501738617,0.35051232648691727,0.4232791617051753,0.4960459969234333,0.5688128321416914,0.6415796673599494,0.7143465025782075,1.0477107919933368,1.3810750814084662,1.7144393708235957,2.0478036602387255,2.1024107163262697,2.0608535748567385,1.9880867396384805,1.9153199044202225,1.8425530692019643,1.7697862339837063,1.6970193987654483,1.363655109350319,1.0302908199351897,0.6969265305200603,0.3635622411049304
1063,1.1612949269476076,1.3174991271273024,1.5910137359992662,1.8645283448712298,2.1380429537431938,2.4115575626151577,2.685072171487121,3.9381155800368046,5.191158988586489,6.444202397136173,7.697245805685856,8.797592590406415,8.64138839022672,8.367873781354756,8.094359172482793,7.820844563610829,7.547329954738865,7.273815345866902,6.020771937317218,4.767728528767535,3.514685120217851,2.261641711668167
1064,2.8365400828547638,3.218079229059924,3.8861568494030205,4.554234469746118,5.222312090089215,5.890389710432311,6.558467330775408,9.61910918103339,12.679751031291374,15.74039288154936,18.801034731807345,21.40384848736475,21.02230934115959,20.354231720816493,19.686154100473395,19.018076480130297,18.3499988597872,17.6819212394441,14.621279389186117,11.560637538928134,8.499995688670149,5.439353838412163
1065,4.187241305649756,4.750461435119857,5.736663683482037,6.722865931844216,7.709068180206397,8.695270428568575,9.681472676930756,14.199528337297998,18.717583997665233,23.23563965803248,27.75369531839972,32.29130966000392,31.72808953053382,30.74188728217164,29.75568503380946,28.76948278544728,27.7832805370851,26.797078288722922,22.27902262835568,17.760966967988445,13.242911307621199,8.724855647253957
1066,4.1224380187469025,4.6769415462886,5.647880965838258,6.618820385387915,7.5897598049375725,8.56069922448723,9.53163864403689,13.979771212843394,18.427903781649896,22.876036350456406,27.324168919262913,32.91035711924829,32.35585359170659,31.384914172156932,30.413974752607274,29.443035333057615,28.472095913507957,27.501156493958298,23.053023925151795,18.60489135634529,14.15675878753878,9.708626218732274
1067,3.351595880008395,3.8024144805325077,4.591800893015079,5.381187305497649,6.170573717980221,6.959960130462791,7.7493465429453625,11.365736340329079,14.982126137712793,18.59851593509651,22.21490573248023,27.356769827551037,26.905951227026925,26.116564814544354,25.327178402061783,24.537791989579212,23.74840557709664,22.95901916461407,19.34262936723035,15.726239569846637,12.109849772462919,8.493459975079201
1068,2.9910124143164416,3.3933294236000933,4.097789222441407,4.80224902128272,5.506708820124034,6.211168618965348,6.915628417806662,10.142946736074473,13.370265054342282,16.597583372610092,19.82490169087791,24.2284335048095,23.82611649552585,23.121656696684536,22.417196897843223,21.71273709900191,21.008277300160596,20.303817501319283,17.076499183051475,13.849180864783666,10.621862546515855,7.394544228248039
1069,2.7047846416677372,3.0686015427890947,3.7056473923676854,4.342693241946275,4.979739091524866,5.6167849411034565,6.253830790682048,9.172307818474215,12.090784846266383,15.009261874058554,17.92773890185072,22.802692522038395,22.438875620917038,21.801829771338447,21.164783921759856,20.527738072181265,19.890692222602674,19.253646373024083,16.335169345231915,13.416692317439747,10.498215289647575,7.579738261855409
1070,2.20733046474823,2.5042354815337093,3.0241181699939683,3.544000858454227,4.063883546914486,4.583766235374744,5.103648923835004,7.485370246439614,9.867091569044224,12.248812891648836,14.630534214253444,19.724931122724897,19.428026105939416,18.908143417479156,18.388260729018896,17.868378040558635,17.348495352098375,16.828612663638115,14.446891341033504,12.065170018428894,9.683448695824282,7.3017273732196735
1071,1.677916042855984,1.903610246250039,2.298802319798513,2.693994393346985,3.0891864668954585,3.484378540443932,3.879570613992405,5.690050956937462,7.500531299882518,9.311011642827577,11.121491985772634,14.871256559632515,14.645562356238461,14.250370282689987,13.855178209141515,13.459986135593041,13.064794062044568,12.669601988496094,10.859121645551037,9.04864130260598,7.238160959660921,5.427680616715864
1072,1.1172675321315855,1.2675496673528908,1.5306947005095728,1.7938397336662546,2.0569847668229366,2.3201297999796187,2.583274833136301,3.7888124482913326,4.9943500634463645,6.199887678601396,7.405425293756428,10.033161309414842,9.882879174193537,9.619734141036854,9.356589107880172,9.09344407472349,8.830299041566807,8.567154008410125,7.361616393255093,6.156078778100062,4.95054116294503,3.745003547789998
1073,0.6682540838903488,0.7581400312657272,0.9155309318380566,1.0729218324103855,1.2303127329827148,1.3877036335550441,1.5450945341273732,2.2661442482220826,2.987193962316792,3.7082436764115014,4.429293390506211,6.0734388854665,5.983552938091121,5.826162037518792,5.668771136946463,5.5113802363741335,5.3539893358018045,5.196598435229475,4.475548721134766,3.7544990070400566,3.033449292945347,2.3123995788506377
1074,0.4397550001969972,0.4989058467966161,0.6024793784527985,0.7060529101089809,0.8096264417651632,0.9131999734213457,1.016773505077528,1.4912714914090162,1.9657694777405041,2.4402674640719924,2.9147654504034803,3.6846018562989733,3.625451009699354,3.5218774780431716,3.418303946386989,3.314730414730807,3.2111568830746244,3.1075833514184423,2.633085365086954,2.158587378755466,1.6840893924239777,1.2095914060924897
1075,0.286284866305672,0.32479265405806435,0.39222005033488544,0.4596474466117065,0.5270748428885276,0.5945022391653487,0.6619296354421698,0.9708325302776295,1.2797354251130895,1.5886383199485492,1.8975412147840094,2.22844041223525,2.1899326244828576,2.1225052282060366,2.0550778319292156,1.9876504356523945,1.9202230393755735,1.8527956430987524,1.5438927482632927,1.2349898534278327,0.926086958592373,0.6171840637569128
1076,0.1600000684787465,0.18152145994052682,0.21920556165659857,0.25688966337267033,0.2945737650887421,0.33225786680481384,0.3699419685208856,0.5425828942000834,0.7152238198792811,0.887864745558479,1.0605056712376768,1.3303544742870113,1.308833082825231,1.2711489811091592,1.2334648793930874,1.1957807776770155,1.1580966759609437,1.1204125742448718,0.947771648565674,0.7751307228864763,0.6024897972072784,0.4298488715280806
1077,0.0966650333943288,0.10966731548161278,0.1324343991801003,0.15520148287858784,0.17796856657707538,0.20073565027556292,0.2235027339740505,0.3278048196211218,0.432106905268193,0.5364089909152644,0.6407110765623357,0.8750441895076194,0.8620419074203355,0.8392748237218479,0.8165077400233604,0.7937406563248728,0.7709735726263852,0.7482064889278977,0.6439044032808263,0.5396023176337551,0.4353002319866837,0.3309981463396124
1078,0.060485888935644626,0.06862176353916513,0.08286773488598757,0.09711370623281,0.11135967757963244,0.1256056489264549,0.13985162027327736,0.2051162164429092,0.27038081261254104,0.33564540878217297,0.40091000495180484,0.6530761972950729,0.6449403226915524,0.63069435134473,0.6164483799979075,0.602202408651085,0.5879564373042625,0.57371046595744,0.5084458697878081,0.4431812736181763,0.37791667744854435,0.3126520812789125
1079,0.04326251605801909,0.04908169821561838,0.059271125452270715,0.06946055268892304,0.07964997992557539,0.08983940716222773,0.10002883439888008,0.1467093195416705,0.19338980468446088,0.24007028982725132,0.28675077497004176,0.499578441059629,0.4937592589020297,0.48356983166537737,0.47338040442872503,0.4631909771920727,0.45300154995542036,0.442812122718768,0.3961316375759776,0.3494511524331872,0.30277066729039676,0.2560901821476063
1080,0.031367184720614005,0.03558634204876214,0.04297411500909338,0.050361887969424625,0.057749660929755864,0.0651374338900871,0.07252520685041834,0.10637056615310214,0.14021592545578596,0.17406128475846977,0.20790664406115364,0.38513873965896495,0.3809195823308168,0.3735318093704856,0.36614403641015436,0.35875626344982314,0.3513684904894919,0.3439807175291607,0.3101353582264769,0.27628999892379313,0.24244463962110932,0.20859928031842545
1081,0.027541528392130105,0.031246101893993974,0.037732835101129916,0.04421956830826585,0.05070630151540179,0.057193034722537735,0.06367976792967367,0.09339722368731823,0.1231146794449628,0.15283213520260736,0.18254959096025195,0.2947264391013124,0.29102186559944854,0.2845351323923126,0.27804839918517665,0.2715616659780407,0.26507493277090477,0.25858819956376883,0.22887074380612427,0.1991532880484797,0.16943583229083514,0.13971837653319055
1082,0.021214760756460276,0.024068329353953997,0.029064947229369295,0.03406156510478459,0.03905818298019989,0.04405480085561519,0.049051418731030486,0.07194225852804301,0.09483309832505553,0.11772393812206808,0.1406147779190806,0.2196416620198345,0.2167880934223408,0.21179147554692548,0.20679485767151018,0.20179823979609487,0.19680162192067957,0.19180500404526427,0.16891416424825173,0.14602332445123922,0.12313248465422667,0.10024164485721414
1083,0.017379901386824617,0.01971764826949346,0.023811058840523276,0.02790446941155309,0.03199787998258291,0.03609129055361272,0.04018470112464254,0.058937707246218926,0.07769071336779533,0.09644371948937172,0.11519672561094813,0.1725522635160582,0.17021451663338938,0.16612110606235955,0.16202769549132973,0.1579342849202999,0.15384087434927007,0.14974746377824025,0.13099445765666387,0.11224145153508747,0.09348844541351108,0.07473543929193467
1084,0.018861538995962508,0.02139857893702769,0.025840952998510806,0.030283327059993915,0.03472570112147703,0.03916807518296014,0.04361044924444325,0.0639621502340575,0.08431385122367176,0.10466555221328604,0.1250172532029003,0.16219714722554288,0.1596601072844777,0.15521773322299456,0.15077535916151147,0.14633298510002835,0.14189061103854522,0.1374482369770621,0.11709653598744785,0.0967448349978336,0.07639313400821932,0.05604143301860505
1085,0.06031042844298219,0.06842270209442457,0.08262734801485494,0.09683199393528533,0.1110366398557157,0.1252412857761461,0.1394459316965765,0.20452120506052845,0.2695964784244804,0.33467175178843245,0.39974702515238447,0.4566317751531136,0.4485195015016712,0.43431485558124083,0.4201102096608105,0.4059055637403801,0.3917009178199497,0.3774962718995193,0.3124209985355673,0.24734572517161535,0.18227045180766333,0.1171951784437113
1086,0.30895518501738617,0.35051232648691727,0.4232791617051753,0.4960459969234333,0.5688128321416914,0.6415796673599494,0.7143465025782075,1.0477107919933368,1.3810750814084662,1.7144393708235957,2.0478036602387255,2.1024107163262697,2.0608535748567385,1.9880867396384805,1.9153199044202225,1.8425530692019643,1.7697862339837063,1.6970193987654483,1.363655109350319,1.0302908199351897,0.6969265305200603,0.3635622411049304
1087,1.1612949269476076,1.3174991271273024,1.5910137359992662,1.8645283448712298,2.1380429537431938,2.4115575626151577,2.685072171487121,3.9381155800368046,5.191158988586489,6.444202397136173,7.697245805685856,8.797592590406415,8.64138839022672,8.367873781354756,8.094359172482793,7.820844563610829,7.547329954738865,7.273815345866902,6.020771937317218,4.767728528767535,3.514685120217851,2.261641711668167
1088,2.8365400828547638,3.218079229059924,3.8861568494030205,4.554234469746118,5.222312090089215,5.890389710432311,6.558467330775408,9.61910918103339,12.679751031291374,15.74039288154936,18.801034731807345,21.40384848736475,21.02230934115959,20.354231720816493,19.686154100473395,19.018076480130297,18.3499988597872,17.6819212394441,14.621279389186117,11.560637538928134,8.499995688670149,5.439353838412163
1089,4.187241305649756,4.750461435119857,5.736663683482037,6.722865931844216,7.709068180206397,8.695270428568575,9.681472676930756,14.199528337297998,18.717583997665233,23.23563965803248,27.75369531839972,32.29130966000392,31.72808953053382,30.74188728217164,29.75568503380946,28.76948278544728,27.7832805370851,26.797078288722922,22.27902262835568,17.760966967988445,13.242911307621199,8.724855647253957
1090,4.1224380187469025,4.6769415462886,5.647880965838258,6.618820385387915,7.5897598049375725,8.56069922448723,9.53163864403689,13.979771212843394,18.427903781649896,22.876036350456406,27.324168919262913,32.91035711924829,32.35585359170659,31.384914172156932,30.413974752607274,29.443035333057615,28.472095913507957,27.501156493958298,23.053023925151795,18.60489135634529,14.15675878753878,9.708626218732274
1091,3.351595880008395,3.8024144805325077,4.591800893015079,5.381187305497649,6.170573717980221,6.959960130462791,7.7493465429453625,11.365736340329079,14.982126137712793,18.59851593509651,22.21490573248023,27.356769827551037,26.905951227026925,26.116564814544354,25.327178402061783,24.537791989579212,23.74840557709664,22.95901916461407,19.34262936723035,15.726239569846637,12.109849772462919,8.493459975079201
1092,2.9910124143164416,3.3933294236000933,4.097789222441407,4.80224902128272,5.506708820124034,6.211168618965348,6.915628417806662,10.142946736074473,13.370265054342282,16.597583372610092,19.82490169087791,24.2284335048095,23.82611649552585,23.121656696684536,22.417196897843223,21.71273709900191,21.008277300160596,20.303817501319283,17.076499183051475,13.849180864783666,10.621862546515855,7.394544228248039
1093,2.7047846416677372,3.0686015427890947,3.7056473923676854,4.342693241946275,4.979739091524866,5.6167849411034565,6.253830790682048,9.172307818474215,12.090784846266383,15.009261874058554,17.92773890185072,22.802692522038395,22.438875620917038,21.801829771338447,21.164783921759856,20.527738072181265,19.890692222602674,19.253646373024083,16.335169345231915,13.416692317439747,10.498215289647575,7.579738261855409
1094,2.20733046474823,2.5042354815337093,3.0241181699939683,3.544000858454227,4.063883546914486,4.583766235374744,5.103648923835004,7.485370246439614,9.867091569044224,12.248812891648836,14.630534214253444,19.724931122724897,19.428026105939416,18.908143417479156,18.388260729018896,17.868378040558635,17.348495352098375,16.828612663638115,14.446891341033504,12.065170018428894,9.683448695824282,7.3017273732196735
1095,1.677916042855984,1.903610246250039,2.298802319798513,2.693994393346985,3.0891864668954585,3.484378540443932,3.879570613992405,5.690050956937462,7.500531299882518,9.311011642827577,11.121491985772634,14.871256559632515,14.645562356238461,14.250370282689987,13.855178209141515,13.459986135593041,13.064794062044568,12.669601988496094,10.859121645551037,9.04864130260598,7.238160959660921,5.427680616715864
1096,1.1172675321315855,1.2675496673528908,1.5306947005095728,1.7938397336662546,2.0569847668229366,2.3201297999796187,2.583274833136301,3.7888124482913326,4.9943500634463645,6.199887678601396,7.405425293756428,10.033161309414842,9.882879174193537,9.619734141036854,9.356589107880172,9.09344407472349,8.830299041566807,8.567154008410125,7.361616393255093,6.156078778100062,4.95054116294503,3.745003547789998
1097,0.6682540838903488,0.7581400312657272,0.9155309318380566,1.0729218324103855,1.2303127329827148,1.3877036335550441,1.5450945341273732,2.2661442482220826,2.987193962316792,3.7082436764115014,4.429293390506211,6.0734388854665,5.983552938091121,5.826162037518792,5.668771136946463,5.5113802363741335,5.3539893358018045,5.196598435229475,4.475548721134766,3.7544990070400566,3.033449292945347,2.3123995788506377
1098,0.4397550001969972,0.4989058467966161,0.6024793784527985,0.7060529101089809,0.8096264417651632,0.9131999734213457,1.016773505077528,1.4912714914090162,1.9657694777405041,2.4402674640719924,2.9147654504034803,3.6846018562989733,3.625451009699354,3.5218774780431716,3.418303946386989,3.314730414730807,3.2111568830746244,3.1075833514184423,2.633085365086954,2.158587378755466,1.6840893924239777,1.2095914060924897
1099,0.286284866305672,0.32479265405806435,0.39222005033488544,0.4596474466117065,0.5270748428885276,0.5945022391653487,0.6619296354421698,0.9708325302776295,1.2797354251130895,1.5886383199485492,1.8975412147840094,2.22844041223525,2.1899326244828576,2.1225052282060366,2.0550778319292156,1.9876504356523945,1.9202230393755735,1.8527956430987524,1.5438927482632927,1.2349898534278327,0.926086958592373,0.6171840637569128
1100,0.1600000684787465,0.18152145994052682,0.21920556165659857,0.25688966337267033,0.2945737650887421,0.33225786680481384,0.3699419685208856,0.5425828942000834,0.7152238198792811,0.887864745558479,1.0605056712376768,1.3303544742870113,1.308833082825231,1.2711489811091592,1.2334648793930874,1.1957807776770155,1.1580966759609437,1.1204125742448718,0.947771648565674,0.7751307228864763,0.6024897972072784,0.4298488715280806
1101,0.0966650333943288,0.10966731548161278,0.1324343991801003,0.15520148287858784,0.17796856657707538,0.20073565027556292,0.2235027339740505,0.3278048196211218,0.432106905268193,0.5364089909152644,0.6407110765623357,0.8750441895076194,0.8620419074203355,0.8392748237218479,0.8165077400233604,0.7937406563248728,0.7709735726263852,0.7482064889278977,0.6439044032808263,0.5396023176337551,0.4353002319866837,0.3309981463396124
1102,0.060485888935644626,0.06862176353916513,0.08286773488598757,0.09711370623281,0.11135967757963244,0.1256056489264549,0.13985162027327736,0.2051162164429092,0.27038081261254104,0.33564540878217297,0.40091000495180484,0.6530761972950729,0.6449403226915524,0.63069435134473,0.6164483799979075,0.602202408651085,0.5879564373042625,0.57371046595744,0.5084458697878081,0.4431812736181763,0.37791667744854435,0.3126520812789125
1103,0.04326251605801909,0.04908169821561838,0.059271125452270715,0.06946055268892304,0.07964997992557539,0.08983940716222773,0.10002883439888008,0.1467093195416705,0.19338980468446088,0.24007028982725132,0.28675077497004176,0.499578441059629,0.4937592589020297,0.48356983166537737,0.47338040442872503,0.4631909771920727,0.45300154995542036,0.442812122718768,0.3961316375759776,0.3494511524331872,0.30277066729039676,0.2560901821476063
1104,0.031367184720614005,0.03558634204876214,0.04297411500909338,0.050361887969424625,0.057749660929755864,0.0651374338900871,0.07252520685041834,0.10637056615310214,0.14021592545578596,0.17406128475846977,0.20790664406115364,0.38513873965896495,0.3809195823308168,0.3735318093704856,0.36614403641015436,0.35875626344982314,0.3513684904894919,0.3439807175291607,0.3101353582264769,0.27628999892379313,0.24244463962110932,0.20859928031842545
1105,0.027541528392130105,0.031246101893993974,0.037732835101129916,0.04421956830826585,0.05070630151540179,0.057193034722537735,0.06367976792967367,0.09339722368731823,0.1231146794449628,0.15283213520260736,0.18254959096025195,0.2947264391013124,0.29102186559944854,0.2845351323923126,0.27804839918517665,0.2715616659780407,0.26507493277090477,0.25858819956376883,0.22887074380612427,0.1991532880484797,0.16943583229083514,0.13971837653319055
1106,0.021214760756460276,0.024068329353953997,0.029064947229369295,0.03406156510478459,0.03905818298019989,0.04405480085561519,0.049051418731030486,0.07194225852804301,0.09483309832505553,0.11772393812206808,0.1406147779190806,0.2196416620198345,0.2167880934223408,0.21179147554692548,0.20679485767151018,0.20179823979609487,0.19680162192067957,0.19180500404526427,0.16891416424825173,0.14602332445123922,0.12313248465422667,0.10024164485721414
1107,0.017379901386824617,0.01971764826949346,0.023811058840523276,0.02790446941155309,0.03199787998258291,0.03609129055361272,0.04018470112464254,0.058937707246218926,0.07769071336779533,0.09644371948937172,0.11519672561094813,0.1725522635160582,0.17021451663338938,0.16612110606235955,0.16202769549132973,0.1579342849202999,0.15384087434927007,0.14974746377824025,0.13099445765666387,0.11224145153508747,0.09348844541351108,0.07473543929193467
1108,0.018861538995962508,0.02139857893702769,0.025840952998510806,0.030283327059993915,0.03472570112147703,0.03916807518296014,0.04361044924444325,0.0639621502340575,0.08431385122367176,0.10466555221328604,0.1250172532029003,0.16219714722554288,0.1596601072844777,0.15521773322299456,0.15077535916151147,0.14633298510002835,0.14189061103854522,0.1374482369770621,0.11709653598744785,0.0967448349978336,0.07639313400821932,0.05604143301860505
1109,0.06031042844298219,0.06842270209442457,0.08262734801485494,0.09683199393528533,0.1110366398557157,0.1252412857761461,0.1394459316965765,0.20452120506052845,0.2695964784244804,0.33467175178843245,0.39974702515238447,0.4566317751531136,0.4485195015016712,0.43431485558124083,0.4201102096608105,0.4059055637403801,0.3917009178199497,0.3774962718995193,0.3124209985355673,0.24734572517161535,0.18227045180766333,0.1171951784437113
1110,0.30895518501738617,0.35051232648691727,0.4232791617051753,0.4960459969234333,0.5688128321416914,0.6415796673599494,0.7143465025782075,1.0477107919933368,1.3810750814084662,1.7144393708235957,2.0478036602387255,2.1024107163262697,2.0608535748567385,1.9880867396384805,1.9153199044202225,1.8425530692019643,1.7697862339837063,1.6970193987654483,1.363655109350319,1.0302908199351897,0.6969265305200603,0.3635622411049304
1111,1.1612949269476076,1.3174991271273024,1.5910137359992662,1.8645283448712298,2.1380429537431938,2.4115575626151577,2.685072171487121,3.9381155800368046,5.191158988586489,6.444202397136173,7.697245805685856,8.797592590406415,8.64138839022672,8.367873781354756,8.094359172482793,7.820844563610829,7.547329954738865,7.273815345866902,6.020771937317218,4.767728528767535,3.514685120217851,2.261641711668167
1112,2.8365400828547638,3.218079229059924,3.8861568494030205,4.554234469746118,5.222312090089215,5.890389710432311,6.558467330775408,9.61910918103339,12.679751031291374,15.74039288154936,18.801034731807345,21.40384848736475,21.02230934115959,20.354231720816493,19.686154100473395,19.018076480130297,18.3499988597872,17.6819212394441,14.621279389186117,11.560637538928134,8.499995688670149,5.439353838412163
1113,4.187241305649756,4.750461435119857,5.736663683482037,6.722865931844216,7.709068180206397,8.695270428568575,9.681472676930756,14.199528337297998,18.717583997665233,23.23563965803248,27.75369531839972,32.29130966000392,31.72808953053382,30.74188728217164,29.75568503380946,28.76948278544728,27.7832805370851,26.797078288722922,22.27902262835568,17.760966967988445,13.242911307621199,8.724855647253957
1114,4.1224380187469025,4.6769415462886,5.647880965838258,6.618820385387915,7.5897598049375725,8.56069922448723,9.53163864403689,13.979771212843394,18.427903781649896,22.876036350456406,27.324168919262913,32.91035711924829,32.35585359170659,31.384914172156932,30.413974752607274,29.443035333057615,28.472095913507957,27.501156493958298,23.053023925151795,18.60489135634529,14.15675878753878,9.708626218732274
1115,3.351595880008395,3.8024144805325077,4.591800893015079,5.381187305497649,6.170573717980221,6.959960130462791,7.7493465429453625,11.365736340329079,14.982126137712793,18.59851593509651,22.21490573248023,27.356769827551037,26.905951227026925,26.116564814544354,25.327178402061783,24.537791989579212,23.74840557709664,22.95901916461407,19.34262936723035,15.726239569846637,12.109849772462919,8.493459975079201
1116,2.9910124143164416,3.3933294236000933,4.097789222441407,4.80224902128272,5.506708820124034,6.211168618965348,6.915628417806662,10.142946736074473,13.370265054342282,16.597583372610092,19.82490169087791,24.2284335048095,23.82611649552585,23.121656696684536,22.417196897843223,21.71273709900191,21.008277300160596,20.303817501319283,17.076499183051475,13.849180864783666,10.621862546515855,7.394544228248039
1117,2.7047846416677372,3.0686015427890947,3.7056473923676854,4.342693241946275,4.979739091524866,5.6167849411034565,6.253830790682048,9.172307818474215,12.090784846266383,15.009261874058554,17.92773890185072,22.802692522038395,22.438875620917038,21.801829771338447,21.164783921759856,20.527738072181265,19.890692222602674,19.253646373024083,16.335169345231915,13.416692317439747,10.498215289647575,7.579738261855409
1118,2.20733046474823,2.5042354815337093,3.0241181699939683,3.544000858454227,4.063883546914486,4.583766235374744,5.103648923835004,7.485370246439614,9.867091569044224,12.248812891648836,14.630534214253444,19.724931122724897,19.428026105939416,18.908143417479156,18.388260729018896,17.868378040558635,17.348495352098375,16.828612663638115,14.446891341033504,12.065170018428894,9.683448695824282,7.3017273732196735
1119,1.677916042855984,1.903610246250039,2.298802319798513,2.693994393346985,3.0891864668954585,3.484378540443932,3.879570613992405,5.690050956937462,7.500531299882518,9.311011642827577,11.121491985772634,14.871256559632515,14.645562356238461,14.250370282689987,13.855178209141515,13.459986135593041,13.064794062044568,12.669601988496094,10.859121645551037,9.04864130260598,7.238160959660921,5.427680616715864
1120,1.1172675321315855,1.2675496673528908,1.5306947005095728,1.7938397336662546,2.0569847668229366,2.3201297999796187,2.583274833136301,3.7888124482913326,4.9943500634463645,6.199887678601396,7.405425293756428,10.033161309414842,9.882879174193537,9.619734141036854,9.356589107880172,9.09344407472349,8.830299041566807,8.567154008410125,7.361616393255093,6.156078778100062,4.95054116294503,3.745003547789998
1121,0.6682540838903488,0.7581400312657272,0.9155309318380566,1.0729218324103855,1.2303127329827148,1.3877036335550441,1.5450945341273732,2.2661442482220826,2.987193962316792,3.7082436764115014,4.429293390506211,6.0734388854665,5.983552938091121,5.826162037518792,5.668771136946463,5.5113802363741335,5.3539893358018045,5.196598435229475,4.475548721134766,3.7544990070400566,3.033449292945347,2.3123995788506377
1122,0.4397550001969972,0.4989058467966161,0.6024793784527985,0.7060529101089809,0.8096264417651632,0.9131999734213457,1.016773505077528,1.4912714914090162,1.9657694777405041,2.4402674640719924,2.9147654504034803,3.6846018562989733,3.625451009699354,3.5218774780431716,3.418303946386989,3.314730414730807,3.2111568830746244,3.1075833514184423,2.633085365086954,2.158587378755466,1.6840893924239777,1.2095914060924897
1123,0.286284866305672,0.32479265405806435,0.39222005033488544,0.4596474466117065,0.5270748428885276,0.5945022391653487,0.6619296354421698,0.9708325302776295,1.2797354251130895,1.5886383199485492,1.8975412147840094,2.22844041223525,2.1899326244828576,2.1225052282060366,2.0550778319292156,1.9876504356523945,1.9202230393755735,1.8527956430987524,1.5438927482632927,1.2349898534278327,0.926086958592373,0.6171840637569128
1124,0.1600000684787465,0.18152145994052682,0.21920556165659857,0.25688966337267033,0.2945737650887421,0.33225786680481384,0.3699419685208856,0.5425828942000834,0.7152238198792811,0.887864745558479,1.0605056712376768,1.3303544742870113,1.308833082825231,1.2711489811091592,1.2334648793930874,1.1957807776770155,1.1580966759609437,1.1204125742448718,0.947771648565674,0.7751307228864763,0.6024897972072784,0.4298488715280806
1125,0.0966650333943288,0.10966731548161278,0.1324343991801003,0.15520148287858784,0.17796856657707538,0.20073565027556292,0.2235027339740505,0.3278048196211218,0.432106905268193,0.5364089909152644,0.6407110765623357,0.8750441895076194,0.8620419074203355,0.8392748237218479,0.8165077400233604,0.7937406563248728,0.7709735726263852,0.7482064889278977,0.6439044032808263,0.5396023176337551,0.4353002319866837,0.3309981463396124
1126,0.060485888935644626,0.06862176353916513,0.08286773488598757,0.09711370623281,0.11135967757963244,0.1256056489264549,0.13985162027327736,0.2051162164429092,0.27038081261254104,0.33564540878217297,0.40091000495180484,0.6530761972950729,0.6449403226915524,0.63069435134473,0.6164483799979075,0.602202408651085,0.5879564373042625,0.57371046595744,0.5084458697878081,0.4431812736181763,0.37791667744854435,0.3126520812789125
1127,0.04326251605801909,0.04908169821561838,0.059271125452270715,0.06946055268892304,0.07964997992557539,0.08983940716222773,0.10002883439888008,0.1467093195416705,0.19338980468446088,0.24007028982725132,0.28675077497004176,0.499578441059629,0.4937592589020297,0.48356983166537737,0.47338040442872503,0.4631909771920727,0.45300154995542036,0.442812122718768,0.3961316375759776,0.3494511524331872,0.30277066729039676,0.2560901821476063
1128,0.06656898268586907,0.07552308595105217,0.09120178120737912,0.10688047646370606,0.12255917172003303,0.13823786697635998,0.1539165622326869,0.2257448489433112,0.29757313565393556,0.36940142236455986,0.44122970907518416,0.4271966781704077,0.4182425749052246,0.4025638796488976,0.3868851843925707,0.3712064891362437,0.35552779387991673,0.3398490986235898,0.2680208119129655,0.19619252520234115,0.12436423849171685,0.05253595178109255
1129,0.056639086305014866,0.06425753272192815,0.07759748382143074,0.09093743492093335,0.10427738602043597,0.11761733711993858,0.1309572882194412,0.19207116387144205,0.25318503952344296,0.31429891517544384,0.3754127908274448,0.3168441383691494,0.3092256919522361,0.2958857408527335,0.28254578975323086,0.26920583865372827,0.2558658875542257,0.24252593645472306,0.1814120608027222,0.1202981851507213,0.05918430949872042,-0.0019295661532805208
1130,0.03392680220936796,0.038490250202461725,0.046480878441028384,0.05447150667959503,0.06246213491816169,0.07045276315672834,0.07844339139529499,0.1150505915949522,0.15165779179460942,0.18826499199426663,0.22487219219392388,0.22601923126692836,0.22145578327383458,0.21346515503526792,0.20547452679670128,0.1974838985581346,0.18949327031956797,0.1815026420810013,0.1448954418813441,0.10828824168168688,0.07168104148202967,0.035073841282372425
1131,0.0236676925723058,0.026851201690074235,0.03242554764354464,0.03799989359701504,0.043574239550485436,0.049148585503955844,0.05472293145742625,0.08026049774238261,0.10579806402733898,0.13133563031229536,0.15687319659725174,0.20284547879051973,0.1996619696727513,0.1940876237192809,0.1885132777658105,0.1829389318123401,0.17736458585886972,0.17179023990539932,0.14625267362044297,0.12071510733548661,0.09517754105053022,0.06963997476557385
1132,0.02469635730095266,0.028018230711428102,0.03383485347536883,0.03965147623930954,0.04546809900325027,0.051284721767191,0.05710134453113172,0.08374884553458932,0.11039634653804692,0.1370438475415045,0.16369134854496212,0.2086410790622131,0.20531920565173767,0.19950258288779693,0.19368596012385622,0.18786933735991548,0.18205271459597477,0.17623609183203404,0.14958859082857645,0.12294108982511885,0.09629358882166127,0.06964608781820365
1133,0.018530992112733714,0.02102357064238779,0.025388092472381524,0.02975261430237525,0.03411713613236898,0.03848165796236271,0.04284617979235644,0.06284121893523797,0.08283625807811949,0.10283129722100104,0.12282633636388257,0.23076451461001737,0.2282719360803633,0.22390741425036959,0.21954289242037586,0.21517837059038214,0.21081384876038842,0.2064493269303947,0.18645428778751316,0.16645924864463163,0.1464642095017501,0.12646917035886857
1134,0.022723898938375474,0.025780459658883387,0.031132518111866028,0.036484576564848666,0.0418366350178313,0.04718869347081395,0.05254075192379659,0.0770599598532782,0.10157916778275981,0.12609837571224142,0.15061758364172306,0.3411068640072945,0.3380503032867866,0.33269824483380395,0.3273461863808213,0.32199412792783866,0.316642069474856,0.31129001102187337,0.2867708030923918,0.2622515951629102,0.2377323872334286,0.21321317930394695
1135,0.05954035988303085,0.0675490526604855,0.08157232777140645,0.0955956028823274,0.10961887799324835,0.12364215310416929,0.13766542821509023,0.20190979350324906,0.2661541587914079,0.33039852407956677,0.3946428893677256,0.5323949645104806,0.524386271733026,0.510362996622105,0.4963397215111841,0.48231644640026317,0.4682931712893422,0.4542698961784213,0.3900255308902625,0.32578116560210363,0.2615368003139448,0.19729243502578592
1136,0.09422208070711786,0.10689576455313886,0.129087470513181,0.15127917647322317,0.17347088243326533,0.1956625883933075,0.21785429435334966,0.31952042104539957,0.42118654773744957,0.5228526744294996,0.6245188011215496,0.7630054397344619,0.7503317558884409,0.7281400499283988,0.7059483439683566,0.6837566380083144,0.6615649320482723,0.6393732260882301,0.5377070993961802,0.4360409727041302,0.33437484601208023,0.23270871932003023
1137,0.11060462621291975,0.12548190395938727,0.1515321177130734,0.17758233146675953,0.2036325452204457,0.22968275897413182,0.255732972727818,0.37507595323620807,0.49441893374459817,0.6137619142529884,0.7331048947613785,1.04243040931092,1.0275531315644524,1.0015029178107662,0.9754527040570801,0.949402490303394,0.9233522765497079,0.8973020627960218,0.7779590822876317,0.6586161017792416,0.5392731212708513,0.41993014076246116
1138,0.14593538259187422,0.16556495229609972,0.19993646134515083,0.23430797039420195,0.2686794794432531,0.3030509884923042,0.3374224975413554,0.4948875522726021,0.6523526070038489,0.8098176617350957,0.9672827164663426,1.3368623237393928,1.3172327540351674,1.2828612449861163,1.2484897359370652,1.2141182268880142,1.1797467178389631,1.145375208789912,0.9879101540586653,0.8304450993274186,0.6729800445961718,0.5155149898649249
1139,0.17412844867806587,0.1975502293326846,0.2385619253527876,0.2795736213728906,0.3205853173929936,0.3615970134130966,0.40260870943319965,0.5904942325625675,0.7783797556919354,0.9662652788213034,1.1541508019506714,1.6963697765134498,1.6729479958588311,1.6319362998387281,1.590924603818625,1.549912907798522,1.508901211778419,1.467889515758316,1.2800039926289482,1.0921184694995802,0.9042329463702122,0.7163474232408442
1140,0.20258246617249245,0.22983155799628885,0.277544901707457,0.32525824541862514,0.3729715891297932,0.4206849328409614,0.46839827655212957,0.6869858360383282,0.9055733955245269,1.1241609550107257,1.3427485144969247,1.9211150761464808,1.8938659843226844,1.8461526406115163,1.7984392969003482,1.7507259531891801,1.7030126094780118,1.6552992657668437,1.4367117062806452,1.2181241467944464,0.9995365873082476,0.7809490278220486
1141,0.22682064156334378,0.25732997737244256,0.31075203030808307,0.3641740832437235,0.4175961361793641,0.4710181891150046,0.5244402420506451,0.769180921820084,1.013921601589523,1.2586622813589619,1.5034029611284008,2.0428941262432594,2.0123847904341607,1.9589627374985201,1.9055406845628797,1.852118631627239,1.7986965786915987,1.745274525755958,1.5005338459865192,1.2557931662170803,1.0110524864476413,0.7663118066782024
1142,0.28713168866453304,0.3257533813399477,0.3933802259058238,0.46100707047169975,0.5286339150375757,0.5962607596034519,0.6638876041693279,0.9737042248382178,1.2835208455071077,1.5933374661759976,1.9031540868448875,2.133676930271694,2.095055237596279,2.027428393030403,1.9598015484645268,1.8921747038986507,1.8245478593327746,1.7569210147668985,1.4471043940980086,1.1372877734291187,0.8274711527602288,0.5176545320913388
1143,0.3067951188581142,0.3480617127682659,0.42031979724889373,0.49257788172952155,0.5648359662101494,0.6370940506907772,0.709352135171405,1.040385701701159,1.3714192682309132,1.7024528347606676,2.0334864012904217,2.1612776545091203,2.120011060598969,2.047752976118341,1.975494891637713,1.9032368071570853,1.8309787226764576,1.7587206381958298,1.427687071666076,1.0966535051363218,0.7656199386065674,0.4345863720768133
1144,0.27598175878396375,0.31310368956544515,0.3781044409318533,0.44310519229826134,0.5081059436646694,0.5731066950310776,0.6381074463974856,0.9358932333664804,1.233679020335475,1.53146480730447,1.829250594273465,1.9097257114610804,1.872603780679599,1.8076030293131908,1.7426022779467827,1.6776015265803745,1.6126007752139664,1.5476000238475582,1.2498142368785634,0.9520284499095688,0.6542426629405738,0.35645687597157893
1145,0.2253108014307007,0.2556170506983482,0.3086834977291007,0.36174994475985317,0.4148163917906057,0.46788283882135817,0.5209492858521106,0.7640608400805081,1.0071723943089055,1.2502839485373032,1.4933955027657007,1.6192575536297766,1.588951304362129,1.5358848573313766,1.4828184103006241,1.4297519632698716,1.3766855162391192,1.3236190692083667,1.0805075149799692,0.8373959607515719,0.5942844065231742,0.3511728522947767
1146,0.181071206183045,0.20542684770103406,0.24807374039633354,0.290720633091633,0.3333675257869325,0.376014418482232,0.41866131117753147,0.6140381066158548,0.809414902054178,1.0047916974925013,1.200168492930825,1.489569188741577,1.4652135472235879,1.4225666545282885,1.379919761832989,1.3372728691376894,1.29462597644239,1.2519790837470905,1.0566022883087673,0.8612254928704441,0.6658486974321208,0.4704719019937972
1147,0.1371027565822645,0.15554426178254532,0.18783546186591396,0.22012666194928254,0.2524178620326512,0.2847090621160198,0.3170002621993884,0.464934866444111,0.6128694706888336,0.7608040749335562,0.9087386791782788,1.2544431595756709,1.23600165437539,1.2037104542920214,1.1714192542086528,1.1391280541252842,1.1068368540419156,1.074545653958547,0.9266110497138245,0.7786764454691019,0.6307418412243793,0.48280723697965666
1148,0.12288693681507708,0.1394162914452449,0.16835930297358676,0.19730231450192862,0.22624532603027048,0.25518833755861237,0.28413134908695425,0.4167270081222759,0.5493226671575976,0.6819183261929194,0.8145139852282411,0.965950353268064,0.9494209986378962,0.9204779871095543,0.8915349755812124,0.8625919640528705,0.8336489525245286,0.8047059409961868,0.6721102819608651,0.5395146229255434,0.40691896389022164,0.27432330485489986
1149,0.10407025709033581,0.11806860573895996,0.14257980870966933,0.16709101168037868,0.19160221465108804,0.2161134176217974,0.24062462059250678,0.3529169820306787,0.4652093434688507,0.5775017049070227,0.6897940663451948,0.756275578156249,0.7422772295076249,0.7177660265369155,0.6932548235662062,0.6687436205954969,0.6442324176247876,0.6197212146540781,0.5074288532159061,0.3951364917777342,0.2828441303395622,0.17055176890139007
1150,0.09174496304809825,0.10408545316899447,0.1256937346673304,0.14730201616566632,0.16891029766400223,0.19051857916233816,0.21212686066067407,0.3111201642112374,0.4101134677618008,0.5091067713123641,0.6081000748629275,0.6380177307790044,0.6256772406581081,0.6040689591597722,0.5824606776614363,0.5608523961631003,0.5392441146647644,0.5176358331664285,0.4186425296158651,0.3196492260653017,0.22065592251473837,0.12166261896417502
1151,0.0756798511426919,0.0858594449247251,0.10368398234795255,0.12150851977117999,0.13933305719440744,0.15715759461763487,0.17498213204086233,0.2566410943198301,0.33830005659879786,0.4199590188777657,0.5016179811567335,0.5589042903878931,0.54872469660586,0.5309001591826326,0.5130756217594051,0.4952510843361777,0.4774265469129503,0.45960200948972285,0.37794304721075506,0.2962840849317873,0.21462512265281947,0.13296616037385167
1152,0.06656898268586907,0.07552308595105217,0.09120178120737912,0.10688047646370606,0.12255917172003303,0.13823786697635998,0.1539165622326869,0.2257448489433112,0.29757313565393556,0.36940142236455986,0.44122970907518416,0.4271966781704077,0.4182425749052246,0.4025638796488976,0.3868851843925707,0.3712064891362437,0.35552779387991673,0.3398490986235898,0.2680208119129655,0.19619252520234115,0.12436423849171685,0.05253595178109255
1153,0.056639086305014866,0.06425753272192815,0.07759748382143074,0.09093743492093335,0.10427738602043597,0.11761733711993858,0.1309572882194412,0.19207116387144205,0.25318503952344296,0.31429891517544384,0.3754127908274448,0.3168441383691494,0.3092256919522361,0.2958857408527335,0.28254578975323086,0.26920583865372827,0.2558658875542257,0.24252593645472306,0.1814120608027222,0.1202981851507213,0.05918430949872042,-0.0019295661532805208
1154,0.03392680220936796,0.038490250202461725,0.046480878441028384,0.05447150667959503,0.06246213491816169,0.07045276315672834,0.07844339139529499,0.1150505915949522,0.15165779179460942,0.18826499199426663,0.22487219219392388,0.22601923126692836,0.22145578327383458,0.21346515503526792,0.20547452679670128,0.1974838985581346,0.18949327031956797,0.1815026420810013,0.1448954418813441,0.10828824168168688,0.07168104148202967,0.035073841282372425
1155,0.0236676925723058,0.026851201690074235,0.03242554764354464,0.03799989359701504,0.043574239550485436,0.049148585503955844,0.05472293145742625,0.08026049774238261,0.10579806402733898,0.13133563031229536,0.15687319659725174,0.20284547879051973,0.1996619696727513,0.1940876237192809,0.1885132777658105,0.1829389318123401,0.17736458585886972,0.17179023990539932,0.14625267362044297,0.12071510733548661,0.09517754105053022,0.06963997476557385
1156,0.02469635730095266,0.028018230711428102,0.03383485347536883,0.03965147623930954,0.04546809900325027,0.051284721767191,0.05710134453113172,0.08374884553458932,0.11039634653804692,0.1370438475415045,0.16369134854496212,0.2086410790622131,0.20531920565173767,0.19950258288779693,0.19368596012385622,0.18786933735991548,0.18205271459597477,0.17623609183203404,0.14958859082857645,0.12294108982511885,0.09629358882166127,0.06964608781820365
1157,0.018530992112733714,0.02102357064238779,0.025388092472381524,0.02975261430237525,0.03411713613236898,0.03848165796236271,0.04284617979235644,0.06284121893523797,0.08283625807811949,0.10283129722100104,0.12282633636388257,0.23076451461001737,0.2282719360803633,0.22390741425036959,0.21954289242037586,0.21517837059038214,0.21081384876038842,0.2064493269303947,0.18645428778751316,0.16645924864463163,0.1464642095017501,0.12646917035886857
1158,0.022723898938375474,0.025780459658883387,0.031132518111866028,0.036484576564848666,0.0418366350178313,0.04718869347081395,0.05254075192379659,0.0770599598532782,0.10157916778275981,0.12609837571224142,0.15061758364172306,0.3411068640072945,0.3380503032867866,0.33269824483380395,0.3273461863808213,0.32199412792783866,0.316642069474856,0.31129001102187337,0.2867708030923918,0.2622515951629102,0.2377323872334286,0.21321317930394695
1159,0.05954035988303085,0.0675490526604855,0.08157232777140645,0.0955956028823274,0.10961887799324835,0.12364215310416929,0.13766542821509023,0.20190979350324906,0.2661541587914079,0.33039852407956677,0.3946428893677256,0.5323949645104806,0.524386271733026,0.510362996622105,0.4963397215111841,0.48231644640026317,0.4682931712893422,0.4542698961784213,0.3900255308902625,0.32578116560210363,0.2615368003139448,0.19729243502578592
1160,0.09422208070711786,0.10689576455313886,0.129087470513181,0.15127917647322317,0.17347088243326533,0.1956625883933075,0.21785429435334966,0.31952042104539957,0.42118654773744957,0.5228526744294996,0.6245188011215496,0.7630054397344619,0.7503317558884409,0.7281400499283988,0.7059483439683566,0.6837566380083144,0.6615649320482723,0.6393732260882301,0.5377070993961802,0.4360409727041302,0.33437484601208023,0.23270871932003023
1161,0.11060462621291975,0.12548190395938727,0.1515321177130734,0.17758233146675953,0.2036325452204457,0.22968275897413182,0.255732972727818,0.37507595323620807,0.49441893374459817,0.6137619142529884,0.7331048947613785,1.04243040931092,1.0275531315644524,1.0015029178107662,0.9754527040570801,0.949402490303394,0.9233522765497079,0.8973020627960218,0.7779590822876317,0.6586161017792416,0.5392731212708513,0.41993014076246116
1162,0.14593538259187422,0.16556495229609972,0.19993646134515083,0.23430797039420195,0.2686794794432531,0.3030509884923042,0.3374224975413554,0.4948875522726021,0.6523526070038489,0.8098176617350957,0.9672827164663426,1.3368623237393928,1.3172327540351674,1.2828612449861163,1.2484897359370652,1.2141182268880142,1.1797467178389631,1.145375208789912,0.9879101540586653,0.8304450993274186,0.6729800445961718,0.5155149898649249
1163,0.17412844867806587,0.1975502293326846,0.2385619253527876,0.2795736213728906,0.3205853173929936,0.3615970134130966,0.40260870943319965,0.5904942325625675,0.7783797556919354,0.9662652788213034,1.1541508019506714,1.6963697765134498,1.6729479958588311,1.6319362998387281,1.590924603818625,1.549912907798522,1.508901211778419,1.467889515758316,1.2800039926289482,1.0921184694995802,0.9042329463702122,0.7163474232408442
1164,0.20258246617249245,0.22983155799628885,0.277544901707457,0.32525824541862514,0.3729715891297932,0.4206849328409614,0.46839827655212957,0.6869858360383282,0.9055733955245269,1.1241609550107257,1.3427485144969247,1.9211150761464808,1.8938659843226844,1.8461526406115163,1.7984392969003482,1.7507259531891801,1.7030126094780118,1.6552992657668437,1.4367117062806452,1.2181241467944464,0.9995365873082476,0.7809490278220486
1165,0.22682064156334378,0.25732997737244256,0.31075203030808307,0.3641740832437235,0.4175961361793641,0.4710181891150046,0.5244402420506451,0.769180921820084,1.013921601589523,1.2586622813589619,1.5034029611284008,2.0428941262432594,2.0123847904341607,1.9589627374985201,1.9055406845628797,1.852118631627239,1.7986965786915987,1.745274525755958,1.5005338459865192,1.2557931662170803,1.0110524864476413,0.7663118066782024
1166,0.28713168866453304,0.3257533813399477,0.3933802259058238,0.46100707047169975,0.5286339150375757,0.5962607596034519,0.6638876041693279,0.9737042248382178,1.2835208455071077,1.5933374661759976,1.9031540868448875,2.133676930271694,2.095055237596279,2.027428393030403,1.9598015484645268,1.8921747038986507,1.8245478593327746,1.7569210147668985,1.4471043940980086,1.1372877734291187,0.8274711527602288,0.5176545320913388
1167,0.3067951188581142,0.3480617127682659,0.42031979724889373,0.49257788172952155,0.5648359662101494,0.6370940506907772,0.709352135171405,1.040385701701159,1.3714192682309132,1.7024528347606676,2.0334864012904217,2.1612776545091203,2.120011060598969,2.047752976118341,1.975494891637713,1.9032368071570853,1.8309787226764576,1.7587206381958298,1.427687071666076,1.0966535051363218,0.7656199386065674,0.4345863720768133
1168,0.27598175878396375,0.31310368956544515,0.3781044409318533,0.44310519229826134,0.5081059436646694,0.5731066950310776,0.6381074463974856,0.9358932333664804,1.233679020335475,1.53146480730447,1.829250594273465,1.9097257114610804,1.872603780679599,1.8076030293131908,1.7426022779467827,1.6776015265803745,1.6126007752139664,1.5476000238475582,1.2498142368785634,0.9520284499095688,0.6542426629405738,0.35645687597157893
1169,0.2253108014307007,0.2556170506983482,0.3086834977291007,0.36174994475985317,0.4148163917906057,0.46788283882135817,0.5209492858521106,0.7640608400805081,1.0071723943089055,1.2502839485373032,1.4933955027657007,1.6192575536297766,1.588951304362129,1.5358848573313766,1.4828184103006241,1.4297519632698716,1.3766855162391192,1.3236190692083667,1.0805075149799692,0.8373959607515719,0.5942844065231742,0.3511728522947767
1170,0.181071206183045,0.20542684770103406,0.24807374039633354,0.290720633091633,0.3333675257869325,0.376014418482232,0.41866131117753147,0.6140381066158548,0.809414902054178,1.0047916974925013,1.200168492930825,1.489569188741577,1.4652135472235879,1.4225666545282885,1.379919761832989,1.3372728691376894,1.29462597644239,1.2519790837470905,1.0566022883087673,0.8612254928704441,0.6658486974321208,0.4704719019937972
1171,0.1371027565822645,0.15554426178254532,0.18783546186591396,0.22012666194928254,0.2524178620326512,0.2847090621160198,0.3170002621993884,0.464934866444111,0.6128694706888336,0.7608040749335562,0.9087386791782788,1.2544431595756709,1.23600165437539,1.2037104542920214,1.1714192542086528,1.1391280541252842,1.1068368540419156,1.074545653958547,0.9266110497138245,0.7786764454691019,0.6307418412243793,0.48280723697965666
1172,0.12288693681507708,0.1394162914452449,0.16835930297358676,0.19730231450192862,0.22624532603027048,0.25518833755861237,0.28413134908695425,0.4167270081222759,0.5493226671575976,0.6819183261929194,0.8145139852282411,0.965950353268064,0.9494209986378962,0.9204779871095543,0.8915349755812124,0.8625919640528705,0.8336489525245286,0.8047059409961868,0.6721102819608651,0.5395146229255434,0.40691896389022164,0.27432330485489986
1173,0.10407025709033581,0.11806860573895996,0.14257980870966933,0.16709101168037868,0.19160221465108804,0.2161134176217974,0.24062462059250678,0.3529169820306787,0.4652093434688507,0.5775017049070227,0.6897940663451948,0.756275578156249,0.7422772295076249,0.7177660265369155,0.6932548235662062,0.6687436205954969,0.6442324176247876,0.6197212146540781,0.5074288532159061,0.3951364917777342,0.2828441303395622,0.17055176890139007
1174,0.09174496304809825,0.10408545316899447,0.1256937346673304,0.14730201616566632,0.16891029766400223,0.19051857916233816,0.21212686066067407,0.3111201642112374,0.4101134677618008,0.5091067713123641,0.6081000748629275,0.6380177307790044,0.6256772406581081,0.6040689591597722,0.5824606776614363,0.5608523961631003,0.5392441146647644,0.5176358331664285,0.4186425296158651,0.3196492260653017,0.22065592251473837,0.12166261896417502
1175,0.0756798511426919,0.0858594449247251,0.10368398234795255,0.12150851977117999,0.13933305719440744,0.15715759461763487,0.17498213204086233,0.2566410943198301,0.33830005659879786,0.4199590188777657,0.5016179811567335,0.5589042903878931,0.54872469660586,0.5309001591826326,0.5130756217594051,0.4952510843361777,0.4774265469129503,0.45960200948972285,0.37794304721075506,0.2962840849317873,0.21462512265281947,0.13296616037385167
1176,0.031367184720614005,0.03558634204876214,0.04297411500909338,0.050361887969424625,0.057749660929755864,0.0651374338900871,0.07252520685041834,0.10637056615310214,0.14021592545578596,0.17406128475846977,0.20790664406115364,0.38513873965896495,0.3809195823308168,0.3735318093704856,0.36614403641015436,0.35875626344982314,0.3513684904894919,0.3439807175291607,0.3101353582264769,0.27628999892379313,0.24244463962110932,0.20859928031842545
1177,0.027541528392130105,0.031246101893993974,0.037732835101129916,0.04421956830826585,0.05070630151540179,0.057193034722537735,0.06367976792967367,0.09339722368731823,0.1231146794449628,0.15283213520260736,0.18254959096025195,0.2947264391013124,0.29102186559944854,0.2845351323923126,0.27804839918517665,0.2715616659780407,0.26507493277090477,0.25858819956376883,0.22887074380612427,0.1991532880484797,0.16943583229083514,0.13971837653319055
1178,0.021214760756460276,0.024068329353953997,0.029064947229369295,0.03406156510478459,0.03905818298019989,0.04405480085561519,0.049051418731030486,0.07194225852804301,0.09483309832505553,0.11772393812206808,0.1406147779190806,0.2196416620198345,0.2167880934223408,0.21179147554692548,0.20679485767151018,0.20179823979609487,0.19680162192067957,0.19180500404526427,0.16891416424825173,0.14602332445123922,0.12313248465422667,0.10024164485721414
1179,0.017379901386824617,0.01971764826949346,0.023811058840523276,0.02790446941155309,0.03199787998258291,0.03609129055361272,0.04018470112464254,0.058937707246218926,0.07769071336779533,0.09644371948937172,0.11519672561094813,0.1725522635160582,0.17021451663338938,0.16612110606235955,0.16202769549132973,0.1579342849202999,0.15384087434927007,0.14974746377824025,0.13099445765666387,0.11224145153508747,0.09348844541351108,0.07473543929193467
1180,0.018861538995962508,0.02139857893702769,0.025840952998510806,0.030283327059993915,0.03472570112147703,0.03916807518296014,0.04361044924444325,0.0639621502340575,0.08431385122367176,0.10466555221328604,0.1250172532029003,0.16219714722554288,0.1596601072844777,0.15521773322299456,0.15077535916151147,0.14633298510002835,0.14189061103854522,0.1374482369770621,0.11709653598744785,0.0967448349978336,0.07639313400821932,0.05604143301860505
1181,0.06031042844298219,0.06842270209442457,0.08262734801485494,0.09683199393528533,0.1110366398557157,0.1252412857761461,0.1394459316965765,0.20452120506052845,0.2695964784244804,0.33467175178843245,0.39974702515238447,0.4566317751531136,0.4485195015016712,0.43431485558124083,0.4201102096608105,0.4059055637403801,0.3917009178199497,0.3774962718995193,0.3124209985355673,0.24734572517161535,0.18227045180766333,0.1171951784437113
1182,0.30895518501738617,0.35051232648691727,0.4232791617051753,0.4960459969234333,0.5688128321416914,0.6415796673599494,0.7143465025782075,1.0477107919933368,1.3810750814084662,1.7144393708235957,2.0478036602387255,2.1024107163262697,2.0608535748567385,1.9880867396384805,1.9153199044202225,1.8425530692019643,1.7697862339837063,1.6970193987654483,1.363655109350319,1.0302908199351897,0.6969265305200603,0.3635622411049304
1183,1.1612949269476076,1.3174991271273024,1.5910137359992662,1.8645283448712298,2.1380429537431938,2.4115575626151577,2.685072171487121,3.9381155800368046,5.191158988586489,6.444202397136173,7.697245805685856,8.797592590406415,8.64138839022672,8.367873781354756,8.094359172482793,7.820844563610829,7.547329954738865,7.273815345866902,6.020771937317218,4.767728528767535,3.514685120217851,2.261641711668167
1184,2.8365400828547638,3.218079229059924,3.8861568494030205,4.554234469746118,5.222312090089215,5.890389710432311,6.558467330775408,9.61910918103339,12.679751031291374,15.74039288154936,18.801034731807345,21.40384848736475,21.02230934115959,20.354231720816493,19.686154100473395,19.018076480130297,18.3499988597872,17.6819212394441,14.621279389186117,11.560637538928134,8.499995688670149,5.439353838412163
1185,4.187241305649756,4.750461435119857,5.736663683482037,6.722865931844216,7.709068180206397,8.695270428568575,9.681472676930756,14.199528337297998,18.717583997665233,23.23563965803248,27.75369531839972,32.29130966000392,31.72808953053382,30.74188728217164,29.75568503380946,28.76948278544728,27.7832805370851,26.797078288722922,22.27902262835568,17.760966967988445,13.242911307621199,8.724855647253957
1186,4.1224380187469025,4.6769415462886,5.647880965838258,6.618820385387915,7.5897598049375725,8.56069922448723,9.53163864403689,13.979771212843394,18.427903781649896,22.876036350456406,27.324168919262913,32.91035711924829,32.35585359170659,31.384914172156932,30.413974752607274,29.443035333057615,28.472095913507957,27.501156493958298,23.053023925151795,18.60489135634529,14.15675878753878,9.708626218732274
1187,3.351595880008395,3.8024144805325077,4.591800893015079,5.381187305497649,6.170573717980221,6.959960130462791,7.7493465429453625,11.365736340329079,14.982126137712793,18.59851593509651,22.21490573248023,27.356769827551037,26.905951227026925,26.116564814544354,25.327178402061783,24.537791989579212,23.74840557709664,22.95901916461407,19.34262936723035,15.726239569846637,12.109849772462919,8.493459975079201
1188,2.9910124143164416,3.3933294236000933,4.097789222441407,4.80224902128272,5.506708820124034,6.211168618965348,6.915628417806662,10.142946736074473,13.370265054342282,16.597583372610092,19.82490169087791,24.2284335048095,23.82611649552585,23.121656696684536,22.417196897843223,21.71273709900191,21.008277300160596,20.303817501319283,17.076499183051475,13.849180864783666,10.621862546515855,7.394544228248039
1189,2.7047846416677372,3.0686015427890947,3.7056473923676854,4.342693241946275,4.979739091524866,5.6167849411034565,6.253830790682048,9.172307818474215,12.090784846266383,15.009261874058554,17.92773890185072,22.802692522038395,22.438875620917038,21.801829771338447,21.164783921759856,20.527738072181265,19.890692222602674,19.253646373024083,16.335169345231915,13.416692317439747,10.498215289647575,7.579738261855409
1190,2.20733046474823,2.5042354815337093,3.0241181699939683,3.544000858454227,4.063883546914486,4.583766235374744,5.103648923835004,7.485370246439614,9.867091569044224,12.248812891648836,14.630534214253444,19.724931122724897,19.428026105939416,18.908143417479156,18.388260729018896,17.868378040558635,17.348495352098375,16.828612663638115,14.446891341033504,12.065170018428894,9.683448695824282,7.3017273732196735
1191,1.677916042855984,1.903610246250039,2.298802319798513,2.693994393346985,3.0891864668954585,3.484378540443932,3.879570613992405,5.690050956937462,7.500531299882518,9.311011642827577,11.121491985772634,14.871256559632515,14.645562356238461,14.250370282689987,13.855178209141515,13.459986135593041,13.064794062044568,12.669601988496094,10.859121645551037,9.04864130260598,7.238160959660921,5.427680616715864
1192,1.1172675321315855,1.2675496673528908,1.5306947005095728,1.7938397336662546,2.0569847668229366,2.3201297999796187,2.583274833136301,3.7888124482913326,4.9943500634463645,6.199887678601396,7.405425293756428,10.033161309414842,9.882879174193537,9.619734141036854,9.356589107880172,9.09344407472349,8.830299041566807,8.567154008410125,7.361616393255093,6.156078778100062,4.95054116294503,3.745003547789998
1193,0.6682540838903488,0.7581400312657272,0.9155309318380566,1.0729218324103855,1.2303127329827148,1.3877036335550441,1.5450945341273732,2.2661442482220826,2.987193962316792,3.7082436764115014,4.429293390506211,6.0734388854665,5.983552938091121,5.826162037518792,5.668771136946463,5.5113802363741335,5.3539893358018045,5.196598435229475,4.475548721134766,3.7544990070400566,3.033449292945347,2.3123995788506377
1194,0.4397550001969972,0.4989058467966161,0.6024793784527985,0.7060529101089809,0.8096264417651632,0.9131999734213457,1.016773505077528,1.4912714914090162,1.9657694777405041,2.4402674640719924,2.9147654504034803,3.6846018562989733,3.625451009699354,3.5218774780431716,3.418303946386989,3.314730414730807,3.2111568830746244,3.1075833514184423,2.633085365086954,2.158587378755466,1.6840893924239777,1.2095914060924897
1195,0.286284866305672,0.32479265405806435,0.39222005033488544,0.4596474466117065,0.5270748428885276,0.5945022391653487,0.6619296354421698,0.9708325302776295,1.2797354251130895,1.5886383199485492,1.8975412147840094,2.22844041223525,2.1899326244828576,2.1225052282060366,2.0550778319292156,1.9876504356523945,1.9202230393755735,1.8527956430987524,1.5438927482632927,1.2349898534278327,0.926086958592373,0.6171840637569128
1196,0.1600000684787465,0.18152145994052682,0.21920556165659857,0.25688966337267033,0.2945737650887421,0.33225786680481384,0.3699419685208856,0.5425828942000834,0.7152238198792811,0.887864745558479,1.0605056712376768,1.3303544742870113,1.308833082825231,1.2711489811091592,1.2334648793930874,1.1957807776770155,1.1580966759609437,1.1204125742448718,0.947771648565674,0.7751307228864763,0.6024897972072784,0.4298488715280806
1197,0.0966650333943288,0.10966731548161278,0.1324343991801003,0.15520148287858784,0.17796856657707538,0.20073565027556292,0.2235027339740505,0.3278048196211218,0.432106905268193,0.5364089909152644,0.6407110765623357,0.8750441895076194,0.8620419074203355,0.8392748237218479,0.8165077400233604,0.7937406563248728,0.7709735726263852,0.7482064889278977,0.6439044032808263,0.5396023176337551,0.4353002319866837,0.3309981463396124
1198,0.060485888935644626,0.06862176353916513,0.08286773488598757,0.09711370623281,0.11135967757963244,0.1256056489264549,0.13985162027327736,0.2051162164429092,0.27038081261254104,0.33564540878217297,0.40091000495180484,0.6530761972950729,0.6449403226915524,0.63069435134473,0.6164483799979075,0.602202408651085,0.5879564373042625,0.57371046595744,0.5084458697878081,0.4431812736181763,0.37791667744854435,0.3126520812789125
1199,0.04326251605801909,0.04908169821561838,0.059271125452270715,0.06946055268892304,0.07964997992557539,0.08983940716222773,0.10002883439888008,0.1467093195416705,0.19338980468446088,0.24007028982725132,0.28675077497004176,0.499578441059629,0.4937592589020297,0.48356983166537737,0.47338040442872503,0.4631909771920727,0.45300154995542036,0.442812122718768,0.3961316375759776,0.3494511524331872,0.30277066729039676,0.2560901821476063
1200,0.031367184720614005,0.03558634204876214,0.04297411500909338,0.050361887969424625,0.057749660929755864,0.0651374338900871,0.07252520685041834,0.10637056615310214,0.14021592545578596,0.17406128475846977,0.20790664406115364,0.38513873965896495,0.3809195823308168,0.3735318093704856,0.36614403641015436,0.35875626344982314,0.3513684904894919,0.3439807175291607,0.3101353582264769,0.27628999892379313,0.24244463962110932,0.20859928031842545
1201,0.027541528392130105,0.031246101893993974,0.037732835101129916,0.04421956830826585,0.05070630151540179,0.057193034722537735,0.06367976792967367,0.09339722368731823,0.1231146794449628,0.15283213520260736,0.18254959096025195,0.2947264391013124,0.29102186559944854,0.2845351323923126,0.27804839918517665,0.2715616659780407,0.26507493277090477,0.25858819956376883,0.22887074380612427,0.1991532880484797,0.16943583229083514,0.13971837653319055
1202,0.021214760756460276,0.024068329353953997,0.029064947229369295,0.03406156510478459,0.03905818298019989,0.04405480085561519,0.049051418731030486,0.07194225852804301,0.09483309832505553,0.11772393812206808,0.1406147779190806,0.2196416620198345,0.2167880934223408,0.21179147554692548,0.20679485767151018,0.20179823979609487,0.19680162192067957,0.19180500404526427,0.16891416424825173,0.14602332445123922,0.12313248465422667,0.10024164485721414
1203,0.017379901386824617,0.01971764826949346,0.023811058840523276,0.02790446941155309,0.03199787998258291,0.03609129055361272,0.04018470112464254,0.058937707246218926,0.07769071336779533,0.09644371948937172,0.11519672561094813,0.1725522635160582,0.17021451663338938,0.16612110606235955,0.16202769549132973,0.1579342849202999,0.15384087434927007,0.14974746377824025,0.13099445765666387,0.11224145153508747,0.09348844541351108,0.07473543929193467
1204,0.018861538995962508,0.02139857893702769,0.025840952998510806,0.030283327059993915,0.03472570112147703,0.03916807518296014,0.04361044924444325,0.0639621502340575,0.08431385122367176,0.10466555221328604,0.1250172532029003,0.16219714722554288,0.1596601072844777,0.15521773322299456,0.15077535916151147,0.14633298510002835,0.14189061103854522,0.1374482369770621,0.11709653598744785,0.0967448349978336,0.07639313400821932,0.05604143301860505
1205,0.06031042844298219,0.06842270209442457,0.08262734801485494,0.09683199393528533,0.1110366398557157,0.1252412857761461,0.1394459316965765,0.20452120506052845,0.2695964784244804,0.33467175178843245,0.39974702515238447,0.4566317751531136,0.4485195015016712,0.43431485558124083,0.4201102096608105,0.4059055637403801,0.3917009178199497,0.3774962718995193,0.3124209985355673,0.24734572517161535,0.18227045180766333,0.1171951784437113
1206,0.30895518501738617,0.35051232648691727,0.4232791617051753,0.4960459969234333,0.5688128321416914,0.6415796673599494,0.7143465025782075,1.0477107919933368,1.3810750814084662,1.7144393708235957,2.0478036602387255,2.1024107163262697,2.0608535748567385,1.9880867396384805,1.9153199044202225,1.8425530692019643,1.7697862339837063,1.6970193987654483,1.363655109350319,1.0302908199351897,0.6969265305200603,0.3635622411049304
1207,1.1612949269476076,1.3174991271273024,1.5910137359992662,1.8645283448712298,2.1380429537431938,2.4115575626151577,2.685072171487121,3.9381155800368046,5.191158988586489,6.444202397136173,7.697245805685856,8.797592590406415,8.64138839022672,8.367873781354756,8.094359172482793,7.820844563610829,7.547329954738865,7.273815345866902,6.020771937317218,4.767728528767535,3.514685120217851,2.261641711668167
1208,2.8365400828547638,3.218079229059924,3.8861568494030205,4.554234469746118,5.222312090089215,5.890389710432311,6.558467330775408,9.61910918103339,12.679751031291374,15.74039288154936,18.801034731807345,21.40384848736475,21.02230934115959,20.354231720816493,19.686154100473395,19.018076480130297,18.3499988597872,17.6819212394441,14.621279389186117,11.560637538928134,8.499995688670149,5.439353838412163
1209,4.187241305649756,4.750461435119857,5.736663683482037,6.722865931844216,7.709068180206397,8.695270428568575,9.681472676930756,14.199528337297998,18.717583997665233,23.23563965803248,27.75369531839972,32.29130966000392,31.72808953053382,30.74188728217164,29.75568503380946,28.76948278544728,27.7832805370851,26.797078288722922,22.27902262835568,17.760966967988445,13.242911307621199,8.724855647253957
1210,4.1224380187469025,4.6769415462886,5.647880965838258,6.618820385387915,7.5897598049375725,8.56069922448723,9.53163864403689,13.979771212843394,18.427903781649896,22.876036350456406,27.324168919262913,32.91035711924829,32.35585359170659,31.384914172156932,30.413974752607274,29.443035333057615,28.472095913507957,27.501156493958298,23.053023925151795,18.60489135634529,14.15675878753878,9.708626218732274
1211,3.351595880008395,3.8024144805325077,4.591800893015079,5.381187305497649,6.170573717980221,6.959960130462791,7.7493465429453625,11.365736340329079,14.982126137712793,18.59851593509651,22.21490573248023,27.356769827551037,26.905951227026925,26.116564814544354,25.327178402061783,24.537791989579212,23.74840557709664,22.95901916461407,19.34262936723035,15.726239569846637,12.109849772462919,8.493459975079201
1212,2.9910124143164416,3.3933294236000933,4.097789222441407,4.80224902128272,5.506708820124034,6.211168618965348,6.915628417806662,10.142946736074473,13.370265054342282,16.597583372610092,19.82490169087791,24.2284335048095,23.82611649552585,23.121656696684536,22.417196897843223,21.71273709900191,21.008277300160596,20.303817501319283,17.076499183051475,13.849180864783666,10.621862546515855,7.394544228248039
1213,2.7047846416677372,3.0686015427890947,3.7056473923676854,4.342693241946275,4.979739091524866,5.6167849411034565,6.253830790682048,9.172307818474215,12.090784846266383,15.009261874058554,17.92773890185072,22.802692522038395,22.438875620917038,21.801829771338447,21.164783921759856,20.527738072181265,19.890692222602674,19.253646373024083,16.335169345231915,13.416692317439747,10.498215289647575,7.579738261855409
1214,2.20733046474823,2.5042354815337093,3.0241181699939683,3.544000858454227,4.063883546914486,4.583766235374744,5.103648923835004,7.485370246439614,9.867091569044224,12.248812891648836,14.630534214253444,19.724931122724897,19.428026105939416,18.908143417479156,18.388260729018896,17.868378040558635,17.348495352098375,16.828612663638115,14.446891341033504,12.065170018428894,9.683448695824282,7.3017273732196735
1215,1.677916042855984,1.903610246250039,2.298802319798513,2.693994393346985,3.0891864668954585,3.484378540443932,3.879570613992405,5.690050956937462,7.500531299882518,9.311011642827577,11.121491985772634,14.871256559632515,14.645562356238461,14.250370282689987,13.855178209141515,13.459986135593041,13.064794062044568,12.669601988496094,10.859121645551037,9.04864130260598,7.238160959660921,5.427680616715864
1216,1.1172675321315855,1.2675496673528908,1.5306947005095728,1.7938397336662546,2.0569847668229366,2.3201297999796187,2.583274833136301,3.7888124482913326,4.9943500634463645,6.199887678601396,7.405425293756428,10.033161309414842,9.882879174193537,9.619734141036854,9.356589107880172,9.09344407472349,8.830299041566807,8.567154008410125,7.361616393255093,6.156078778100062,4.95054116294503,3.745003547789998
1217,0.6682540838903488,0.7581400312657272,0.9155309318380566,1.0729218324103855,1.2303127329827148,1.3877036335550441,1.5450945341273732,2.2661442482220826,2.987193962316792,3.7082436764115014,4.429293390506211,6.0734388854665,5.983552938091121,5.826162037518792,5.668771136946463,5.5113802363741335,5.3539893358018045,5.196598435229475,4.475548721134766,3.7544990070400566,3.033449292945347,2.3123995788506377
1218,0.4397550001969972,0.4989058467966161,0.6024793784527985,0.7060529101089809,0.8096264417651632,0.9131999734213457,1.016773505077528,1.4912714914090162,1.9657694777405041,2.4402674640719924,2.9147654504034803,3.6846018562989733,3.625451009699354,3.5218774780431716,3.418303946386989,3.314730414730807,3.2111568830746244,3.1075833514184423,2.633085365086954,2.158587378755466,1.6840893924239777,1.2095914060924897
1219,0.286284866305672,0.32479265405806435,0.39222005033488544,0.4596474466117065,0.5270748428885276,0.5945022391653487,0.6619296354421698,0.9708325302776295,1.2797354251130895,1.5886383199485492,1.8975412147840094,2.22844041223525,2.1899326244828576,2.1225052282060366,2.0550778319292156,1.9876504356523945,1.9202230393755735,1.8527956430987524,1.5438927482632927,1.2349898534278327,0.926086958592373,0.6171840637569128
1220,0.1600000684787465,0.18152145994052682,0.21920556165659857,0.25688966337267033,0.2945737650887421,0.33225786680481384,0.3699419685208856,0.5425828942000834,0.7152238198792811,0.887864745558479,1.0605056712376768,1.3303544742870113,1.308833082825231,1.2711489811091592,1.2334648793930874,1.1957807776770155,1.1580966759609437,1.1204125742448718,0.947771648565674,0.7751307228864763,0.6024897972072784,0.4298488715280806
1221,0.0966650333943288,0.10966731548161278,0.1324343991801003,0.15520148287858784,0.17796856657707538,0.20073565027556292,0.2235027339740505,0.3278048196211218,0.432106905268193,0.5364089909152644,0.6407110765623357,0.8750441895076194,0.8620419074203355,0.8392748237218479,0.8165077400233604,0.7937406563248728,0.7709735726263852,0.7482064889278977,0.6439044032808263,0.5396023176337551,0.4353002319866837,0.3309981463396124
1222,0.060485888935644626,0.06862176353916513,0.08286773488598757,0.09711370623281,0.11135967757963244,0.1256056489264549,0.13985162027327736,0.2051162164429092,0.27038081261254104,0.33564540878217297,0.40091000495180484,0.6530761972950729,0.6449403226915524,0.63069435134473,0.6164483799979075,0.602202408651085,0.5879564373042625,0.57371046595744,0.5084458697878081,0.4431812736181763,0.37791667744854435,0.3126520812789125
1223,0.04326251605801909,0.04908169821561838,0.059271125452270715,0.06946055268892304,0.07964997992557539,0.08983940716222773,0.10002883439888008,0.1467093195416705,0.19338980468446088,0.24007028982725132,0.28675077497004176,0.499578441059629,0.4937592589020297,0.48356983166537737,0.47338040442872503,0.4631909771920727,0.45300154995542036,0.442812122718768,0.3961316375759776,0.3494511524331872,0.30277066729039676,0.2560901821476063
1224,0.031367184720614005,0.03558634204876214,0.04297411500909338,0.050361887969424625,0.057749660929755864,0.0651374338900871,0.07252520685041834,0.10637056615310214,0.14021592545578596,0.17406128475846977,0.20790664406115364,0.38513873965896495,0.3809195823308168,0.3735318093704856,0.36614403641015436,0.35875626344982314,0.3513684904894919,0.3439807175291607,0.3101353582264769,0.27628999892379313,0.24244463962110932,0.20859928031842545
1225,0.027541528392130105,0.031246101893993974,0.037732835101129916,0.04421956830826585,0.05070630151540179,0.057193034722537735,0.06367976792967367,0.09339722368731823,0.1231146794449628,0.15283213520260736,0.18254959096025195,0.2947264391013124,0.29102186559944854,0.2845351323923126,0.27804839918517665,0.2715616659780407,0.26507493277090477,0.25858819956376883,0.22887074380612427,0.1991532880484797,0.16943583229083514,0.13971837653319055
1226,0.021214760756460276,0.024068329353953997,0.029064947229369295,0.03406156510478459,0.03905818298019989,0.04405480085561519,0.049051418731030486,0.07194225852804301,0.09483309832505553,0.11772393812206808,0.1406147779190806,0.2196416620198345,0.2167880934223408,0.21179147554692548,0.20679485767151018,0.20179823979609487,0.19680162192067957,0.19180500404526427,0.16891416424825173,0.14602332445123922,0.12313248465422667,0.10024164485721414
1227,0.017379901386824617,0.01971764826949346,0.023811058840523276,0.02790446941155309,0.03199787998258291,0.03609129055361272,0.04018470112464254,0.058937707246218926,0.07769071336779533,0.09644371948937172,0.11519672561094813,0.1725522635160582,0.17021451663338938,0.16612110606235955,0.16202769549132973,0.1579342849202999,0.15384087434927007,0.14974746377824025,0.13099445765666387,0.11224145153508747,0.09348844541351108,0.07473543929193467
1228,0.018861538995962508,0.02139857893702769,0.025840952998510806,0.030283327059993915,0.03472570112147703,0.03916807518296014,0.04361044924444325,0.0639621502340575,0.08431385122367176,0.10466555221328604,0.1250172532029003,0.16219714722554288,0.1596601072844777,0.15521773322299456,0.15077535916151147,0.14633298510002835,0.14189061103854522,0.1374482369770621,0.11709653598744785,0.0967448349978336,0.07639313400821932,0.05604143301860505
1229,0.06031042844298219,0.06842270209442457,0.08262734801485494,0.09683199393528533,0.1110366398557157,0.1252412857761461,0.1394459316965765,0.20452120506052845,0.2695964784244804,0.33467175178843245,0.39974702515238447,0.4566317751531136,0.4485195015016712,0.43431485558124083,0.4201102096608105,0.4059055637403801,0.3917009178199497,0.3774962718995193,0.3124209985355673,0.24734572517161535,0.18227045180766333,0.1171951784437113
1230,0.30895518501738617,0.35051232648691727,0.4232791617051753,0.4960459969234333,0.5688128321416914,0.6415796673599494,0.7143465025782075,1.0477107919933368,1.3810750814084662,1.7144393708235957,2.0478036602387255,2.1024107163262697,2.0608535748567385,1.9880867396384805,1.9153199044202225,1.8425530692019643,1.7697862339837063,1.6970193987654483,1.363655109350319,1.0302908199351897,0.6969265305200603,0.3635622411049304
1231,1.1612949269476076,1.3174991271273024,1.5910137359992662,1.8645283448712298,2.1380429537431938,2.4115575626151577,2.685072171487121,3.9381155800368046,5.191158988586489,6.444202397136173,7.697245805685856,8.797592590406415,8.64138839022672,8.367873781354756,8.094359172482793,7.820844563610829,7.547329954738865,7.273815345866902,6.020771937317218,4.767728528767535,3.514685120217851,2.261641711668167
1232,2.8365400828547638,3.218079229059924,3.8861568494030205,4.554234469746118,5.222312090089215,5.890389710432311,6.558467330775408,9.61910918103339,12.679751031291374,15.74039288154936,18.801034731807345,21.40384848736475,21.02230934115959,20.354231720816493,19.686154100473395,19.018076480130297,18.3499988597872,17.6819212394441,14.621279389186117,11.560637538928134,8.499995688670149,5.439353838412163
1233,4.187241305649756,4.750461435119857,5.736663683482037,6.722865931844216,7.709068180206397,8.695270428568575,9.681472676930756,14.199528337297998,18.717583997665233,23.23563965803248,27.75369531839972,32.29130966000392,31.72808953053382,30.74188728217164,29.75568503380946,28.76948278544728,27.7832805370851,26.797078288722922,22.27902262835568,17.760966967988445,13.242911307621199,8.724855647253957
1234,4.1224380187469025,4.6769415462886,5.647880965838258,6.618820385387915,7.5897598049375725,8.56069922448723,9.53163864403689,13.979771212843394,18.427903781649896,22.876036350456406,27.324168919262913,32.91035711924829,32.35585359170659,31.384914172156932,30.413974752607274,29.443035333057615,28.472095913507957,27.501156493958298,23.053023925151795,18.60489135634529,14.15675878753878,9.708626218732274
1235,3.351595880008395,3.8024144805325077,4.591800893015079,5.381187305497649,6.170573717980221,6.959960130462791,7.7493465429453625,11.365736340329079,14.982126137712793,18.59851593509651,22.21490573248023,27.356769827551037,26.905951227026925,26.116564814544354,25.327178402061783,24.537791989579212,23.74840557709664,22.95901916461407,19.34262936723035,15.726239569846637,12.109849772462919,8.493459975079201
1236,2.9910124143164416,3.3933294236000933,4.097789222441407,4.80224902128272,5.506708820124034,6.211168618965348,6.915628417806662,10.142946736074473,13.370265054342282,16.597583372610092,19.82490169087791,24.2284335048095,23.82611649552585,23.121656696684536,22.417196897843223,21.71273709900191,21.008277300160596,20.303817501319283,17.076499183051475,13.849180864783666,10.621862546515855,7.394544228248039
1237,2.7047846416677372,3.0686015427890947,3.7056473923676854,4.342693241946275,4.979739091524866,5.6167849411034565,6.253830790682048,9.172307818474215,12.090784846266383,15.009261874058554,17.92773890185072,22.802692522038395,22.438875620917038,21.801829771338447,21.164783921759856,20.527738072181265,19.890692222602674,19.253646373024083,16.335169345231915,13.416692317439747,10.498215289647575,7.579738261855409
1238,2.20733046474823,2.5042354815337093,3.0241181699939683,3.544000858454227,4.063883546914486,4.583766235374744,5.103648923835004,7.485370246439614,9.867091569044224,12.248812891648836,14.630534214253444,19.724931122724897,19.428026105939416,18.908143417479156,18.388260729018896,17.868378040558635,17.348495352098375,16.828612663638115,14.446891341033504,12.065170018428894,9.683448695824282,7.3017273732196735
1239,1.677916042855984,1.903610246250039,2.298802319798513,2.693994393346985,3.0891864668954585,3.484378540443932,3.879570613992405,5.690050956937462,7.500531299882518,9.311011642827577,11.121491985772634,14.871256559632515,14.645562356238461,14.250370282689987,13.855178209141515,13.459986135593041,13.064794062044568,12.669601988496094,10.859121645551037,9.04864130260598,7.238160959660921,5.427680616715864
1240,1.1172675321315855,1.2675496673528908,1.5306947005095728,1.7938397336662546,2.0569847668229366,2.3201297999796187,2.583274833136301,3.7888124482913326,4.9943500634463645,6.199887678601396,7.405425293756428,10.033161309414842,9.882879174193537,9.619734141036854,9.356589107880172,9.09344407472349,8.830299041566807,8.567154008410125,7.361616393255093,6.156078778100062,4.95054116294503,3.745003547789998
1241,0.6682540838903488,0.7581400312657272,0.9155309318380566,1.0729218324103855,1.2303127329827148,1.3877036335550441,1.5450945341273732,2.2661442482220826,2.987193962316792,3.7082436764115014,4.429293390506211,6.0734388854665,5.983552938091121,5.826162037518792,5.668771136946463,5.5113802363741335,5.3539893358018045,5.196598435229475,4.475548721134766,3.7544990070400566,3.033449292945347,2.3123995788506377
1242,0.4397550001969972,0.4989058467966161,0.6024793784527985,0.7060529101089809,0.8096264417651632,0.9131999734213457,1.016773505077528,1.4912714914090162,1.9657694777405041,2.4402674640719924,2.9147654504034803,3.6846018562989733,3.625451009699354,3.5218774780431716,3.418303946386989,3.314730414730807,3.2111568830746244,3.1075833514184423,2.633085365086954,2.158587378755466,1.6840893924239777,1.2095914060924897
1243,0.286284866305672,0.32479265405806435,0.39222005033488544,0.4596474466117065,0.5270748428885276,0.5945022391653487,0.6619296354421698,0.9708325302776295,1.2797354251130895,1.5886383199485492,1.8975412147840094,2.22844041223525,2.1899326244828576,2.1225052282060366,2.0550778319292156,1.9876504356523945,1.9202230393755735,1.8527956430987524,1.5438927482632927,1.2349898534278327,0.926086958592373,0.6171840637569128
1244,0.1600000684787465,0.18152145994052682,0.21920556165659857,0.25688966337267033,0.2945737650887421,0.33225786680481384,0.3699419685208856,0.5425828942000834,0.7152238198792811,0.887864745558479,1.0605056712376768,1.3303544742870113,1.308833082825231,1.2711489811091592,1.2334648793930874,1.1957807776770155,1.1580966759609437,1.1204125742448718,0.947771648565674,0.7751307228864763,0.6024897972072784,0.4298488715280806
1245,0.0966650333943288,0.10966731548161278,0.1324343991801003,0.15520148287858784,0.17796856657707538,0.20073565027556292,0.2235027339740505,0.3278048196211218,0.432106905268193,0.5364089909152644,0.6407110765623357,0.8750441895076194,0.8620419074203355,0.8392748237218479,0.8165077400233604,0.7937406563248728,0.7709735726263852,0.7482064889278977,0.6439044032808263,0.5396023176337551,0.4353002319866837,0.3309981463396124
1246,0.060485888935644626,0.06862176353916513,0.08286773488598757,0.09711370623281,0.11135967757963244,0.1256056489264549,0.13985162027327736,0.2051162164429092,0.27038081261254104,0.33564540878217297,0.40091000495180484,0.6530761972950729,0.6449403226915524,0.63069435134473,0.6164483799979075,0.602202408651085,0.5879564373042625,0.57371046595744,0.5084458697878081,0.4431812736181763,0.37791667744854435,0.3126520812789125
1247,0.04326251605801909,0.04908169821561838,0.059271125452270715,0.06946055268892304,0.07964997992557539,0.08983940716222773,0.10002883439888008,0.1467093195416705,0.19338980468446088,0.24007028982725132,0.28675077497004176,0.499578441059629,0.4937592589020297,0.48356983166537737,0.47338040442872503,0.4631909771920727,0.45300154995542036,0.442812122718768,0.3961316375759776,0.3494511524331872,0.30277066729039676,0.2560901821476063
1248,0.031367184720614005,0.03558634204876214,0.04297411500909338,0.050361887969424625,0.057749660929755864,0.0651374338900871,0.07252520685041834,0.10637056615310214,0.14021592545578596,0.17406128475846977,0.20790664406115364,0.38513873965896495,0.3809195823308168,0.3735318093704856,0.36614403641015436,0.35875626344982314,0.3513684904894919,0.3439807175291607,0.3101353582264769,0.27628999892379313,0.24244463962110932,0.20859928031842545
1249,0.027541528392130105,0.031246101893993974,0.037732835101129916,0.04421956830826585,0.05070630151540179,0.057193034722537735,0.06367976792967367,0.09339722368731823,0.1231146794449628,0.15283213520260736,0.18254959096025195,0.2947264391013124,0.29102186559944854,0.2845351323923126,0.27804839918517665,0.2715616659780407,0.26507493277090477,0.25858819956376883,0.22887074380612427,0.1991532880484797,0.16943583229083514,0.13971837653319055
1250,0.021214760756460276,0.024068329353953997,0.029064947229369295,0.03406156510478459,0.03905818298019989,0.04405480085561519,0.049051418731030486,0.07194225852804301,0.09483309832505553,0.11772393812206808,0.1406147779190806,0.2196416620198345,0.2167880934223408,0.21179147554692548,0.20679485767151018,0.20179823979609487,0.19680162192067957,0.19180500404526427,0.16891416424825173,0.14602332445123922,0.12313248465422667,0.10024164485721414
1251,0.017379901386824617,0.01971764826949346,0.023811058840523276,0.02790446941155309,0.03199787998258291,0.03609129055361272,0.04018470112464254,0.058937707246218926,0.07769071336779533,0.09644371948937172,0.11519672561094813,0.1725522635160582,0.17021451663338938,0.16612110606235955,0.16202769549132973,0.1579342849202999,0.15384087434927007,0.14974746377824025,0.13099445765666387,0.11224145153508747,0.09348844541351108,0.07473543929193467
1252,0.018861538995962508,0.02139857893702769,0.025840952998510806,0.030283327059993915,0.03472570112147703,0.03916807518296014,0.04361044924444325,0.0639621502340575,0.08431385122367176,0.10466555221328604,0.1250172532029003,0.16219714722554288,0.1596601072844777,0.15521773322299456,0.15077535916151147,0.14633298510002835,0.14189061103854522,0.1374482369770621,0.11709653598744785,0.0967448349978336,0.07639313400821932,0.05604143301860505
1253,0.06031042844298219,0.06842270209442457,0.08262734801485494,0.09683199393528533,0.1110366398557157,0.1252412857761461,0.1394459316965765,0.20452120506052845,0.2695964784244804,0.33467175178843245,0.39974702515238447,0.4566317751531136,0.4485195015016712,0.43431485558124083,0.4201102096608105,0.4059055637403801,0.3917009178199497,0.3774962718995193,0.3124209985355673,0.24734572517161535,0.18227045180766333,0.1171951784437113
1254,0.30895518501738617,0.35051232648691727,0.4232791617051753,0.4960459969234333,0.5688128321416914,0.6415796673599494,0.7143465025782075,1.0477107919933368,1.3810750814084662,1.7144393708235957,2.0478036602387255,2.1024107163262697,2.0608535748567385,1.9880867396384805,1.9153199044202225,1.8425530692019643,1.7697862339837063,1.6970193987654483,1.363655109350319,1.0302908199351897,0.6969265305200603,0.3635622411049304
1255,1.1612949269476076,1.3174991271273024,1.5910137359992662,1.8645283448712298,2.1380429537431938,2.4115575626151577,2.685072171487121,3.9381155800368046,5.191158988586489,6.444202397136173,7.697245805685856,8.797592590406415,8.64138839022672,8.367873781354756,8.094359172482793,7.820844563610829,7.547329954738865,7.273815345866902,6.020771937317218,4.767728528767535,3.514685120217851,2.261641711668167
1256,2.8365400828547638,3.218079229059924,3.8861568494030205,4.554234469746118,5.222312090089215,5.890389710432311,6.558467330775408,9.61910918103339,12.679751031291374,15.74039288154936,18.801034731807345,21.40384848736475,21.02230934115959,20.354231720816493,19.686154100473395,19.018076480130297,18.3499988597872,17.6819212394441,14.621279389186117,11.560637538928134,8.499995688670149,5.439353838412163
1257,4.187241305649756,4.750461435119857,5.736663683482037,6.722865931844216,7.709068180206397,8.695270428568575,9.681472676930756,14.199528337297998,18.717583997665233,23.23563965803248,27.75369531839972,32.29130966000392,31.72808953053382,30.74188728217164,29.75568503380946,28.76948278544728,27.7832805370851,26.797078288722922,22.27902262835568,17.760966967988445,13.242911307621199,8.724855647253957
1258,4.1224380187469025,4.6769415462886,5.647880965838258,6.618820385387915,7.5897598049375725,8.56069922448723,9.53163864403689,13.979771212843394,18.427903781649896,22.876036350456406,27.324168919262913,32.91035711924829,32.35585359170659,31.384914172156932,30.413974752607274,29.443035333057615,28.472095913507957,27.501156493958298,23.053023925151795,18.60489135634529,14.15675878753878,9.708626218732274
1259,3.351595880008395,3.8024144805325077,4.591800893015079,5.381187305497649,6.170573717980221,6.959960130462791,7.7493465429453625,11.365736340329079,14.982126137712793,18.59851593509651,22.21490573248023,27.356769827551037,26.905951227026925,26.116564814544354,25.327178402061783,24.537791989579212,23.74840557709664,22.95901916461407,19.34262936723035,15.726239569846637,12.109849772462919,8.493459975079201
1260,2.9910124143164416,3.3933294236000933,4.097789222441407,4.80224902128272,5.506708820124034,6.211168618965348,6.915628417806662,10.142946736074473,13.370265054342282,16.597583372610092,19.82490169087791,24.2284335048095,23.82611649552585,23.121656696684536,22.417196897843223,21.71273709900191,21.008277300160596,20.303817501319283,17.076499183051475,13.849180864783666,10.621862546515855,7.394544228248039
1261,2.7047846416677372,3.0686015427890947,3.7056473923676854,4.342693241946275,4.979739091524866,5.6167849411034565,6.253830790682048,9.172307818474215,12.090784846266383,15.009261874058554,17.92773890185072,22.802692522038395,22.438875620917038,21.801829771338447,21.164783921759856,20.527738072181265,19.890692222602674,19.253646373024083,16.335169345231915,13.416692317439747,10.498215289647575,7.579738261855409
1262,2.20733046474823,2.5042354815337093,3.0241181699939683,3.544000858454227,4.063883546914486,4.583766235374744,5.103648923835004,7.485370246439614,9.867091569044224,12.248812891648836,14.630534214253444,19.724931122724897,19.428026105939416,18.908143417479156,18.388260729018896,17.868378040558635,17.348495352098375,16.828612663638115,14.446891341033504,12.065170018428894,9.683448695824282,7.3017273732196735
1263,1.677916042855984,1.903610246250039,2.298802319798513,2.693994393346985,3.0891864668954585,3.484378540443932,3.879570613992405,5.690050956937462,7.500531299882518,9.311011642827577,11.121491985772634,14.871256559632515,14.645562356238461,14.250370282689987,13.855178209141515,13.459986135593041,13.064794062044568,12.669601988496094,10.859121645551037,9.04864130260598,7.238160959660921,5.427680616715864
1264,1.1172675321315855,1.2675496673528908,1.5306947005095728,1.7938397336662546,2.0569847668229366,2.3201297999796187,2.583274833136301,3.7888124482913326,4.9943500634463645,6.199887678601396,7.405425293756428,10.033161309414842,9.882879174193537,9.619734141036854,9.356589107880172,9.09344407472349,8.830299041566807,8.567154008410125,7.361616393255093,6.156078778100062,4.95054116294503,3.745003547789998
1265,0.6682540838903488,0.7581400312657272,0.9155309318380566,1.0729218324103855,1.2303127329827148,1.3877036335550441,1.5450945341273732,2.2661442482220826,2.987193962316792,3.7082436764115014,4.429293390506211,6.0734388854665,5.983552938091121,5.826162037518792,5.668771136946463,5.5113802363741335,5.3539893358018045,5.196598435229475,4.475548721134766,3.7544990070400566,3.033449292945347,2.3123995788506377
1266,0.4397550001969972,0.4989058467966161,0.6024793784527985,0.7060529101089809,0.8096264417651632,0.9131999734213457,1.016773505077528,1.4912714914090162,1.9657694777405041,2.4402674640719924,2.9147654504034803,3.6846018562989733,3.625451009699354,3.5218774780431716,3.418303946386989,3.314730414730807,3.2111568830746244,3.1075833514184423,2.633085365086954,2.158587378755466,1.6840893924239777,1.2095914060924897
1267,0.286284866305672,0.32479265405806435,0.39222005033488544,0.4596474466117065,0.5270748428885276,0.5945022391653487,0.6619296354421698,0.9708325302776295,1.2797354251130895,1.5886383199485492,1.8975412147840094,2.22844041223525,2.1899326244828576,2.1225052282060366,2.0550778319292156,1.9876504356523945,1.9202230393755735,1.8527956430987524,1.5438927482632927,1.2349898534278327,0.926086958592373,0.6171840637569128
1268,0.1600000684787465,0.18152145994052682,0.21920556165659857,0.25688966337267033,0.2945737650887421,0.33225786680481384,0.3699419685208856,0.5425828942000834,0.7152238198792811,0.887864745558479,1.0605056712376768,1.3303544742870113,1.308833082825231,1.2711489811091592,1.2334648793930874,1.1957807776770155,1.1580966759609437,1.1204125742448718,0.947771648565674,0.7751307228864763,0.6024897972072784,0.4298488715280806
1269,0.0966650333943288,0.10966731548161278,0.1324343991801003,0.15520148287858784,0.17796856657707538,0.20073565027556292,0.2235027339740505,0.3278048196211218,0.432106905268193,0.5364089909152644,0.6407110765623357,0.8750441895076194,0.8620419074203355,0.8392748237218479,0.8165077400233604,0.7937406563248728,0.7709735726263852,0.7482064889278977,0.6439044032808263,0.5396023176337551,0.4353002319866837,0.3309981463396124
1270,0.060485888935644626,0.06862176353916513,0.08286773488598757,0.09711370623281,0.11135967757963244,0.1256056489264549,0.13985162027327736,0.2051162164429092,0.27038081261254104,0.33564540878217297,0.40091000495180484,0.6530761972950729,0.6449403226915524,0.63069435134473,0.6164483799979075,0.602202408651085,0.5879564373042625,0.57371046595744,0.5084458697878081,0.4431812736181763,0.37791667744854435,0.3126520812789125
1271,0.04326251605801909,0.04908169821561838,0.059271125452270715,0.06946055268892304,0.07964997992557539,0.08983940716222773,0.10002883439888008,0.1467093195416705,0.19338980468446088,0.24007028982725132,0.28675077497004176,0.499578441059629,0.4937592589020297,0.48356983166537737,0.47338040442872503,0.4631909771920727,0.45300154995542036,0.442812122718768,0.3961316375759776,0.3494511524331872,0.30277066729039676,0.2560901821476063
1272,0.031367184720614005,0.03558634204876214,0.04297411500909338,0.050361887969424625,0.057749660929755864,0.0651374338900871,0.07252520685041834,0.10637056615310214,0.14021592545578596,0.17406128475846977,0.20790664406115364,0.38513873965896495,0.3809195823308168,0.3735318093704856,0.36614403641015436,0.35875626344982314,0.3513684904894919,0.3439807175291607,0.3101353582264769,0.27628999892379313,0.24244463962110932,0.20859928031842545
1273,0.027541528392130105,0.031246101893993974,0.037732835101129916,0.04421956830826585,0.05070630151540179,0.057193034722537735,0.06367976792967367,0.09339722368731823,0.1231146794449628,0.15283213520260736,0.18254959096025195,0.2947264391013124,0.29102186559944854,0.2845351323923126,0.27804839918517665,0.2715616659780407,0.26507493277090477,0.25858819956376883,0.22887074380612427,0.1991532880484797,0.16943583229083514,0.13971837653319055
1274,0.021214760756460276,0.024068329353953997,0.029064947229369295,0.03406156510478459,0.03905818298019989,0.04405480085561519,0.049051418731030486,0.07194225852804301,0.09483309832505553,0.11772393812206808,0.1406147779190806,0.2196416620198345,0.2167880934223408,0.21179147554692548,0.20679485767151018,0.20179823979609487,0.19680162192067957,0.19180500404526427,0.16891416424825173,0.14602332445123922,0.12313248465422667,0.10024164485721414
1275,0.017379901386824617,0.01971764826949346,0.023811058840523276,0.02790446941155309,0.03199787998258291,0.03609129055361272,0.04018470112464254,0.058937707246218926,0.07769071336779533,0.09644371948937172,0.11519672561094813,0.1725522635160582,0.17021451663338938,0.16612110606235955,0.16202769549132973,0.1579342849202999,0.15384087434927007,0.14974746377824025,0.13099445765666387,0.11224145153508747,0.09348844541351108,0.07473543929193467
1276,0.018861538995962508,0.02139857893702769,0.025840952998510806,0.030283327059993915,0.03472570112147703,0.03916807518296014,0.04361044924444325,0.0639621502340575,0.08431385122367176,0.10466555221328604,0.1250172532029003,0.16219714722554288,0.1596601072844777,0.15521773322299456,0.15077535916151147,0.14633298510002835,0.14189061103854522,0.1374482369770621,0.11709653598744785,0.0967448349978336,0.07639313400821932,0.05604143301860505
1277,0.06031042844298219,0.06842270209442457,0.08262734801485494,0.09683199393528533,0.1110366398557157,0.1252412857761461,0.1394459316965765,0.20452120506052845,0.2695964784244804,0.33467175178843245,0.39974702515238447,0.4566317751531136,0.4485195015016712,0.43431485558124083,0.4201102096608105,0.4059055637403801,0.3917009178199497,0.3774962718995193,0.3124209985355673,0.24734572517161535,0.18227045180766333,0.1171951784437113
1278,0.30895518501738617,0.35051232648691727,0.4232791617051753,0.4960459969234333,0.5688128321416914,0.6415796673599494,0.7143465025782075,1.0477107919933368,1.3810750814084662,1.7144393708235957,2.0478036602387255,2.1024107163262697,2.0608535748567385,1.9880867396384805,1.9153199044202225,1.8425530692019643,1.7697862339837063,1.6970193987654483,1.363655109350319,1.0302908199351897,0.6969265305200603,0.3635622411049304
1279,1.1612949269476076,1.3174991271273024,1.5910137359992662,1.8645283448712298,2.1380429537431938,2.4115575626151577,2.685072171487121,3.9381155800368046,5.191158988586489,6.444202397136173,7.697245805685856,8.797592590406415,8.64138839022672,8.367873781354756,8.094359172482793,7.820844563610829,7.547329954738865,7.273815345866902,6.020771937317218,4.767728528767535,3.514685120217851,2.261641711668167
1280,2.8365400828547638,3.218079229059924,3.8861568494030205,4.554234469746118,5.222312090089215,5.890389710432311,6.558467330775408,9.61910918103339,12.679751031291374,15.74039288154936,18.801034731807345,21.40384848736475,21.02230934115959,20.354231720816493,19.686154100473395,19.018076480130297,18.3499988597872,17.6819212394441,14.621279389186117,11.560637538928134,8.499995688670149,5.439353838412163
1281,4.187241305649756,4.750461435119857,5.736663683482037,6.722865931844216,7.709068180206397,8.695270428568575,9.681472676930756,14.199528337297998,18.717583997665233,23.23563965803248,27.75369531839972,32.29130966000392,31.72808953053382,30.74188728217164,29.75568503380946,28.76948278544728,27.7832805370851,26.797078288722922,22.27902262835568,17.760966967988445,13.242911307621199,8.724855647253957
1282,4.1224380187469025,4.6769415462886,5.647880965838258,6.618820385387915,7.5897598049375725,8.56069922448723,9.53163864403689,13.979771212843394,18.427903781649896,22.876036350456406,27.324168919262913,32.91035711924829,32.35585359170659,31.384914172156932,30.413974752607274,29.443035333057615,28.472095913507957,27.501156493958298,23.053023925151795,18.60489135634529,14.15675878753878,9.708626218732274
1283,3.351595880008395,3.8024144805325077,4.591800893015079,5.381187305497649,6.170573717980221,6.959960130462791,7.7493465429453625,11.365736340329079,14.982126137712793,18.59851593509651,22.21490573248023,27.356769827551037,26.905951227026925,26.116564814544354,25.327178402061783,24.537791989579212,23.74840557709664,22.95901916461407,19.34262936723035,15.726239569846637,12.109849772462919,8.493459975079201
1284,2.9910124143164416,3.3933294236000933,4.097789222441407,4.80224902128272,5.506708820124034,6.211168618965348,6.915628417806662,10.142946736074473,13.370265054342282,16.597583372610092,19.82490169087791,24.2284335048095,23.82611649552585,23.121656696684536,22.417196897843223,21.71273709900191,21.008277300160596,20.303817501319283,17.076499183051475,13.849180864783666,10.621862546515855,7.394544228248039
1285,2.7047846416677372,3.0686015427890947,3.7056473923676854,4.342693241946275,4.979739091524866,5.6167849411034565,6.253830790682048,9.172307818474215,12.090784846266383,15.009261874058554,17.92773890185072,22.802692522038395,22.438875620917038,21.801829771338447,21.164783921759856,20.527738072181265,19.890692222602674,19.253646373024083,16.335169345231915,13.416692317439747,10.498215289647575,7.579738261855409
1286,2.20733046474823,2.5042354815337093,3.0241181699939683,3.544000858454227,4.063883546914486,4.583766235374744,5.103648923835004,7.485370246439614,9.867091569044224,12.248812891648836,14.630534214253444,19.724931122724897,19.428026105939416,18.908143417479156,18.388260729018896,17.868378040558635,17.348495352098375,16.828612663638115,14.446891341033504,12.065170018428894,9.683448695824282,7.3017273732196735
1287,1.677916042855984,1.903610246250039,2.298802319798513,2.693994393346985,3.0891864668954585,3.484378540443932,3.879570613992405,5.690050956937462,7.500531299882518,9.311011642827577,11.121491985772634,14.871256559632515,14.645562356238461,14.250370282689987,13.855178209141515,13.459986135593041,13.064794062044568,12.669601988496094,10.859121645551037,9.04864130260598,7.238160959660921,5.427680616715864
1288,1.1172675321315855,1.2675496673528908,1.5306947005095728,1.7938397336662546,2.0569847668229366,2.3201297999796187,2.583274833136301,3.7888124482913326,4.9943500634463645,6.199887678601396,7.405425293756428,10.033161309414842,9.882879174193537,9.619734141036854,9.356589107880172,9.09344407472349,8.830299041566807,8.567154008410125,7.361616393255093,6.156078778100062,4.95054116294503,3.745003547789998
1289,0.6682540838903488,0.7581400312657272,0.9155309318380566,1.0729218324103855,1.2303127329827148,1.3877036335550441,1.5450945341273732,2.2661442482220826,2.987193962316792,3.7082436764115014,4.429293390506211,6.0734388854665,5.983552938091121,5.826162037518792,5.668771136946463,5.5113802363741335,5.3539893358018045,5.196598435229475,4.475548721134766,3.7544990070400566,3.033449292945347,2.3123995788506377
1290,0.4397550001969972,0.4989058467966161,0.6024793784527985,0.7060529101089809,0.8096264417651632,0.9131999734213457,1.016773505077528,1.4912714914090162,1.9657694777405041,2.4402674640719924,2.9147654504034803,3.6846018562989733,3.625451009699354,3.5218774780431716,3.418303946386989,3.314730414730807,3.2111568830746244,3.1075833514184423,2.633085365086954,2.158587378755466,1.6840893924239777,1.2095914060924897
1291,0.286284866305672,0.32479265405806435,0.39222005033488544,0.4596474466117065,0.5270748428885276,0.5945022391653487,0.6619296354421698,0.9708325302776295,1.2797354251130895,1.5886383199485492,1.8975412147840094,2.22844041223525,2.1899326244828576,2.1225052282060366,2.0550778319292156,1.9876504356523945,1.9202230393755735,1.8527956430987524,1.5438927482632927,1.2349898534278327,0.926086958592373,0.6171840637569128
1292,0.1600000684787465,0.18152145994052682,0.21920556165659857,0.25688966337267033,0.2945737650887421,0.33225786680481384,0.3699419685208856,0.5425828942000834,0.7152238198792811,0.887864745558479,1.0605056712376768,1.3303544742870113,1.308833082825231,1.2711489811091592,1.2334648793930874,1.1957807776770155,1.1580966759609437,1.1204125742448718,0.947771648565674,0.7751307228864763,0.6024897972072784,0.4298488715280806
1293,0.0966650333943288,0.10966731548161278,0.1324343991801003,0.15520148287858784,0.17796856657707538,0.20073565027556292,0.2235027339740505,0.3278048196211218,0.432106905268193,0.5364089909152644,0.6407110765623357,0.8750441895076194,0.8620419074203355,0.8392748237218479,0.8165077400233604,0.7937406563248728,0.7709735726263852,0.7482064889278977,0.6439044032808263,0.5396023176337551,0.4353002319866837,0.3309981463396124
1294,0.060485888935644626,0.06862176353916513,0.08286773488598757,0.09711370623281,0.11135967757963244,0.1256056489264549,0.13985162027327736,0.2051162164429092,0.27038081261254104,0.33564540878217297,0.40091000495180484,0.6530761972950729,0.6449403226915524,0.63069435134473,0.6164483799979075,0.602202408651085,0.5879564373042625,0.57371046595744,0.5084458697878081,0.4431812736181763,0.37791667744854435,0.3126520812789125
1295,0.04326251605801909,0.04908169821561838,0.059271125452270715,0.06946055268892304,0.07964997992557539,0.08983940716222773,0.10002883439888008,0.1467093195416705,0.19338980468446088,0.24007028982725132,0.28675077497004176,0.499578441059629,0.4937592589020297,0.48356983166537737,0.47338040442872503,0.4631909771920727,0.45300154995542036,0.442812122718768,0.3961316375759776,0.3494511524331872,0.30277066729039676,0.2560901821476063
1296,0.06656898268586907,0.07552308595105217,0.09120178120737912,0.10688047646370606,0.12255917172003303,0.13823786697635998,0.1539165622326869,0.2257448489433112,0.29757313565393556,0.36940142236455986,0.44122970907518416,0.4271966781704077,0.4182425749052246,0.4025638796488976,0.3868851843925707,0.3712064891362437,0.35552779387991673,0.3398490986235898,0.2680208119129655,0.19619252520234115,0.12436423849171685,0.05253595178109255
1297,0.056639086305014866,0.06425753272192815,0.07759748382143074,0.09093743492093335,0.10427738602043597,0.11761733711993858,0.1309572882194412,0.19207116387144205,0.25318503952344296,0.31429891517544384,0.3754127908274448,0.3168441383691494,0.3092256919522361,0.2958857408527335,0.28254578975323086,0.26920583865372827,0.2558658875542257,0.24252593645472306,0.1814120608027222,0.1202981851507213,0.05918430949872042,-0.0019295661532805208
1298,0.03392680220936796,0.038490250202461725,0.046480878441028384,0.05447150667959503,0.06246213491816169,0.07045276315672834,0.07844339139529499,0.1150505915949522,0.15165779179460942,0.18826499199426663,0.22487219219392388,0.22601923126692836,0.22145578327383458,0.21346515503526792,0.20547452679670128,0.1974838985581346,0.18949327031956797,0.1815026420810013,0.1448954418813441,0.10828824168168688,0.07168104148202967,0.035073841282372425
1299,0.0236676925723058,0.026851201690074235,0.03242554764354464,0.03799989359701504,0.043574239550485436,0.049148585503955844,0.05472293145742625,0.08026049774238261,0.10579806402733898,0.13133563031229536,0.15687319659725174,0.20284547879051973,0.1996619696727513,0.1940876237192809,0.1885132777658105,0.1829389318123401,0.17736458585886972,0.17179023990539932,0.14625267362044297,0.12071510733548661,0.09517754105053022,0.06963997476557385
1300,0.02469635730095266,0.028018230711428102,0.03383485347536883,0.03965147623930954,0.04546809900325027,0.051284721767191,0.05710134453113172,0.08374884553458932,0.11039634653804692,0.1370438475415045,0.16369134854496212,0.2086410790622131,0.20531920565173767,0.19950258288779693,0.19368596012385622,0.18786933735991548,0.18205271459597477,0.17623609183203404,0.14958859082857645,0.12294108982511885,0.09629358882166127,0.06964608781820365
1301,0.018530992112733714,0.02102357064238779,0.025388092472381524,0.02975261430237525,0.03411713613236898,0.03848165796236271,0.04284617979235644,0.06284121893523797,0.08283625807811949,0.10283129722100104,0.12282633636388257,0.23076451461001737,0.2282719360803633,0.22390741425036959,0.21954289242037586,0.21517837059038214,0.21081384876038842,0.2064493269303947,0.18645428778751316,0.16645924864463163,0.1464642095017501,0.12646917035886857
1302,0.022723898938375474,0.025780459658883387,0.031132518111866028,0.036484576564848666,0.0418366350178313,0.04718869347081395,0.05254075192379659,0.0770599598532782,0.10157916778275981,0.12609837571224142,0.15061758364172306,0.3411068640072945,0.3380503032867866,0.33269824483380395,0.3273461863808213,0.32199412792783866,0.316642069474856,0.31129001102187337,0.2867708030923918,0.2622515951629102,0.2377323872334286,0.21321317930394695
1303,0.05954035988303085,0.0675490526604855,0.08157232777140645,0.0955956028823274,0.10961887799324835,0.12364215310416929,0.13766542821509023,0.20190979350324906,0.2661541587914079,0.33039852407956677,0.3946428893677256,0.5323949645104806,0.524386271733026,0.510362996622105,0.4963397215111841,0.48231644640026317,0.4682931712893422,0.4542698961784213,0.3900255308902625,0.32578116560210363,0.2615368003139448,0.19729243502578592
1304,0.09422208070711786,0.10689576455313886,0.129087470513181,0.15127917647322317,0.17347088243326533,0.1956625883933075,0.21785429435334966,0.31952042104539957,0.42118654773744957,0.5228526744294996,0.6245188011215496,0.7630054397344619,0.7503317558884409,0.7281400499283988,0.7059483439683566,0.6837566380083144,0.6615649320482723,0.6393732260882301,0.5377070993961802,0.4360409727041302,0.33437484601208023,0.23270871932003023
1305,0.11060462621291975,0.12548190395938727,0.1515321177130734,0.17758233146675953,0.2036325452204457,0.22968275897413182,0.255732972727818,0.37507595323620807,0.49441893374459817,0.6137619142529884,0.7331048947613785,1.04243040931092,1.0275531315644524,1.0015029178107662,0.9754527040570801,0.949402490303394,0.9233522765497079,0.8973020627960218,0.7779590822876317,0.6586161017792416,0.5392731212708513,0.41993014076246116
1306,0.14593538259187422,0.16556495229609972,0.19993646134515083,0.23430797039420195,0.2686794794432531,0.3030509884923042,0.3374224975413554,0.4948875522726021,0.6523526070038489,0.8098176617350957,0.9672827164663426,1.3368623237393928,1.3172327540351674,1.2828612449861163,1.2484897359370652,1.2141182268880142,1.1797467178389631,1.145375208789912,0.9879101540586653,0.8304450993274186,0.6729800445961718,0.5155149898649249
1307,0.17412844867806587,0.1975502293326846,0.2385619253527876,0.2795736213728906,0.3205853173929936,0.3615970134130966,0.40260870943319965,0.5904942325625675,0.7783797556919354,0.9662652788213034,1.1541508019506714,1.6963697765134498,1.6729479958588311,1.6319362998387281,1.590924603818625,1.549912907798522,1.508901211778419,1.467889515758316,1.2800039926289482,1.0921184694995802,0.9042329463702122,0.7163474232408442
1308,0.20258246617249245,0.22983155799628885,0.277544901707457,0.32525824541862514,0.3729715891297932,0.4206849328409614,0.46839827655212957,0.6869858360383282,0.9055733955245269,1.1241609550107257,1.3427485144969247,1.9211150761464808,1.8938659843226844,1.8461526406115163,1.7984392969003482,1.7507259531891801,1.7030126094780118,1.6552992657668437,1.4367117062806452,1.2181241467944464,0.9995365873082476,0.7809490278220486
1309,0.22682064156334378,0.25732997737244256,0.31075203030808307,0.3641740832437235,0.4175961361793641,0.4710181891150046,0.5244402420506451,0.769180921820084,1.013921601589523,1.2586622813589619,1.5034029611284008,2.0428941262432594,2.0123847904341607,1.9589627374985201,1.9055406845628797,1.852118631627239,1.7986965786915987,1.745274525755958,1.5005338459865192,1.2557931662170803,1.0110524864476413,0.7663118066782024
1310,0.28713168866453304,0.3257533813399477,0.3933802259058238,0.46100707047169975,0.5286339150375757,0.5962607596034519,0.6638876041693279,0.9737042248382178,1.2835208455071077,1.5933374661759976,1.9031540868448875,2.133676930271694,2.095055237596279,2.027428393030403,1.9598015484645268,1.8921747038986507,1.8245478593327746,1.7569210147668985,1.4471043940980086,1.1372877734291187,0.8274711527602288,0.5176545320913388
1311,0.3067951188581142,0.3480617127682659,0.42031979724889373,0.49257788172952155,0.5648359662101494,0.6370940506907772,0.709352135171405,1.040385701701159,1.3714192682309132,1.7024528347606676,2.0334864012904217,2.1612776545091203,2.120011060598969,2.047752976118341,1.975494891637713,1.9032368071570853,1.8309787226764576,1.7587206381958298,1.427687071666076,1.0966535051363218,0.7656199386065674,0.4345863720768133
1312,0.27598175878396375,0.31310368956544515,0.3781044409318533,0.44310519229826134,0.5081059436646694,0.5731066950310776,0.6381074463974856,0.9358932333664804,1.233679020335475,1.53146480730447,1.829250594273465,1.9097257114610804,1.872603780679599,1.8076030293131908,1.7426022779467827,1.6776015265803745,1.6126007752139664,1.5476000238475582,1.2498142368785634,0.9520284499095688,0.6542426629405738,0.35645687597157893
1313,0.2253108014307007,0.2556170506983482,0.3086834977291007,0.36174994475985317,0.4148163917906057,0.46788283882135817,0.5209492858521106,0.7640608400805081,1.0071723943089055,1.2502839485373032,1.4933955027657007,1.6192575536297766,1.588951304362129,1.5358848573313766,1.4828184103006241,1.4297519632698716,1.3766855162391192,1.3236190692083667,1.0805075149799692,0.8373959607515719,0.5942844065231742,0.3511728522947767
1314,0.181071206183045,0.20542684770103406,0.24807374039633354,0.290720633091633,0.3333675257869325,0.376014418482232,0.41866131117753147,0.6140381066158548,0.809414902054178,1.0047916974925013,1.200168492930825,1.489569188741577,1.4652135472235879,1.4225666545282885,1.379919761832989,1.3372728691376894,1.29462597644239,1.2519790837470905,1.0566022883087673,0.8612254928704441,0.6658486974321208,0.4704719019937972
1315,0.1371027565822645,0.15554426178254532,0.18783546186591396,0.22012666194928254,0.2524178620326512,0.2847090621160198,0.3170002621993884,0.464934866444111,0.6128694706888336,0.7608040749335562,0.9087386791782788,1.2544431595756709,1.23600165437539,1.2037104542920214,1.1714192542086528,1.1391280541252842,1.1068368540419156,1.074545653958547,0.9266110497138245,0.7786764454691019,0.6307418412243793,0.48280723697965666
1316,0.12288693681507708,0.1394162914452449,0.16835930297358676,0.19730231450192862,0.22624532603027048,0.25518833755861237,0.28413134908695425,0.4167270081222759,0.5493226671575976,0.6819183261929194,0.8145139852282411,0.965950353268064,0.9494209986378962,0.9204779871095543,0.8915349755812124,0.8625919640528705,0.8336489525245286,0.8047059409961868,0.6721102819608651,0.5395146229255434,0.40691896389022164,0.27432330485489986
1317,0.10407025709033581,0.11806860573895996,0.14257980870966933,0.16709101168037868,0.19160221465108804,0.2161134176217974,0.24062462059250678,0.3529169820306787,0.4652093434688507,0.5775017049070227,0.6897940663451948,0.756275578156249,0.7422772295076249,0.7177660265369155,0.6932548235662062,0.6687436205954969,0.6442324176247876,0.6197212146540781,0.5074288532159061,0.3951364917777342,0.2828441303395622,0.17055176890139007
1318,0.09174496304809825,0.10408545316899447,0.1256937346673304,0.14730201616566632,0.16891029766400223,0.19051857916233816,0.21212686066067407,0.3111201642112374,0.4101134677618008,0.5091067713123641,0.6081000748629275,0.6380177307790044,0.6256772406581081,0.6040689591597722,0.5824606776614363,0.5608523961631003,0.5392441146647644,0.5176358331664285,0.4186425296158651,0.3196492260653017,0.22065592251473837,0.12166261896417502
1319,0.0756798511426919,0.0858594449247251,0.10368398234795255,0.12150851977117999,0.13933305719440744,0.15715759461763487,0.17498213204086233,0.2566410943198301,0.33830005659879786,0.4199590188777657,0.5016179811567335,0.5589042903878931,0.54872469660586,0.5309001591826326,0.5130756217594051,0.4952510843361777,0.4774265469129503,0.45960200948972285,0.37794304721075506,0.2962840849317873,0.21462512265281947,0.13296616037385167
1320,0.06656898268586907,0.07552308595105217,0.09120178120737912,0.10688047646370606,0.12255917172003303,0.13823786697635998,0.1539165622326869,0.2257448489433112,0.29757313565393556,0.36940142236455986,0.44122970907518416,0.4271966781704077,0.4182425749052246,0.4025638796488976,0.3868851843925707,0.3712064891362437,0.35552779387991673,0.3398490986235898,0.2680208119129655,0.19619252520234115,0.12436423849171685,0.05253595178109255
1321,0.056639086305014866,0.06425753272192815,0.07759748382143074,0.09093743492093335,0.10427738602043597,0.11761733711993858,0.1309572882194412,0.19207116387144205,0.25318503952344296,0.31429891517544384,0.3754127908274448,0.3168441383691494,0.3092256919522361,0.2958857408527335,0.28254578975323086,0.26920583865372827,0.2558658875542257,0.24252593645472306,0.1814120608027222,0.1202981851507213,0.05918430949872042,-0.0019295661532805208
1322,0.03392680220936796,0.038490250202461725,0.046480878441028384,0.05447150667959503,0.06246213491816169,0.07045276315672834,0.07844339139529499,0.1150505915949522,0.15165779179460942,0.18826499199426663,0.22487219219392388,0.22601923126692836,0.22145578327383458,0.21346515503526792,0.20547452679670128,0.1974838985581346,0.18949327031956797,0.1815026420810013,0.1448954418813441,0.10828824168168688,0.07168104148202967,0.035073841282372425
1323,0.0236676925723058,0.026851201690074235,0.03242554764354464,0.03799989359701504,0.043574239550485436,0.049148585503955844,0.05472293145742625,0.08026049774238261,0.10579806402733898,0.13133563031229536,0.15687319659725174,0.20284547879051973,0.1996619696727513,0.1940876237192809,0.1885132777658105,0.1829389318123401,0.17736458585886972,0.17179023990539932,0.14625267362044297,0.12071510733548661,0.09517754105053022,0.06963997476557385
1324,0.02469635730095266,0.028018230711428102,0.03383485347536883,0.03965147623930954,0.04546809900325027,0.051284721767191,0.05710134453113172,0.08374884553458932,0.11039634653804692,0.1370438475415045,0.16369134854496212,0.2086410790622131,0.20531920565173767,0.19950258288779693,0.19368596012385622,0.18786933735991548,0.18205271459597477,0.17623609183203404,0.14958859082857645,0.12294108982511885,0.09629358882166127,0.06964608781820365
1325,0.018530992112733714,0.02102357064238779,0.025388092472381524,0.02975261430237525,0.03411713613236898,0.03848165796236271,0.04284617979235644,0.06284121893523797,0.08283625807811949,0.10283129722100104,0.12282633636388257,0.23076451461001737,0.2282719360803633,0.22390741425036959,0.21954289242037586,0.21517837059038214,0.21081384876038842,0.2064493269303947,0.18645428778751316,0.16645924864463163,0.1464642095017501,0.12646917035886857
1326,0.022723898938375474,0.025780459658883387,0.031132518111866028,0.036484576564848666,0.0418366350178313,0.04718869347081395,0.05254075192379659,0.0770599598532782,0.10157916778275981,0.12609837571224142,0.15061758364172306,0.3411068640072945,0.3380503032867866,0.33269824483380395,0.3273461863808213,0.32199412792783866,0.316642069474856,0.31129001102187337,0.2867708030923918,0.2622515951629102,0.2377323872334286,0.21321317930394695
1327,0.05954035988303085,0.0675490526604855,0.08157232777140645,0.0955956028823274,0.10961887799324835,0.12364215310416929,0.13766542821509023,0.20190979350324906,0.2661541587914079,0.33039852407956677,0.3946428893677256,0.5323949645104806,0.524386271733026,0.510362996622105,0.4963397215111841,0.48231644640026317,0.4682931712893422,0.4542698961784213,0.3900255308902625,0.32578116560210363,0.2615368003139448,0.19729243502578592
1328,0.09422208070711786,0.10689576455313886,0.129087470513181,0.15127917647322317,0.17347088243326533,0.1956625883933075,0.21785429435334966,0.31952042104539957,0.42118654773744957,0.5228526744294996,0.6245188011215496,0.7630054397344619,0.7503317558884409,0.7281400499283988,0.7059483439683566,0.6837566380083144,0.6615649320482723,0.6393732260882301,0.5377070993961802,0.4360409727041302,0.33437484601208023,0.23270871932003023
1329,0.11060462621291975,0.12548190395938727,0.1515321177130734,0.17758233146675953,0.2036325452204457,0.22968275897413182,0.255732972727818,0.37507595323620807,0.49441893374459817,0.6137619142529884,0.7331048947613785,1.04243040931092,1.0275531315644524,1.0015029178107662,0.9754527040570801,0.949402490303394,0.9233522765497079,0.8973020627960218,0.7779590822876317,0.6586161017792416,0.5392731212708513,0.41993014076246116
1330,0.14593538259187422,0.16556495229609972,0.19993646134515083,0.23430797039420195,0.2686794794432531,0.3030509884923042,0.3374224975413554,0.4948875522726021,0.6523526070038489,0.8098176617350957,0.9672827164663426,1.3368623237393928,1.3172327540351674,1.2828612449861163,1.2484897359370652,1.2141182268880142,1.1797467178389631,1.145375208789912,0.9879101540586653,0.8304450993274186,0.6729800445961718,0.5155149898649249
1331,0.17412844867806587,0.1975502293326846,0.2385619253527876,0.2795736213728906,0.3205853173929936,0.3615970134130966,0.40260870943319965,0.5904942325625675,0.7783797556919354,0.9662652788213034,1.1541508019506714,1.6963697765134498,1.6729479958588311,1.6319362998387281,1.590924603818625,1.549912907798522,1.508901211778419,1.467889515758316,1.2800039926289482,1.0921184694995802,0.9042329463702122,0.7163474232408442
1332,0.20258246617249245,0.22983155799628885,0.277544901707457,0.32525824541862514,0.3729715891297932,0.4206849328409614,0.46839827655212957,0.6869858360383282,0.9055733955245269,1.1241609550107257,1.3427485144969247,1.9211150761464808,1.8938659843226844,1.8461526406115163,1.7984392969003482,1.7507259531891801,1.7030126094780118,1.6552992657668437,1.4367117062806452,1.2181241467944464,0.9995365873082476,0.7809490278220486
1333,0.22682064156334378,0.25732997737244256,0.31075203030808307,0.3641740832437235,0.4175961361793641,0.4710181891150046,0.5244402420506451,0.769180921820084,1.013921601589523,1.2586622813589619,1.5034029611284008,2.0428941262432594,2.0123847904341607,1.9589627374985201,1.9055406845628797,1.852118631627239,1.7986965786915987,1.745274525755958,1.5005338459865192,1.2557931662170803,1.0110524864476413,0.7663118066782024
1334,0.28713168866453304,0.3257533813399477,0.3933802259058238,0.46100707047169975,0.5286339150375757,0.5962607596034519,0.6638876041693279,0.9737042248382178,1.2835208455071077,1.5933374661759976,1.9031540868448875,2.133676930271694,2.095055237596279,2.027428393030403,1.9598015484645268,1.8921747038986507,1.8245478593327746,1.7569210147668985,1.4471043940980086,1.1372877734291187,0.8274711527602288,0.5176545320913388
1335,0.3067951188581142,0.3480617127682659,0.42031979724889373,0.49257788172952155,0.5648359662101494,0.6370940506907772,0.709352135171405,1.040385701701159,1.3714192682309132,1.7024528347606676,2.0334864012904217,2.1612776545091203,2.120011060598969,2.047752976118341,1.975494891637713,1.9032368071570853,1.8309787226764576,1.7587206381958298,1.427687071666076,1.0966535051363218,0.7656199386065674,0.4345863720768133
1336,0.27598175878396375,0.31310368956544515,0.3781044409318533,0.44310519229826134,0.5081059436646694,0.5731066950310776,0.6381074463974856,0.9358932333664804,1.233679020335475,1.53146480730447,1.829250594273465,1.9097257114610804,1.872603780679599,1.8076030293131908,1.7426022779467827,1.6776015265803745,1.6126007752139664,1.5476000238475582,1.2498142368785634,0.9520284499095688,0.6542426629405738,0.35645687597157893
1337,0.2253108014307007,0.2556170506983482,0.3086834977291007,0.36174994475985317,0.4148163917906057,0.46788283882135817,0.5209492858521106,0.7640608400805081,1.0071723943089055,1.2502839485373032,1.4933955027657007,1.6192575536297766,1.588951304362129,1.5358848573313766,1.4828184103006241,1.4297519632698716,1.3766855162391192,1.3236190692083667,1.0805075149799692,0.8373959607515719,0.5942844065231742,0.3511728522947767
1338,0.181071206183045,0.20542684770103406,0.24807374039633354,0.290720633091633,0.3333675257869325,0.376014418482232,0.41866131117753147,0.6140381066158548,0.809414902054178,1.0047916974925013,1.200168492930825,1.489569188741577,1.4652135472235879,1.4225666545282885,1.379919761832989,1.3372728691376894,1.29462597644239,1.2519790837470905,1.0566022883087673,0.8612254928704441,0.6658486974321208,0.4704719019937972
1339,0.1371027565822645,0.15554426178254532,0.18783546186591396,0.22012666194928254,0.2524178620326512,0.2847090621160198,0.3170002621993884,0.464934866444111,0.6128694706888336,0.7608040749335562,0.9087386791782788,1.2544431595756709,1.23600165437539,1.2037104542920214,1.1714192542086528,1.1391280541252842,1.1068368540419156,1.074545653958547,0.9266110497138245,0.7786764454691019,0.6307418412243793,0.48280723697965666
1340,0.12288693681507708,0.1394162914452449,0.16835930297358676,0.19730231450192862,0.22624532603027048,0.25518833755861237,0.28413134908695425,0.4167270081222759,0.5493226671575976,0.6819183261929194,0.8145139852282411,0.965950353268064,0.9494209986378962,0.9204779871095543,0.8915349755812124,0.8625919640528705,0.8336489525245286,0.8047059409961868,0.6721102819608651,0.5395146229255434,0.40691896389022164,0.27432330485489986
1341,0.10407025709033581,0.11806860573895996,0.14257980870966933,0.16709101168037868,0.19160221465108804,0.2161134176217974,0.24062462059250678,0.3529169820306787,0.4652093434688507,0.5775017049070227,0.6897940663451948,0.756275578156249,0.7422772295076249,0.7177660265369155,0.6932548235662062,0.6687436205954969,0.6442324176247876,0.6197212146540781,0.5074288532159061,0.3951364917777342,0.2828441303395622,0.17055176890139007
1342,0.09174496304809825,0.10408545316899447,0.1256937346673304,0.14730201616566632,0.16891029766400223,0.19051857916233816,0.21212686066067407,0.3111201642112374,0.4101134677618008,0.5091067713123641,0.6081000748629275,0.6380177307790044,0.6256772406581081,0.6040689591597722,0.5824606776614363,0.5608523961631003,0.5392441146647644,0.5176358331664285,0.4186425296158651,0.3196492260653017,0.22065592251473837,0.12166261896417502
1343,0.0756798511426919,0.0858594449247251,0.10368398234795255,0.12150851977117999,0.13933305719440744,0.15715759461763487,0.17498213204086233,0.2566410943198301,0.33830005659879786,0.4199590188777657,0.5016179811567335,0.5589042903878931,0.54872469660586,0.5309001591826326,0.5130756217594051,0.4952510843361777,0.4774265469129503,0.45960200948972285,0.37794304721075506,0.2962840849317873,0.21462512265281947,0.13296616037385167
1344,0.031367184720614005,0.03558634204876214,0.04297411500909338,0.050361887969424625,0.057749660929755864,0.0651374338900871,0.07252520685041834,0.10637056615310214,0.14021592545578596,0.17406128475846977,0.20790664406115364,0.38513873965896495,0.3809195823308168,0.3735318093704856,0.36614403641015436,0.35875626344982314,0.3513684904894919,0.3439807175291607,0.3101353582264769,0.27628999892379313,0.24244463962110932,0.20859928031842545
1345,0.027541528392130105,0.031246101893993974,0.037732835101129916,0.04421956830826585,0.05070630151540179,0.057193034722537735,0.06367976792967367,0.09339722368731823,0.1231146794449628,0.15283213520260736,0.18254959096025195,0.2947264391013124,0.29102186559944854,0.2845351323923126,0.27804839918517665,0.2715616659780407,0.26507493277090477,0.25858819956376883,0.22887074380612427,0.1991532880484797,0.16943583229083514,0.13971837653319055
1346,0.021214760756460276,0.024068329353953997,0.029064947229369295,0.03406156510478459,0.03905818298019989,0.04405480085561519,0.049051418731030486,0.07194225852804301,0.09483309832505553,0.11772393812206808,0.1406147779190806,0.2196416620198345,0.2167880934223408,0.21179147554692548,0.20679485767151018,0.20179823979609487,0.19680162192067957,0.19180500404526427,0.16891416424825173,0.14602332445123922,0.12313248465422667,0.10024164485721414
1347,0.017379901386824617,0.01971764826949346,0.023811058840523276,0.02790446941155309,0.03199787998258291,0.03609129055361272,0.04018470112464254,0.058937707246218926,0.07769071336779533,0.09644371948937172,0.11519672561094813,0.1725522635160582,0.17021451663338938,0.16612110606235955,0.16202769549132973,0.1579342849202999,0.15384087434927007,0.14974746377824025,0.13099445765666387,0.11224145153508747,0.09348844541351108,0.07473543929193467
1348,0.018861538995962508,0.02139857893702769,0.025840952998510806,0.030283327059993915,0.03472570112147703,0.03916807518296014,0.04361044924444325,0.0639621502340575,0.08431385122367176,0.10466555221328604,0.1250172532029003,0.16219714722554288,0.1596601072844777,0.15521773322299456,0.15077535916151147,0.14633298510002835,0.14189061103854522,0.1374482369770621,0.11709653598744785,0.0967448349978336,0.07639313400821932,0.05604143301860505
1349,0.06031042844298219,0.06842270209442457,0.08262734801485494,0.09683199393528533,0.1110366398557157,0.1252412857761461,0.1394459316965765,0.20452120506052845,0.2695964784244804,0.33467175178843245,0.39974702515238447,0.4566317751531136,0.4485195015016712,0.43431485558124083,0.4201102096608105,0.4059055637403801,0.3917009178199497,0.3774962718995193,0.3124209985355673,0.24734572517161535,0.18227045180766333,0.1171951784437113
1350,0.30895518501738617,0.35051232648691727,0.4232791617051753,0.4960459969234333,0.5688128321416914,0.6415796673599494,0.7143465025782075,1.0477107919933368,1.3810750814084662,1.7144393708235957,2.0478036602387255,2.1024107163262697,2.0608535748567385,1.9880867396384805,1.9153199044202225,1.8425530692019643,1.7697862339837063,1.6970193987654483,1.363655109350319,1.0302908199351897,0.6969265305200603,0.3635622411049304
1351,1.1612949269476076,1.3174991271273024,1.5910137359992662,1.8645283448712298,2.1380429537431938,2.4115575626151577,2.685072171487121,3.9381155800368046,5.191158988586489,6.444202397136173,7.697245805685856,8.797592590406415,8.64138839022672,8.367873781354756,8.094359172482793,7.820844563610829,7.547329954738865,7.273815345866902,6.020771937317218,4.767728528767535,3.514685120217851,2.261641711668167
1352,2.8365400828547638,3.218079229059924,3.8861568494030205,4.554234469746118,5.222312090089215,5.890389710432311,6.558467330775408,9.61910918103339,12.679751031291374,15.74039288154936,18.801034731807345,21.40384848736475,21.02230934115959,20.354231720816493,19.686154100473395,19.018076480130297,18.3499988597872,17.6819212394441,14.621279389186117,11.560637538928134,8.499995688670149,5.439353838412163
1353,4.187241305649756,4.750461435119857,5.736663683482037,6.722865931844216,7.709068180206397,8.695270428568575,9.681472676930756,14.199528337297998,18.717583997665233,23.23563965803248,27.75369531839972,32.29130966000392,31.72808953053382,30.74188728217164,29.75568503380946,28.76948278544728,27.7832805370851,26.797078288722922,22.27902262835568,17.760966967988445,13.242911307621199,8.724855647253957
1354,4.1224380187469025,4.6769415462886,5.647880965838258,6.618820385387915,7.5897598049375725,8.56069922448723,9.53163864403689,13.979771212843394,18.427903781649896,22.876036350456406,27.324168919262913,32.91035711924829,32.35585359170659,31.384914172156932,30.413974752607274,29.443035333057615,28.472095913507957,27.501156493958298,23.053023925151795,18.60489135634529,14.15675878753878,9.708626218732274
1355,3.351595880008395,3.8024144805325077,4.591800893015079,5.381187305497649,6.170573717980221,6.959960130462791,7.7493465429453625,11.365736340329079,14.982126137712793,18.59851593509651,22.21490573248023,27.356769827551037,26.905951227026925,26.116564814544354,25.327178402061783,24.537791989579212,23.74840557709664,22.95901916461407,19.34262936723035,15.726239569846637,12.109849772462919,8.493459975079201
1356,2.9910124143164416,3.3933294236000933,4.097789222441407,4.80224902128272,5.506708820124034,6.211168618965348,6.915628417806662,10.142946736074473,13.370265054342282,16.597583372610092,19.82490169087791,24.2284335048095,23.82611649552585,23.121656696684536,22.417196897843223,21.71273709900191,21.008277300160596,20.303817501319283,17.076499183051475,13.849180864783666,10.621862546515855,7.394544228248039
1357,2.7047846416677372,3.0686015427890947,3.7056473923676854,4.342693241946275,4.979739091524866,5.6167849411034565,6.253830790682048,9.172307818474215,12.090784846266383,15.009261874058554,17.92773890185072,22.802692522038395,22.438875620917038,21.801829771338447,21.164783921759856,20.527738072181265,19.890692222602674,19.253646373024083,16.335169345231915,13.416692317439747,10.498215289647575,7.579738261855409
1358,2.20733046474823,2.5042354815337093,3.0241181699939683,3.544000858454227,4.063883546914486,4.583766235374744,5.103648923835004,7.485370246439614,9.867091569044224,12.248812891648836,14.630534214253444,19.724931122724897,19.428026105939416,18.908143417479156,18.388260729018896,17.868378040558635,17.348495352098375,16.828612663638115,14.446891341033504,12.065170018428894,9.683448695824282,7.3017273732196735
1359,1.677916042855984,1.903610246250039,2.298802319798513,2.693994393346985,3.0891864668954585,3.484378540443932,3.879570613992405,5.690050956937462,7.500531299882518,9.311011642827577,11.121491985772634,14.871256559632515,14.645562356238461,14.250370282689987,13.855178209141515,13.459986135593041,13.064794062044568,12.669601988496094,10.859121645551037,9.04864130260598,7.238160959660921,5.427680616715864
1360,1.1172675321315855,1.2675496673528908,1.5306947005095728,1.7938397336662546,2.0569847668229366,2.3201297999796187,2.583274833136301,3.7888124482913326,4.9943500634463645,6.199887678601396,7.405425293756428,10.033161309414842,9.882879174193537,9.619734141036854,9.356589107880172,9.09344407472349,8.830299041566807,8.567154008410125,7.361616393255093,6.156078778100062,4.95054116294503,3.745003547789998
1361,0.6682540838903488,0.7581400312657272,0.9155309318380566,1.0729218324103855,1.2303127329827148,1.3877036335550441,1.5450945341273732,2.2661442482220826,2.987193962316792,3.7082436764115014,4.429293390506211,6.0734388854665,5.983552938091121,5.826162037518792,5.668771136946463,5.5113802363741335,5.3539893358018045,5.196598435229475,4.475548721134766,3.7544990070400566,3.033449292945347,2.3123995788506377
1362,0.4397550001969972,0.4989058467966161,0.6024793784527985,0.7060529101089809,0.8096264417651632,0.9131999734213457,1.016773505077528,1.4912714914090162,1.9657694777405041,2.4402674640719924,2.9147654504034803,3.6846018562989733,3.625451009699354,3.5218774780431716,3.418303946386989,3.314730414730807,3.2111568830746244,3.1075833514184423,2.633085365086954,2.158587378755466,1.6840893924239777,1.2095914060924897
1363,0.286284866305672,0.32479265405806435,0.39222005033488544,0.4596474466117065,0.5270748428885276,0.5945022391653487,0.6619296354421698,0.9708325302776295,1.2797354251130895,1.5886383199485492,1.8975412147840094,2.22844041223525,2.1899326244828576,2.1225052282060366,2.0550778319292156,1.9876504356523945,1.9202230393755735,1.8527956430987524,1.5438927482632927,1.2349898534278327,0.926086958592373,0.6171840637569128
1364,0.1600000684787465,0.18152145994052682,0.21920556165659857,0.25688966337267033,0.2945737650887421,0.33225786680481384,0.3699419685208856,0.5425828942000834,0.7152238198792811,0.887864745558479,1.0605056712376768,1.3303544742870113,1.308833082825231,1.2711489811091592,1.2334648793930874,1.1957807776770155,1.1580966759609437,1.1204125742448718,0.947771648565674,0.7751307228864763,0.6024897972072784,0.4298488715280806
1365,0.0966650333943288,0.10966731548161278,0.1324343991801003,0.15520148287858784,0.17796856657707538,0.20073565027556292,0.2235027339740505,0.3278048196211218,0.432106905268193,0.5364089909152644,0.6407110765623357,0.8750441895076194,0.8620419074203355,0.8392748237218479,0.8165077400233604,0.7937406563248728,0.7709735726263852,0.7482064889278977,0.6439044032808263,0.5396023176337551,0.4353002319866837,0.3309981463396124
1366,0.060485888935644626,0.06862176353916513,0.08286773488598757,0.09711370623281,0.11135967757963244,0.1256056489264549,0.13985162027327736,0.2051162164429092,0.27038081261254104,0.33564540878217297,0.40091000495180484,0.6530761972950729,0.6449403226915524,0.63069435134473,0.6164483799979075,0.602202408651085,0.5879564373042625,0.57371046595744,0.5084458697878081,0.4431812736181763,0.37791667744854435,0.3126520812789125
1367,0.04326251605801909,0.04908169821561838,0.059271125452270715,0.06946055268892304,0.07964997992557539,0.08983940716222773,0.10002883439888008,0.1467093195416705,0.19338980468446088,0.24007028982725132,0.28675077497004176,0.499578441059629,0.4937592589020297,0.48356983166537737,0.47338040442872503,0.4631909771920727,0.45300154995542036,0.442812122718768,0.3961316375759776,0.3494511524331872,0.30277066729039676,0.2560901821476063
1368,0.031367184720614005,0.03558634204876214,0.04297411500909338,0.050361887969424625,0.057749660929755864,0.0651374338900871,0.07252520685041834,0.10637056615310214,0.14021592545578596,0.17406128475846977,0.20790664406115364,0.38513873965896495,0.3809195823308168,0.3735318093704856,0.36614403641015436,0.35875626344982314,0.3513684904894919,0.3439807175291607,0.3101353582264769,0.27628999892379313,0.24244463962110932,0.20859928031842545
1369,0.027541528392130105,0.031246101893993974,0.037732835101129916,0.04421956830826585,0.05070630151540179,0.057193034722537735,0.06367976792967367,0.09339722368731823,0.1231146794449628,0.15283213520260736,0.18254959096025195,0.2947264391013124,0.29102186559944854,0.2845351323923126,0.27804839918517665,0.2715616659780407,0.26507493277090477,0.25858819956376883,0.22887074380612427,0.1991532880484797,0.16943583229083514,0.13971837653319055
1370,0.021214760756460276,0.024068329353953997,0.029064947229369295,0.03406156510478459,0.03905818298019989,0.04405480085561519,0.049051418731030486,0.07194225852804301,0.09483309832505553,0.11772393812206808,0.1406147779190806,0.2196416620198345,0.2167880934223408,0.21179147554692548,0.20679485767151018,0.20179823979609487,0.19680162192067957,0.19180500404526427,0.16891416424825173,0.14602332445123922,0.12313248465422667,0.10024164485721414
1371,0.017379901386824617,0.01971764826949346,0.023811058840523276,0.02790446941155309,0.03199787998258291,0.03609129055361272,0.04018470112464254,0.058937707246218926,0.07769071336779533,0.09644371948937172,0.11519672561094813,0.1725522635160582,0.17021451663338938,0.16612110606235955,0.16202769549132973,0.1579342849202999,0.15384087434927007,0.14974746377824025,0.13099445765666387,0.11224145153508747,0.09348844541351108,0.07473543929193467
1372,0.018861538995962508,0.02139857893702769,0.025840952998510806,0.030283327059993915,0.03472570112147703,0.03916807518296014,0.04361044924444325,0.0639621502340575,0.08431385122367176,0.10466555221328604,0.1250172532029003,0.16219714722554288,0.1596601072844777,0.15521773322299456,0.15077535916151147,0.14633298510002835,0.14189061103854522,0.1374482369770621,0.11709653598744785,0.0967448349978336,0.07639313400821932,0.05604143301860505
1373,0.06031042844298219,0.06842270209442457,0.08262734801485494,0.09683199393528533,0.1110366398557157,0.1252412857761461,0.1394459316965765,0.20452120506052845,0.2695964784244804,0.33467175178843245,0.39974702515238447,0.4566317751531136,0.4485195015016712,0.43431485558124083,0.4201102096608105,0.4059055637403801,0.3917009178199497,0.3774962718995193,0.3124209985355673,0.24734572517161535,0.18227045180766333,0.1171951784437113
1374,0.30895518501738617,0.35051232648691727,0.4232791617051753,0.4960459969234333,0.5688128321416914,0.6415796673599494,0.7143465025782075,1.0477107919933368,1.3810750814084662,1.7144393708235957,2.0478036602387255,2.1024107163262697,2.0608535748567385,1.9880867396384805,1.9153199044202225,1.8425530692019643,1.7697862339837063,1.6970193987654483,1.363655109350319,1.0302908199351897,0.6969265305200603,0.3635622411049304
1375,1.1612949269476076,1.3174991271273024,1.5910137359992662,1.8645283448712298,2.1380429537431938,2.4115575626151577,2.685072171487121,3.9381155800368046,5.191158988586489,6.444202397136173,7.697245805685856,8.797592590406415,8.64138839022672,8.367873781354756,8.094359172482793,7.820844563610829,7.547329954738865,7.273815345866902,6.020771937317218,4.767728528767535,3.514685120217851,2.261641711668167
1376,2.8365400828547638,3.218079229059924,3.8861568494030205,4.554234469746118,5.222312090089215,5.890389710432311,6.558467330775408,9.61910918103339,12.679751031291374,15.74039288154936,18.801034731807345,21.40384848736475,21.02230934115959,20.354231720816493,19.686154100473395,19.018076480130297,18.3499988597872,17.6819212394441,14.621279389186117,11.560637538928134,8.499995688670149,5.439353838412163
1377,4.187241305649756,4.750461435119857,5.736663683482037,6.722865931844216,7.709068180206397,8.695270428568575,9.681472676930756,14.199528337297998,18.717583997665233,23.23563965803248,27.75369531839972,32.29130966000392,31.72808953053382,30.74188728217164,29.75568503380946,28.76948278544728,27.7832805370851,26.797078288722922,22.27902262835568,17.760966967988445,13.242911307621199,8.724855647253957
1378,4.1224380187469025,4.6769415462886,5.647880965838258,6.618820385387915,7.5897598049375725,8.56069922448723,9.53163864403689,13.979771212843394,18.427903781649896,22.876036350456406,27.324168919262913,32.91035711924829,32.35585359170659,31.384914172156932,30.413974752607274,29.443035333057615,28.472095913507957,27.501156493958298,23.053023925151795,18.60489135634529,14.15675878753878,9.708626218732274
1379,3.351595880008395,3.8024144805325077,4.591800893015079,5.381187305497649,6.170573717980221,6.959960130462791,7.7493465429453625,11.365736340329079,14.982126137712793,18.59851593509651,22.21490573248023,27.356769827551037,26.905951227026925,26.116564814544354,25.327178402061783,24.537791989579212,23.74840557709664,22.95901916461407,19.34262936723035,15.726239569846637,12.109849772462919,8.493459975079201
1380,2.9910124143164416,3.3933294236000933,4.097789222441407,4.80224902128272,5.506708820124034,6.211168618965348,6.915628417806662,10.142946736074473,13.370265054342282,16.597583372610092,19.82490169087791,24.2284335048095,23.82611649552585,23.121656696684536,22.417196897843223,21.71273709900191,21.008277300160596,20.303817501319283,17.076499183051475,13.849180864783666,10.621862546515855,7.394544228248039
1381,2.7047846416677372,3.0686015427890947,3.7056473923676854,4.342693241946275,4.979739091524866,5.6167849411034565,6.253830790682048,9.172307818474215,12.090784846266383,15.009261874058554,17.92773890185072,22.802692522038395,22.438875620917038,21.801829771338447,21.164783921759856,20.527738072181265,19.890692222602674,19.253646373024083,16.335169345231915,13.416692317439747,10.498215289647575,7.579738261855409
1382,2.20733046474823,2.5042354815337093,3.0241181699939683,3.544000858454227,4.063883546914486,4.583766235374744,5.103648923835004,7.485370246439614,9.867091569044224,12.248812891648836,14.630534214253444,19.724931122724897,19.428026105939416,18.908143417479156,18.388260729018896,17.868378040558635,17.348495352098375,16.828612663638115,14.446891341033504,12.065170018428894,9.683448695824282,7.3017273732196735
1383,1.677916042855984,1.903610246250039,2.298802319798513,2.693994393346985,3.0891864668954585,3.484378540443932,3.879570613992405,5.690050956937462,7.500531299882518,9.311011642827577,11.121491985772634,14.871256559632515,14.645562356238461,14.250370282689987,13.855178209141515,13.459986135593041,13.064794062044568,12.669601988496094,10.859121645551037,9.04864130260598,7.238160959660921,5.427680616715864
1384,1.1172675321315855,1.2675496673528908,1.5306947005095728,1.7938397336662546,2.0569847668229366,2.3201297999796187,2.583274833136301,3.7888124482913326,4.9943500634463645,6.199887678601396,7.405425293756428,10.033161309414842,9.882879174193537,9.619734141036854,9.356589107880172,9.09344407472349,8.830299041566807,8.567154008410125,7.361616393255093,6.156078778100062,4.95054116294503,3.745003547789998
1385,0.6682540838903488,0.7581400312657272,0.9155309318380566,1.0729218324103855,1.2303127329827148,1.3877036335550441,1.5450945341273732,2.2661442482220826,2.987193962316792,3.7082436764115014,4.429293390506211,6.0734388854665,5.983552938091121,5.826162037518792,5.668771136946463,5.5113802363741335,5.3539893358018045,5.196598435229475,4.475548721134766,3.7544990070400566,3.033449292945347,2.3123995788506377
1386,0.4397550001969972,0.4989058467966161,0.6024793784527985,0.7060529101089809,0.8096264417651632,0.9131999734213457,1.016773505077528,1.4912714914090162,1.9657694777405041,2.4402674640719924,2.9147654504034803,3.6846018562989733,3.625451009699354,3.5218774780431716,3.418303946386989,3.314730414730807,3.2111568830746244,3.1075833514184423,2.633085365086954,2.158587378755466,1.6840893924239777,1.2095914060924897
1387,0.286284866305672,0.32479265405806435,0.39222005033488544,0.4596474466117065,0.5270748428885276,0.5945022391653487,0.6619296354421698,0.9708325302776295,1.2797354251130895,1.5886383199485492,1.8975412147840094,2.22844041223525,2.1899326244828576,2.1225052282060366,2.0550778319292156,1.9876504356523945,1.9202230393755735,1.8527956430987524,1.5438927482632927,1.2349898534278327,0.926086958592373,0.6171840637569128
1388,0.1600000684787465,0.18152145994052682,0.21920556165659857,0.25688966337267033,0.2945737650887421,0.33225786680481384,0.3699419685208856,0.5425828942000834,0.7152238198792811,0.887864745558479,1.0605056712376768,1.3303544742870113,1.308833082825231,1.2711489811091592,1.2334648793930874,1.1957807776770155,1.1580966759609437,1.1204125742448718,0.947771648565674,0.7751307228864763,0.6024897972072784,0.4298488715280806
1389,0.0966650333943288,0.10966731548161278,0.1324343991801003,0.15520148287858784,0.17796856657707538,0.20073565027556292,0.2235027339740505,0.3278048196211218,0.432106905268193,0.5364089909152644,0.6407110765623357,0.8750441895076194,0.8620419074203355,0.8392748237218479,0.8165077400233604,0.7937406563248728,0.7709735726263852,0.7482064889278977,0.6439044032808263,0.5396023176337551,0.4353002319866837,0.3309981463396124
1390,0.060485888935644626,0.06862176353916513,0.08286773488598757,0.09711370623281,0.11135967757963244,0.1256056489264549,0.13985162027327736,0.2051162164429092,0.27038081261254104,0.33564540878217297,0.40091000495180484,0.6530761972950729,0.6449403226915524,0.63069435134473,0.6164483799979075,0.602202408651085,0.5879564373042625,0.57371046595744,0.5084458697878081,0.4431812736181763,0.37791667744854435,0.3126520812789125
1391,0.04326251605801909,0.04908169821561838,0.059271125452270715,0.06946055268892304,0.07964997992557539,0.08983940716222773,0.10002883439888008,0.1467093195416705,0.19338980468446088,0.24007028982725132,0.28675077497004176,0.499578441059629,0.4937592589020297,0.48356983166537737,0.47338040442872503,0.4631909771920727,0.45300154995542036,0.442812122718768,0.3961316375759776,0.3494511524331872,0.30277066729039676,0.2560901821476063
1392,0.031367184720614005,0.03558634204876214,0.04297411500909338,0.050361887969424625,0.057749660929755864,0.0651374338900871,0.07252520685041834,0.10637056615310214,0.14021592545578596,0.17406128475846977,0.20790664406115364,0.38513873965896495,0.3809195823308168,0.3735318093704856,0.36614403641015436,0.35875626344982314,0.3513684904894919,0.3439807175291607,0.3101353582264769,0.27628999892379313,0.24244463962110932,0.20859928031842545
1393,0.027541528392130105,0.031246101893993974,0.037732835101129916,0.04421956830826585,0.05070630151540179,0.057193034722537735,0.06367976792967367,0.09339722368731823,0.1231146794449628,0.15283213520260736,0.18254959096025195,0.2947264391013124,0.29102186559944854,0.2845351323923126,0.27804839918517665,0.2715616659780407,0.26507493277090477,0.25858819956376883,0.22887074380612427,0.1991532880484797,0.16943583229083514,0.13971837653319055
1394,0.021214760756460276,0.024068329353953997,0.029064947229369295,0.03406156510478459,0.03905818298019989,0.04405480085561519,0.049051418731030486,0.07194225852804301,0.09483309832505553,0.11772393812206808,0.1406147779190806,0.2196416620198345,0.2167880934223408,0.21179147554692548,0.20679485767151018,0.20179823979609487,0.19680162192067957,0.19180500404526427,0.16891416424825173,0.14602332445123922,0.12313248465422667,0.10024164485721414
1395,0.017379901386824617,0.01971764826949346,0.023811058840523276,0.02790446941155309,0.03199787998258291,0.03609129055361272,0.04018470112464254,0.058937707246218926,0.07769071336779533,0.09644371948937172,0.11519672561094813,0.1725522635160582,0.17021451663338938,0.16612110606235955,0.16202769549132973,0.1579342849202999,0.15384087434927007,0.14974746377824025,0.13099445765666387,0.11224145153508747,0.09348844541351108,0.07473543929193467
1396,0.018861538995962508,0.02139857893702769,0.025840952998510806,0.030283327059993915,0.03472570112147703,0.03916807518296014,0.04361044924444325,0.0639621502340575,0.08431385122367176,0.10466555221328604,0.1250172532029003,0.16219714722554288,0.1596601072844777,0.15521773322299456,0.15077535916151147,0.14633298510002835,0.14189061103854522,0.1374482369770621,0.11709653598744785,0.0967448349978336,0.07639313400821932,0.05604143301860505
1397,0.06031042844298219,0.06842270209442457,0.08262734801485494,0.09683199393528533,0.1110366398557157,0.1252412857761461,0.1394459316965765,0.20452120506052845,0.2695964784244804,0.33467175178843245,0.39974702515238447,0.4566317751531136,0.4485195015016712,0.43431485558124083,0.4201102096608105,0.4059055637403801,0.3917009178199497,0.3774962718995193,0.3124209985355673,0.24734572517161535,0.18227045180766333,0.1171951784437113
1398,0.30895518501738617,0.35051232648691727,0.4232791617051753,0.4960459969234333,0.5688128321416914,0.6415796673599494,0.7143465025782075,1.0477107919933368,1.3810750814084662,1.7144393708235957,2.0478036602387255,2.1024107163262697,2.0608535748567385,1.9880867396384805,1.9153199044202225,1.8425530692019643,1.7697862339837063,1.6970193987654483,1.363655109350319,1.0302908199351897,0.6969265305200603,0.3635622411049304
1399,1.1612949269476076,1.3174991271273024,1.5910137359992662,1.8645283448712298,2.1380429537431938,2.4115575626151577,2.685072171487121,3.9381155800368046,5.191158988586489,6.444202397136173,7.697245805685856,8.797592590406415,8.64138839022672,8.367873781354756,8.094359172482793,7.820844563610829,7.547329954738865,7.273815345866902,6.020771937317218,4.767728528767535,3.514685120217851,2.261641711668167
1400,2.8365400828547638,3.218079229059924,3.8861568494030205,4.554234469746118,5.222312090089215,5.890389710432311,6.558467330775408,9.61910918103339,12.679751031291374,15.74039288154936,18.801034731807345,21.40384848736475,21.02230934115959,20.354231720816493,19.686154100473395,19.018076480130297,18.3499988597872,17.6819212394441,14.621279389186117,11.560637538928134,8.499995688670149,5.439353838412163
1401,4.187241305649756,4.750461435119857,5.736663683482037,6.722865931844216,7.709068180206397,8.695270428568575,9.681472676930756,14.199528337297998,18.717583997665233,23.23563965803248,27.75369531839972,32.29130966000392,31.72808953053382,30.74188728217164,29.75568503380946,28.76948278544728,27.7832805370851,26.797078288722922,22.27902262835568,17.760966967988445,13.242911307621199,8.724855647253957
1402,4.1224380187469025,4.6769415462886,5.647880965838258,6.618820385387915,7.5897598049375725,8.56069922448723,9.53163864403689,13.979771212843394,18.427903781649896,22.876036350456406,27.324168919262913,32.91035711924829,32.35585359170659,31.384914172156932,30.413974752607274,29.443035333057615,28.472095913507957,27.501156493958298,23.053023925151795,18.60489135634529,14.15675878753878,9.708626218732274
1403,3.351595880008395,3.8024144805325077,4.591800893015079,5.381187305497649,6.170573717980221,6.959960130462791,7.7493465429453625,11.365736340329079,14.982126137712793,18.59851593509651,22.21490573248023,27.356769827551037,26.905951227026925,26.116564814544354,25.327178402061783,24.537791989579212,23.74840557709664,22.95901916461407,19.34262936723035,15.726239569846637,12.109849772462919,8.493459975079201
1404,2.9910124143164416,3.3933294236000933,4.097789222441407,4.80224902128272,5.506708820124034,6.211168618965348,6.915628417806662,10.142946736074473,13.370265054342282,16.597583372610092,19.82490169087791,24.2284335048095,23.82611649552585,23.121656696684536,22.417196897843223,21.71273709900191,21.008277300160596,20.303817501319283,17.076499183051475,13.849180864783666,10.621862546515855,7.394544228248039
1405,2.7047846416677372,3.0686015427890947,3.7056473923676854,4.342693241946275,4.979739091524866,5.6167849411034565,6.253830790682048,9.172307818474215,12.090784846266383,15.009261874058554,17.92773890185072,22.802692522038395,22.438875620917038,21.801829771338447,21.164783921759856,20.527738072181265,19.890692222602674,19.253646373024083,16.335169345231915,13.416692317439747,10.498215289647575,7.579738261855409
1406,2.20733046474823,2.5042354815337093,3.0241181699939683,3.544000858454227,4.063883546914486,4.583766235374744,5.103648923835004,7.485370246439614,9.867091569044224,12.248812891648836,14.630534214253444,19.724931122724897,19.428026105939416,18.908143417479156,18.388260729018896,17.868378040558635,17.348495352098375,16.828612663638115,14.446891341033504,12.065170018428894,9.683448695824282,7.3017273732196735
1407,1.677916042855984,1.903610246250039,2.298802319798513,2.693994393346985,3.0891864668954585,3.484378540443932,3.879570613992405,5.690050956937462,7.500531299882518,9.311011642827577,11.121491985772634,14.871256559632515,14.645562356238461,14.250370282689987,13.855178209141515,13.459986135593041,13.064794062044568,12.669601988496094,10.859121645551037,9.04864130260598,7.238160959660921,5.427680616715864
1408,1.1172675321315855,1.2675496673528908,1.5306947005095728,1.7938397336662546,2.0569847668229366,2.3201297999796187,2.583274833136301,3.7888124482913326,4.9943500634463645,6.199887678601396,7.405425293756428,10.033161309414842,9.882879174193537,9.619734141036854,9.356589107880172,9.09344407472349,8.830299041566807,8.567154008410125,7.361616393255093,6.156078778100062,4.95054116294503,3.745003547789998
1409,0.6682540838903488,0.7581400312657272,0.9155309318380566,1.0729218324103855,1.2303127329827148,1.3877036335550441,1.5450945341273732,2.2661442482220826,2.987193962316792,3.7082436764115014,4.429293390506211,6.0734388854665,5.983552938091121,5.826162037518792,5.668771136946463,5.5113802363741335,5.3539893358018045,5.196598435229475,4.475548721134766,3.7544990070400566,3.033449292945347,2.3123995788506377
1410,0.4397550001969972,0.4989058467966161,0.6024793784527985,0.7060529101089809,0.8096264417651632,0.9131999734213457,1.016773505077528,1.4912714914090162,1.9657694777405041,2.4402674640719924,2.9147654504034803,3.6846018562989733,3.625451009699354,3.5218774780431716,3.418303946386989,3.314730414730807,3.2111568830746244,3.1075833514184423,2.633085365086954,2.158587378755466,1.6840893924239777,1.2095914060924897
1411,0.286284866305672,0.32479265405806435,0.39222005033488544,0.4596474466117065,0.5270748428885276,0.5945022391653487,0.6619296354421698,0.9708325302776295,1.2797354251130895,1.5886383199485492,1.8975412147840094,2.22844041223525,2.1899326244828576,2.1225052282060366,2.0550778319292156,1.9876504356523945,1.9202230393755735,1.8527956430987524,1.5438927482632927,1.2349898534278327,0.926086958592373,0.6171840637569128
1412,0.1600000684787465,0.18152145994052682,0.21920556165659857,0.25688966337267033,0.2945737650887421,0.33225786680481384,0.3699419685208856,0.5425828942000834,0.7152238198792811,0.887864745558479,1.0605056712376768,1.3303544742870113,1.308833082825231,1.2711489811091592,1.2334648793930874,1.1957807776770155,1.1580966759609437,1.1204125742448718,0.947771648565674,0.7751307228864763,0.6024897972072784,0.4298488715280806
1413,0.0966650333943288,0.10966731548161278,0.1324343991801003,0.15520148287858784,0.17796856657707538,0.20073565027556292,0.2235027339740505,0.3278048196211218,0.432106905268193,0.5364089909152644,0.6407110765623357,0.8750441895076194,0.8620419074203355,0.8392748237218479,0.8165077400233604,0.7937406563248728,0.7709735726263852,0.7482064889278977,0.6439044032808263,0.5396023176337551,0.4353002319866837,0.3309981463396124
1414,0.060485888935644626,0.06862176353916513,0.08286773488598757,0.09711370623281,0.11135967757963244,0.1256056489264549,0.13985162027327736,0.2051162164429092,0.27038081261254104,0.33564540878217297,0.40091000495180484,0.6530761972950729,0.6449403226915524,0.63069435134473,0.6164483799979075,0.602202408651085,0.5879564373042625,0.57371046595744,0.5084458697878081,0.4431812736181763,0.37791667744854435,0.3126520812789125
1415,0.04326251605801909,0.04908169821561838,0.059271125452270715,0.06946055268892304,0.07964997992557539,0.08983940716222773,0.10002883439888008,0.1467093195416705,0.19338980468446088,0.24007028982725132,0.28675077497004176,0.499578441059629,0.4937592589020297,0.48356983166537737,0.47338040442872503,0.4631909771920727,0.45300154995542036,0.442812122718768,0.3961316375759776,0.3494511524331872,0.30277066729039676,0.2560901821476063
1416,0.031367184720614005,0.03558634204876214,0.04297411500909338,0.050361887969424625,0.057749660929755864,0.0651374338900871,0.07252520685041834,0.10637056615310214,0.14021592545578596,0.17406128475846977,0.20790664406115364,0.38513873965896495,0.3809195823308168,0.3735318093704856,0.36614403641015436,0.35875626344982314,0.3513684904894919,0.3439807175291607,0.3101353582264769,0.27628999892379313,0.24244463962110932,0.20859928031842545
1417,0.027541528392130105,0.031246101893993974,0.037732835101129916,0.04421956830826585,0.05070630151540179,0.057193034722537735,0.06367976792967367,0.09339722368731823,0.1231146794449628,0.15283213520260736,0.18254959096025195,0.2947264391013124,0.29102186559944854,0.2845351323923126,0.27804839918517665,0.2715616659780407,0.26507493277090477,0.25858819956376883,0.22887074380612427,0.1991532880484797,0.16943583229083514,0.13971837653319055
1418,0.021214760756460276,0.024068329353953997,0.029064947229369295,0.03406156510478459,0.03905818298019989,0.04405480085561519,0.049051418731030486,0.07194225852804301,0.09483309832505553,0.11772393812206808,0.1406147779190806,0.2196416620198345,0.2167880934223408,0.21179147554692548,0.20679485767151018,0.20179823979609487,0.19680162192067957,0.19180500404526427,0.16891416424825173,0.14602332445123922,0.12313248465422667,0.10024164485721414
1419,0.017379901386824617,0.01971764826949346,0.023811058840523276,0.02790446941155309,0.03199787998258291,0.03609129055361272,0.04018470112464254,0.058937707246218926,0.07769071336779533,0.09644371948937172,0.11519672561094813,0.1725522635160582,0.17021451663338938,0.16612110606235955,0.16202769549132973,0.1579342849202999,0.15384087434927007,0.14974746377824025,0.13099445765666387,0.11224145153508747,0.09348844541351108,0.07473543929193467
1420,0.018861538995962508,0.02139857893702769,0.025840952998510806,0.030283327059993915,0.03472570112147703,0.03916807518296014,0.04361044924444325,0.0639621502340575,0.08431385122367176,0.10466555221328604,0.1250172532029003,0.16219714722554288,0.1596601072844777,0.15521773322299456,0.15077535916151147,0.14633298510002835,0.14189061103854522,0.1374482369770621,0.11709653598744785,0.0967448349978336,0.07639313400821932,0.05604143301860505
1421,0.06031042844298219,0.06842270209442457,0.08262734801485494,0.09683199393528533,0.1110366398557157,0.1252412857761461,0.1394459316965765,0.20452120506052845,0.2695964784244804,0.33467175178843245,0.39974702515238447,0.4566317751531136,0.4485195015016712,0.43431485558124083,0.4201102096608105,0.4059055637403801,0.3917009178199497,0.3774962718995193,0.3124209985355673,0.24734572517161535,0.18227045180766333,0.1171951784437113
1422,0.30895518501738617,0.35051232648691727,0.4232791617051753,0.4960459969234333,0.5688128321416914,0.6415796673599494,0.7143465025782075,1.0477107919933368,1.3810750814084662,1.7144393708235957,2.0478036602387255,2.1024107163262697,2.0608535748567385,1.9880867396384805,1.9153199044202225,1.8425530692019643,1.7697862339837063,1.6970193987654483,1.363655109350319,1.0302908199351897,0.6969265305200603,0.3635622411049304
1423,1.1612949269476076,1.3174991271273024,1.5910137359992662,1.8645283448712298,2.1380429537431938,2.4115575626151577,2.685072171487121,3.9381155800368046,5.191158988586489,6.444202397136173,7.697245805685856,8.797592590406415,8.64138839022672,8.367873781354756,8.094359172482793,7.820844563610829,7.547329954738865,7.273815345866902,6.020771937317218,4.767728528767535,3.514685120217851,2.261641711668167
1424,2.8365400828547638,3.218079229059924,3.8861568494030205,4.554234469746118,5.222312090089215,5.890389710432311,6.558467330775408,9.61910918103339,12.679751031291374,15.74039288154936,18.801034731807345,21.40384848736475,21.02230934115959,20.354231720816493,19.686154100473395,19.018076480130297,18.3499988597872,17.6819212394441,14.621279389186117,11.560637538928134,8.499995688670149,5.439353838412163
1425,4.187241305649756,4.750461435119857,5.736663683482037,6.722865931844216,7.709068180206397,8.695270428568575,9.681472676930756,14.199528337297998,18.717583997665233,23.23563965803248,27.75369531839972,32.29130966000392,31.72808953053382,30.74188728217164,29.75568503380946,28.76948278544728,27.7832805370851,26.797078288722922,22.27902262835568,17.760966967988445,13.242911307621199,8.724855647253957
1426,4.1224380187469025,4.6769415462886,5.647880965838258,6.618820385387915,7.5897598049375725,8.56069922448723,9.53163864403689,13.979771212843394,18.427903781649896,22.876036350456406,27.324168919262913,32.91035711924829,32.35585359170659,31.384914172156932,30.413974752607274,29.443035333057615,28.472095913507957,27.501156493958298,23.053023925151795,18.60489135634529,14.15675878753878,9.708626218732274
1427,3.351595880008395,3.8024144805325077,4.591800893015079,5.381187305497649,6.170573717980221,6.959960130462791,7.7493465429453625,11.365736340329079,14.982126137712793,18.59851593509651,22.21490573248023,27.356769827551037,26.905951227026925,26.116564814544354,25.327178402061783,24.537791989579212,23.74840557709664,22.95901916461407,19.34262936723035,15.726239569846637,12.109849772462919,8.493459975079201
1428,2.9910124143164416,3.3933294236000933,4.097789222441407,4.80224902128272,5.506708820124034,6.211168618965348,6.915628417806662,10.142946736074473,13.370265054342282,16.597583372610092,19.82490169087791,24.2284335048095,23.82611649552585,23.121656696684536,22.417196897843223,21.71273709900191,21.008277300160596,20.303817501319283,17.076499183051475,13.849180864783666,10.621862546515855,7.394544228248039
1429,2.7047846416677372,3.0686015427890947,3.7056473923676854,4.342693241946275,4.979739091524866,5.6167849411034565,6.253830790682048,9.172307818474215,12.090784846266383,15.009261874058554,17.92773890185072,22.802692522038395,22.438875620917038,21.801829771338447,21.164783921759856,20.527738072181265,19.890692222602674,19.253646373024083,16.335169345231915,13.416692317439747,10.498215289647575,7.579738261855409
1430,2.20733046474823,2.5042354815337093,3.0241181699939683,3.544000858454227,4.063883546914486,4.583766235374744,5.103648923835004,7.485370246439614,9.867091569044224,12.248812891648836,14.630534214253444,19.724931122724897,19.428026105939416,18.908143417479156,18.388260729018896,17.868378040558635,17.348495352098375,16.828612663638115,14.446891341033504,12.065170018428894,9.683448695824282,7.3017273732196735
1431,1.677916042855984,1.903610246250039,2.298802319798513,2.693994393346985,3.0891864668954585,3.484378540443932,3.879570613992405,5.690050956937462,7.500531299882518,9.311011642827577,11.121491985772634,14.871256559632515,14.645562356238461,14.250370282689987,13.855178209141515,13.459986135593041,13.064794062044568,12.669601988496094,10.859121645551037,9.04864130260598,7.238160959660921,5.427680616715864
1432,1.1172675321315855,1.2675496673528908,1.5306947005095728,1.7938397336662546,2.0569847668229366,2.3201297999796187,2.583274833136301,3.7888124482913326,4.9943500634463645,6.199887678601396,7.405425293756428,10.033161309414842,9.882879174193537,9.619734141036854,9.356589107880172,9.09344407472349,8.830299041566807,8.567154008410125,7.361616393255093,6.156078778100062,4.95054116294503,3.745003547789998
1433,0.6682540838903488,0.7581400312657272,0.9155309318380566,1.0729218324103855,1.2303127329827148,1.3877036335550441,1.5450945341273732,2.2661442482220826,2.987193962316792,3.7082436764115014,4.429293390506211,6.0734388854665,5.983552938091121,5.826162037518792,5.668771136946463,5.5113802363741335,5.3539893358018045,5.196598435229475,4.475548721134766,3.7544990070400566,3.033449292945347,2.3123995788506377
1434,0.4397550001969972,0.4989058467966161,0.6024793784527985,0.7060529101089809,0.8096264417651632,0.9131999734213457,1.016773505077528,1.4912714914090162,1.9657694777405041,2.4402674640719924,2.9147654504034803,3.6846018562989733,3.625451009699354,3.5218774780431716,3.418303946386989,3.314730414730807,3.2111568830746244,3.1075833514184423,2.633085365086954,2.158587378755466,1.6840893924239777,1.2095914060924897
1435,0.286284866305672,0.32479265405806435,0.39222005033488544,0.4596474466117065,0.5270748428885276,0.5945022391653487,0.6619296354421698,0.9708325302776295,1.2797354251130895,1.5886383199485492,1.8975412147840094,2.22844041223525,2.1899326244828576,2.1225052282060366,2.0550778319292156,1.9876504356523945,1.9202230393755735,1.8527956430987524,1.5438927482632927,1.2349898534278327,0.926086958592373,0.6171840637569128
1436,0.1600000684787465,0.18152145994052682,0.21920556165659857,0.25688966337267033,0.2945737650887421,0.33225786680481384,0.3699419685208856,0.5425828942000834,0.7152238198792811,0.887864745558479,1.0605056712376768,1.3303544742870113,1.308833082825231,1.2711489811091592,1.2334648793930874,1.1957807776770155,1.1580966759609437,1.1204125742448718,0.947771648565674,0.7751307228864763,0.6024897972072784,0.4298488715280806
1437,0.0966650333943288,0.10966731548161278,0.1324343991801003,0.15520148287858784,0.17796856657707538,0.20073565027556292,0.2235027339740505,0.3278048196211218,0.432106905268193,0.5364089909152644,0.6407110765623357,0.8750441895076194,0.8620419074203355,0.8392748237218479,0.8165077400233604,0.7937406563248728,0.7709735726263852,0.7482064889278977,0.6439044032808263,0.5396023176337551,0.4353002319866837,0.3309981463396124
1438,0.060485888935644626,0.06862176353916513,0.08286773488598757,0.09711370623281,0.11135967757963244,0.1256056489264549,0.13985162027327736,0.2051162164429092,0.27038081261254104,0.33564540878217297,0.40091000495180484,0.6530761972950729,0.6449403226915524,0.63069435134473,0.6164483799979075,0.602202408651085,0.5879564373042625,0.57371046595744,0.5084458697878081,0.4431812736181763,0.37791667744854435,0.3126520812789125
1439,0.04326251605801909,0.04908169821561838,0.059271125452270715,0.06946055268892304,0.07964997992557539,0.08983940716222773,0.10002883439888008,0.1467093195416705,0.19338980468446088,0.24007028982725132,0.28675077497004176,0.499578441059629,0.4937592589020297,0.48356983166537737,0.47338040442872503,0.4631909771920727,0.45300154995542036,0.442812122718768,0.3961316375759776,0.3494511524331872,0.30277066729039676,0.2560901821476063
1440,0.031367184720614005,0.03558634204876214,0.04297411500909338,0.050361887969424625,0.057749660929755864,0.0651374338900871,0.07252520685041834,0.10637056615310214,0.14021592545578596,0.17406128475846977,0.20790664406115364,0.38513873965896495,0.3809195823308168,0.3735318093704856,0.36614403641015436,0.35875626344982314,0.3513684904894919,0.3439807175291607,0.3101353582264769,0.27628999892379313,0.24244463962110932,0.20859928031842545
1441,0.027541528392130105,0.031246101893993974,0.037732835101129916,0.04421956830826585,0.05070630151540179,0.057193034722537735,0.06367976792967367,0.09339722368731823,0.1231146794449628,0.15283213520260736,0.18254959096025195,0.2947264391013124,0.29102186559944854,0.2845351323923126,0.27804839918517665,0.2715616659780407,0.26507493277090477,0.25858819956376883,0.22887074380612427,0.1991532880484797,0.16943583229083514,0.13971837653319055
1442,0.021214760756460276,0.024068329353953997,0.029064947229369295,0.03406156510478459,0.03905818298019989,0.04405480085561519,0.049051418731030486,0.07194225852804301,0.09483309832505553,0.11772393812206808,0.1406147779190806,0.2196416620198345,0.2167880934223408,0.21179147554692548,0.20679485767151018,0.20179823979609487,0.19680162192067957,0.19180500404526427,0.16891416424825173,0.14602332445123922,0.12313248465422667,0.10024164485721414
1443,0.017379901386824617,0.01971764826949346,0.023811058840523276,0.02790446941155309,0.03199787998258291,0.03609129055361272,0.04018470112464254,0.058937707246218926,0.07769071336779533,0.09644371948937172,0.11519672561094813,0.1725522635160582,0.17021451663338938,0.16612110606235955,0.16202769549132973,0.1579342849202999,0.15384087434927007,0.14974746377824025,0.13099445765666387,0.11224145153508747,0.09348844541351108,0.07473543929193467
1444,0.018861538995962508,0.02139857893702769,0.025840952998510806,0.030283327059993915,0.03472570112147703,0.03916807518296014,0.04361044924444325,0.0639621502340575,0.08431385122367176,0.10466555221328604,0.1250172532029003,0.16219714722554288,0.1596601072844777,0.15521773322299456,0.15077535916151147,0.14633298510002835,0.14189061103854522,0.1374482369770621,0.11709653598744785,0.0967448349978336,0.07639313400821932,0.05604143301860505
1445,0.06031042844298219,0.06842270209442457,0.08262734801485494,0.09683199393528533,0.1110366398557157,0.1252412857761461,0.1394459316965765,0.20452120506052845,0.2695964784244804,0.33467175178843245,0.39974702515238447,0.4566317751531136,0.4485195015016712,0.43431485558124083,0.4201102096608105,0.4059055637403801,0.3917009178199497,0.3774962718995193,0.3124209985355673,0.24734572517161535,0.18227045180766333,0.1171951784437113
1446,0.30895518501738617,0.35051232648691727,0.4232791617051753,0.4960459969234333,0.5688128321416914,0.6415796673599494,0.7143465025782075,1.0477107919933368,1.3810750814084662,1.7144393708235957,2.0478036602387255,2.1024107163262697,2.0608535748567385,1.9880867396384805,1.9153199044202225,1.8425530692019643,1.7697862339837063,1.6970193987654483,1.363655109350319,1.0302908199351897,0.6969265305200603,0.3635622411049304
1447,1.1612949269476076,1.3174991271273024,1.5910137359992662,1.8645283448712298,2.1380429537431938,2.4115575626151577,2.685072171487121,3.9381155800368046,5.191158988586489,6.444202397136173,7.697245805685856,8.797592590406415,8.64138839022672,8.367873781354756,8.094359172482793,7.820844563610829,7.547329954738865,7.273815345866902,6.020771937317218,4.767728528767535,3.514685120217851,2.261641711668167
1448,2.8365400828547638,3.218079229059924,3.8861568494030205,4.554234469746118,5.222312090089215,5.890389710432311,6.558467330775408,9.61910918103339,12.679751031291374,15.74039288154936,18.801034731807345,21.40384848736475,21.02230934115959,20.354231720816493,19.686154100473395,19.018076480130297,18.3499988597872,17.6819212394441,14.621279389186117,11.560637538928134,8.499995688670149,5.439353838412163
1449,4.187241305649756,4.750461435119857,5.736663683482037,6.722865931844216,7.709068180206397,8.695270428568575,9.681472676930756,14.199528337297998,18.717583997665233,23.23563965803248,27.75369531839972,32.29130966000392,31.72808953053382,30.74188728217164,29.75568503380946,28.76948278544728,27.7832805370851,26.797078288722922,22.27902262835568,17.760966967988445,13.242911307621199,8.724855647253957
1450,4.1224380187469025,4.6769415462886,5.647880965838258,6.618820385387915,7.5897598049375725,8.56069922448723,9.53163864403689,13.979771212843394,18.427903781649896,22.876036350456406,27.324168919262913,32.91035711924829,32.35585359170659,31.384914172156932,30.413974752607274,29.443035333057615,28.472095913507957,27.501156493958298,23.053023925151795,18.60489135634529,14.15675878753878,9.708626218732274
1451,3.351595880008395,3.8024144805325077,4.591800893015079,5.381187305497649,6.170573717980221,6.959960130462791,7.7493465429453625,11.365736340329079,14.982126137712793,18.59851593509651,22.21490573248023,27.356769827551037,26.905951227026925,26.116564814544354,25.327178402061783,24.537791989579212,23.74840557709664,22.95901916461407,19.34262936723035,15.726239569846637,12.109849772462919,8.493459975079201
1452,2.9910124143164416,3.3933294236000933,4.097789222441407,4.80224902128272,5.506708820124034,6.211168618965348,6.915628417806662,10.142946736074473,13.370265054342282,16.597583372610092,19.82490169087791,24.2284335048095,23.82611649552585,23.121656696684536,22.417196897843223,21.71273709900191,21.008277300160596,20.303817501319283,17.076499183051475,13.849180864783666,10.621862546515855,7.394544228248039
1453,2.7047846416677372,3.0686015427890947,3.7056473923676854,4.342693241946275,4.979739091524866,5.6167849411034565,6.253830790682048,9.172307818474215,12.090784846266383,15.009261874058554,17.92773890185072,22.802692522038395,22.438875620917038,21.801829771338447,21.164783921759856,20.527738072181265,19.890692222602674,19.253646373024083,16.335169345231915,13.416692317439747,10.498215289647575,7.579738261855409
1454,2.20733046474823,2.5042354815337093,3.0241181699939683,3.544000858454227,4.063883546914486,4.583766235374744,5.103648923835004,7.485370246439614,9.867091569044224,12.248812891648836,14.630534214253444,19.724931122724897,19.428026105939416,18.908143417479156,18.388260729018896,17.868378040558635,17.348495352098375,16.828612663638115,14.446891341033504,12.065170018428894,9.683448695824282,7.3017273732196735
1455,1.677916042855984,1.903610246250039,2.298802319798513,2.693994393346985,3.0891864668954585,3.484378540443932,3.879570613992405,5.690050956937462,7.500531299882518,9.311011642827577,11.121491985772634,14.871256559632515,14.645562356238461,14.250370282689987,13.855178209141515,13.459986135593041,13.064794062044568,12.669601988496094,10.859121645551037,9.04864130260598,7.238160959660921,5.427680616715864
1456,1.1172675321315855,1.2675496673528908,1.5306947005095728,1.7938397336662546,2.0569847668229366,2.3201297999796187,2.583274833136301,3.7888124482913326,4.9943500634463645,6.199887678601396,7.405425293756428,10.033161309414842,9.882879174193537,9.619734141036854,9.356589107880172,9.09344407472349,8.830299041566807,8.567154008410125,7.361616393255093,6.156078778100062,4.95054116294503,3.745003547789998
1457,0.6682540838903488,0.7581400312657272,0.9155309318380566,1.0729218324103855,1.2303127329827148,1.3877036335550441,1.5450945341273732,2.2661442482220826,2.987193962316792,3.7082436764115014,4.429293390506211,6.0734388854665,5.983552938091121,5.826162037518792,5.668771136946463,5.5113802363741335,5.3539893358018045,5.196598435229475,4.475548721134766,3.7544990070400566,3.033449292945347,2.3123995788506377
1458,0.4397550001969972,0.4989058467966161,0.6024793784527985,0.7060529101089809,0.8096264417651632,0.9131999734213457,1.016773505077528,1.4912714914090162,1.9657694777405041,2.4402674640719924,2.9147654504034803,3.6846018562989733,3.625451009699354,3.5218774780431716,3.418303946386989,3.314730414730807,3.2111568830746244,3.1075833514184423,2.633085365086954,2.158587378755466,1.6840893924239777,1.2095914060924897
1459,0.286284866305672,0.32479265405806435,0.39222005033488544,0.4596474466117065,0.5270748428885276,0.5945022391653487,0.6619296354421698,0.9708325302776295,1.2797354251130895,1.5886383199485492,1.8975412147840094,2.22844041223525,2.1899326244828576,2.1225052282060366,2.0550778319292156,1.9876504356523945,1.9202230393755735,1.8527956430987524,1.5438927482632927,1.2349898534278327,0.926086958592373,0.6171840637569128
1460,0.1600000684787465,0.18152145994052682,0.21920556165659857,0.25688966337267033,0.2945737650887421,0.33225786680481384,0.3699419685208856,0.5425828942000834,0.7152238198792811,0.887864745558479,1.0605056712376768,1.3303544742870113,1.308833082825231,1.2711489811091592,1.2334648793930874,1.1957807776770155,1.1580966759609437,1.1204125742448718,0.947771648565674,0.7751307228864763,0.6024897972072784,0.4298488715280806
1461,0.0966650333943288,0.10966731548161278,0.1324343991801003,0.15520148287858784,0.17796856657707538,0.20073565027556292,0.2235027339740505,0.3278048196211218,0.432106905268193,0.5364089909152644,0.6407110765623357,0.8750441895076194,0.8620419074203355,0.8392748237218479,0.8165077400233604,0.7937406563248728,0.7709735726263852,0.7482064889278977,0.6439044032808263,0.5396023176337551,0.4353002319866837,0.3309981463396124
1462,0.060485888935644626,0.06862176353916513,0.08286773488598757,0.09711370623281,0.11135967757963244,0.1256056489264549,0.13985162027327736,0.2051162164429092,0.27038081261254104,0.33564540878217297,0.40091000495180484,0.6530761972950729,0.6449403226915524,0.63069435134473,0.6164483799979075,0.602202408651085,0.5879564373042625,0.57371046595744,0.5084458697878081,0.4431812736181763,0.37791667744854435,0.3126520812789125
1463,0.04326251605801909,0.04908169821561838,0.059271125452270715,0.06946055268892304,0.07964997992557539,0.08983940716222773,0.10002883439888008,0.1467093195416705,0.19338980468446088,0.24007028982725132,0.28675077497004176,0.499578441059629,0.4937592589020297,0.48356983166537737,0.47338040442872503,0.4631909771920727,0.45300154995542036,0.442812122718768,0.3961316375759776,0.3494511524331872,0.30277066729039676,0.2560901821476063
1464,0.06656898268586907,0.07552308595105217,0.09120178120737912,0.10688047646370606,0.12255917172003303,0.13823786697635998,0.1539165622326869,0.2257448489433112,0.29757313565393556,0.36940142236455986,0.44122970907518416,0.4271966781704077,0.4182425749052246,0.4025638796488976,0.3868851843925707,0.3712064891362437,0.35552779387991673,0.3398490986235898,0.2680208119129655,0.19619252520234115,0.12436423849171685,0.05253595178109255
1465,0.056639086305014866,0.06425753272192815,0.07759748382143074,0.09093743492093335,0.10427738602043597,0.11761733711993858,0.1309572882194412,0.19207116387144205,0.25318503952344296,0.31429891517544384,0.3754127908274448,0.3168441383691494,0.3092256919522361,0.2958857408527335,0.28254578975323086,0.26920583865372827,0.2558658875542257,0.24252593645472306,0.1814120608027222,0.1202981851507213,0.05918430949872042,-0.0019295661532805208
1466,0.03392680220936796,0.038490250202461725,0.046480878441028384,0.05447150667959503,0.06246213491816169,0.07045276315672834,0.07844339139529499,0.1150505915949522,0.15165779179460942,0.18826499199426663,0.22487219219392388,0.22601923126692836,0.22145578327383458,0.21346515503526792,0.20547452679670128,0.1974838985581346,0.18949327031956797,0.1815026420810013,0.1448954418813441,0.10828824168168688,0.07168104148202967,0.035073841282372425
1467,0.0236676925723058,0.026851201690074235,0.03242554764354464,0.03799989359701504,0.043574239550485436,0.049148585503955844,0.05472293145742625,0.08026049774238261,0.10579806402733898,0.13133563031229536,0.15687319659725174,0.20284547879051973,0.1996619696727513,0.1940876237192809,0.1885132777658105,0.1829389318123401,0.17736458585886972,0.17179023990539932,0.14625267362044297,0.12071510733548661,0.09517754105053022,0.06963997476557385
1468,0.02469635730095266,0.028018230711428102,0.03383485347536883,0.03965147623930954,0.04546809900325027,0.051284721767191,0.05710134453113172,0.08374884553458932,0.11039634653804692,0.1370438475415045,0.16369134854496212,0.2086410790622131,0.20531920565173767,0.19950258288779693,0.19368596012385622,0.18786933735991548,0.18205271459597477,0.17623609183203404,0.14958859082857645,0.12294108982511885,0.09629358882166127,0.06964608781820365
1469,0.018530992112733714,0.02102357064238779,0.025388092472381524,0.02975261430237525,0.03411713613236898,0.03848165796236271,0.04284617979235644,0.06284121893523797,0.08283625807811949,0.10283129722100104,0.12282633636388257,0.23076451461001737,0.2282719360803633,0.22390741425036959,0.21954289242037586,0.21517837059038214,0.21081384876038842,0.2064493269303947,0.18645428778751316,0.16645924864463163,0.1464642095017501,0.12646917035886857
1470,0.022723898938375474,0.025780459658883387,0.031132518111866028,0.036484576564848666,0.0418366350178313,0.04718869347081395,0.05254075192379659,0.0770599598532782,0.10157916778275981,0.12609837571224142,0.15061758364172306,0.3411068640072945,0.3380503032867866,0.33269824483380395,0.3273461863808213,0.32199412792783866,0.316642069474856,0.31129001102187337,0.2867708030923918,0.2622515951629102,0.2377323872334286,0.21321317930394695
1471,0.05954035988303085,0.0675490526604855,0.08157232777140645,0.0955956028823274,0.10961887799324835,0.12364215310416929,0.13766542821509023,0.20190979350324906,0.2661541587914079,0.33039852407956677,0.3946428893677256,0.5323949645104806,0.524386271733026,0.510362996622105,0.4963397215111841,0.48231644640026317,0.4682931712893422,0.4542698961784213,0.3900255308902625,0.32578116560210363,0.2615368003139448,0.19729243502578592
1472,0.09422208070711786,0.10689576455313886,0.129087470513181,0.15127917647322317,0.17347088243326533,0.1956625883933075,0.21785429435334966,0.31952042104539957,0.42118654773744957,0.5228526744294996,0.6245188011215496,0.7630054397344619,0.7503317558884409,0.7281400499283988,0.7059483439683566,0.6837566380083144,0.6615649320482723,0.6393732260882301,0.5377070993961802,0.4360409727041302,0.33437484601208023,0.23270871932003023
1473,0.11060462621291975,0.12548190395938727,0.1515321177130734,0.17758233146675953,0.2036325452204457,0.22968275897413182,0.255732972727818,0.37507595323620807,0.49441893374459817,0.6137619142529884,0.7331048947613785,1.04243040931092,1.0275531315644524,1.0015029178107662,0.9754527040570801,0.949402490303394,0.9233522765497079,0.8973020627960218,0.7779590822876317,0.6586161017792416,0.5392731212708513,0.41993014076246116
1474,0.14593538259187422,0.16556495229609972,0.19993646134515083,0.23430797039420195,0.2686794794432531,0.3030509884923042,0.3374224975413554,0.4948875522726021,0.6523526070038489,0.8098176617350957,0.9672827164663426,1.3368623237393928,1.3172327540351674,1.2828612449861163,1.2484897359370652,1.2141182268880142,1.1797467178389631,1.145375208789912,0.9879101540586653,0.8304450993274186,0.6729800445961718,0.5155149898649249
1475,0.17412844867806587,0.1975502293326846,0.2385619253527876,0.2795736213728906,0.3205853173929936,0.3615970134130966,0.40260870943319965,0.5904942325625675,0.7783797556919354,0.9662652788213034,1.1541508019506714,1.6963697765134498,1.6729479958588311,1.6319362998387281,1.590924603818625,1.549912907798522,1.508901211778419,1.467889515758316,1.2800039926289482,1.0921184694995802,0.9042329463702122,0.7163474232408442
1476,0.20258246617249245,0.22983155799628885,0.277544901707457,0.32525824541862514,0.3729715891297932,0.4206849328409614,0.46839827655212957,0.6869858360383282,0.9055733955245269,1.1241609550107257,1.3427485144969247,1.9211150761464808,1.8938659843226844,1.8461526406115163,1.7984392969003482,1.7507259531891801,1.7030126094780118,1.6552992657668437,1.4367117062806452,1.2181241467944464,0.9995365873082476,0.7809490278220486
1477,0.22682064156334378,0.25732997737244256,0.31075203030808307,0.3641740832437235,0.4175961361793641,0.4710181891150046,0.5244402420506451,0.769180921820084,1.013921601589523,1.2586622813589619,1.5034029611284008,2.0428941262432594,2.0123847904341607,1.9589627374985201,1.9055406845628797,1.852118631627239,1.7986965786915987,1.745274525755958,1.5005338459865192,1.2557931662170803,1.0110524864476413,0.7663118066782024
1478,0.28713168866453304,0.3257533813399477,0.3933802259058238,0.46100707047169975,0.5286339150375757,0.5962607596034519,0.6638876041693279,0.9737042248382178,1.2835208455071077,1.5933374661759976,1.9031540868448875,2.133676930271694,2.095055237596279,2.027428393030403,1.9598015484645268,1.8921747038986507,1.8245478593327746,1.7569210147668985,1.4471043940980086,1.1372877734291187,0.8274711527602288,0.5176545320913388
1479,0.3067951188581142,0.3480617127682659,0.42031979724889373,0.49257788172952155,0.5648359662101494,0.6370940506907772,0.709352135171405,1.040385701701159,1.3714192682309132,1.7024528347606676,2.0334864012904217,2.1612776545091203,2.120011060598969,2.047752976118341,1.975494891637713,1.9032368071570853,1.8309787226764576,1.7587206381958298,1.427687071666076,1.0966535051363218,0.7656199386065674,0.4345863720768133
1480,0.27598175878396375,0.31310368956544515,0.3781044409318533,0.44310519229826134,0.5081059436646694,0.5731066950310776,0.6381074463974856,0.9358932333664804,1.233679020335475,1.53146480730447,1.829250594273465,1.9097257114610804,1.872603780679599,1.8076030293131908,1.7426022779467827,1.6776015265803745,1.6126007752139664,1.5476000238475582,1.2498142368785634,0.9520284499095688,0.6542426629405738,0.35645687597157893
1481,0.2253108014307007,0.2556170506983482,0.3086834977291007,0.36174994475985317,0.4148163917906057,0.46788283882135817,0.5209492858521106,0.7640608400805081,1.0071723943089055,1.2502839485373032,1.4933955027657007,1.6192575536297766,1.588951304362129,1.5358848573313766,1.4828184103006241,1.4297519632698716,1.3766855162391192,1.3236190692083667,1.0805075149799692,0.8373959607515719,0.5942844065231742,0.3511728522947767
1482,0.181071206183045,0.20542684770103406,0.24807374039633354,0.290720633091633,0.3333675257869325,0.376014418482232,0.41866131117753147,0.6140381066158548,0.809414902054178,1.0047916974925013,1.200168492930825,1.489569188741577,1.4652135472235879,1.4225666545282885,1.379919761832989,1.3372728691376894,1.29462597644239,1.2519790837470905,1.0566022883087673,0.8612254928704441,0.6658486974321208,0.4704719019937972
1483,0.1371027565822645,0.15554426178254532,0.18783546186591396,0.22012666194928254,0.2524178620326512,0.2847090621160198,0.3170002621993884,0.464934866444111,0.6128694706888336,0.7608040749335562,0.9087386791782788,1.2544431595756709,1.23600165437539,1.2037104542920214,1.1714192542086528,1.1391280541252842,1.1068368540419156,1.074545653958547,0.9266110497138245,0.7786764454691019,0.6307418412243793,0.48280723697965666
1484,0.12288693681507708,0.1394162914452449,0.16835930297358676,0.19730231450192862,0.22624532603027048,0.25518833755861237,0.28413134908695425,0.4167270081222759,0.5493226671575976,0.6819183261929194,0.8145139852282411,0.965950353268064,0.9494209986378962,0.9204779871095543,0.8915349755812124,0.8625919640528705,0.8336489525245286,0.8047059409961868,0.6721102819608651,0.5395146229255434,0.40691896389022164,0.27432330485489986
1485,0.10407025709033581,0.11806860573895996,0.14257980870966933,0.16709101168037868,0.19160221465108804,0.2161134176217974,0.24062462059250678,0.3529169820306787,0.4652093434688507,0.5775017049070227,0.6897940663451948,0.756275578156249,0.7422772295076249,0.7177660265369155,0.6932548235662062,0.6687436205954969,0.6442324176247876,0.6197212146540781,0.5074288532159061,0.3951364917777342,0.2828441303395622,0.17055176890139007
1486,0.09174496304809825,0.10408545316899447,0.1256937346673304,0.14730201616566632,0.16891029766400223,0.19051857916233816,0.21212686066067407,0.3111201642112374,0.4101134677618008,0.5091067713123641,0.6081000748629275,0.6380177307790044,0.6256772406581081,0.6040689591597722,0.5824606776614363,0.5608523961631003,0.5392441146647644,0.5176358331664285,0.4186425296158651,0.3196492260653017,0.22065592251473837,0.12166261896417502
1487,0.0756798511426919,0.0858594449247251,0.10368398234795255,0.12150851977117999,0.13933305719440744,0.15715759461763487,0.17498213204086233,0.2566410943198301,0.33830005659879786,0.4199590188777657,0.5016179811567335,0.5589042903878931,0.54872469660586,0.5309001591826326,0.5130756217594051,0.4952510843361777,0.4774265469129503,0.45960200948972285,0.37794304721075506,0.2962840849317873,0.21462512265281947,0.13296616037385167
1488,0.06656898268586907,0.07552308595105217,0.09120178120737912,0.10688047646370606,0.12255917172003303,0.13823786697635998,0.1539165622326869,0.2257448489433112,0.29757313565393556,0.36940142236455986,0.44122970907518416,0.4271966781704077,0.4182425749052246,0.4025638796488976,0.3868851843925707,0.3712064891362437,0.35552779387991673,0.3398490986235898,0.2680208119129655,0.19619252520234115,0.12436423849171685,0.05253595178109255
1489,0.056639086305014866,0.06425753272192815,0.07759748382143074,0.09093743492093335,0.10427738602043597,0.11761733711993858,0.1309572882194412,0.19207116387144205,0.25318503952344296,0.31429891517544384,0.3754127908274448,0.3168441383691494,0.3092256919522361,0.2958857408527335,0.28254578975323086,0.26920583865372827,0.2558658875542257,0.24252593645472306,0.1814120608027222,0.1202981851507213,0.05918430949872042,-0.0019295661532805208
1490,0.03392680220936796,0.038490250202461725,0.046480878441028384,0.05447150667959503,0.06246213491816169,0.07045276315672834,0.07844339139529499,0.1150505915949522,0.15165779179460942,0.18826499199426663,0.22487219219392388,0.22601923126692836,0.22145578327383458,0.21346515503526792,0.20547452679670128,0.1974838985581346,0.18949327031956797,0.1815026420810013,0.1448954418813441,0.10828824168168688,0.07168104148202967,0.035073841282372425
1491,0.0236676925723058,0.026851201690074235,0.03242554764354464,0.03799989359701504,0.043574239550485436,0.049148585503955844,0.05472293145742625,0.08026049774238261,0.10579806402733898,0.13133563031229536,0.15687319659725174,0.20284547879051973,0.1996619696727513,0.1940876237192809,0.1885132777658105,0.1829389318123401,0.17736458585886972,0.17179023990539932,0.14625267362044297,0.12071510733548661,0.09517754105053022,0.06963997476557385
1492,0.02469635730095266,0.028018230711428102,0.03383485347536883,0.03965147623930954,0.04546809900325027,0.051284721767191,0.05710134453113172,0.08374884553458932,0.11039634653804692,0.1370438475415045,0.16369134854496212,0.2086410790622131,0.20531920565173767,0.19950258288779693,0.19368596012385622,0.18786933735991548,0.18205271459597477,0.17623609183203404,0.14958859082857645,0.12294108982511885,0.09629358882166127,0.06964608781820365
1493,0.018530992112733714,0.02102357064238779,0.025388092472381524,0.02975261430237525,0.03411713613236898,0.03848165796236271,0.04284617979235644,0.06284121893523797,0.08283625807811949,0.10283129722100104,0.12282633636388257,0.23076451461001737,0.2282719360803633,0.22390741425036959,0.21954289242037586,0.21517837059038214,0.21081384876038842,0.2064493269303947,0.18645428778751316,0.16645924864463163,0.1464642095017501,0.12646917035886857
1494,0.022723898938375474,0.025780459658883387,0.031132518111866028,0.036484576564848666,0.0418366350178313,0.04718869347081395,0.05254075192379659,0.0770599598532782,0.10157916778275981,0.12609837571224142,0.15061758364172306,0.3411068640072945,0.3380503032867866,0.33269824483380395,0.3273461863808213,0.32199412792783866,0.316642069474856,0.31129001102187337,0.2867708030923918,0.2622515951629102,0.2377323872334286,0.21321317930394695
1495,0.05954035988303085,0.0675490526604855,0.08157232777140645,0.0955956028823274,0.10961887799324835,0.12364215310416929,0.13766542821509023,0.20190979350324906,0.2661541587914079,0.33039852407956677,0.3946428893677256,0.5323949645104806,0.524386271733026,0.510362996622105,0.4963397215111841,0.48231644640026317,0.4682931712893422,0.4542698961784213,0.3900255308902625,0.32578116560210363,0.2615368003139448,0.19729243502578592
1496,0.09422208070711786,0.10689576455313886,0.129087470513181,0.15127917647322317,0.17347088243326533,0.1956625883933075,0.21785429435334966,0.31952042104539957,0.42118654773744957,0.5228526744294996,0.6245188011215496,0.7630054397344619,0.7503317558884409,0.7281400499283988,0.7059483439683566,0.6837566380083144,0.6615649320482723,0.6393732260882301,0.5377070993961802,0.4360409727041302,0.33437484601208023,0.23270871932003023
1497,0.11060462621291975,0.12548190395938727,0.1515321177130734,0.17758233146675953,0.2036325452204457,0.22968275897413182,0.255732972727818,0.37507595323620807,0.49441893374459817,0.6137619142529884,0.7331048947613785,1.04243040931092,1.0275531315644524,1.0015029178107662,0.9754527040570801,0.949402490303394,0.9233522765497079,0.8973020627960218,0.7779590822876317,0.6586161017792416,0.5392731212708513,0.41993014076246116
1498,0.14593538259187422,0.16556495229609972,0.19993646134515083,0.23430797039420195,0.2686794794432531,0.3030509884923042,0.3374224975413554,0.4948875522726021,0.6523526070038489,0.8098176617350957,0.9672827164663426,1.3368623237393928,1.3172327540351674,1.2828612449861163,1.2484897359370652,1.2141182268880142,1.1797467178389631,1.145375208789912,0.9879101540586653,0.8304450993274186,0.6729800445961718,0.5155149898649249
1499,0.17412844867806587,0.1975502293326846,0.2385619253527876,0.2795736213728906,0.3205853173929936,0.3615970134130966,0.40260870943319965,0.5904942325625675,0.7783797556919354,0.9662652788213034,1.1541508019506714,1.6963697765134498,1.6729479958588311,1.6319362998387281,1.590924603818625,1.549912907798522,1.508901211778419,1.467889515758316,1.2800039926289482,1.0921184694995802,0.9042329463702122,0.7163474232408442
1500,0.20258246617249245,0.22983155799628885,0.277544901707457,0.32525824541862514,0.3729715891297932,0.4206849328409614,0.46839827655212957,0.6869858360383282,0.9055733955245269,1.1241609550107257,1.3427485144969247,1.9211150761464808,1.8938659843226844,1.8461526406115163,1.7984392969003482,1.7507259531891801,1.7030126094780118,1.6552992657668437,1.4367117062806452,1.2181241467944464,0.9995365873082476,0.7809490278220486
1501,0.22682064156334378,0.25732997737244256,0.31075203030808307,0.3641740832437235,0.4175961361793641,0.4710181891150046,0.5244402420506451,0.769180921820084,1.013921601589523,1.2586622813589619,1.5034029611284008,2.0428941262432594,2.0123847904341607,1.9589627374985201,1.9055406845628797,1.852118631627239,1.7986965786915987,1.745274525755958,1.5005338459865192,1.2557931662170803,1.0110524864476413,0.7663118066782024
1502,0.28713168866453304,0.3257533813399477,0.3933802259058238,0.46100707047169975,0.5286339150375757,0.5962607596034519,0.6638876041693279,0.9737042248382178,1.2835208455071077,1.5933374661759976,1.9031540868448875,2.133676930271694,2.095055237596279,2.027428393030403,1.9598015484645268,1.8921747038986507,1.8245478593327746,1.7569210147668985,1.4471043940980086,1.1372877734291187,0.8274711527602288,0.5176545320913388
1503,0.3067951188581142,0.3480617127682659,0.42031979724889373,0.49257788172952155,0.5648359662101494,0.6370940506907772,0.709352135171405,1.040385701701159,1.3714192682309132,1.7024528347606676,2.0334864012904217,2.1612776545091203,2.120011060598969,2.047752976118341,1.975494891637713,1.9032368071570853,1.8309787226764576,1.7587206381958298,1.427687071666076,1.0966535051363218,0.7656199386065674,0.4345863720768133
1504,0.27598175878396375,0.31310368956544515,0.3781044409318533,0.44310519229826134,0.5081059436646694,0.5731066950310776,0.6381074463974856,0.9358932333664804,1.233679020335475,1.53146480730447,1.829250594273465,1.9097257114610804,1.872603780679599,1.8076030293131908,1.7426022779467827,1.6776015265803745,1.6126007752139664,1.5476000238475582,1.2498142368785634,0.9520284499095688,0.6542426629405738,0.35645687597157893
1505,0.2253108014307007,0.2556170506983482,0.3086834977291007,0.36174994475985317,0.4148163917906057,0.46788283882135817,0.5209492858521106,0.7640608400805081,1.0071723943089055,1.2502839485373032,1.4933955027657007,1.6192575536297766,1.588951304362129,1.5358848573313766,1.4828184103006241,1.4297519632698716,1.3766855162391192,1.3236190692083667,1.0805075149799692,0.8373959607515719,0.5942844065231742,0.3511728522947767
1506,0.181071206183045,0.20542684770103406,0.24807374039633354,0.290720633091633,0.3333675257869325,0.376014418482232,0.41866131117753147,0.6140381066158548,0.809414902054178,1.0047916974925013,1.200168492930825,1.489569188741577,1.4652135472235879,1.4225666545282885,1.379919761832989,1.3372728691376894,1.29462597644239,1.2519790837470905,1.0566022883087673,0.8612254928704441,0.6658486974321208,0.4704719019937972
1507,0.1371027565822645,0.15554426178254532,0.18783546186591396,0.22012666194928254,0.2524178620326512,0.2847090621160198,0.3170002621993884,0.464934866444111,0.6128694706888336,0.7608040749335562,0.9087386791782788,1.2544431595756709,1.23600165437539,1.2037104542920214,1.1714192542086528,1.1391280541252842,1.1068368540419156,1.074545653958547,0.9266110497138245,0.7786764454691019,0.6307418412243793,0.48280723697965666
1508,0.12288693681507708,0.1394162914452449,0.16835930297358676,0.19730231450192862,0.22624532603027048,0.25518833755861237,0.28413134908695425,0.4167270081222759,0.5493226671575976,0.6819183261929194,0.8145139852282411,0.965950353268064,0.9494209986378962,0.9204779871095543,0.8915349755812124,0.8625919640528705,0.8336489525245286,0.8047059409961868,0.6721102819608651,0.5395146229255434,0.40691896389022164,0.27432330485489986
1509,0.10407025709033581,0.11806860573895996,0.14257980870966933,0.16709101168037868,0.19160221465108804,0.2161134176217974,0.24062462059250678,0.3529169820306787,0.4652093434688507,0.5775017049070227,0.6897940663451948,0.756275578156249,0.7422772295076249,0.7177660265369155,0.6932548235662062,0.6687436205954969,0.6442324176247876,0.6197212146540781,0.5074288532159061,0.3951364917777342,0.2828441303395622,0.17055176890139007
1510,0.09174496304809825,0.10408545316899447,0.1256937346673304,0.14730201616566632,0.16891029766400223,0.19051857916233816,0.21212686066067407,0.3111201642112374,0.4101134677618008,0.5091067713123641,0.6081000748629275,0.6380177307790044,0.6256772406581081,0.6040689591597722,0.5824606776614363,0.5608523961631003,0.5392441146647644,0.5176358331664285,0.4186425296158651,0.3196492260653017,0.22065592251473837,0.12166261896417502
1511,0.0756798511426919,0.0858594449247251,0.10368398234795255,0.12150851977117999,0.13933305719440744,0.15715759461763487,0.17498213204086233,0.2566410943198301,0.33830005659879786,0.4199590188777657,0.5016179811567335,0.5589042903878931,0.54872469660586,0.5309001591826326,0.5130756217594051,0.4952510843361777,0.4774265469129503,0.45960200948972285,0.37794304721075506,0.2962840849317873,0.21462512265281947,0.13296616037385167
1512,0.031367184720614005,0.03558634204876214,0.04297411500909338,0.050361887969424625,0.057749660929755864,0.0651374338900871,0.07252520685041834,0.10637056615310214,0.14021592545578596,0.17406128475846977,0.20790664406115364,0.38513873965896495,0.3809195823308168,0.3735318093704856,0.36614403641015436,0.35875626344982314,0.3513684904894919,0.3439807175291607,0.3101353582264769,0.27628999892379313,0.24244463962110932,0.20859928031842545
1513,0.027541528392130105,0.031246101893993974,0.037732835101129916,0.04421956830826585,0.05070630151540179,0.057193034722537735,0.06367976792967367,0.09339722368731823,0.1231146794449628,0.15283213520260736,0.18254959096025195,0.2947264391013124,0.29102186559944854,0.2845351323923126,0.27804839918517665,0.2715616659780407,0.26507493277090477,0.25858819956376883,0.22887074380612427,0.1991532880484797,0.16943583229083514,0.13971837653319055
1514,0.021214760756460276,0.024068329353953997,0.029064947229369295,0.03406156510478459,0.03905818298019989,0.04405480085561519,0.049051418731030486,0.07194225852804301,0.09483309832505553,0.11772393812206808,0.1406147779190806,0.2196416620198345,0.2167880934223408,0.21179147554692548,0.20679485767151018,0.20179823979609487,0.19680162192067957,0.19180500404526427,0.16891416424825173,0.14602332445123922,0.12313248465422667,0.10024164485721414
1515,0.017379901386824617,0.01971764826949346,0.023811058840523276,0.02790446941155309,0.03199787998258291,0.03609129055361272,0.04018470112464254,0.058937707246218926,0.07769071336779533,0.09644371948937172,0.11519672561094813,0.1725522635160582,0.17021451663338938,0.16612110606235955,0.16202769549132973,0.1579342849202999,0.15384087434927007,0.14974746377824025,0.13099445765666387,0.11224145153508747,0.09348844541351108,0.07473543929193467
1516,0.018861538995962508,0.02139857893702769,0.025840952998510806,0.030283327059993915,0.03472570112147703,0.03916807518296014,0.04361044924444325,0.0639621502340575,0.08431385122367176,0.10466555221328604,0.1250172532029003,0.16219714722554288,0.1596601072844777,0.15521773322299456,0.15077535916151147,0.14633298510002835,0.14189061103854522,0.1374482369770621,0.11709653598744785,0.0967448349978336,0.07639313400821932,0.05604143301860505
1517,0.06031042844298219,0.06842270209442457,0.08262734801485494,0.09683199393528533,0.1110366398557157,0.1252412857761461,0.1394459316965765,0.20452120506052845,0.2695964784244804,0.33467175178843245,0.39974702515238447,0.4566317751531136,0.4485195015016712,0.43431485558124083,0.4201102096608105,0.4059055637403801,0.3917009178199497,0.3774962718995193,0.3124209985355673,0.24734572517161535,0.18227045180766333,0.1171951784437113
1518,0.30895518501738617,0.35051232648691727,0.4232791617051753,0.4960459969234333,0.5688128321416914,0.6415796673599494,0.7143465025782075,1.0477107919933368,1.3810750814084662,1.7144393708235957,2.0478036602387255,2.1024107163262697,2.0608535748567385,1.9880867396384805,1.9153199044202225,1.8425530692019643,1.7697862339837063,1.6970193987654483,1.363655109350319,1.0302908199351897,0.6969265305200603,0.3635622411049304
1519,1.1612949269476076,1.3174991271273024,1.5910137359992662,1.8645283448712298,2.1380429537431938,2.4115575626151577,2.685072171487121,3.9381155800368046,5.191158988586489,6.444202397136173,7.697245805685856,8.797592590406415,8.64138839022672,8.367873781354756,8.094359172482793,7.820844563610829,7.547329954738865,7.273815345866902,6.020771937317218,4.767728528767535,3.514685120217851,2.261641711668167
1520,2.8365400828547638,3.218079229059924,3.8861568494030205,4.554234469746118,5.222312090089215,5.890389710432311,6.558467330775408,9.61910918103339,12.679751031291374,15.74039288154936,18.801034731807345,21.40384848736475,21.02230934115959,20.354231720816493,19.686154100473395,19.018076480130297,18.3499988597872,17.6819212394441,14.621279389186117,11.560637538928134,8.499995688670149,5.439353838412163
1521,4.187241305649756,4.750461435119857,5.736663683482037,6.722865931844216,7.709068180206397,8.695270428568575,9.681472676930756,14.199528337297998,18.717583997665233,23.23563965803248,27.75369531839972,32.29130966000392,31.72808953053382,30.74188728217164,29.75568503380946,28.76948278544728,27.7832805370851,26.797078288722922,22.27902262835568,17.760966967988445,13.242911307621199,8.724855647253957
1522,4.1224380187469025,4.6769415462886,5.647880965838258,6.618820385387915,7.5897598049375725,8.56069922448723,9.53163864403689,13.979771212843394,18.427903781649896,22.876036350456406,27.324168919262913,32.91035711924829,32.35585359170659,31.384914172156932,30.413974752607274,29.443035333057615,28.472095913507957,27.501156493958298,23.053023925151795,18.60489135634529,14.15675878753878,9.708626218732274
1523,3.351595880008395,3.8024144805325077,4.591800893015079,5.381187305497649,6.170573717980221,6.959960130462791,7.7493465429453625,11.365736340329079,14.982126137712793,18.59851593509651,22.21490573248023,27.356769827551037,26.905951227026925,26.116564814544354,25.327178402061783,24.537791989579212,23.74840557709664,22.95901916461407,19.34262936723035,15.726239569846637,12.109849772462919,8.493459975079201
1524,2.9910124143164416,3.3933294236000933,4.097789222441407,4.80224902128272,5.506708820124034,6.211168618965348,6.915628417806662,10.142946736074473,13.370265054342282,16.597583372610092,19.82490169087791,24.2284335048095,23.82611649552585,23.121656696684536,22.417196897843223,21.71273709900191,21.008277300160596,20.303817501319283,17.076499183051475,13.849180864783666,10.621862546515855,7.394544228248039
1525,2.7047846416677372,3.0686015427890947,3.7056473923676854,4.342693241946275,4.979739091524866,5.6167849411034565,6.253830790682048,9.172307818474215,12.090784846266383,15.009261874058554,17.92773890185072,22.802692522038395,22.438875620917038,21.801829771338447,21.164783921759856,20.527738072181265,19.890692222602674,19.253646373024083,16.335169345231915,13.416692317439747,10.498215289647575,7.579738261855409
1526,2.20733046474823,2.5042354815337093,3.0241181699939683,3.544000858454227,4.063883546914486,4.583766235374744,5.103648923835004,7.485370246439614,9.867091569044224,12.248812891648836,14.630534214253444,19.724931122724897,19.428026105939416,18.908143417479156,18.388260729018896,17.868378040558635,17.348495352098375,16.828612663638115,14.446891341033504,12.065170018428894,9.683448695824282,7.3017273732196735
1527,1.677916042855984,1.903610246250039,2.298802319798513,2.693994393346985,3.0891864668954585,3.484378540443932,3.879570613992405,5.690050956937462,7.500531299882518,9.311011642827577,11.121491985772634,14.871256559632515,14.645562356238461,14.250370282689987,13.855178209141515,13.459986135593041,13.064794062044568,12.669601988496094,10.859121645551037,9.04864130260598,7.238160959660921,5.427680616715864
1528,1.1172675321315855,1.2675496673528908,1.5306947005095728,1.7938397336662546,2.0569847668229366,2.3201297999796187,2.583274833136301,3.7888124482913326,4.9943500634463645,6.199887678601396,7.405425293756428,10.033161309414842,9.882879174193537,9.619734141036854,9.356589107880172,9.09344407472349,8.830299041566807,8.567154008410125,7.361616393255093,6.156078778100062,4.95054116294503,3.745003547789998
1529,0.6682540838903488,0.7581400312657272,0.9155309318380566,1.0729218324103855,1.2303127329827148,1.3877036335550441,1.5450945341273732,2.2661442482220826,2.987193962316792,3.7082436764115014,4.429293390506211,6.0734388854665,5.983552938091121,5.826162037518792,5.668771136946463,5.5113802363741335,5.3539893358018045,5.196598435229475,4.475548721134766,3.7544990070400566,3.033449292945347,2.3123995788506377
1530,0.4397550001969972,0.4989058467966161,0.6024793784527985,0.7060529101089809,0.8096264417651632,0.9131999734213457,1.016773505077528,1.4912714914090162,1.9657694777405041,2.4402674640719924,2.9147654504034803,3.6846018562989733,3.625451009699354,3.5218774780431716,3.418303946386989,3.314730414730807,3.2111568830746244,3.1075833514184423,2.633085365086954,2.158587378755466,1.6840893924239777,1.2095914060924897
1531,0.286284866305672,0.32479265405806435,0.39222005033488544,0.4596474466117065,0.5270748428885276,0.5945022391653487,0.6619296354421698,0.9708325302776295,1.2797354251130895,1.5886383199485492,1.8975412147840094,2.22844041223525,2.1899326244828576,2.1225052282060366,2.0550778319292156,1.9876504356523945,1.9202230393755735,1.8527956430987524,1.5438927482632927,1.2349898534278327,0.926086958592373,0.6171840637569128
1532,0.1600000684787465,0.18152145994052682,0.21920556165659857,0.25688966337267033,0.2945737650887421,0.33225786680481384,0.3699419685208856,0.5425828942000834,0.7152238198792811,0.887864745558479,1.0605056712376768,1.3303544742870113,1.308833082825231,1.2711489811091592,1.2334648793930874,1.1957807776770155,1.1580966759609437,1.1204125742448718,0.947771648565674,0.7751307228864763,0.6024897972072784,0.4298488715280806
1533,0.0966650333943288,0.10966731548161278,0.1324343991801003,0.15520148287858784,0.17796856657707538,0.20073565027556292,0.2235027339740505,0.3278048196211218,0.432106905268193,0.5364089909152644,0.6407110765623357,0.8750441895076194,0.8620419074203355,0.8392748237218479,0.8165077400233604,0.7937406563248728,0.7709735726263852,0.7482064889278977,0.6439044032808263,0.5396023176337551,0.4353002319866837,0.3309981463396124
1534,0.060485888935644626,0.06862176353916513,0.08286773488598757,0.09711370623281,0.11135967757963244,0.1256056489264549,0.13985162027327736,0.2051162164429092,0.27038081261254104,0.33564540878217297,0.40091000495180484,0.6530761972950729,0.6449403226915524,0.63069435134473,0.6164483799979075,0.602202408651085,0.5879564373042625,0.57371046595744,0.5084458697878081,0.4431812736181763,0.37791667744854435,0.3126520812789125
1535,0.04326251605801909,0.04908169821561838,0.059271125452270715,0.06946055268892304,0.07964997992557539,0.08983940716222773,0.10002883439888008,0.1467093195416705,0.19338980468446088,0.24007028982725132,0.28675077497004176,0.499578441059629,0.4937592589020297,0.48356983166537737,0.47338040442872503,0.4631909771920727,0.45300154995542036,0.442812122718768,0.3961316375759776,0.3494511524331872,0.30277066729039676,0.2560901821476063
1536,0.031367184720614005,0.03558634204876214,0.04297411500909338,0.050361887969424625,0.057749660929755864,0.0651374338900871,0.07252520685041834,0.10637056615310214,0.14021592545578596,0.17406128475846977,0.20790664406115364,0.38513873965896495,0.3809195823308168,0.3735318093704856,0.36614403641015436,0.35875626344982314,0.3513684904894919,0.3439807175291607,0.3101353582264769,0.27628999892379313,0.24244463962110932,0.20859928031842545
1537,0.027541528392130105,0.031246101893993974,0.037732835101129916,0.04421956830826585,0.05070630151540179,0.057193034722537735,0.06367976792967367,0.09339722368731823,0.1231146794449628,0.15283213520260736,0.18254959096025195,0.2947264391013124,0.29102186559944854,0.2845351323923126,0.27804839918517665,0.2715616659780407,0.26507493277090477,0.25858819956376883,0.22887074380612427,0.1991532880484797,0.16943583229083514,0.13971837653319055
1538,0.021214760756460276,0.024068329353953997,0.029064947229369295,0.03406156510478459,0.03905818298019989,0.04405480085561519,0.049051418731030486,0.07194225852804301,0.09483309832505553,0.11772393812206808,0.1406147779190806,0.2196416620198345,0.2167880934223408,0.21179147554692548,0.20679485767151018,0.20179823979609487,0.19680162192067957,0.19180500404526427,0.16891416424825173,0.14602332445123922,0.12313248465422667,0.10024164485721414
1539,0.017379901386824617,0.01971764826949346,0.023811058840523276,0.02790446941155309,0.03199787998258291,0.03609129055361272,0.04018470112464254,0.058937707246218926,0.07769071336779533,0.09644371948937172,0.11519672561094813,0.1725522635160582,0.17021451663338938,0.16612110606235955,0.16202769549132973,0.1579342849202999,0.15384087434927007,0.14974746377824025,0.13099445765666387,0.11224145153508747,0.09348844541351108,0.07473543929193467
1540,0.018861538995962508,0.02139857893702769,0.025840952998510806,0.030283327059993915,0.03472570112147703,0.03916807518296014,0.04361044924444325,0.0639621502340575,0.08431385122367176,0.10466555221328604,0.1250172532029003,0.16219714722554288,0.1596601072844777,0.15521773322299456,0.15077535916151147,0.14633298510002835,0.14189061103854522,0.1374482369770621,0.11709653598744785,0.0967448349978336,0.07639313400821932,0.05604143301860505
1541,0.06031042844298219,0.06842270209442457,0.08262734801485494,0.09683199393528533,0.1110366398557157,0.1252412857761461,0.1394459316965765,0.20452120506052845,0.2695964784244804,0.33467175178843245,0.39974702515238447,0.4566317751531136,0.4485195015016712,0.43431485558124083,0.4201102096608105,0.4059055637403801,0.3917009178199497,0.3774962718995193,0.3124209985355673,0.24734572517161535,0.18227045180766333,0.1171951784437113
1542,0.30895518501738617,0.35051232648691727,0.4232791617051753,0.4960459969234333,0.5688128321416914,0.6415796673599494,0.7143465025782075,1.0477107919933368,1.3810750814084662,1.7144393708235957,2.0478036602387255,2.1024107163262697,2.0608535748567385,1.9880867396384805,1.9153199044202225,1.8425530692019643,1.7697862339837063,1.6970193987654483,1.363655109350319,1.0302908199351897,0.6969265305200603,0.3635622411049304
1543,1.1612949269476076,1.3174991271273024,1.5910137359992662,1.8645283448712298,2.1380429537431938,2.4115575626151577,2.685072171487121,3.9381155800368046,5.191158988586489,6.444202397136173,7.697245805685856,8.797592590406415,8.64138839022672,8.367873781354756,8.094359172482793,7.820844563610829,7.547329954738865,7.273815345866902,6.020771937317218,4.767728528767535,3.514685120217851,2.261641711668167
1544,2.8365400828547638,3.218079229059924,3.8861568494030205,4.554234469746118,5.222312090089215,5.890389710432311,6.558467330775408,9.61910918103339,12.679751031291374,15.74039288154936,18.801034731807345,21.40384848736475,21.02230934115959,20.354231720816493,19.686154100473395,19.018076480130297,18.3499988597872,17.6819212394441,14.621279389186117,11.560637538928134,8.499995688670149,5.439353838412163
1545,4.187241305649756,4.750461435119857,5.736663683482037,6.722865931844216,7.709068180206397,8.695270428568575,9.681472676930756,14.199528337297998,18.717583997665233,23.23563965803248,27.75369531839972,32.29130966000392,31.72808953053382,30.74188728217164,29.75568503380946,28.76948278544728,27.7832805370851,26.797078288722922,22.27902262835568,17.760966967988445,13.242911307621199,8.724855647253957
1546,4.1224380187469025,4.6769415462886,5.647880965838258,6.618820385387915,7.5897598049375725,8.56069922448723,9.53163864403689,13.979771212843394,18.427903781649896,22.876036350456406,27.324168919262913,32.91035711924829,32.35585359170659,31.384914172156932,30.413974752607274,29.443035333057615,28.472095913507957,27.501156493958298,23.053023925151795,18.60489135634529,14.15675878753878,9.708626218732274
1547,3.351595880008395,3.8024144805325077,4.591800893015079,5.381187305497649,6.170573717980221,6.959960130462791,7.7493465429453625,11.365736340329079,14.982126137712793,18.59851593509651,22.21490573248023,27.356769827551037,26.905951227026925,26.116564814544354,25.327178402061783,24.537791989579212,23.74840557709664,22.95901916461407,19.34262936723035,15.726239569846637,12.109849772462919,8.493459975079201
1548,2.9910124143164416,3.3933294236000933,4.097789222441407,4.80224902128272,5.506708820124034,6.211168618965348,6.915628417806662,10.142946736074473,13.370265054342282,16.597583372610092,19.82490169087791,24.2284335048095,23.82611649552585,23.121656696684536,22.417196897843223,21.71273709900191,21.008277300160596,20.303817501319283,17.076499183051475,13.849180864783666,10.621862546515855,7.394544228248039
1549,2.7047846416677372,3.0686015427890947,3.7056473923676854,4.342693241946275,4.979739091524866,5.6167849411034565,6.253830790682048,9.172307818474215,12.090784846266383,15.009261874058554,17.92773890185072,22.802692522038395,22.438875620917038,21.801829771338447,21.164783921759856,20.527738072181265,19.890692222602674,19.253646373024083,16.335169345231915,13.416692317439747,10.498215289647575,7.579738261855409
1550,2.20733046474823,2.5042354815337093,3.0241181699939683,3.544000858454227,4.063883546914486,4.583766235374744,5.103648923835004,7.485370246439614,9.867091569044224,12.248812891648836,14.630534214253444,19.724931122724897,19.428026105939416,18.908143417479156,18.388260729018896,17.868378040558635,17.348495352098375,16.828612663638115,14.446891341033504,12.065170018428894,9.683448695824282,7.3017273732196735
1551,1.677916042855984,1.903610246250039,2.298802319798513,2.693994393346985,3.0891864668954585,3.484378540443932,3.879570613992405,5.690050956937462,7.500531299882518,9.311011642827577,11.121491985772634,14.871256559632515,14.645562356238461,14.250370282689987,13.855178209141515,13.459986135593041,13.064794062044568,12.669601988496094,10.859121645551037,9.04864130260598,7.238160959660921,5.427680616715864
1552,1.1172675321315855,1.2675496673528908,1.5306947005095728,1.7938397336662546,2.0569847668229366,2.3201297999796187,2.583274833136301,3.7888124482913326,4.9943500634463645,6.199887678601396,7.405425293756428,10.033161309414842,9.882879174193537,9.619734141036854,9.356589107880172,9.09344407472349,8.830299041566807,8.567154008410125,7.361616393255093,6.156078778100062,4.95054116294503,3.745003547789998
1553,0.6682540838903488,0.7581400312657272,0.9155309318380566,1.0729218324103855,1.2303127329827148,1.3877036335550441,1.5450945341273732,2.2661442482220826,2.987193962316792,3.7082436764115014,4.429293390506211,6.0734388854665,5.983552938091121,5.826162037518792,5.668771136946463,5.5113802363741335,5.3539893358018045,5.196598435229475,4.475548721134766,3.7544990070400566,3.033449292945347,2.3123995788506377
1554,0.4397550001969972,0.4989058467966161,0.6024793784527985,0.7060529101089809,0.8096264417651632,0.9131999734213457,1.016773505077528,1.4912714914090162,1.9657694777405041,2.4402674640719924,2.9147654504034803,3.6846018562989733,3.625451009699354,3.5218774780431716,3.418303946386989,3.314730414730807,3.2111568830746244,3.1075833514184423,2.633085365086954,2.158587378755466,1.6840893924239777,1.2095914060924897
1555,0.286284866305672,0.32479265405806435,0.39222005033488544,0.4596474466117065,0.5270748428885276,0.5945022391653487,0.6619296354421698,0.9708325302776295,1.2797354251130895,1.5886383199485492,1.8975412147840094,2.22844041223525,2.1899326244828576,2.1225052282060366,2.0550778319292156,1.9876504356523945,1.9202230393755735,1.8527956430987524,1.5438927482632927,1.2349898534278327,0.926086958592373,0.6171840637569128
1556,0.1600000684787465,0.18152145994052682,0.21920556165659857,0.25688966337267033,0.2945737650887421,0.33225786680481384,0.3699419685208856,0.5425828942000834,0.7152238198792811,0.887864745558479,1.0605056712376768,1.3303544742870113,1.308833082825231,1.2711489811091592,1.2334648793930874,1.1957807776770155,1.1580966759609437,1.1204125742448718,0.947771648565674,0.7751307228864763,0.6024897972072784,0.4298488715280806
1557,0.0966650333943288,0.10966731548161278,0.1324343991801003,0.15520148287858784,0.17796856657707538,0.20073565027556292,0.2235027339740505,0.3278048196211218,0.432106905268193,0.5364089909152644,0.6407110765623357,0.8750441895076194,0.8620419074203355,0.8392748237218479,0.8165077400233604,0.7937406563248728,0.7709735726263852,0.7482064889278977,0.6439044032808263,0.5396023176337551,0.4353002319866837,0.3309981463396124
1558,0.060485888935644626,0.06862176353916513,0.08286773488598757,0.09711370623281,0.11135967757963244,0.1256056489264549,0.13985162027327736,0.2051162164429092,0.27038081261254104,0.33564540878217297,0.40091000495180484,0.6530761972950729,0.6449403226915524,0.63069435134473,0.6164483799979075,0.602202408651085,0.5879564373042625,0.57371046595744,0.5084458697878081,0.4431812736181763,0.37791667744854435,0.3126520812789125
1559,0.04326251605801909,0.04908169821561838,0.059271125452270715,0.06946055268892304,0.07964997992557539,0.08983940716222773,0.10002883439888008,0.1467093195416705,0.19338980468446088,0.24007028982725132,0.28675077497004176,0.499578441059629,0.4937592589020297,0.48356983166537737,0.47338040442872503,0.4631909771920727,0.45300154995542036,0.442812122718768,0.3961316375759776,0.3494511524331872,0.30277066729039676,0.2560901821476063
1560,0.031367184720614005,0.03558634204876214,0.04297411500909338,0.050361887969424625,0.057749660929755864,0.0651374338900871,0.07252520685041834,0.10637056615310214,0.14021592545578596,0.17406128475846977,0.20790664406115364,0.38513873965896495,0.3809195823308168,0.3735318093704856,0.36614403641015436,0.35875626344982314,0.3513684904894919,0.3439807175291607,0.3101353582264769,0.27628999892379313,0.24244463962110932,0.20859928031842545
1561,0.027541528392130105,0.031246101893993974,0.037732835101129916,0.04421956830826585,0.05070630151540179,0.057193034722537735,0.06367976792967367,0.09339722368731823,0.1231146794449628,0.15283213520260736,0.18254959096025195,0.2947264391013124,0.29102186559944854,0.2845351323923126,0.27804839918517665,0.2715616659780407,0.26507493277090477,0.25858819956376883,0.22887074380612427,0.1991532880484797,0.16943583229083514,0.13971837653319055
1562,0.021214760756460276,0.024068329353953997,0.029064947229369295,0.03406156510478459,0.03905818298019989,0.04405480085561519,0.049051418731030486,0.07194225852804301,0.09483309832505553,0.11772393812206808,0.1406147779190806,0.2196416620198345,0.2167880934223408,0.21179147554692548,0.20679485767151018,0.20179823979609487,0.19680162192067957,0.19180500404526427,0.16891416424825173,0.14602332445123922,0.12313248465422667,0.10024164485721414
1563,0.017379901386824617,0.01971764826949346,0.023811058840523276,0.02790446941155309,0.03199787998258291,0.03609129055361272,0.04018470112464254,0.058937707246218926,0.07769071336779533,0.09644371948937172,0.11519672561094813,0.1725522635160582,0.17021451663338938,0.16612110606235955,0.16202769549132973,0.1579342849202999,0.15384087434927007,0.14974746377824025,0.13099445765666387,0.11224145153508747,0.09348844541351108,0.07473543929193467
1564,0.018861538995962508,0.02139857893702769,0.025840952998510806,0.030283327059993915,0.03472570112147703,0.03916807518296014,0.04361044924444325,0.0639621502340575,0.08431385122367176,0.10466555221328604,0.1250172532029003,0.16219714722554288,0.1596601072844777,0.15521773322299456,0.15077535916151147,0.14633298510002835,0.14189061103854522,0.1374482369770621,0.11709653598744785,0.0967448349978336,0.07639313400821932,0.05604143301860505
1565,0.06031042844298219,0.06842270209442457,0.08262734801485494,0.09683199393528533,0.1110366398557157,0.1252412857761461,0.1394459316965765,0.20452120506052845,0.2695964784244804,0.33467175178843245,0.39974702515238447,0.4566317751531136,0.4485195015016712,0.43431485558124083,0.4201102096608105,0.4059055637403801,0.3917009178199497,0.3774962718995193,0.3124209985355673,0.24734572517161535,0.18227045180766333,0.1171951784437113
1566,0.30895518501738617,0.35051232648691727,0.4232791617051753,0.4960459969234333,0.5688128321416914,0.6415796673599494,0.7143465025782075,1.0477107919933368,1.3810750814084662,1.7144393708235957,2.0478036602387255,2.1024107163262697,2.0608535748567385,1.9880867396384805,1.9153199044202225,1.8425530692019643,1.7697862339837063,1.6970193987654483,1.363655109350319,1.0302908199351897,0.6969265305200603,0.3635622411049304
1567,1.1612949269476076,1.3174991271273024,1.5910137359992662,1.8645283448712298,2.1380429537431938,2.4115575626151577,2.685072171487121,3.9381155800368046,5.191158988586489,6.444202397136173,7.697245805685856,8.797592590406415,8.64138839022672,8.367873781354756,8.094359172482793,7.820844563610829,7.547329954738865,7.273815345866902,6.020771937317218,4.767728528767535,3.514685120217851,2.261641711668167
1568,2.8365400828547638,3.218079229059924,3.8861568494030205,4.554234469746118,5.222312090089215,5.890389710432311,6.558467330775408,9.61910918103339,12.679751031291374,15.74039288154936,18.801034731807345,21.40384848736475,21.02230934115959,20.354231720816493,19.686154100473395,19.018076480130297,18.3499988597872,17.6819212394441,14.621279389186117,11.560637538928134,8.499995688670149,5.439353838412163
1569,4.187241305649756,4.750461435119857,5.736663683482037,6.722865931844216,7.709068180206397,8.695270428568575,9.681472676930756,14.199528337297998,18.717583997665233,23.23563965803248,27.75369531839972,32.29130966000392,31.72808953053382,30.74188728217164,29.75568503380946,28.76948278544728,27.7832805370851,26.797078288722922,22.27902262835568,17.760966967988445,13.242911307621199,8.724855647253957
1570,4.1224380187469025,4.6769415462886,5.647880965838258,6.618820385387915,7.5897598049375725,8.56069922448723,9.53163864403689,13.979771212843394,18.427903781649896,22.876036350456406,27.324168919262913,32.91035711924829,32.35585359170659,31.384914172156932,30.413974752607274,29.443035333057615,28.472095913507957,27.501156493958298,23.053023925151795,18.60489135634529,14.15675878753878,9.708626218732274
1571,3.351595880008395,3.8024144805325077,4.591800893015079,5.381187305497649,6.170573717980221,6.959960130462791,7.7493465429453625,11.365736340329079,14.982126137712793,18.59851593509651,22.21490573248023,27.356769827551037,26.905951227026925,26.116564814544354,25.327178402061783,24.537791989579212,23.74840557709664,22.95901916461407,19.34262936723035,15.726239569846637,12.109849772462919,8.493459975079201
1572,2.9910124143164416,3.3933294236000933,4.097789222441407,4.80224902128272,5.506708820124034,6.211168618965348,6.915628417806662,10.142946736074473,13.370265054342282,16.597583372610092,19.82490169087791,24.2284335048095,23.82611649552585,23.121656696684536,22.417196897843223,21.71273709900191,21.008277300160596,20.303817501319283,17.076499183051475,13.849180864783666,10.621862546515855,7.394544228248039
1573,2.7047846416677372,3.0686015427890947,3.7056473923676854,4.342693241946275,4.979739091524866,5.6167849411034565,6.253830790682048,9.172307818474215,12.090784846266383,15.009261874058554,17.92773890185072,22.802692522038395,22.438875620917038,21.801829771338447,21.164783921759856,20.527738072181265,19.890692222602674,19.253646373024083,16.335169345231915,13.416692317439747,10.498215289647575,7.579738261855409
1574,2.20733046474823,2.5042354815337093,3.0241181699939683,3.544000858454227,4.063883546914486,4.583766235374744,5.103648923835004,7.485370246439614,9.867091569044224,12.248812891648836,14.630534214253444,19.724931122724897,19.428026105939416,18.908143417479156,18.388260729018896,17.868378040558635,17.348495352098375,16.828612663638115,14.446891341033504,12.065170018428894,9.683448695824282,7.3017273732196735
1575,1.677916042855984,1.903610246250039,2.298802319798513,2.693994393346985,3.0891864668954585,3.484378540443932,3.879570613992405,5.690050956937462,7.500531299882518,9.311011642827577,11.121491985772634,14.871256559632515,14.645562356238461,14.250370282689987,13.855178209141515,13.459986135593041,13.064794062044568,12.669601988496094,10.859121645551037,9.04864130260598,7.238160959660921,5.427680616715864
1576,1.1172675321315855,1.2675496673528908,1.5306947005095728,1.7938397336662546,2.0569847668229366,2.3201297999796187,2.583274833136301,3.7888124482913326,4.9943500634463645,6.199887678601396,7.405425293756428,10.033161309414842,9.882879174193537,9.619734141036854,9.356589107880172,9.09344407472349,8.830299041566807,8.567154008410125,7.361616393255093,6.156078778100062,4.95054116294503,3.745003547789998
1577,0.6682540838903488,0.7581400312657272,0.9155309318380566,1.0729218324103855,1.2303127329827148,1.3877036335550441,1.5450945341273732,2.2661442482220826,2.987193962316792,3.7082436764115014,4.429293390506211,6.0734388854665,5.983552938091121,5.826162037518792,5.668771136946463,5.5113802363741335,5.3539893358018045,5.196598435229475,4.475548721134766,3.7544990070400566,3.033449292945347,2.3123995788506377
1578,0.4397550001969972,0.4989058467966161,0.6024793784527985,0.7060529101089809,0.8096264417651632,0.9131999734213457,1.016773505077528,1.4912714914090162,1.9657694777405041,2.4402674640719924,2.9147654504034803,3.6846018562989733,3.625451009699354,3.5218774780431716,3.418303946386989,3.314730414730807,3.2111568830746244,3.1075833514184423,2.633085365086954,2.158587378755466,1.6840893924239777,1.2095914060924897
1579,0.286284866305672,0.32479265405806435,0.39222005033488544,0.4596474466117065,0.5270748428885276,0.5945022391653487,0.6619296354421698,0.9708325302776295,1.2797354251130895,1.5886383199485492,1.8975412147840094,2.22844041223525,2.1899326244828576,2.1225052282060366,2.0550778319292156,1.9876504356523945,1.9202230393755735,1.8527956430987524,1.5438927482632927,1.2349898534278327,0.926086958592373,0.6171840637569128
1580,0.1600000684787465,0.18152145994052682,0.21920556165659857,0.25688966337267033,0.2945737650887421,0.33225786680481384,0.3699419685208856,0.5425828942000834,0.7152238198792811,0.887864745558479,1.0605056712376768,1.3303544742870113,1.308833082825231,1.2711489811091592,1.2334648793930874,1.1957807776770155,1.1580966759609437,1.1204125742448718,0.947771648565674,0.7751307228864763,0.6024897972072784,0.4298488715280806
1581,0.0966650333943288,0.10966731548161278,0.1324343991801003,0.15520148287858784,0.17796856657707538,0.20073565027556292,0.2235027339740505,0.3278048196211218,0.432106905268193,0.5364089909152644,0.6407110765623357,0.8750441895076194,0.8620419074203355,0.8392748237218479,0.8165077400233604,0.7937406563248728,0.7709735726263852,0.7482064889278977,0.6439044032808263,0.5396023176337551,0.4353002319866837,0.3309981463396124
1582,0.060485888935644626,0.06862176353916513,0.08286773488598757,0.09711370623281,0.11135967757963244,0.1256056489264549,0.13985162027327736,0.2051162164429092,0.27038081261254104,0.33564540878217297,0.40091000495180484,0.6530761972950729,0.6449403226915524,0.63069435134473,0.6164483799979075,0.602202408651085,0.5879564373042625,0.57371046595744,0.5084458697878081,0.4431812736181763,0.37791667744854435,0.3126520812789125
1583,0.04326251605801909,0.04908169821561838,0.059271125452270715,0.06946055268892304,0.07964997992557539,0.08983940716222773,0.10002883439888008,0.1467093195416705,0.19338980468446088,0.24007028982725132,0.28675077497004176,0.499578441059629,0.4937592589020297,0.48356983166537737,0.47338040442872503,0.4631909771920727,0.45300154995542036,0.442812122718768,0.3961316375759776,0.3494511524331872,0.30277066729039676,0.2560901821476063
1584,0.031367184720614005,0.03558634204876214,0.04297411500909338,0.050361887969424625,0.057749660929755864,0.0651374338900871,0.07252520685041834,0.10637056615310214,0.14021592545578596,0.17406128475846977,0.20790664406115364,0.38513873965896495,0.3809195823308168,0.3735318093704856,0.36614403641015436,0.35875626344982314,0.3513684904894919,0.3439807175291607,0.3101353582264769,0.27628999892379313,0.24244463962110932,0.20859928031842545
1585,0.027541528392130105,0.031246101893993974,0.037732835101129916,0.04421956830826585,0.05070630151540179,0.057193034722537735,0.06367976792967367,0.09339722368731823,0.1231146794449628,0.15283213520260736,0.18254959096025195,0.2947264391013124,0.29102186559944854,0.2845351323923126,0.27804839918517665,0.2715616659780407,0.26507493277090477,0.25858819956376883,0.22887074380612427,0.1991532880484797,0.16943583229083514,0.13971837653319055
1586,0.021214760756460276,0.024068329353953997,0.029064947229369295,0.03406156510478459,0.03905818298019989,0.04405480085561519,0.049051418731030486,0.07194225852804301,0.09483309832505553,0.11772393812206808,0.1406147779190806,0.2196416620198345,0.2167880934223408,0.21179147554692548,0.20679485767151018,0.20179823979609487,0.19680162192067957,0.19180500404526427,0.16891416424825173,0.14602332445123922,0.12313248465422667,0.10024164485721414
1587,0.017379901386824617,0.01971764826949346,0.023811058840523276,0.02790446941155309,0.03199787998258291,0.03609129055361272,0.04018470112464254,0.058937707246218926,0.07769071336779533,0.09644371948937172,0.11519672561094813,0.1725522635160582,0.17021451663338938,0.16612110606235955,0.16202769549132973,0.1579342849202999,0.15384087434927007,0.14974746377824025,0.13099445765666387,0.11224145153508747,0.09348844541351108,0.07473543929193467
1588,0.018861538995962508,0.02139857893702769,0.025840952998510806,0.030283327059993915,0.03472570112147703,0.03916807518296014,0.04361044924444325,0.0639621502340575,0.08431385122367176,0.10466555221328604,0.1250172532029003,0.16219714722554288,0.1596601072844777,0.15521773322299456,0.15077535916151147,0.14633298510002835,0.14189061103854522,0.1374482369770621,0.11709653598744785,0.0967448349978336,0.07639313400821932,0.05604143301860505
1589,0.06031042844298219,0.06842270209442457,0.08262734801485494,0.09683199393528533,0.1110366398557157,0.1252412857761461,0.1394459316965765,0.20452120506052845,0.2695964784244804,0.33467175178843245,0.39974702515238447,0.4566317751531136,0.4485195015016712,0.43431485558124083,0.4201102096608105,0.4059055637403801,0.3917009178199497,0.3774962718995193,0.3124209985355673,0.24734572517161535,0.18227045180766333,0.1171951784437113
1590,0.30895518501738617,0.35051232648691727,0.4232791617051753,0.4960459969234333,0.5688128321416914,0.6415796673599494,0.7143465025782075,1.0477107919933368,1.3810750814084662,1.7144393708235957,2.0478036602387255,2.1024107163262697,2.0608535748567385,1.9880867396384805,1.9153199044202225,1.8425530692019643,1.7697862339837063,1.6970193987654483,1.363655109350319,1.0302908199351897,0.6969265305200603,0.3635622411049304
1591,1.1612949269476076,1.3174991271273024,1.5910137359992662,1.8645283448712298,2.1380429537431938,2.4115575626151577,2.685072171487121,3.9381155800368046,5.191158988586489,6.444202397136173,7.697245805685856,8.797592590406415,8.64138839022672,8.367873781354756,8.094359172482793,7.820844563610829,7.547329954738865,7.273815345866902,6.020771937317218,4.767728528767535,3.514685120217851,2.261641711668167
1592,2.8365400828547638,3.218079229059924,3.8861568494030205,4.554234469746118,5.222312090089215,5.890389710432311,6.558467330775408,9.61910918103339,12.679751031291374,15.74039288154936,18.801034731807345,21.40384848736475,21.02230934115959,20.354231720816493,19.686154100473395,19.018076480130297,18.3499988597872,17.6819212394441,14.621279389186117,11.560637538928134,8.499995688670149,5.439353838412163
1593,4.187241305649756,4.750461435119857,5.736663683482037,6.722865931844216,7.709068180206397,8.695270428568575,9.681472676930756,14.199528337297998,18.717583997665233,23.23563965803248,27.75369531839972,32.29130966000392,31.72808953053382,30.74188728217164,29.75568503380946,28.76948278544728,27.7832805370851,26.797078288722922,22.27902262835568,17.760966967988445,13.242911307621199,8.724855647253957
1594,4.1224380187469025,4.6769415462886,5.647880965838258,6.618820385387915,7.5897598049375725,8.56069922448723,9.53163864403689,13.979771212843394,18.427903781649896,22.876036350456406,27.324168919262913,32.91035711924829,32.35585359170659,31.384914172156932,30.413974752607274,29.443035333057615,28.472095913507957,27.501156493958298,23.053023925151795,18.60489135634529,14.15675878753878,9.708626218732274
1595,3.351595880008395,3.8024144805325077,4.591800893015079,5.381187305497649,6.170573717980221,6.959960130462791,7.7493465429453625,11.365736340329079,14.982126137712793,18.59851593509651,22.21490573248023,27.356769827551037,26.905951227026925,26.116564814544354,25.327178402061783,24.537791989579212,23.74840557709664,22.95901916461407,19.34262936723035,15.726239569846637,12.109849772462919,8.493459975079201
1596,2.9910124143164416,3.3933294236000933,4.097789222441407,4.80224902128272,5.506708820124034,6.211168618965348,6.915628417806662,10.142946736074473,13.370265054342282,16.597583372610092,19.82490169087791,24.2284335048095,23.82611649552585,23.121656696684536,22.417196897843223,21.71273709900191,21.008277300160596,20.303817501319283,17.076499183051475,13.849180864783666,10.621862546515855,7.394544228248039
1597,2.7047846416677372,3.0686015427890947,3.7056473923676854,4.342693241946275,4.979739091524866,5.6167849411034565,6.253830790682048,9.172307818474215,12.090784846266383,15.009261874058554,17.92773890185072,22.802692522038395,22.438875620917038,21.801829771338447,21.164783921759856,20.527738072181265,19.890692222602674,19.253646373024083,16.335169345231915,13.416692317439747,10.498215289647575,7.579738261855409
1598,2.20733046474823,2.5042354815337093,3.0241181699939683,3.544000858454227,4.063883546914486,4.583766235374744,5.103648923835004,7.485370246439614,9.867091569044224,12.248812891648836,14.630534214253444,19.724931122724897,19.428026105939416,18.908143417479156,18.388260729018896,17.868378040558635,17.348495352098375,16.828612663638115,14.446891341033504,12.065170018428894,9.683448695824282,7.3017273732196735
1599,1.677916042855984,1.903610246250039,2.298802319798513,2.693994393346985,3.0891864668954585,3.484378540443932,3.879570613992405,5.690050956937462,7.500531299882518,9.311011642827577,11.121491985772634,14.871256559632515,14.645562356238461,14.250370282689987,13.855178209141515,13.459986135593041,13.064794062044568,12.669601988496094,10.859121645551037,9.04864130260598,7.238160959660921,5.427680616715864
1600,1.1172675321315855,1.2675496673528908,1.5306947005095728,1.7938397336662546,2.0569847668229366,2.3201297999796187,2.583274833136301,3.7888124482913326,4.9943500634463645,6.199887678601396,7.405425293756428,10.033161309414842,9.882879174193537,9.619734141036854,9.356589107880172,9.09344407472349,8.830299041566807,8.567154008410125,7.361616393255093,6.156078778100062,4.95054116294503,3.745003547789998
1601,0.6682540838903488,0.7581400312657272,0.9155309318380566,1.0729218324103855,1.2303127329827148,1.3877036335550441,1.5450945341273732,2.2661442482220826,2.987193962316792,3.7082436764115014,4.429293390506211,6.0734388854665,5.983552938091121,5.826162037518792,5.668771136946463,5.5113802363741335,5.3539893358018045,5.196598435229475,4.475548721134766,3.7544990070400566,3.033449292945347,2.3123995788506377
1602,0.4397550001969972,0.4989058467966161,0.6024793784527985,0.7060529101089809,0.8096264417651632,0.9131999734213457,1.016773505077528,1.4912714914090162,1.9657694777405041,2.4402674640719924,2.9147654504034803,3.6846018562989733,3.625451009699354,3.5218774780431716,3.418303946386989,3.314730414730807,3.2111568830746244,3.1075833514184423,2.633085365086954,2.158587378755466,1.6840893924239777,1.2095914060924897
1603,0.286284866305672,0.32479265405806435,0.39222005033488544,0.4596474466117065,0.5270748428885276,0.5945022391653487,0.6619296354421698,0.9708325302776295,1.2797354251130895,1.5886383199485492,1.8975412147840094,2.22844041223525,2.1899326244828576,2.1225052282060366,2.0550778319292156,1.9876504356523945,1.9202230393755735,1.8527956430987524,1.5438927482632927,1.2349898534278327,0.926086958592373,0.6171840637569128
1604,0.1600000684787465,0.18152145994052682,0.21920556165659857,0.25688966337267033,0.2945737650887421,0.33225786680481384,0.3699419685208856,0.5425828942000834,0.7152238198792811,0.887864745558479,1.0605056712376768,1.3303544742870113,1.308833082825231,1.2711489811091592,1.2334648793930874,1.1957807776770155,1.1580966759609437,1.1204125742448718,0.947771648565674,0.7751307228864763,0.6024897972072784,0.4298488715280806
1605,0.0966650333943288,0.10966731548161278,0.1324343991801003,0.15520148287858784,0.17796856657707538,0.20073565027556292,0.2235027339740505,0.3278048196211218,0.432106905268193,0.5364089909152644,0.6407110765623357,0.8750441895076194,0.8620419074203355,0.8392748237218479,0.8165077400233604,0.7937406563248728,0.7709735726263852,0.7482064889278977,0.6439044032808263,0.5396023176337551,0.4353002319866837,0.3309981463396124
1606,0.060485888935644626,0.06862176353916513,0.08286773488598757,0.09711370623281,0.11135967757963244,0.1256056489264549,0.13985162027327736,0.2051162164429092,0.27038081261254104,0.33564540878217297,0.40091000495180484,0.6530761972950729,0.6449403226915524,0.63069435134473,0.6164483799979075,0.602202408651085,0.5879564373042625,0.57371046595744,0.5084458697878081,0.4431812736181763,0.37791667744854435,0.3126520812789125
1607,0.04326251605801909,0.04908169821561838,0.059271125452270715,0.06946055268892304,0.07964997992557539,0.08983940716222773,0.10002883439888008,0.1467093195416705,0.19338980468446088,0.24007028982725132,0.28675077497004176,0.499578441059629,0.4937592589020297,0.48356983166537737,0.47338040442872503,0.4631909771920727,0.45300154995542036,0.442812122718768,0.3961316375759776,0.3494511524331872,0.30277066729039676,0.2560901821476063
1608,0.031367184720614005,0.03558634204876214,0.04297411500909338,0.050361887969424625,0.057749660929755864,0.0651374338900871,0.07252520685041834,0.10637056615310214,0.14021592545578596,0.17406128475846977,0.20790664406115364,0.38513873965896495,0.3809195823308168,0.3735318093704856,0.36614403641015436,0.35875626344982314,0.3513684904894919,0.3439807175291607,0.3101353582264769,0.27628999892379313,0.24244463962110932,0.20859928031842545
1609,0.027541528392130105,0.031246101893993974,0.037732835101129916,0.04421956830826585,0.05070630151540179,0.057193034722537735,0.06367976792967367,0.09339722368731823,0.1231146794449628,0.15283213520260736,0.18254959096025195,0.2947264391013124,0.29102186559944854,0.2845351323923126,0.27804839918517665,0.2715616659780407,0.26507493277090477,0.25858819956376883,0.22887074380612427,0.1991532880484797,0.16943583229083514,0.13971837653319055
1610,0.021214760756460276,0.024068329353953997,0.029064947229369295,0.03406156510478459,0.03905818298019989,0.04405480085561519,0.049051418731030486,0.07194225852804301,0.09483309832505553,0.11772393812206808,0.1406147779190806,0.2196416620198345,0.2167880934223408,0.21179147554692548,0.20679485767151018,0.20179823979609487,0.19680162192067957,0.19180500404526427,0.16891416424825173,0.14602332445123922,0.12313248465422667,0.10024164485721414
1611,0.017379901386824617,0.01971764826949346,0.023811058840523276,0.02790446941155309,0.03199787998258291,0.03609129055361272,0.04018470112464254,0.058937707246218926,0.07769071336779533,0.09644371948937172,0.11519672561094813,0.1725522635160582,0.17021451663338938,0.16612110606235955,0.16202769549132973,0.1579342849202999,0.15384087434927007,0.14974746377824025,0.13099445765666387,0.11224145153508747,0.09348844541351108,0.07473543929193467
1612,0.018861538995962508,0.02139857893702769,0.025840952998510806,0.030283327059993915,0.03472570112147703,0.03916807518296014,0.04361044924444325,0.0639621502340575,0.08431385122367176,0.10466555221328604,0.1250172532029003,0.16219714722554288,0.1596601072844777,0.15521773322299456,0.15077535916151147,0.14633298510002835,0.14189061103854522,0.1374482369770621,0.11709653598744785,0.0967448349978336,0.07639313400821932,0.05604143301860505
1613,0.06031042844298219,0.06842270209442457,0.08262734801485494,0.09683199393528533,0.1110366398557157,0.1252412857761461,0.1394459316965765,0.20452120506052845,0.2695964784244804,0.33467175178843245,0.39974702515238447,0.4566317751531136,0.4485195015016712,0.43431485558124083,0.4201102096608105,0.4059055637403801,0.3917009178199497,0.3774962718995193,0.3124209985355673,0.24734572517161535,0.18227045180766333,0.1171951784437113
1614,0.30895518501738617,0.35051232648691727,0.4232791617051753,0.4960459969234333,0.5688128321416914,0.6415796673599494,0.7143465025782075,1.0477107919933368,1.3810750814084662,1.7144393708235957,2.0478036602387255,2.1024107163262697,2.0608535748567385,1.9880867396384805,1.9153199044202225,1.8425530692019643,1.7697862339837063,1.6970193987654483,1.363655109350319,1.0302908199351897,0.6969265305200603,0.3635622411049304
1615,1.1612949269476076,1.3174991271273024,1.5910137359992662,1.8645283448712298,2.1380429537431938,2.4115575626151577,2.685072171487121,3.9381155800368046,5.191158988586489,6.444202397136173,7.697245805685856,8.797592590406415,8.64138839022672,8.367873781354756,8.094359172482793,7.820844563610829,7.547329954738865,7.273815345866902,6.020771937317218,4.767728528767535,3.514685120217851,2.261641711668167
1616,2.8365400828547638,3.218079229059924,3.8861568494030205,4.554234469746118,5.222312090089215,5.890389710432311,6.558467330775408,9.61910918103339,12.679751031291374,15.74039288154936,18.801034731807345,21.40384848736475,21.02230934115959,20.354231720816493,19.686154100473395,19.018076480130297,18.3499988597872,17.6819212394441,14.621279389186117,11.560637538928134,8.499995688670149,5.439353838412163
1617,4.187241305649756,4.750461435119857,5.736663683482037,6.722865931844216,7.709068180206397,8.695270428568575,9.681472676930756,14.199528337297998,18.717583997665233,23.23563965803248,27.75369531839972,32.29130966000392,31.72808953053382,30.74188728217164,29.75568503380946,28.76948278544728,27.7832805370851,26.797078288722922,22.27902262835568,17.760966967988445,13.242911307621199,8.724855647253957
1618,4.1224380187469025,4.6769415462886,5.647880965838258,6.618820385387915,7.5897598049375725,8.56069922448723,9.53163864403689,13.979771212843394,18.427903781649896,22.876036350456406,27.324168919262913,32.91035711924829,32.35585359170659,31.384914172156932,30.413974752607274,29.443035333057615,28.472095913507957,27.501156493958298,23.053023925151795,18.60489135634529,14.15675878753878,9.708626218732274
1619,3.351595880008395,3.8024144805325077,4.591800893015079,5.381187305497649,6.170573717980221,6.959960130462791,7.7493465429453625,11.365736340329079,14.982126137712793,18.59851593509651,22.21490573248023,27.356769827551037,26.905951227026925,26.116564814544354,25.327178402061783,24.537791989579212,23.74840557709664,22.95901916461407,19.34262936723035,15.726239569846637,12.109849772462919,8.493459975079201
1620,2.9910124143164416,3.3933294236000933,4.097789222441407,4.80224902128272,5.506708820124034,6.211168618965348,6.915628417806662,10.142946736074473,13.370265054342282,16.597583372610092,19.82490169087791,24.2284335048095,23.82611649552585,23.121656696684536,22.417196897843223,21.71273709900191,21.008277300160596,20.303817501319283,17.076499183051475,13.849180864783666,10.621862546515855,7.394544228248039
1621,2.7047846416677372,3.0686015427890947,3.7056473923676854,4.342693241946275,4.979739091524866,5.6167849411034565,6.253830790682048,9.172307818474215,12.090784846266383,15.009261874058554,17.92773890185072,22.802692522038395,22.438875620917038,21.801829771338447,21.164783921759856,20.527738072181265,19.890692222602674,19.253646373024083,16.335169345231915,13.416692317439747,10.498215289647575,7.579738261855409
1622,2.20733046474823,2.5042354815337093,3.0241181699939683,3.544000858454227,4.063883546914486,4.583766235374744,5.103648923835004,7.485370246439614,9.867091569044224,12.248812891648836,14.630534214253444,19.724931122724897,19.428026105939416,18.908143417479156,18.388260729018896,17.868378040558635,17.348495352098375,16.828612663638115,14.446891341033504,12.065170018428894,9.683448695824282,7.3017273732196735
1623,1.677916042855984,1.903610246250039,2.298802319798513,2.693994393346985,3.0891864668954585,3.484378540443932,3.879570613992405,5.690050956937462,7.500531299882518,9.311011642827577,11.121491985772634,14.871256559632515,14.645562356238461,14.250370282689987,13.855178209141515,13.459986135593041,13.064794062044568,12.669601988496094,10.859121645551037,9.04864130260598,7.238160959660921,5.427680616715864
1624,1.1172675321315855,1.2675496673528908,1.5306947005095728,1.7938397336662546,2.0569847668229366,2.3201297999796187,2.583274833136301,3.7888124482913326,4.9943500634463645,6.199887678601396,7.405425293756428,10.033161309414842,9.882879174193537,9.619734141036854,9.356589107880172,9.09344407472349,8.830299041566807,8.567154008410125,7.361616393255093,6.156078778100062,4.95054116294503,3.745003547789998
1625,0.6682540838903488,0.7581400312657272,0.9155309318380566,1.0729218324103855,1.2303127329827148,1.3877036335550441,1.5450945341273732,2.2661442482220826,2.987193962316792,3.7082436764115014,4.429293390506211,6.0734388854665,5.983552938091121,5.826162037518792,5.668771136946463,5.5113802363741335,5.3539893358018045,5.196598435229475,4.475548721134766,3.7544990070400566,3.033449292945347,2.3123995788506377
1626,0.4397550001969972,0.4989058467966161,0.6024793784527985,0.7060529101089809,0.8096264417651632,0.9131999734213457,1.016773505077528,1.4912714914090162,1.9657694777405041,2.4402674640719924,2.9147654504034803,3.6846018562989733,3.625451009699354,3.5218774780431716,3.418303946386989,3.314730414730807,3.2111568830746244,3.1075833514184423,2.633085365086954,2.158587378755466,1.6840893924239777,1.2095914060924897
1627,0.286284866305672,0.32479265405806435,0.39222005033488544,0.4596474466117065,0.5270748428885276,0.5945022391653487,0.6619296354421698,0.9708325302776295,1.2797354251130895,1.5886383199485492,1.8975412147840094,2.22844041223525,2.1899326244828576,2.1225052282060366,2.0550778319292156,1.9876504356523945,1.9202230393755735,1.8527956430987524,1.5438927482632927,1.2349898534278327,0.926086958592373,0.6171840637569128
1628,0.1600000684787465,0.18152145994052682,0.21920556165659857,0.25688966337267033,0.2945737650887421,0.33225786680481384,0.3699419685208856,0.5425828942000834,0.7152238198792811,0.887864745558479,1.0605056712376768,1.3303544742870113,1.308833082825231,1.2711489811091592,1.2334648793930874,1.1957807776770155,1.1580966759609437,1.1204125742448718,0.947771648565674,0.7751307228864763,0.6024897972072784,0.4298488715280806
1629,0.0966650333943288,0.10966731548161278,0.1324343991801003,0.15520148287858784,0.17796856657707538,0.20073565027556292,0.2235027339740505,0.3278048196211218,0.432106905268193,0.5364089909152644,0.6407110765623357,0.8750441895076194,0.8620419074203355,0.8392748237218479,0.8165077400233604,0.7937406563248728,0.7709735726263852,0.7482064889278977,0.6439044032808263,0.5396023176337551,0.4353002319866837,0.3309981463396124
1630,0.060485888935644626,0.06862176353916513,0.08286773488598757,0.09711370623281,0.11135967757963244,0.1256056489264549,0.13985162027327736,0.2051162164429092,0.27038081261254104,0.33564540878217297,0.40091000495180484,0.6530761972950729,0.6449403226915524,0.63069435134473,0.6164483799979075,0.602202408651085,0.5879564373042625,0.57371046595744,0.5084458697878081,0.4431812736181763,0.37791667744854435,0.3126520812789125
1631,0.04326251605801909,0.04908169821561838,0.059271125452270715,0.06946055268892304,0.07964997992557539,0.08983940716222773,0.10002883439888008,0.1467093195416705,0.19338980468446088,0.24007028982725132,0.28675077497004176,0.499578441059629,0.4937592589020297,0.48356983166537737,0.47338040442872503,0.4631909771920727,0.45300154995542036,0.442812122718768,0.3961316375759776,0.3494511524331872,0.30277066729039676,0.2560901821476063
1632,0.06656898268586907,0.07552308595105217,0.09120178120737912,0.10688047646370606,0.12255917172003303,0.13823786697635998,0.1539165622326869,0.2257448489433112,0.29757313565393556,0.36940142236455986,0.44122970907518416,0.4271966781704077,0.4182425749052246,0.4025638796488976,0.3868851843925707,0.3712064891362437,0.35552779387991673,0.3398490986235898,0.2680208119129655,0.19619252520234115,0.12436423849171685,0.05253595178109255
1633,0.056639086305014866,0.06425753272192815,0.07759748382143074,0.09093743492093335,0.10427738602043597,0.11761733711993858,0.1309572882194412,0.19207116387144205,0.25318503952344296,0.31429891517544384,0.3754127908274448,0.3168441383691494,0.3092256919522361,0.2958857408527335,0.28254578975323086,0.26920583865372827,0.2558658875542257,0.24252593645472306,0.1814120608027222,0.1202981851507213,0.05918430949872042,-0.0019295661532805208
1634,0.03392680220936796,0.038490250202461725,0.046480878441028384,0.05447150667959503,0.06246213491816169,0.07045276315672834,0.07844339139529499,0.1150505915949522,0.15165779179460942,0.18826499199426663,0.22487219219392388,0.22601923126692836,0.22145578327383458,0.21346515503526792,0.20547452679670128,0.1974838985581346,0.18949327031956797,0.1815026420810013,0.1448954418813441,0.10828824168168688,0.07168104148202967,0.035073841282372425
1635,0.0236676925723058,0.026851201690074235,0.03242554764354464,0.03799989359701504,0.043574239550485436,0.049148585503955844,0.05472293145742625,0.08026049774238261,0.10579806402733898,0.13133563031229536,0.15687319659725174,0.20284547879051973,0.1996619696727513,0.1940876237192809,0.1885132777658105,0.1829389318123401,0.17736458585886972,0.17179023990539932,0.14625267362044297,0.12071510733548661,0.09517754105053022,0.06963997476557385
1636,0.02469635730095266,0.028018230711428102,0.03383485347536883,0.03965147623930954,0.04546809900325027,0.051284721767191,0.05710134453113172,0.08374884553458932,0.11039634653804692,0.1370438475415045,0.16369134854496212,0.2086410790622131,0.20531920565173767,0.19950258288779693,0.19368596012385622,0.18786933735991548,0.18205271459597477,0.17623609183203404,0.14958859082857645,0.12294108982511885,0.09629358882166127,0.06964608781820365
1637,0.018530992112733714,0.02102357064238779,0.025388092472381524,0.02975261430237525,0.03411713613236898,0.03848165796236271,0.04284617979235644,0.06284121893523797,0.08283625807811949,0.10283129722100104,0.12282633636388257,0.23076451461001737,0.2282719360803633,0.22390741425036959,0.21954289242037586,0.21517837059038214,0.21081384876038842,0.2064493269303947,0.18645428778751316,0.16645924864463163,0.1464642095017501,0.12646917035886857
1638,0.022723898938375474,0.025780459658883387,0.031132518111866028,0.036484576564848666,0.0418366350178313,0.04718869347081395,0.05254075192379659,0.0770599598532782,0.10157916778275981,0.12609837571224142,0.15061758364172306,0.3411068640072945,0.3380503032867866,0.33269824483380395,0.3273461863808213,0.32199412792783866,0.316642069474856,0.31129001102187337,0.2867708030923918,0.2622515951629102,0.2377323872334286,0.21321317930394695
1639,0.05954035988303085,0.0675490526604855,0.08157232777140645,0.0955956028823274,0.10961887799324835,0.12364215310416929,0.13766542821509023,0.20190979350324906,0.2661541587914079,0.33039852407956677,0.3946428893677256,0.5323949645104806,0.524386271733026,0.510362996622105,0.4963397215111841,0.48231644640026317,0.4682931712893422,0.4542698961784213,0.3900255308902625,0.32578116560210363,0.2615368003139448,0.19729243502578592
1640,0.09422208070711786,0.10689576455313886,0.129087470513181,0.15127917647322317,0.17347088243326533,0.1956625883933075,0.21785429435334966,0.31952042104539957,0.42118654773744957,0.5228526744294996,0.6245188011215496,0.7630054397344619,0.7503317558884409,0.7281400499283988,0.7059483439683566,0.6837566380083144,0.6615649320482723,0.6393732260882301,0.5377070993961802,0.4360409727041302,0.33437484601208023,0.23270871932003023
1641,0.11060462621291975,0.12548190395938727,0.1515321177130734,0.17758233146675953,0.2036325452204457,0.22968275897413182,0.255732972727818,0.37507595323620807,0.49441893374459817,0.6137619142529884,0.7331048947613785,1.04243040931092,1.0275531315644524,1.0015029178107662,0.9754527040570801,0.949402490303394,0.9233522765497079,0.8973020627960218,0.7779590822876317,0.6586161017792416,0.5392731212708513,0.41993014076246116
1642,0.14593538259187422,0.16556495229609972,0.19993646134515083,0.23430797039420195,0.2686794794432531,0.3030509884923042,0.3374224975413554,0.4948875522726021,0.6523526070038489,0.8098176617350957,0.9672827164663426,1.3368623237393928,1.3172327540351674,1.2828612449861163,1.2484897359370652,1.2141182268880142,1.1797467178389631,1.145375208789912,0.9879101540586653,0.8304450993274186,0.6729800445961718,0.5155149898649249
1643,0.17412844867806587,0.1975502293326846,0.2385619253527876,0.2795736213728906,0.3205853173929936,0.3615970134130966,0.40260870943319965,0.5904942325625675,0.7783797556919354,0.9662652788213034,1.1541508019506714,1.6963697765134498,1.6729479958588311,1.6319362998387281,1.590924603818625,1.549912907798522,1.508901211778419,1.467889515758316,1.2800039926289482,1.0921184694995802,0.9042329463702122,0.7163474232408442
1644,0.20258246617249245,0.22983155799628885,0.277544901707457,0.32525824541862514,0.3729715891297932,0.4206849328409614,0.46839827655212957,0.6869858360383282,0.9055733955245269,1.1241609550107257,1.3427485144969247,1.9211150761464808,1.8938659843226844,1.8461526406115163,1.7984392969003482,1.7507259531891801,1.7030126094780118,1.6552992657668437,1.4367117062806452,1.2181241467944464,0.9995365873082476,0.7809490278220486
1645,0.22682064156334378,0.25732997737244256,0.31075203030808307,0.3641740832437235,0.4175961361793641,0.4710181891150046,0.5244402420506451,0.769180921820084,1.013921601589523,1.2586622813589619,1.5034029611284008,2.0428941262432594,2.0123847904341607,1.9589627374985201,1.9055406845628797,1.852118631627239,1.7986965786915987,1.745274525755958,1.5005338459865192,1.2557931662170803,1.0110524864476413,0.7663118066782024
1646,0.28713168866453304,0.3257533813399477,0.3933802259058238,0.46100707047169975,0.5286339150375757,0.5962607596034519,0.6638876041693279,0.9737042248382178,1.2835208455071077,1.5933374661759976,1.9031540868448875,2.133676930271694,2.095055237596279,2.027428393030403,1.9598015484645268,1.8921747038986507,1.8245478593327746,1.7569210147668985,1.4471043940980086,1.1372877734291187,0.8274711527602288,0.5176545320913388
1647,0.3067951188581142,0.3480617127682659,0.42031979724889373,0.49257788172952155,0.5648359662101494,0.6370940506907772,0.709352135171405,1.040385701701159,1.3714192682309132,1.7024528347606676,2.0334864012904217,2.1612776545091203,2.120011060598969,2.047752976118341,1.975494891637713,1.9032368071570853,1.8309787226764576,1.7587206381958298,1.427687071666076,1.0966535051363218,0.7656199386065674,0.4345863720768133
1648,0.27598175878396375,0.31310368956544515,0.3781044409318533,0.44310519229826134,0.5081059436646694,0.5731066950310776,0.6381074463974856,0.9358932333664804,1.233679020335475,1.53146480730447,1.829250594273465,1.9097257114610804,1.872603780679599,1.8076030293131908,1.7426022779467827,1.6776015265803745,1.6126007752139664,1.5476000238475582,1.2498142368785634,0.9520284499095688,0.6542426629405738,0.35645687597157893
1649,0.2253108014307007,0.2556170506983482,0.3086834977291007,0.36174994475985317,0.4148163917906057,0.46788283882135817,0.5209492858521106,0.7640608400805081,1.0071723943089055,1.2502839485373032,1.4933955027657007,1.6192575536297766,1.588951304362129,1.5358848573313766,1.4828184103006241,1.4297519632698716,1.3766855162391192,1.3236190692083667,1.0805075149799692,0.8373959607515719,0.5942844065231742,0.3511728522947767
1650,0.181071206183045,0.20542684770103406,0.24807374039633354,0.290720633091633,0.3333675257869325,0.376014418482232,0.41866131117753147,0.6140381066158548,0.809414902054178,1.0047916974925013,1.200168492930825,1.489569188741577,1.4652135472235879,1.4225666545282885,1.379919761832989,1.3372728691376894,1.29462597644239,1.2519790837470905,1.0566022883087673,0.8612254928704441,0.6658486974321208,0.4704719019937972
1651,0.1371027565822645,0.15554426178254532,0.18783546186591396,0.22012666194928254,0.2524178620326512,0.2847090621160198,0.3170002621993884,0.464934866444111,0.6128694706888336,0.7608040749335562,0.9087386791782788,1.2544431595756709,1.23600165437539,1.2037104542920214,1.1714192542086528,1.1391280541252842,1.1068368540419156,1.074545653958547,0.9266110497138245,0.7786764454691019,0.6307418412243793,0.48280723697965666
1652,0.12288693681507708,0.1394162914452449,0.16835930297358676,0.19730231450192862,0.22624532603027048,0.25518833755861237,0.28413134908695425,0.4167270081222759,0.5493226671575976,0.6819183261929194,0.8145139852282411,0.965950353268064,0.9494209986378962,0.9204779871095543,0.8915349755812124,0.8625919640528705,0.8336489525245286,0.8047059409961868,0.6721102819608651,0.5395146229255434,0.40691896389022164,0.27432330485489986
1653,0.10407025709033581,0.11806860573895996,0.14257980870966933,0.16709101168037868,0.19160221465108804,0.2161134176217974,0.24062462059250678,0.3529169820306787,0.4652093434688507,0.5775017049070227,0.6897940663451948,0.756275578156249,0.7422772295076249,0.7177660265369155,0.6932548235662062,0.6687436205954969,0.6442324176247876,0.6197212146540781,0.5074288532159061,0.3951364917777342,0.2828441303395622,0.17055176890139007
1654,0.09174496304809825,0.10408545316899447,0.1256937346673304,0.14730201616566632,0.16891029766400223,0.19051857916233816,0.21212686066067407,0.3111201642112374,0.4101134677618008,0.5091067713123641,0.6081000748629275,0.6380177307790044,0.6256772406581081,0.6040689591597722,0.5824606776614363,0.5608523961631003,0.5392441146647644,0.5176358331664285,0.4186425296158651,0.3196492260653017,0.22065592251473837,0.12166261896417502
1655,0.0756798511426919,0.0858594449247251,0.10368398234795255,0.12150851977117999,0.13933305719440744,0.15715759461763487,0.17498213204086233,0.2566410943198301,0.33830005659879786,0.4199590188777657,0.5016179811567335,0.5589042903878931,0.54872469660586,0.5309001591826326,0.5130756217594051,0.4952510843361777,0.4774265469129503,0.45960200948972285,0.37794304721075506,0.2962840849317873,0.21462512265281947,0.13296616037385167
1656,0.06656898268586907,0.07552308595105217,0.09120178120737912,0.10688047646370606,0.12255917172003303,0.13823786697635998,0.1539165622326869,0.2257448489433112,0.29757313565393556,0.36940142236455986,0.44122970907518416,0.4271966781704077,0.4182425749052246,0.4025638796488976,0.3868851843925707,0.3712064891362437,0.35552779387991673,0.3398490986235898,0.2680208119129655,0.19619252520234115,0.12436423849171685,0.05253595178109255
1657,0.056639086305014866,0.06425753272192815,0.07759748382143074,0.09093743492093335,0.10427738602043597,0.11761733711993858,0.1309572882194412,0.19207116387144205,0.25318503952344296,0.31429891517544384,0.3754127908274448,0.3168441383691494,0.3092256919522361,0.2958857408527335,0.28254578975323086,0.26920583865372827,0.2558658875542257,0.24252593645472306,0.1814120608027222,0.1202981851507213,0.05918430949872042,-0.0019295661532805208
1658,0.03392680220936796,0.038490250202461725,0.046480878441028384,0.05447150667959503,0.06246213491816169,0.07045276315672834,0.07844339139529499,0.1150505915949522,0.15165779179460942,0.18826499199426663,0.22487219219392388,0.22601923126692836,0.22145578327383458,0.21346515503526792,0.20547452679670128,0.1974838985581346,0.18949327031956797,0.1815026420810013,0.1448954418813441,0.10828824168168688,0.07168104148202967,0.035073841282372425
1659,0.0236676925723058,0.026851201690074235,0.03242554764354464,0.03799989359701504,0.043574239550485436,0.049148585503955844,0.05472293145742625,0.08026049774238261,0.10579806402733898,0.13133563031229536,0.15687319659725174,0.20284547879051973,0.1996619696727513,0.1940876237192809,0.1885132777658105,0.1829389318123401,0.17736458585886972,0.17179023990539932,0.14625267362044297,0.12071510733548661,0.09517754105053022,0.06963997476557385
1660,0.02469635730095266,0.028018230711428102,0.03383485347536883,0.03965147623930954,0.04546809900325027,0.051284721767191,0.05710134453113172,0.08374884553458932,0.11039634653804692,0.1370438475415045,0.16369134854496212,0.2086410790622131,0.20531920565173767,0.19950258288779693,0.19368596012385622,0.18786933735991548,0.18205271459597477,0.17623609183203404,0.14958859082857645,0.12294108982511885,0.09629358882166127,0.06964608781820365
1661,0.018530992112733714,0.02102357064238779,0.025388092472381524,0.02975261430237525,0.03411713613236898,0.03848165796236271,0.04284617979235644,0.06284121893523797,0.08283625807811949,0.10283129722100104,0.12282633636388257,0.23076451461001737,0.2282719360803633,0.22390741425036959,0.21954289242037586,0.21517837059038214,0.21081384876038842,0.2064493269303947,0.18645428778751316,0.16645924864463163,0.1464642095017501,0.12646917035886857
1662,0.022723898938375474,0.025780459658883387,0.031132518111866028,0.036484576564848666,0.0418366350178313,0.04718869347081395,0.05254075192379659,0.0770599598532782,0.10157916778275981,0.12609837571224142,0.15061758364172306,0.3411068640072945,0.3380503032867866,0.33269824483380395,0.3273461863808213,0.32199412792783866,0.316642069474856,0.31129001102187337,0.2867708030923918,0.2622515951629102,0.2377323872334286,0.21321317930394695
1663,0.05954035988303085,0.0675490526604855,0.08157232777140645,0.0955956028823274,0.10961887799324835,0.12364215310416929,0.13766542821509023,0.20190979350324906,0.2661541587914079,0.33039852407956677,0.3946428893677256,0.5323949645104806,0.524386271733026,0.510362996622105,0.4963397215111841,0.48231644640026317,0.4682931712893422,0.4542698961784213,0.3900255308902625,0.32578116560210363,0.2615368003139448,0.19729243502578592
1664,0.09422208070711786,0.10689576455313886,0.129087470513181,0.15127917647322317,0.17347088243326533,0.1956625883933075,0.21785429435334966,0.31952042104539957,0.42118654773744957,0.5228526744294996,0.6245188011215496,0.7630054397344619,0.7503317558884409,0.7281400499283988,0.7059483439683566,0.6837566380083144,0.6615649320482723,0.6393732260882301,0.5377070993961802,0.4360409727041302,0.33437484601208023,0.23270871932003023
1665,0.11060462621291975,0.12548190395938727,0.1515321177130734,0.17758233146675953,0.2036325452204457,0.22968275897413182,0.255732972727818,0.37507595323620807,0.49441893374459817,0.6137619142529884,0.7331048947613785,1.04243040931092,1.0275531315644524,1.0015029178107662,0.9754527040570801,0.949402490303394,0.9233522765497079,0.8973020627960218,0.7779590822876317,0.6586161017792416,0.5392731212708513,0.41993014076246116
1666,0.14593538259187422,0.16556495229609972,0.19993646134515083,0.23430797039420195,0.2686794794432531,0.3030509884923042,0.3374224975413554,0.4948875522726021,0.6523526070038489,0.8098176617350957,0.9672827164663426,1.3368623237393928,1.3172327540351674,1.2828612449861163,1.2484897359370652,1.2141182268880142,1.1797467178389631,1.145375208789912,0.9879101540586653,0.8304450993274186,0.6729800445961718,0.5155149898649249
1667,0.17412844867806587,0.1975502293326846,0.2385619253527876,0.2795736213728906,0.3205853173929936,0.3615970134130966,0.40260870943319965,0.5904942325625675,0.7783797556919354,0.9662652788213034,1.1541508019506714,1.6963697765134498,1.6729479958588311,1.6319362998387281,1.590924603818625,1.549912907798522,1.508901211778419,1.467889515758316,1.2800039926289482,1.0921184694995802,0.9042329463702122,0.7163474232408442
1668,0.20258246617249245,0.22983155799628885,0.277544901707457,0.32525824541862514,0.3729715891297932,0.4206849328409614,0.46839827655212957,0.6869858360383282,0.9055733955245269,1.1241609550107257,1.3427485144969247,1.9211150761464808,1.8938659843226844,1.8461526406115163,1.7984392969003482,1.7507259531891801,1.7030126094780118,1.6552992657668437,1.4367117062806452,1.2181241467944464,0.9995365873082476,0.7809490278220486
1669,0.22682064156334378,0.25732997737244256,0.31075203030808307,0.3641740832437235,0.4175961361793641,0.4710181891150046,0.5244402420506451,0.769180921820084,1.013921601589523,1.2586622813589619,1.5034029611284008,2.0428941262432594,2.0123847904341607,1.9589627374985201,1.9055406845628797,1.852118631627239,1.7986965786915987,1.745274525755958,1.5005338459865192,1.2557931662170803,1.0110524864476413,0.7663118066782024
1670,0.28713168866453304,0.3257533813399477,0.3933802259058238,0.46100707047169975,0.5286339150375757,0.5962607596034519,0.6638876041693279,0.9737042248382178,1.2835208455071077,1.5933374661759976,1.9031540868448875,2.133676930271694,2.095055237596279,2.027428393030403,1.9598015484645268,1.8921747038986507,1.8245478593327746,1.7569210147668985,1.4471043940980086,1.1372877734291187,0.8274711527602288,0.5176545320913388
1671,0.3067951188581142,0.3480617127682659,0.42031979724889373,0.49257788172952155,0.5648359662101494,0.6370940506907772,0.709352135171405,1.040385701701159,1.3714192682309132,1.7024528347606676,2.0334864012904217,2.1612776545091203,2.120011060598969,2.047752976118341,1.975494891637713,1.9032368071570853,1.8309787226764576,1.7587206381958298,1.427687071666076,1.0966535051363218,0.7656199386065674,0.4345863720768133
1672,0.27598175878396375,0.31310368956544515,0.3781044409318533,0.44310519229826134,0.5081059436646694,0.5731066950310776,0.6381074463974856,0.9358932333664804,1.233679020335475,1.53146480730447,1.829250594273465,1.9097257114610804,1.872603780679599,1.8076030293131908,1.7426022779467827,1.6776015265803745,1.6126007752139664,1.5476000238475582,1.2498142368785634,0.9520284499095688,0.6542426629405738,0.35645687597157893
1673,0.2253108014307007,0.2556170506983482,0.3086834977291007,0.36174994475985317,0.4148163917906057,0.46788283882135817,0.5209492858521106,0.7640608400805081,1.0071723943089055,1.2502839485373032,1.4933955027657007,1.6192575536297766,1.588951304362129,1.5358848573313766,1.4828184103006241,1.4297519632698716,1.3766855162391192,1.3236190692083667,1.0805075149799692,0.8373959607515719,0.5942844065231742,0.3511728522947767
1674,0.181071206183045,0.20542684770103406,0.24807374039633354,0.290720633091633,0.3333675257869325,0.376014418482232,0.41866131117753147,0.6140381066158548,0.809414902054178,1.0047916974925013,1.200168492930825,1.489569188741577,1.4652135472235879,1.4225666545282885,1.379919761832989,1.3372728691376894,1.29462597644239,1.2519790837470905,1.0566022883087673,0.8612254928704441,0.6658486974321208,0.4704719019937972
1675,0.1371027565822645,0.15554426178254532,0.18783546186591396,0.22012666194928254,0.2524178620326512,0.2847090621160198,0.3170002621993884,0.464934866444111,0.6128694706888336,0.7608040749335562,0.9087386791782788,1.2544431595756709,1.23600165437539,1.2037104542920214,1.1714192542086528,1.1391280541252842,1.1068368540419156,1.074545653958547,0.9266110497138245,0.7786764454691019,0.6307418412243793,0.48280723697965666
1676,0.12288693681507708,0.1394162914452449,0.16835930297358676,0.19730231450192862,0.22624532603027048,0.25518833755861237,0.28413134908695425,0.4167270081222759,0.5493226671575976,0.6819183261929194,0.8145139852282411,0.965950353268064,0.9494209986378962,0.9204779871095543,0.8915349755812124,0.8625919640528705,0.8336489525245286,0.8047059409961868,0.6721102819608651,0.5395146229255434,0.40691896389022164,0.27432330485489986
1677,0.10407025709033581,0.11806860573895996,0.14257980870966933,0.16709101168037868,0.19160221465108804,0.2161134176217974,0.24062462059250678,0.3529169820306787,0.4652093434688507,0.5775017049070227,0.6897940663451948,0.756275578156249,0.7422772295076249,0.7177660265369155,0.6932548235662062,0.6687436205954969,0.6442324176247876,0.6197212146540781,0.5074288532159061,0.3951364917777342,0.2828441303395622,0.17055176890139007
1678,0.09174496304809825,0.10408545316899447,0.1256937346673304,0.14730201616566632,0.16891029766400223,0.19051857916233816,0.21212686066067407,0.3111201642112374,0.4101134677618008,0.5091067713123641,0.6081000748629275,0.6380177307790044,0.6256772406581081,0.6040689591597722,0.5824606776614363,0.5608523961631003,0.5392441146647644,0.5176358331664285,0.4186425296158651,0.3196492260653017,0.22065592251473837,0.12166261896417502
1679,0.0756798511426919,0.0858594449247251,0.10368398234795255,0.12150851977117999,0.13933305719440744,0.15715759461763487,0.17498213204086233,0.2566410943198301,0.33830005659879786,0.4199590188777657,0.5016179811567335,0.5589042903878931,0.54872469660586,0.5309001591826326,0.5130756217594051,0.4952510843361777,0.4774265469129503,0.45960200948972285,0.37794304721075506,0.2962840849317873,0.21462512265281947,0.13296616037385167
1680,0.031367184720614005,0.03558634204876214,0.04297411500909338,0.050361887969424625,0.057749660929755864,0.0651374338900871,0.07252520685041834,0.10637056615310214,0.14021592545578596,0.17406128475846977,0.20790664406115364,0.38513873965896495,0.3809195823308168,0.3735318093704856,0.36614403641015436,0.35875626344982314,0.3513684904894919,0.3439807175291607,0.3101353582264769,0.27628999892379313,0.24244463962110932,0.20859928031842545
1681,0.027541528392130105,0.031246101893993974,0.037732835101129916,0.04421956830826585,0.05070630151540179,0.057193034722537735,0.06367976792967367,0.09339722368731823,0.1231146794449628,0.15283213520260736,0.18254959096025195,0.2947264391013124,0.29102186559944854,0.2845351323923126,0.27804839918517665,0.2715616659780407,0.26507493277090477,0.25858819956376883,0.22887074380612427,0.1991532880484797,0.16943583229083514,0.13971837653319055
1682,0.021214760756460276,0.024068329353953997,0.029064947229369295,0.03406156510478459,0.03905818298019989,0.04405480085561519,0.049051418731030486,0.07194225852804301,0.09483309832505553,0.11772393812206808,0.1406147779190806,0.2196416620198345,0.2167880934223408,0.21179147554692548,0.20679485767151018,0.20179823979609487,0.19680162192067957,0.19180500404526427,0.16891416424825173,0.14602332445123922,0.12313248465422667,0.10024164485721414
1683,0.017379901386824617,0.01971764826949346,0.023811058840523276,0.02790446941155309,0.03199787998258291,0.03609129055361272,0.04018470112464254,0.058937707246218926,0.07769071336779533,0.09644371948937172,0.11519672561094813,0.1725522635160582,0.17021451663338938,0.16612110606235955,0.16202769549132973,0.1579342849202999,0.15384087434927007,0.14974746377824025,0.13099445765666387,0.11224145153508747,0.09348844541351108,0.07473543929193467
1684,0.018861538995962508,0.02139857893702769,0.025840952998510806,0.030283327059993915,0.03472570112147703,0.03916807518296014,0.04361044924444325,0.0639621502340575,0.08431385122367176,0.10466555221328604,0.1250172532029003,0.16219714722554288,0.1596601072844777,0.15521773322299456,0.15077535916151147,0.14633298510002835,0.14189061103854522,0.1374482369770621,0.11709653598744785,0.0967448349978336,0.07639313400821932,0.05604143301860505
1685,0.06031042844298219,0.06842270209442457,0.08262734801485494,0.09683199393528533,0.1110366398557157,0.1252412857761461,0.1394459316965765,0.20452120506052845,0.2695964784244804,0.33467175178843245,0.39974702515238447,0.4566317751531136,0.4485195015016712,0.43431485558124083,0.4201102096608105,0.4059055637403801,0.3917009178199497,0.3774962718995193,0.3124209985355673,0.24734572517161535,0.18227045180766333,0.1171951784437113
1686,0.30895518501738617,0.35051232648691727,0.4232791617051753,0.4960459969234333,0.5688128321416914,0.6415796673599494,0.7143465025782075,1.0477107919933368,1.3810750814084662,1.7144393708235957,2.0478036602387255,2.1024107163262697,2.0608535748567385,1.9880867396384805,1.9153199044202225,1.8425530692019643,1.7697862339837063,1.6970193987654483,1.363655109350319,1.0302908199351897,0.6969265305200603,0.3635622411049304
1687,1.1612949269476076,1.3174991271273024,1.5910137359992662,1.8645283448712298,2.1380429537431938,2.4115575626151577,2.685072171487121,3.9381155800368046,5.191158988586489,6.444202397136173,7.697245805685856,8.797592590406415,8.64138839022672,8.367873781354756,8.094359172482793,7.820844563610829,7.547329954738865,7.273815345866902,6.020771937317218,4.767728528767535,3.514685120217851,2.261641711668167
1688,2.8365400828547638,3.218079229059924,3.8861568494030205,4.554234469746118,5.222312090089215,5.890389710432311,6.558467330775408,9.61910918103339,12.679751031291374,15.74039288154936,18.801034731807345,21.40384848736475,21.02230934115959,20.354231720816493,19.686154100473395,19.018076480130297,18.3499988597872,17.6819212394441,14.621279389186117,11.560637538928134,8.499995688670149,5.439353838412163
1689,4.187241305649756,4.750461435119857,5.736663683482037,6.722865931844216,7.709068180206397,8.695270428568575,9.681472676930756,14.199528337297998,18.717583997665233,23.23563965803248,27.75369531839972,32.29130966000392,31.72808953053382,30.74188728217164,29.75568503380946,28.76948278544728,27.7832805370851,26.797078288722922,22.27902262835568,17.760966967988445,13.242911307621199,8.724855647253957
1690,4.1224380187469025,4.6769415462886,5.647880965838258,6.618820385387915,7.5897598049375725,8.56069922448723,9.53163864403689,13.979771212843394,18.427903781649896,22.876036350456406,27.324168919262913,32.91035711924829,32.35585359170659,31.384914172156932,30.413974752607274,29.443035333057615,28.472095913507957,27.501156493958298,23.053023925151795,18.60489135634529,14.15675878753878,9.708626218732274
1691,3.351595880008395,3.8024144805325077,4.591800893015079,5.381187305497649,6.170573717980221,6.959960130462791,7.7493465429453625,11.365736340329079,14.982126137712793,18.59851593509651,22.21490573248023,27.356769827551037,26.905951227026925,26.116564814544354,25.327178402061783,24.537791989579212,23.74840557709664,22.95901916461407,19.34262936723035,15.726239569846637,12.109849772462919,8.493459975079201
1692,2.9910124143164416,3.3933294236000933,4.097789222441407,4.80224902128272,5.506708820124034,6.211168618965348,6.915628417806662,10.142946736074473,13.370265054342282,16.597583372610092,19.82490169087791,24.2284335048095,23.82611649552585,23.121656696684536,22.417196897843223,21.71273709900191,21.008277300160596,20.303817501319283,17.076499183051475,13.849180864783666,10.621862546515855,7.394544228248039
1693,2.7047846416677372,3.0686015427890947,3.7056473923676854,4.342693241946275,4.979739091524866,5.6167849411034565,6.253830790682048,9.172307818474215,12.090784846266383,15.009261874058554,17.92773890185072,22.802692522038395,22.438875620917038,21.801829771338447,21.164783921759856,20.527738072181265,19.890692222602674,19.253646373024083,16.335169345231915,13.416692317439747,10.498215289647575,7.579738261855409
1694,2.20733046474823,2.5042354815337093,3.0241181699939683,3.544000858454227,4.063883546914486,4.583766235374744,5.103648923835004,7.485370246439614,9.867091569044224,12.248812891648836,14.630534214253444,19.724931122724897,19.428026105939416,18.908143417479156,18.388260729018896,17.868378040558635,17.348495352098375,16.828612663638115,14.446891341033504,12.065170018428894,9.683448695824282,7.3017273732196735
1695,1.677916042855984,1.903610246250039,2.298802319798513,2.693994393346985,3.0891864668954585,3.484378540443932,3.879570613992405,5.690050956937462,7.500531299882518,9.311011642827577,11.121491985772634,14.871256559632515,14.645562356238461,14.250370282689987,13.855178209141515,13.459986135593041,13.064794062044568,12.669601988496094,10.859121645551037,9.04864130260598,7.238160959660921,5.427680616715864
1696,1.1172675321315855,1.2675496673528908,1.5306947005095728,1.7938397336662546,2.0569847668229366,2.3201297999796187,2.583274833136301,3.7888124482913326,4.9943500634463645,6.199887678601396,7.405425293756428,10.033161309414842,9.882879174193537,9.619734141036854,9.356589107880172,9.09344407472349,8.830299041566807,8.567154008410125,7.361616393255093,6.156078778100062,4.95054116294503,3.745003547789998
1697,0.6682540838903488,0.7581400312657272,0.9155309318380566,1.0729218324103855,1.2303127329827148,1.3877036335550441,1.5450945341273732,2.2661442482220826,2.987193962316792,3.7082436764115014,4.429293390506211,6.0734388854665,5.983552938091121,5.826162037518792,5.668771136946463,5.5113802363741335,5.3539893358018045,5.196598435229475,4.475548721134766,3.7544990070400566,3.033449292945347,2.3123995788506377
1698,0.4397550001969972,0.4989058467966161,0.6024793784527985,0.7060529101089809,0.8096264417651632,0.9131999734213457,1.016773505077528,1.4912714914090162,1.9657694777405041,2.4402674640719924,2.9147654504034803,3.6846018562989733,3.625451009699354,3.5218774780431716,3.418303946386989,3.314730414730807,3.2111568830746244,3.1075833514184423,2.633085365086954,2.158587378755466,1.6840893924239777,1.2095914060924897
1699,0.286284866305672,0.32479265405806435,0.39222005033488544,0.4596474466117065,0.5270748428885276,0.5945022391653487,0.6619296354421698,0.9708325302776295,1.2797354251130895,1.5886383199485492,1.8975412147840094,2.22844041223525,2.1899326244828576,2.1225052282060366,2.0550778319292156,1.9876504356523945,1.9202230393755735,1.8527956430987524,1.5438927482632927,1.2349898534278327,0.926086958592373,0.6171840637569128
1700,0.1600000684787465,0.18152145994052682,0.21920556165659857,0.25688966337267033,0.2945737650887421,0.33225786680481384,0.3699419685208856,0.5425828942000834,0.7152238198792811,0.887864745558479,1.0605056712376768,1.3303544742870113,1.308833082825231,1.2711489811091592,1.2334648793930874,1.1957807776770155,1.1580966759609437,1.1204125742448718,0.947771648565674,0.7751307228864763,0.6024897972072784,0.4298488715280806
1701,0.0966650333943288,0.10966731548161278,0.1324343991801003,0.15520148287858784,0.17796856657707538,0.20073565027556292,0.2235027339740505,0.3278048196211218,0.432106905268193,0.5364089909152644,0.6407110765623357,0.8750441895076194,0.8620419074203355,0.8392748237218479,0.8165077400233604,0.7937406563248728,0.7709735726263852,0.7482064889278977,0.6439044032808263,0.5396023176337551,0.4353002319866837,0.3309981463396124
1702,0.060485888935644626,0.06862176353916513,0.08286773488598757,0.09711370623281,0.11135967757963244,0.1256056489264549,0.13985162027327736,0.2051162164429092,0.27038081261254104,0.33564540878217297,0.40091000495180484,0.6530761972950729,0.6449403226915524,0.63069435134473,0.6164483799979075,0.602202408651085,0.5879564373042625,0.57371046595744,0.5084458697878081,0.4431812736181763,0.37791667744854435,0.3126520812789125
1703,0.04326251605801909,0.04908169821561838,0.059271125452270715,0.06946055268892304,0.07964997992557539,0.08983940716222773,0.10002883439888008,0.1467093195416705,0.19338980468446088,0.24007028982725132,0.28675077497004176,0.499578441059629,0.4937592589020297,0.48356983166537737,0.47338040442872503,0.4631909771920727,0.45300154995542036,0.442812122718768,0.3961316375759776,0.3494511524331872,0.30277066729039676,0.2560901821476063
1704,0.031367184720614005,0.03558634204876214,0.04297411500909338,0.050361887969424625,0.057749660929755864,0.0651374338900871,0.07252520685041834,0.10637056615310214,0.14021592545578596,0.17406128475846977,0.20790664406115364,0.38513873965896495,0.3809195823308168,0.3735318093704856,0.36614403641015436,0.35875626344982314,0.3513684904894919,0.3439807175291607,0.3101353582264769,0.27628999892379313,0.24244463962110932,0.20859928031842545
1705,0.027541528392130105,0.031246101893993974,0.037732835101129916,0.04421956830826585,0.05070630151540179,0.057193034722537735,0.06367976792967367,0.09339722368731823,0.1231146794449628,0.15283213520260736,0.18254959096025195,0.2947264391013124,0.29102186559944854,0.2845351323923126,0.27804839918517665,0.2715616659780407,0.26507493277090477,0.25858819956376883,0.22887074380612427,0.1991532880484797,0.16943583229083514,0.13971837653319055
1706,0.021214760756460276,0.024068329353953997,0.029064947229369295,0.03406156510478459,0.03905818298019989,0.04405480085561519,0.049051418731030486,0.07194225852804301,0.09483309832505553,0.11772393812206808,0.1406147779190806,0.2196416620198345,0.2167880934223408,0.21179147554692548,0.20679485767151018,0.20179823979609487,0.19680162192067957,0.19180500404526427,0.16891416424825173,0.14602332445123922,0.12313248465422667,0.10024164485721414
1707,0.017379901386824617,0.01971764826949346,0.023811058840523276,0.02790446941155309,0.03199787998258291,0.03609129055361272,0.04018470112464254,0.058937707246218926,0.07769071336779533,0.09644371948937172,0.11519672561094813,0.1725522635160582,0.17021451663338938,0.16612110606235955,0.16202769549132973,0.1579342849202999,0.15384087434927007,0.14974746377824025,0.13099445765666387,0.11224145153508747,0.09348844541351108,0.07473543929193467
1708,0.018861538995962508,0.02139857893702769,0.025840952998510806,0.030283327059993915,0.03472570112147703,0.03916807518296014,0.04361044924444325,0.0639621502340575,0.08431385122367176,0.10466555221328604,0.1250172532029003,0.16219714722554288,0.1596601072844777,0.15521773322299456,0.15077535916151147,0.14633298510002835,0.14189061103854522,0.1374482369770621,0.11709653598744785,0.0967448349978336,0.07639313400821932,0.05604143301860505
1709,0.06031042844298219,0.06842270209442457,0.08262734801485494,0.09683199393528533,0.1110366398557157,0.1252412857761461,0.1394459316965765,0.20452120506052845,0.2695964784244804,0.33467175178843245,0.39974702515238447,0.4566317751531136,0.4485195015016712,0.43431485558124083,0.4201102096608105,0.4059055637403801,0.3917009178199497,0.3774962718995193,0.3124209985355673,0.24734572517161535,0.18227045180766333,0.1171951784437113
1710,0.30895518501738617,0.35051232648691727,0.4232791617051753,0.4960459969234333,0.5688128321416914,0.6415796673599494,0.7143465025782075,1.0477107919933368,1.3810750814084662,1.7144393708235957,2.0478036602387255,2.1024107163262697,2.0608535748567385,1.9880867396384805,1.9153199044202225,1.8425530692019643,1.7697862339837063,1.6970193987654483,1.363655109350319,1.0302908199351897,0.6969265305200603,0.3635622411049304
1711,1.1612949269476076,1.3174991271273024,1.5910137359992662,1.8645283448712298,2.1380429537431938,2.4115575626151577,2.685072171487121,3.9381155800368046,5.191158988586489,6.444202397136173,7.697245805685856,8.797592590406415,8.64138839022672,8.367873781354756,8.094359172482793,7.820844563610829,7.547329954738865,7.273815345866902,6.020771937317218,4.767728528767535,3.514685120217851,2.261641711668167
1712,2.8365400828547638,3.218079229059924,3.8861568494030205,4.554234469746118,5.222312090089215,5.890389710432311,6.558467330775408,9.61910918103339,12.679751031291374,15.74039288154936,18.801034731807345,21.40384848736475,21.02230934115959,20.354231720816493,19.686154100473395,19.018076480130297,18.3499988597872,17.6819212394441,14.621279389186117,11.560637538928134,8.499995688670149,5.439353838412163
1713,4.187241305649756,4.750461435119857,5.736663683482037,6.722865931844216,7.709068180206397,8.695270428568575,9.681472676930756,14.199528337297998,18.717583997665233,23.23563965803248,27.75369531839972,32.29130966000392,31.72808953053382,30.74188728217164,29.75568503380946,28.76948278544728,27.7832805370851,26.797078288722922,22.27902262835568,17.760966967988445,13.242911307621199,8.724855647253957
1714,4.1224380187469025,4.6769415462886,5.647880965838258,6.618820385387915,7.5897598049375725,8.56069922448723,9.53163864403689,13.979771212843394,18.427903781649896,22.876036350456406,27.324168919262913,32.91035711924829,32.35585359170659,31.384914172156932,30.413974752607274,29.443035333057615,28.472095913507957,27.501156493958298,23.053023925151795,18.60489135634529,14.15675878753878,9.708626218732274
1715,3.351595880008395,3.8024144805325077,4.591800893015079,5.381187305497649,6.170573717980221,6.959960130462791,7.7493465429453625,11.365736340329079,14.982126137712793,18.59851593509651,22.21490573248023,27.356769827551037,26.905951227026925,26.116564814544354,25.327178402061783,24.537791989579212,23.74840557709664,22.95901916461407,19.34262936723035,15.726239569846637,12.109849772462919,8.493459975079201
1716,2.9910124143164416,3.3933294236000933,4.097789222441407,4.80224902128272,5.506708820124034,6.211168618965348,6.915628417806662,10.142946736074473,13.370265054342282,16.597583372610092,19.82490169087791,24.2284335048095,23.82611649552585,23.121656696684536,22.417196897843223,21.71273709900191,21.008277300160596,20.303817501319283,17.076499183051475,13.849180864783666,10.621862546515855,7.394544228248039
1717,2.7047846416677372,3.0686015427890947,3.7056473923676854,4.342693241946275,4.979739091524866,5.6167849411034565,6.253830790682048,9.172307818474215,12.090784846266383,15.009261874058554,17.92773890185072,22.802692522038395,22.438875620917038,21.801829771338447,21.164783921759856,20.527738072181265,19.890692222602674,19.253646373024083,16.335169345231915,13.416692317439747,10.498215289647575,7.579738261855409
1718,2.20733046474823,2.5042354815337093,3.0241181699939683,3.544000858454227,4.063883546914486,4.583766235374744,5.103648923835004,7.485370246439614,9.867091569044224,12.248812891648836,14.630534214253444,19.724931122724897,19.428026105939416,18.908143417479156,18.388260729018896,17.868378040558635,17.348495352098375,16.828612663638115,14.446891341033504,12.065170018428894,9.683448695824282,7.3017273732196735
1719,1.677916042855984,1.903610246250039,2.298802319798513,2.693994393346985,3.0891864668954585,3.484378540443932,3.879570613992405,5.690050956937462,7.500531299882518,9.311011642827577,11.121491985772634,14.871256559632515,14.645562356238461,14.250370282689987,13.855178209141515,13.459986135593041,13.064794062044568,12.669601988496094,10.859121645551037,9.04864130260598,7.238160959660921,5.427680616715864
1720,1.1172675321315855,1.2675496673528908,1.5306947005095728,1.7938397336662546,2.0569847668229366,2.3201297999796187,2.583274833136301,3.7888124482913326,4.9943500634463645,6.199887678601396,7.405425293756428,10.033161309414842,9.882879174193537,9.619734141036854,9.356589107880172,9.09344407472349,8.830299041566807,8.567154008410125,7.361616393255093,6.156078778100062,4.95054116294503,3.745003547789998
1721,0.6682540838903488,0.7581400312657272,0.9155309318380566,1.0729218324103855,1.2303127329827148,1.3877036335550441,1.5450945341273732,2.2661442482220826,2.987193962316792,3.7082436764115014,4.429293390506211,6.0734388854665,5.983552938091121,5.826162037518792,5.668771136946463,5.5113802363741335,5.3539893358018045,5.196598435229475,4.475548721134766,3.7544990070400566,3.033449292945347,2.3123995788506377
1722,0.4397550001969972,0.4989058467966161,0.6024793784527985,0.7060529101089809,0.8096264417651632,0.9131999734213457,1.016773505077528,1.4912714914090162,1.9657694777405041,2.4402674640719924,2.9147654504034803,3.6846018562989733,3.625451009699354,3.5218774780431716,3.418303946386989,3.314730414730807,3.2111568830746244,3.1075833514184423,2.633085365086954,2.158587378755466,1.6840893924239777,1.2095914060924897
1723,0.286284866305672,0.32479265405806435,0.39222005033488544,0.4596474466117065,0.5270748428885276,0.5945022391653487,0.6619296354421698,0.9708325302776295,1.2797354251130895,1.5886383199485492,1.8975412147840094,2.22844041223525,2.1899326244828576,2.1225052282060366,2.0550778319292156,1.9876504356523945,1.9202230393755735,1.8527956430987524,1.5438927482632927,1.2349898534278327,0.926086958592373,0.6171840637569128
1724,0.1600000684787465,0.18152145994052682,0.21920556165659857,0.25688966337267033,0.2945737650887421,0.33225786680481384,0.3699419685208856,0.5425828942000834,0.7152238198792811,0.887864745558479,1.0605056712376768,1.3303544742870113,1.308833082825231,1.2711489811091592,1.2334648793930874,1.1957807776770155,1.1580966759609437,1.1204125742448718,0.947771648565674,0.7751307228864763,0.6024897972072784,0.4298488715280806
1725,0.0966650333943288,0.10966731548161278,0.1324343991801003,0.15520148287858784,0.17796856657707538,0.20073565027556292,0.2235027339740505,0.3278048196211218,0.432106905268193,0.5364089909152644,0.6407110765623357,0.8750441895076194,0.8620419074203355,0.8392748237218479,0.8165077400233604,0.7937406563248728,0.7709735726263852,0.7482064889278977,0.6439044032808263,0.5396023176337551,0.4353002319866837,0.3309981463396124
1726,0.060485888935644626,0.06862176353916513,0.08286773488598757,0.09711370623281,0.11135967757963244,0.1256056489264549,0.13985162027327736,0.2051162164429092,0.27038081261254104,0.33564540878217297,0.40091000495180484,0.6530761972950729,0.6449403226915524,0.63069435134473,0.6164483799979075,0.602202408651085,0.5879564373042625,0.57371046595744,0.5084458697878081,0.4431812736181763,0.37791667744854435,0.3126520812789125
1727,0.04326251605801909,0.04908169821561838,0.059271125452270715,0.06946055268892304,0.07964997992557539,0.08983940716222773,0.10002883439888008,0.1467093195416705,0.19338980468446088,0.24007028982725132,0.28675077497004176,0.499578441059629,0.4937592589020297,0.48356983166537737,0.47338040442872503,0.4631909771920727,0.45300154995542036,0.442812122718768,0.3961316375759776,0.3494511524331872,0.30277066729039676,0.2560901821476063
1728,0.031367184720614005,0.03558634204876214,0.04297411500909338,0.050361887969424625,0.057749660929755864,0.0651374338900871,0.07252520685041834,0.10637056615310214,0.14021592545578596,0.17406128475846977,0.20790664406115364,0.38513873965896495,0.3809195823308168,0.3735318093704856,0.36614403641015436,0.35875626344982314,0.3513684904894919,0.3439807175291607,0.3101353582264769,0.27628999892379313,0.24244463962110932,0.20859928031842545
1729,0.027541528392130105,0.031246101893993974,0.037732835101129916,0.04421956830826585,0.05070630151540179,0.057193034722537735,0.06367976792967367,0.09339722368731823,0.1231146794449628,0.15283213520260736,0.18254959096025195,0.2947264391013124,0.29102186559944854,0.2845351323923126,0.27804839918517665,0.2715616659780407,0.26507493277090477,0.25858819956376883,0.22887074380612427,0.1991532880484797,0.16943583229083514,0.13971837653319055
1730,0.021214760756460276,0.024068329353953997,0.029064947229369295,0.03406156510478459,0.03905818298019989,0.04405480085561519,0.049051418731030486,0.07194225852804301,0.09483309832505553,0.11772393812206808,0.1406147779190806,0.2196416620198345,0.2167880934223408,0.21179147554692548,0.20679485767151018,0.20179823979609487,0.19680162192067957,0.19180500404526427,0.16891416424825173,0.14602332445123922,0.12313248465422667,0.10024164485721414
1731,0.017379901386824617,0.01971764826949346,0.023811058840523276,0.02790446941155309,0.03199787998258291,0.03609129055361272,0.04018470112464254,0.058937707246218926,0.07769071336779533,0.09644371948937172,0.11519672561094813,0.1725522635160582,0.17021451663338938,0.16612110606235955,0.16202769549132973,0.1579342849202999,0.15384087434927007,0.14974746377824025,0.13099445765666387,0.11224145153508747,0.09348844541351108,0.07473543929193467
1732,0.018861538995962508,0.02139857893702769,0.025840952998510806,0.030283327059993915,0.03472570112147703,0.03916807518296014,0.04361044924444325,0.0639621502340575,0.08431385122367176,0.10466555221328604,0.1250172532029003,0.16219714722554288,0.1596601072844777,0.15521773322299456,0.15077535916151147,0.14633298510002835,0.14189061103854522,0.1374482369770621,0.11709653598744785,0.0967448349978336,0.07639313400821932,0.05604143301860505
1733,0.06031042844298219,0.06842270209442457,0.08262734801485494,0.09683199393528533,0.1110366398557157,0.1252412857761461,0.1394459316965765,0.20452120506052845,0.2695964784244804,0.33467175178843245,0.39974702515238447,0.4566317751531136,0.4485195015016712,0.43431485558124083,0.4201102096608105,0.4059055637403801,0.3917009178199497,0.3774962718995193,0.3124209985355673,0.24734572517161535,0.18227045180766333,0.1171951784437113
1734,0.30895518501738617,0.35051232648691727,0.4232791617051753,0.4960459969234333,0.5688128321416914,0.6415796673599494,0.7143465025782075,1.0477107919933368,1.3810750814084662,1.7144393708235957,2.0478036602387255,2.1024107163262697,2.0608535748567385,1.9880867396384805,1.9153199044202225,1.8425530692019643,1.7697862339837063,1.6970193987654483,1.363655109350319,1.0302908199351897,0.6969265305200603,0.3635622411049304
1735,1.1612949269476076,1.3174991271273024,1.5910137359992662,1.8645283448712298,2.1380429537431938,2.4115575626151577,2.685072171487121,3.9381155800368046,5.191158988586489,6.444202397136173,7.697245805685856,8.797592590406415,8.64138839022672,8.367873781354756,8.094359172482793,7.820844563610829,7.547329954738865,7.273815345866902,6.020771937317218,4.767728528767535,3.514685120217851,2.261641711668167
1736,2.8365400828547638,3.218079229059924,3.8861568494030205,4.554234469746118,5.222312090089215,5.890389710432311,6.558467330775408,9.61910918103339,12.679751031291374,15.74039288154936,18.801034731807345,21.40384848736475,21.02230934115959,20.354231720816493,19.686154100473395,19.018076480130297,18.3499988597872,17.6819212394441,14.621279389186117,11.560637538928134,8.499995688670149,5.439353838412163
1737,4.187241305649756,4.750461435119857,5.736663683482037,6.722865931844216,7.709068180206397,8.695270428568575,9.681472676930756,14.199528337297998,18.717583997665233,23.23563965803248,27.75369531839972,32.29130966000392,31.72808953053382,30.74188728217164,29.75568503380946,28.76948278544728,27.7832805370851,26.797078288722922,22.27902262835568,17.760966967988445,13.242911307621199,8.724855647253957
1738,4.1224380187469025,4.6769415462886,5.647880965838258,6.618820385387915,7.5897598049375725,8.56069922448723,9.53163864403689,13.979771212843394,18.427903781649896,22.876036350456406,27.324168919262913,32.91035711924829,32.35585359170659,31.384914172156932,30.413974752607274,29.443035333057615,28.472095913507957,27.501156493958298,23.053023925151795,18.60489135634529,14.15675878753878,9.708626218732274
1739,3.351595880008395,3.8024144805325077,4.591800893015079,5.381187305497649,6.170573717980221,6.959960130462791,7.7493465429453625,11.365736340329079,14.982126137712793,18.59851593509651,22.21490573248023,27.356769827551037,26.905951227026925,26.116564814544354,25.327178402061783,24.537791989579212,23.74840557709664,22.95901916461407,19.34262936723035,15.726239569846637,12.109849772462919,8.493459975079201
1740,2.9910124143164416,3.3933294236000933,4.097789222441407,4.80224902128272,5.506708820124034,6.211168618965348,6.915628417806662,10.142946736074473,13.370265054342282,16.597583372610092,19.82490169087791,24.2284335048095,23.82611649552585,23.121656696684536,22.417196897843223,21.71273709900191,21.008277300160596,20.303817501319283,17.076499183051475,13.849180864783666,10.621862546515855,7.394544228248039
1741,2.7047846416677372,3.0686015427890947,3.7056473923676854,4.342693241946275,4.979739091524866,5.6167849411034565,6.253830790682048,9.172307818474215,12.090784846266383,15.009261874058554,17.92773890185072,22.802692522038395,22.438875620917038,21.801829771338447,21.164783921759856,20.527738072181265,19.890692222602674,19.253646373024083,16.335169345231915,13.416692317439747,10.498215289647575,7.579738261855409
1742,2.20733046474823,2.5042354815337093,3.0241181699939683,3.544000858454227,4.063883546914486,4.583766235374744,5.103648923835004,7.485370246439614,9.867091569044224,12.248812891648836,14.630534214253444,19.724931122724897,19.428026105939416,18.908143417479156,18.388260729018896,17.868378040558635,17.348495352098375,16.828612663638115,14.446891341033504,12.065170018428894,9.683448695824282,7.3017273732196735
1743,1.677916042855984,1.903610246250039,2.298802319798513,2.693994393346985,3.0891864668954585,3.484378540443932,3.879570613992405,5.690050956937462,7.500531299882518,9.311011642827577,11.121491985772634,14.871256559632515,14.645562356238461,14.250370282689987,13.855178209141515,13.459986135593041,13.064794062044568,12.669601988496094,10.859121645551037,9.04864130260598,7.238160959660921,5.427680616715864
1744,1.1172675321315855,1.2675496673528908,1.5306947005095728,1.7938397336662546,2.0569847668229366,2.3201297999796187,2.583274833136301,3.7888124482913326,4.9943500634463645,6.199887678601396,7.405425293756428,10.033161309414842,9.882879174193537,9.619734141036854,9.356589107880172,9.09344407472349,8.830299041566807,8.567154008410125,7.361616393255093,6.156078778100062,4.95054116294503,3.745003547789998
1745,0.6682540838903488,0.7581400312657272,0.9155309318380566,1.0729218324103855,1.2303127329827148,1.3877036335550441,1.5450945341273732,2.2661442482220826,2.987193962316792,3.7082436764115014,4.429293390506211,6.0734388854665,5.983552938091121,5.826162037518792,5.668771136946463,5.5113802363741335,5.3539893358018045,5.196598435229475,4.475548721134766,3.7544990070400566,3.033449292945347,2.3123995788506377
1746,0.4397550001969972,0.4989058467966161,0.6024793784527985,0.7060529101089809,0.8096264417651632,0.9131999734213457,1.016773505077528,1.4912714914090162,1.9657694777405041,2.4402674640719924,2.9147654504034803,3.6846018562989733,3.625451009699354,3.5218774780431716,3.418303946386989,3.314730414730807,3.2111568830746244,3.1075833514184423,2.633085365086954,2.158587378755466,1.6840893924239777,1.2095914060924897
1747,0.286284866305672,0.32479265405806435,0.39222005033488544,0.4596474466117065,0.5270748428885276,0.5945022391653487,0.6619296354421698,0.9708325302776295,1.2797354251130895,1.5886383199485492,1.8975412147840094,2.22844041223525,2.1899326244828576,2.1225052282060366,2.0550778319292156,1.9876504356523945,1.9202230393755735,1.8527956430987524,1.5438927482632927,1.2349898534278327,0.926086958592373,0.6171840637569128
1748,0.1600000684787465,0.18152145994052682,0.21920556165659857,0.25688966337267033,0.2945737650887421,0.33225786680481384,0.3699419685208856,0.5425828942000834,0.7152238198792811,0.887864745558479,1.0605056712376768,1.3303544742870113,1.308833082825231,1.2711489811091592,1.2334648793930874,1.1957807776770155,1.1580966759609437,1.1204125742448718,0.947771648565674,0.7751307228864763,0.6024897972072784,0.4298488715280806
1749,0.0966650333943288,0.10966731548161278,0.1324343991801003,0.15520148287858784,0.17796856657707538,0.20073565027556292,0.2235027339740505,0.3278048196211218,0.432106905268193,0.5364089909152644,0.6407110765623357,0.8750441895076194,0.8620419074203355,0.8392748237218479,0.8165077400233604,0.7937406563248728,0.7709735726263852,0.7482064889278977,0.6439044032808263,0.5396023176337551,0.4353002319866837,0.3309981463396124
1750,0.060485888935644626,0.06862176353916513,0.08286773488598757,0.09711370623281,0.11135967757963244,0.1256056489264549,0.13985162027327736,0.2051162164429092,0.27038081261254104,0.33564540878217297,0.40091000495180484,0.6530761972950729,0.6449403226915524,0.63069435134473,0.6164483799979075,0.602202408651085,0.5879564373042625,0.57371046595744,0.5084458697878081,0.4431812736181763,0.37791667744854435,0.3126520812789125
1751,0.04326251605801909,0.04908169821561838,0.059271125452270715,0.06946055268892304,0.07964997992557539,0.08983940716222773,0.10002883439888008,0.1467093195416705,0.19338980468446088,0.24007028982725132,0.28675077497004176,0.499578441059629,0.4937592589020297,0.48356983166537737,0.47338040442872503,0.4631909771920727,0.45300154995542036,0.442812122718768,0.3961316375759776,0.3494511524331872,0.30277066729039676,0.2560901821476063
1752,0.031367184720614005,0.03558634204876214,0.04297411500909338,0.050361887969424625,0.057749660929755864,0.0651374338900871,0.07252520685041834,0.10637056615310214,0.14021592545578596,0.17406128475846977,0.20790664406115364,0.38513873965896495,0.3809195823308168,0.3735318093704856,0.36614403641015436,0.35875626344982314,0.3513684904894919,0.3439807175291607,0.3101353582264769,0.27628999892379313,0.24244463962110932,0.20859928031842545
1753,0.027541528392130105,0.031246101893993974,0.037732835101129916,0.04421956830826585,0.05070630151540179,0.057193034722537735,0.06367976792967367,0.09339722368731823,0.1231146794449628,0.15283213520260736,0.18254959096025195,0.2947264391013124,0.29102186559944854,0.2845351323923126,0.27804839918517665,0.2715616659780407,0.26507493277090477,0.25858819956376883,0.22887074380612427,0.1991532880484797,0.16943583229083514,0.13971837653319055
1754,0.021214760756460276,0.024068329353953997,0.029064947229369295,0.03406156510478459,0.03905818298019989,0.04405480085561519,0.049051418731030486,0.07194225852804301,0.09483309832505553,0.11772393812206808,0.1406147779190806,0.2196416620198345,0.2167880934223408,0.21179147554692548,0.20679485767151018,0.20179823979609487,0.19680162192067957,0.19180500404526427,0.16891416424825173,0.14602332445123922,0.12313248465422667,0.10024164485721414
1755,0.017379901386824617,0.01971764826949346,0.023811058840523276,0.02790446941155309,0.03199787998258291,0.03609129055361272,0.04018470112464254,0.058937707246218926,0.07769071336779533,0.09644371948937172,0.11519672561094813,0.1725522635160582,0.17021451663338938,0.16612110606235955,0.16202769549132973,0.1579342849202999,0.15384087434927007,0.14974746377824025,0.13099445765666387,0.11224145153508747,0.09348844541351108,0.07473543929193467
1756,0.018861538995962508,0.02139857893702769,0.025840952998510806,0.030283327059993915,0.03472570112147703,0.03916807518296014,0.04361044924444325,0.0639621502340575,0.08431385122367176,0.10466555221328604,0.1250172532029003,0.16219714722554288,0.1596601072844777,0.15521773322299456,0.15077535916151147,0.14633298510002835,0.14189061103854522,0.1374482369770621,0.11709653598744785,0.0967448349978336,0.07639313400821932,0.05604143301860505
1757,0.06031042844298219,0.06842270209442457,0.08262734801485494,0.09683199393528533,0.1110366398557157,0.1252412857761461,0.1394459316965765,0.20452120506052845,0.2695964784244804,0.33467175178843245,0.39974702515238447,0.4566317751531136,0.4485195015016712,0.43431485558124083,0.4201102096608105,0.4059055637403801,0.3917009178199497,0.3774962718995193,0.3124209985355673,0.24734572517161535,0.18227045180766333,0.1171951784437113
1758,0.30895518501738617,0.35051232648691727,0.4232791617051753,0.4960459969234333,0.5688128321416914,0.6415796673599494,0.7143465025782075,1.0477107919933368,1.3810750814084662,1.7144393708235957,2.0478036602387255,2.1024107163262697,2.0608535748567385,1.9880867396384805,1.9153199044202225,1.8425530692019643,1.7697862339837063,1.6970193987654483,1.363655109350319,1.0302908199351897,0.6969265305200603,0.3635622411049304
1759,1.1612949269476076,1.3174991271273024,1.5910137359992662,1.8645283448712298,2.1380429537431938,2.4115575626151577,2.685072171487121,3.9381155800368046,5.191158988586489,6.444202397136173,7.697245805685856,8.797592590406415,8.64138839022672,8.367873781354756,8.094359172482793,7.820844563610829,7.547329954738865,7.273815345866902,6.020771937317218,4.767728528767535,3.514685120217851,2.261641711668167
1760,2.8365400828547638,3.218079229059924,3.8861568494030205,4.554234469746118,5.222312090089215,5.890389710432311,6.558467330775408,9.61910918103339,12.679751031291374,15.74039288154936,18.801034731807345,21.40384848736475,21.02230934115959,20.354231720816493,19.686154100473395,19.018076480130297,18.3499988597872,17.6819212394441,14.621279389186117,11.560637538928134,8.499995688670149,5.439353838412163
1761,4.187241305649756,4.750461435119857,5.736663683482037,6.722865931844216,7.709068180206397,8.695270428568575,9.681472676930756,14.199528337297998,18.717583997665233,23.23563965803248,27.75369531839972,32.29130966000392,31.72808953053382,30.74188728217164,29.75568503380946,28.76948278544728,27.7832805370851,26.797078288722922,22.27902262835568,17.760966967988445,13.242911307621199,8.724855647253957
1762,4.1224380187469025,4.6769415462886,5.647880965838258,6.618820385387915,7.5897598049375725,8.56069922448723,9.53163864403689,13.979771212843394,18.427903781649896,22.876036350456406,27.324168919262913,32.91035711924829,32.35585359170659,31.384914172156932,30.413974752607274,29.443035333057615,28.472095913507957,27.501156493958298,23.053023925151795,18.60489135634529,14.15675878753878,9.708626218732274
1763,3.351595880008395,3.8024144805325077,4.591800893015079,5.381187305497649,6.170573717980221,6.959960130462791,7.7493465429453625,11.365736340329079,14.982126137712793,18.59851593509651,22.21490573248023,27.356769827551037,26.905951227026925,26.116564814544354,25.327178402061783,24.537791989579212,23.74840557709664,22.95901916461407,19.34262936723035,15.726239569846637,12.109849772462919,8.493459975079201
1764,2.9910124143164416,3.3933294236000933,4.097789222441407,4.80224902128272,5.506708820124034,6.211168618965348,6.915628417806662,10.142946736074473,13.370265054342282,16.597583372610092,19.82490169087791,24.2284335048095,23.82611649552585,23.121656696684536,22.417196897843223,21.71273709900191,21.008277300160596,20.303817501319283,17.076499183051475,13.849180864783666,10.621862546515855,7.394544228248039
1765,2.7047846416677372,3.0686015427890947,3.7056473923676854,4.342693241946275,4.979739091524866,5.6167849411034565,6.253830790682048,9.172307818474215,12.090784846266383,15.009261874058554,17.92773890185072,22.802692522038395,22.438875620917038,21.801829771338447,21.164783921759856,20.527738072181265,19.890692222602674,19.253646373024083,16.335169345231915,13.416692317439747,10.498215289647575,7.579738261855409
1766,2.20733046474823,2.5042354815337093,3.0241181699939683,3.544000858454227,4.063883546914486,4.583766235374744,5.103648923835004,7.485370246439614,9.867091569044224,12.248812891648836,14.630534214253444,19.724931122724897,19.428026105939416,18.908143417479156,18.388260729018896,17.868378040558635,17.348495352098375,16.828612663638115,14.446891341033504,12.065170018428894,9.683448695824282,7.3017273732196735
1767,1.677916042855984,1.903610246250039,2.298802319798513,2.693994393346985,3.0891864668954585,3.484378540443932,3.879570613992405,5.690050956937462,7.500531299882518,9.311011642827577,11.121491985772634,14.871256559632515,14.645562356238461,14.250370282689987,13.855178209141515,13.459986135593041,13.064794062044568,12.669601988496094,10.859121645551037,9.04864130260598,7.238160959660921,5.427680616715864
1768,1.1172675321315855,1.2675496673528908,1.5306947005095728,1.7938397336662546,2.0569847668229366,2.3201297999796187,2.583274833136301,3.7888124482913326,4.9943500634463645,6.199887678601396,7.405425293756428,10.033161309414842,9.882879174193537,9.619734141036854,9.356589107880172,9.09344407472349,8.830299041566807,8.567154008410125,7.361616393255093,6.156078778100062,4.95054116294503,3.745003547789998
1769,0.6682540838903488,0.7581400312657272,0.9155309318380566,1.0729218324103855,1.2303127329827148,1.3877036335550441,1.5450945341273732,2.2661442482220826,2.987193962316792,3.7082436764115014,4.429293390506211,6.0734388854665,5.983552938091121,5.826162037518792,5.668771136946463,5.5113802363741335,5.3539893358018045,5.196598435229475,4.475548721134766,3.7544990070400566,3.033449292945347,2.3123995788506377
1770,0.4397550001969972,0.4989058467966161,0.6024793784527985,0.7060529101089809,0.8096264417651632,0.9131999734213457,1.016773505077528,1.4912714914090162,1.9657694777405041,2.4402674640719924,2.9147654504034803,3.6846018562989733,3.625451009699354,3.5218774780431716,3.418303946386989,3.314730414730807,3.2111568830746244,3.1075833514184423,2.633085365086954,2.158587378755466,1.6840893924239777,1.2095914060924897
1771,0.286284866305672,0.32479265405806435,0.39222005033488544,0.4596474466117065,0.5270748428885276,0.5945022391653487,0.6619296354421698,0.9708325302776295,1.2797354251130895,1.5886383199485492,1.8975412147840094,2.22844041223525,2.1899326244828576,2.1225052282060366,2.0550778319292156,1.9876504356523945,1.9202230393755735,1.8527956430987524,1.5438927482632927,1.2349898534278327,0.926086958592373,0.6171840637569128
1772,0.1600000684787465,0.18152145994052682,0.21920556165659857,0.25688966337267033,0.2945737650887421,0.33225786680481384,0.3699419685208856,0.5425828942000834,0.7152238198792811,0.887864745558479,1.0605056712376768,1.3303544742870113,1.308833082825231,1.2711489811091592,1.2334648793930874,1.1957807776770155,1.1580966759609437,1.1204125742448718,0.947771648565674,0.7751307228864763,0.6024897972072784,0.4298488715280806
1773,0.0966650333943288,0.10966731548161278,0.1324343991801003,0.15520148287858784,0.17796856657707538,0.20073565027556292,0.2235027339740505,0.3278048196211218,0.432106905268193,0.5364089909152644,0.6407110765623357,0.8750441895076194,0.8620419074203355,0.8392748237218479,0.8165077400233604,0.7937406563248728,0.7709735726263852,0.7482064889278977,0.6439044032808263,0.5396023176337551,0.4353002319866837,0.3309981463396124
1774,0.060485888935644626,0.06862176353916513,0.08286773488598757,0.09711370623281,0.11135967757963244,0.1256056489264549,0.13985162027327736,0.2051162164429092,0.27038081261254104,0.33564540878217297,0.40091000495180484,0.6530761972950729,0.6449403226915524,0.63069435134473,0.6164483799979075,0.602202408651085,0.5879564373042625,0.57371046595744,0.5084458697878081,0.4431812736181763,0.37791667744854435,0.3126520812789125
1775,0.04326251605801909,0.04908169821561838,0.059271125452270715,0.06946055268892304,0.07964997992557539,0.08983940716222773,0.10002883439888008,0.1467093195416705,0.19338980468446088,0.24007028982725132,0.28675077497004176,0.499578441059629,0.4937592589020297,0.48356983166537737,0.47338040442872503,0.4631909771920727,0.45300154995542036,0.442812122718768,0.3961316375759776,0.3494511524331872,0.30277066729039676,0.2560901821476063
1776,0.031367184720614005,0.03558634204876214,0.04297411500909338,0.050361887969424625,0.057749660929755864,0.0651374338900871,0.07252520685041834,0.10637056615310214,0.14021592545578596,0.17406128475846977,0.20790664406115364,0.38513873965896495,0.3809195823308168,0.3735318093704856,0.36614403641015436,0.35875626344982314,0.3513684904894919,0.3439807175291607,0.3101353582264769,0.27628999892379313,0.24244463962110932,0.20859928031842545
1777,0.027541528392130105,0.031246101893993974,0.037732835101129916,0.04421956830826585,0.05070630151540179,0.057193034722537735,0.06367976792967367,0.09339722368731823,0.1231146794449628,0.15283213520260736,0.18254959096025195,0.2947264391013124,0.29102186559944854,0.2845351323923126,0.27804839918517665,0.2715616659780407,0.26507493277090477,0.25858819956376883,0.22887074380612427,0.1991532880484797,0.16943583229083514,0.13971837653319055
1778,0.021214760756460276,0.024068329353953997,0.029064947229369295,0.03406156510478459,0.03905818298019989,0.04405480085561519,0.049051418731030486,0.07194225852804301,0.09483309832505553,0.11772393812206808,0.1406147779190806,0.2196416620198345,0.2167880934223408,0.21179147554692548,0.20679485767151018,0.20179823979609487,0.19680162192067957,0.19180500404526427,0.16891416424825173,0.14602332445123922,0.12313248465422667,0.10024164485721414
1779,0.017379901386824617,0.01971764826949346,0.023811058840523276,0.02790446941155309,0.03199787998258291,0.03609129055361272,0.04018470112464254,0.058937707246218926,0.07769071336779533,0.09644371948937172,0.11519672561094813,0.1725522635160582,0.17021451663338938,0.16612110606235955,0.16202769549132973,0.1579342849202999,0.15384087434927007,0.14974746377824025,0.13099445765666387,0.11224145153508747,0.09348844541351108,0.07473543929193467
1780,0.018861538995962508,0.02139857893702769,0.025840952998510806,0.030283327059993915,0.03472570112147703,0.03916807518296014,0.04361044924444325,0.0639621502340575,0.08431385122367176,0.10466555221328604,0.1250172532029003,0.16219714722554288,0.1596601072844777,0.15521773322299456,0.15077535916151147,0.14633298510002835,0.14189061103854522,0.1374482369770621,0.11709653598744785,0.0967448349978336,0.07639313400821932,0.05604143301860505
1781,0.06031042844298219,0.06842270209442457,0.08262734801485494,0.09683199393528533,0.1110366398557157,0.1252412857761461,0.1394459316965765,0.20452120506052845,0.2695964784244804,0.33467175178843245,0.39974702515238447,0.4566317751531136,0.4485195015016712,0.43431485558124083,0.4201102096608105,0.4059055637403801,0.3917009178199497,0.3774962718995193,0.3124209985355673,0.24734572517161535,0.18227045180766333,0.1171951784437113
1782,0.30895518501738617,0.35051232648691727,0.4232791617051753,0.4960459969234333,0.5688128321416914,0.6415796673599494,0.7143465025782075,1.0477107919933368,1.3810750814084662,1.7144393708235957,2.0478036602387255,2.1024107163262697,2.0608535748567385,1.9880867396384805,1.9153199044202225,1.8425530692019643,1.7697862339837063,1.6970193987654483,1.363655109350319,1.0302908199351897,0.6969265305200603,0.3635622411049304
1783,1.1612949269476076,1.3174991271273024,1.5910137359992662,1.8645283448712298,2.1380429537431938,2.4115575626151577,2.685072171487121,3.9381155800368046,5.191158988586489,6.444202397136173,7.697245805685856,8.797592590406415,8.64138839022672,8.367873781354756,8.094359172482793,7.820844563610829,7.547329954738865,7.273815345866902,6.020771937317218,4.767728528767535,3.514685120217851,2.261641711668167
1784,2.8365400828547638,3.218079229059924,3.8861568494030205,4.554234469746118,5.222312090089215,5.890389710432311,6.558467330775408,9.61910918103339,12.679751031291374,15.74039288154936,18.801034731807345,21.40384848736475,21.02230934115959,20.354231720816493,19.686154100473395,19.018076480130297,18.3499988597872,17.6819212394441,14.621279389186117,11.560637538928134,8.499995688670149,5.439353838412163
1785,4.187241305649756,4.750461435119857,5.736663683482037,6.722865931844216,7.709068180206397,8.695270428568575,9.681472676930756,14.199528337297998,18.717583997665233,23.23563965803248,27.75369531839972,32.29130966000392,31.72808953053382,30.74188728217164,29.75568503380946,28.76948278544728,27.7832805370851,26.797078288722922,22.27902262835568,17.760966967988445,13.242911307621199,8.724855647253957
1786,4.1224380187469025,4.6769415462886,5.647880965838258,6.618820385387915,7.5897598049375725,8.56069922448723,9.53163864403689,13.979771212843394,18.427903781649896,22.876036350456406,27.324168919262913,32.91035711924829,32.35585359170659,31.384914172156932,30.413974752607274,29.443035333057615,28.472095913507957,27.501156493958298,23.053023925151795,18.60489135634529,14.15675878753878,9.708626218732274
1787,3.351595880008395,3.8024144805325077,4.591800893015079,5.381187305497649,6.170573717980221,6.959960130462791,7.7493465429453625,11.365736340329079,14.982126137712793,18.59851593509651,22.21490573248023,27.356769827551037,26.905951227026925,26.116564814544354,25.327178402061783,24.537791989579212,23.74840557709664,22.95901916461407,19.34262936723035,15.726239569846637,12.109849772462919,8.493459975079201
1788,2.9910124143164416,3.3933294236000933,4.097789222441407,4.80224902128272,5.506708820124034,6.211168618965348,6.915628417806662,10.142946736074473,13.370265054342282,16.597583372610092,19.82490169087791,24.2284335048095,23.82611649552585,23.121656696684536,22.417196897843223,21.71273709900191,21.008277300160596,20.303817501319283,17.076499183051475,13.849180864783666,10.621862546515855,7.394544228248039
1789,2.7047846416677372,3.0686015427890947,3.7056473923676854,4.342693241946275,4.979739091524866,5.6167849411034565,6.253830790682048,9.172307818474215,12.090784846266383,15.009261874058554,17.92773890185072,22.802692522038395,22.438875620917038,21.801829771338447,21.164783921759856,20.527738072181265,19.890692222602674,19.253646373024083,16.335169345231915,13.416692317439747,10.498215289647575,7.579738261855409
1790,2.20733046474823,2.5042354815337093,3.0241181699939683,3.544000858454227,4.063883546914486,4.583766235374744,5.103648923835004,7.485370246439614,9.867091569044224,12.248812891648836,14.630534214253444,19.724931122724897,19.428026105939416,18.908143417479156,18.388260729018896,17.868378040558635,17.348495352098375,16.828612663638115,14.446891341033504,12.065170018428894,9.683448695824282,7.3017273732196735
1791,1.677916042855984,1.903610246250039,2.298802319798513,2.693994393346985,3.0891864668954585,3.484378540443932,3.879570613992405,5.690050956937462,7.500531299882518,9.311011642827577,11.121491985772634,14.871256559632515,14.645562356238461,14.250370282689987,13.855178209141515,13.459986135593041,13.064794062044568,12.669601988496094,10.859121645551037,9.04864130260598,7.238160959660921,5.427680616715864
1792,1.1172675321315855,1.2675496673528908,1.5306947005095728,1.7938397336662546,2.0569847668229366,2.3201297999796187,2.583274833136301,3.7888124482913326,4.9943500634463645,6.199887678601396,7.405425293756428,10.033161309414842,9.882879174193537,9.619734141036854,9.356589107880172,9.09344407472349,8.830299041566807,8.567154008410125,7.361616393255093,6.156078778100062,4.95054116294503,3.745003547789998
1793,0.6682540838903488,0.7581400312657272,0.9155309318380566,1.0729218324103855,1.2303127329827148,1.3877036335550441,1.5450945341273732,2.2661442482220826,2.987193962316792,3.7082436764115014,4.429293390506211,6.0734388854665,5.983552938091121,5.826162037518792,5.668771136946463,5.5113802363741335,5.3539893358018045,5.196598435229475,4.475548721134766,3.7544990070400566,3.033449292945347,2.3123995788506377
1794,0.4397550001969972,0.4989058467966161,0.6024793784527985,0.7060529101089809,0.8096264417651632,0.9131999734213457,1.016773505077528,1.4912714914090162,1.9657694777405041,2.4402674640719924,2.9147654504034803,3.6846018562989733,3.625451009699354,3.5218774780431716,3.418303946386989,3.314730414730807,3.2111568830746244,3.1075833514184423,2.633085365086954,2.158587378755466,1.6840893924239777,1.2095914060924897
1795,0.286284866305672,0.32479265405806435,0.39222005033488544,0.4596474466117065,0.5270748428885276,0.5945022391653487,0.6619296354421698,0.9708325302776295,1.2797354251130895,1.5886383199485492,1.8975412147840094,2.22844041223525,2.1899326244828576,2.1225052282060366,2.0550778319292156,1.9876504356523945,1.9202230393755735,1.8527956430987524,1.5438927482632927,1.2349898534278327,0.926086958592373,0.6171840637569128
1796,0.1600000684787465,0.18152145994052682,0.21920556165659857,0.25688966337267033,0.2945737650887421,0.33225786680481384,0.3699419685208856,0.5425828942000834,0.7152238198792811,0.887864745558479,1.0605056712376768,1.3303544742870113,1.308833082825231,1.2711489811091592,1.2334648793930874,1.1957807776770155,1.1580966759609437,1.1204125742448718,0.947771648565674,0.7751307228864763,0.6024897972072784,0.4298488715280806
1797,0.0966650333943288,0.10966731548161278,0.1324343991801003,0.15520148287858784,0.17796856657707538,0.20073565027556292,0.2235027339740505,0.3278048196211218,0.432106905268193,0.5364089909152644,0.6407110765623357,0.8750441895076194,0.8620419074203355,0.8392748237218479,0.8165077400233604,0.7937406563248728,0.7709735726263852,0.7482064889278977,0.6439044032808263,0.5396023176337551,0.4353002319866837,0.3309981463396124
1798,0.060485888935644626,0.06862176353916513,0.08286773488598757,0.09711370623281,0.11135967757963244,0.1256056489264549,0.13985162027327736,0.2051162164429092,0.27038081261254104,0.33564540878217297,0.40091000495180484,0.6530761972950729,0.6449403226915524,0.63069435134473,0.6164483799979075,0.602202408651085,0.5879564373042625,0.57371046595744,0.5084458697878081,0.4431812736181763,0.37791667744854435,0.3126520812789125
1799,0.04326251605801909,0.04908169821561838,0.059271125452270715,0.06946055268892304,0.07964997992557539,0.08983940716222773,0.10002883439888008,0.1467093195416705,0.19338980468446088,0.24007028982725132,0.28675077497004176,0.499578441059629,0.4937592589020297,0.48356983166537737,0.47338040442872503,0.4631909771920727,0.45300154995542036,0.442812122718768,0.3961316375759776,0.3494511524331872,0.30277066729039676,0.2560901821476063
1800,0.06656898268586907,0.07552308595105217,0.09120178120737912,0.10688047646370606,0.12255917172003303,0.13823786697635998,0.1539165622326869,0.2257448489433112,0.29757313565393556,0.36940142236455986,0.44122970907518416,0.4271966781704077,0.4182425749052246,0.4025638796488976,0.3868851843925707,0.3712064891362437,0.35552779387991673,0.3398490986235898,0.2680208119129655,0.19619252520234115,0.12436423849171685,0.05253595178109255
1801,0.056639086305014866,0.06425753272192815,0.07759748382143074,0.09093743492093335,0.10427738602043597,0.11761733711993858,0.1309572882194412,0.19207116387144205,0.25318503952344296,0.31429891517544384,0.3754127908274448,0.3168441383691494,0.3092256919522361,0.2958857408527335,0.28254578975323086,0.26920583865372827,0.2558658875542257,0.24252593645472306,0.1814120608027222,0.1202981851507213,0.05918430949872042,-0.0019295661532805208
1802,0.03392680220936796,0.038490250202461725,0.046480878441028384,0.05447150667959503,0.06246213491816169,0.07045276315672834,0.07844339139529499,0.1150505915949522,0.15165779179460942,0.18826499199426663,0.22487219219392388,0.22601923126692836,0.22145578327383458,0.21346515503526792,0.20547452679670128,0.1974838985581346,0.18949327031956797,0.1815026420810013,0.1448954418813441,0.10828824168168688,0.07168104148202967,0.035073841282372425
1803,0.0236676925723058,0.026851201690074235,0.03242554764354464,0.03799989359701504,0.043574239550485436,0.049148585503955844,0.05472293145742625,0.08026049774238261,0.10579806402733898,0.13133563031229536,0.15687319659725174,0.20284547879051973,0.1996619696727513,0.1940876237192809,0.1885132777658105,0.1829389318123401,0.17736458585886972,0.17179023990539932,0.14625267362044297,0.12071510733548661,0.09517754105053022,0.06963997476557385
1804,0.02469635730095266,0.028018230711428102,0.03383485347536883,0.03965147623930954,0.04546809900325027,0.051284721767191,0.05710134453113172,0.08374884553458932,0.11039634653804692,0.1370438475415045,0.16369134854496212,0.2086410790622131,0.20531920565173767,0.19950258288779693,0.19368596012385622,0.18786933735991548,0.18205271459597477,0.17623609183203404,0.14958859082857645,0.12294108982511885,0.09629358882166127,0.06964608781820365
1805,0.018530992112733714,0.02102357064238779,0.025388092472381524,0.02975261430237525,0.03411713613236898,0.03848165796236271,0.04284617979235644,0.06284121893523797,0.08283625807811949,0.10283129722100104,0.12282633636388257,0.23076451461001737,0.2282719360803633,0.22390741425036959,0.21954289242037586,0.21517837059038214,0.21081384876038842,0.2064493269303947,0.18645428778751316,0.16645924864463163,0.1464642095017501,0.12646917035886857
1806,0.022723898938375474,0.025780459658883387,0.031132518111866028,0.036484576564848666,0.0418366350178313,0.04718869347081395,0.05254075192379659,0.0770599598532782,0.10157916778275981,0.12609837571224142,0.15061758364172306,0.3411068640072945,0.3380503032867866,0.33269824483380395,0.3273461863808213,0.32199412792783866,0.316642069474856,0.31129001102187337,0.2867708030923918,0.2622515951629102,0.2377323872334286,0.21321317930394695
1807,0.05954035988303085,0.0675490526604855,0.08157232777140645,0.0955956028823274,0.10961887799324835,0.12364215310416929,0.13766542821509023,0.20190979350324906,0.2661541587914079,0.33039852407956677,0.3946428893677256,0.5323949645104806,0.524386271733026,0.510362996622105,0.4963397215111841,0.48231644640026317,0.4682931712893422,0.4542698961784213,0.3900255308902625,0.32578116560210363,0.2615368003139448,0.19729243502578592
1808,0.09422208070711786,0.10689576455313886,0.129087470513181,0.15127917647322317,0.17347088243326533,0.1956625883933075,0.21785429435334966,0.31952042104539957,0.42118654773744957,0.5228526744294996,0.6245188011215496,0.7630054397344619,0.7503317558884409,0.7281400499283988,0.7059483439683566,0.6837566380083144,0.6615649320482723,0.6393732260882301,0.5377070993961802,0.4360409727041302,0.33437484601208023,0.23270871932003023
1809,0.11060462621291975,0.12548190395938727,0.1515321177130734,0.17758233146675953,0.2036325452204457,0.22968275897413182,0.255732972727818,0.37507595323620807,0.49441893374459817,0.6137619142529884,0.7331048947613785,1.04243040931092,1.0275531315644524,1.0015029178107662,0.9754527040570801,0.949402490303394,0.9233522765497079,0.8973020627960218,0.7779590822876317,0.6586161017792416,0.5392731212708513,0.41993014076246116
1810,0.14593538259187422,0.16556495229609972,0.19993646134515083,0.23430797039420195,0.2686794794432531,0.3030509884923042,0.3374224975413554,0.4948875522726021,0.6523526070038489,0.8098176617350957,0.9672827164663426,1.3368623237393928,1.3172327540351674,1.2828612449861163,1.2484897359370652,1.2141182268880142,1.1797467178389631,1.145375208789912,0.9879101540586653,0.8304450993274186,0.6729800445961718,0.5155149898649249
1811,0.17412844867806587,0.1975502293326846,0.2385619253527876,0.2795736213728906,0.3205853173929936,0.3615970134130966,0.40260870943319965,0.5904942325625675,0.7783797556919354,0.9662652788213034,1.1541508019506714,1.6963697765134498,1.6729479958588311,1.6319362998387281,1.590924603818625,1.549912907798522,1.508901211778419,1.467889515758316,1.2800039926289482,1.0921184694995802,0.9042329463702122,0.7163474232408442
1812,0.20258246617249245,0.22983155799628885,0.277544901707457,0.32525824541862514,0.3729715891297932,0.4206849328409614,0.46839827655212957,0.6869858360383282,0.9055733955245269,1.1241609550107257,1.3427485144969247,1.9211150761464808,1.8938659843226844,1.8461526406115163,1.7984392969003482,1.7507259531891801,1.7030126094780118,1.6552992657668437,1.4367117062806452,1.2181241467944464,0.9995365873082476,0.7809490278220486
1813,0.22682064156334378,0.25732997737244256,0.31075203030808307,0.3641740832437235,0.4175961361793641,0.4710181891150046,0.5244402420506451,0.769180921820084,1.013921601589523,1.2586622813589619,1.5034029611284008,2.0428941262432594,2.0123847904341607,1.9589627374985201,1.9055406845628797,1.852118631627239,1.7986965786915987,1.745274525755958,1.5005338459865192,1.2557931662170803,1.0110524864476413,0.7663118066782024
1814,0.28713168866453304,0.3257533813399477,0.3933802259058238,0.46100707047169975,0.5286339150375757,0.5962607596034519,0.6638876041693279,0.9737042248382178,1.2835208455071077,1.5933374661759976,1.9031540868448875,2.133676930271694,2.095055237596279,2.027428393030403,1.9598015484645268,1.8921747038986507,1.8245478593327746,1.7569210147668985,1.4471043940980086,1.1372877734291187,0.8274711527602288,0.5176545320913388
1815,0.3067951188581142,0.3480617127682659,0.42031979724889373,0.49257788172952155,0.5648359662101494,0.6370940506907772,0.709352135171405,1.040385701701159,1.3714192682309132,1.7024528347606676,2.0334864012904217,2.1612776545091203,2.120011060598969,2.047752976118341,1.975494891637713,1.9032368071570853,1.8309787226764576,1.7587206381958298,1.427687071666076,1.0966535051363218,0.7656199386065674,0.4345863720768133
1816,0.27598175878396375,0.31310368956544515,0.3781044409318533,0.44310519229826134,0.5081059436646694,0.5731066950310776,0.6381074463974856,0.9358932333664804,1.233679020335475,1.53146480730447,1.829250594273465,1.9097257114610804,1.872603780679599,1.8076030293131908,1.7426022779467827,1.6776015265803745,1.6126007752139664,1.5476000238475582,1.2498142368785634,0.9520284499095688,0.6542426629405738,0.35645687597157893
1817,0.2253108014307007,0.2556170506983482,0.3086834977291007,0.36174994475985317,0.4148163917906057,0.46788283882135817,0.5209492858521106,0.7640608400805081,1.0071723943089055,1.2502839485373032,1.4933955027657007,1.6192575536297766,1.588951304362129,1.5358848573313766,1.4828184103006241,1.4297519632698716,1.3766855162391192,1.3236190692083667,1.0805075149799692,0.8373959607515719,0.5942844065231742,0.3511728522947767
1818,0.181071206183045,0.20542684770103406,0.24807374039633354,0.290720633091633,0.3333675257869325,0.376014418482232,0.41866131117753147,0.6140381066158548,0.809414902054178,1.0047916974925013,1.200168492930825,1.489569188741577,1.4652135472235879,1.4225666545282885,1.379919761832989,1.3372728691376894,1.29462597644239,1.2519790837470905,1.0566022883087673,0.8612254928704441,0.6658486974321208,0.4704719019937972
1819,0.1371027565822645,0.15554426178254532,0.18783546186591396,0.22012666194928254,0.2524178620326512,0.2847090621160198,0.3170002621993884,0.464934866444111,0.6128694706888336,0.7608040749335562,0.9087386791782788,1.2544431595756709,1.23600165437539,1.2037104542920214,1.1714192542086528,1.1391280541252842,1.1068368540419156,1.074545653958547,0.9266110497138245,0.7786764454691019,0.6307418412243793,0.48280723697965666
1820,0.12288693681507708,0.1394162914452449,0.16835930297358676,0.19730231450192862,0.22624532603027048,0.25518833755861237,0.28413134908695425,0.4167270081222759,0.5493226671575976,0.6819183261929194,0.8145139852282411,0.965950353268064,0.9494209986378962,0.9204779871095543,0.8915349755812124,0.8625919640528705,0.8336489525245286,0.8047059409961868,0.6721102819608651,0.5395146229255434,0.40691896389022164,0.27432330485489986
1821,0.10407025709033581,0.11806860573895996,0.14257980870966933,0.16709101168037868,0.19160221465108804,0.2161134176217974,0.24062462059250678,0.3529169820306787,0.4652093434688507,0.5775017049070227,0.6897940663451948,0.756275578156249,0.7422772295076249,0.7177660265369155,0.6932548235662062,0.6687436205954969,0.6442324176247876,0.6197212146540781,0.5074288532159061,0.3951364917777342,0.2828441303395622,0.17055176890139007
1822,0.09174496304809825,0.10408545316899447,0.1256937346673304,0.14730201616566632,0.16891029766400223,0.19051857916233816,0.21212686066067407,0.3111201642112374,0.4101134677618008,0.5091067713123641,0.6081000748629275,0.6380177307790044,0.6256772406581081,0.6040689591597722,0.5824606776614363,0.5608523961631003,0.5392441146647644,0.5176358331664285,0.4186425296158651,0.3196492260653017,0.22065592251473837,0.12166261896417502
1823,0.0756798511426919,0.0858594449247251,0.10368398234795255,0.12150851977117999,0.13933305719440744,0.15715759461763487,0.17498213204086233,0.2566410943198301,0.33830005659879786,0.4199590188777657,0.5016179811567335,0.5589042903878931,0.54872469660586,0.5309001591826326,0.5130756217594051,0.4952510843361777,0.4774265469129503,0.45960200948972285,0.37794304721075506,0.2962840849317873,0.21462512265281947,0.13296616037385167
1824,0.06656898268586907,0.07552308595105217,0.09120178120737912,0.10688047646370606,0.12255917172003303,0.13823786697635998,0.1539165622326869,0.2257448489433112,0.29757313565393556,0.36940142236455986,0.44122970907518416,0.4271966781704077,0.4182425749052246,0.4025638796488976,0.3868851843925707,0.3712064891362437,0.35552779387991673,0.3398490986235898,0.2680208119129655,0.19619252520234115,0.12436423849171685,0.05253595178109255
1825,0.056639086305014866,0.06425753272192815,0.07759748382143074,0.09093743492093335,0.10427738602043597,0.11761733711993858,0.1309572882194412,0.19207116387144205,0.25318503952344296,0.31429891517544384,0.3754127908274448,0.3168441383691494,0.3092256919522361,0.2958857408527335,0.28254578975323086,0.26920583865372827,0.2558658875542257,0.24252593645472306,0.1814120608027222,0.1202981851507213,0.05918430949872042,-0.0019295661532805208
1826,0.03392680220936796,0.038490250202461725,0.046480878441028384,0.05447150667959503,0.06246213491816169,0.07045276315672834,0.07844339139529499,0.1150505915949522,0.15165779179460942,0.18826499199426663,0.22487219219392388,0.22601923126692836,0.22145578327383458,0.21346515503526792,0.20547452679670128,0.1974838985581346,0.18949327031956797,0.1815026420810013,0.1448954418813441,0.10828824168168688,0.07168104148202967,0.035073841282372425
1827,0.0236676925723058,0.026851201690074235,0.03242554764354464,0.03799989359701504,0.043574239550485436,0.049148585503955844,0.05472293145742625,0.08026049774238261,0.10579806402733898,0.13133563031229536,0.15687319659725174,0.20284547879051973,0.1996619696727513,0.1940876237192809,0.1885132777658105,0.1829389318123401,0.17736458585886972,0.17179023990539932,0.14625267362044297,0.12071510733548661,0.09517754105053022,0.06963997476557385
1828,0.02469635730095266,0.028018230711428102,0.03383485347536883,0.03965147623930954,0.04546809900325027,0.051284721767191,0.05710134453113172,0.08374884553458932,0.11039634653804692,0.1370438475415045,0.16369134854496212,0.2086410790622131,0.20531920565173767,0.19950258288779693,0.19368596012385622,0.18786933735991548,0.18205271459597477,0.17623609183203404,0.14958859082857645,0.12294108982511885,0.09629358882166127,0.06964608781820365
1829,0.018530992112733714,0.02102357064238779,0.025388092472381524,0.02975261430237525,0.03411713613236898,0.03848165796236271,0.04284617979235644,0.06284121893523797,0.08283625807811949,0.10283129722100104,0.12282633636388257,0.23076451461001737,0.2282719360803633,0.22390741425036959,0.21954289242037586,0.21517837059038214,0.21081384876038842,0.2064493269303947,0.18645428778751316,0.16645924864463163,0.1464642095017501,0.12646917035886857
1830,0.022723898938375474,0.025780459658883387,0.031132518111866028,0.036484576564848666,0.0418366350178313,0.04718869347081395,0.05254075192379659,0.0770599598532782,0.10157916778275981,0.12609837571224142,0.15061758364172306,0.3411068640072945,0.3380503032867866,0.33269824483380395,0.3273461863808213,0.32199412792783866,0.316642069474856,0.31129001102187337,0.2867708030923918,0.2622515951629102,0.2377323872334286,0.21321317930394695
1831,0.05954035988303085,0.0675490526604855,0.08157232777140645,0.0955956028823274,0.10961887799324835,0.12364215310416929,0.13766542821509023,0.20190979350324906,0.2661541587914079,0.33039852407956677,0.3946428893677256,0.5323949645104806,0.524386271733026,0.510362996622105,0.4963397215111841,0.48231644640026317,0.4682931712893422,0.4542698961784213,0.3900255308902625,0.32578116560210363,0.2615368003139448,0.19729243502578592
1832,0.09422208070711786,0.10689576455313886,0.129087470513181,0.15127917647322317,0.17347088243326533,0.1956625883933075,0.21785429435334966,0.31952042104539957,0.42118654773744957,0.5228526744294996,0.6245188011215496,0.7630054397344619,0.7503317558884409,0.7281400499283988,0.7059483439683566,0.6837566380083144,0.6615649320482723,0.6393732260882301,0.5377070993961802,0.4360409727041302,0.33437484601208023,0.23270871932003023
1833,0.11060462621291975,0.12548190395938727,0.1515321177130734,0.17758233146675953,0.2036325452204457,0.22968275897413182,0.255732972727818,0.37507595323620807,0.49441893374459817,0.6137619142529884,0.7331048947613785,1.04243040931092,1.0275531315644524,1.0015029178107662,0.9754527040570801,0.949402490303394,0.9233522765497079,0.8973020627960218,0.7779590822876317,0.6586161017792416,0.5392731212708513,0.41993014076246116
1834,0.14593538259187422,0.16556495229609972,0.19993646134515083,0.23430797039420195,0.2686794794432531,0.3030509884923042,0.3374224975413554,0.4948875522726021,0.6523526070038489,0.8098176617350957,0.9672827164663426,1.3368623237393928,1.3172327540351674,1.2828612449861163,1.2484897359370652,1.2141182268880142,1.1797467178389631,1.145375208789912,0.9879101540586653,0.8304450993274186,0.6729800445961718,0.5155149898649249
1835,0.17412844867806587,0.1975502293326846,0.2385619253527876,0.2795736213728906,0.3205853173929936,0.3615970134130966,0.40260870943319965,0.5904942325625675,0.7783797556919354,0.9662652788213034,1.1541508019506714,1.6963697765134498,1.6729479958588311,1.6319362998387281,1.590924603818625,1.549912907798522,1.508901211778419,1.467889515758316,1.2800039926289482,1.0921184694995802,0.9042329463702122,0.7163474232408442
1836,0.20258246617249245,0.22983155799628885,0.277544901707457,0.32525824541862514,0.3729715891297932,0.4206849328409614,0.46839827655212957,0.6869858360383282,0.9055733955245269,1.1241609550107257,1.3427485144969247,1.9211150761464808,1.8938659843226844,1.8461526406115163,1.7984392969003482,1.7507259531891801,1.7030126094780118,1.6552992657668437,1.4367117062806452,1.2181241467944464,0.9995365873082476,0.7809490278220486
1837,0.22682064156334378,0.25732997737244256,0.31075203030808307,0.3641740832437235,0.4175961361793641,0.4710181891150046,0.5244402420506451,0.769180921820084,1.013921601589523,1.2586622813589619,1.5034029611284008,2.0428941262432594,2.0123847904341607,1.9589627374985201,1.9055406845628797,1.852118631627239,1.7986965786915987,1.745274525755958,1.5005338459865192,1.2557931662170803,1.0110524864476413,0.7663118066782024
1838,0.28713168866453304,0.3257533813399477,0.3933802259058238,0.46100707047169975,0.5286339150375757,0.5962607596034519,0.6638876041693279,0.9737042248382178,1.2835208455071077,1.5933374661759976,1.9031540868448875,2.133676930271694,2.095055237596279,2.027428393030403,1.9598015484645268,1.8921747038986507,1.8245478593327746,1.7569210147668985,1.4471043940980086,1.1372877734291187,0.8274711527602288,0.5176545320913388
1839,0.3067951188581142,0.3480617127682659,0.42031979724889373,0.49257788172952155,0.5648359662101494,0.6370940506907772,0.709352135171405,1.040385701701159,1.3714192682309132,1.7024528347606676,2.0334864012904217,2.1612776545091203,2.120011060598969,2.047752976118341,1.975494891637713,1.9032368071570853,1.8309787226764576,1.7587206381958298,1.427687071666076,1.0966535051363218,0.7656199386065674,0.4345863720768133
1840,0.27598175878396375,0.31310368956544515,0.3781044409318533,0.44310519229826134,0.5081059436646694,0.5731066950310776,0.6381074463974856,0.9358932333664804,1.233679020335475,1.53146480730447,1.829250594273465,1.9097257114610804,1.872603780679599,1.8076030293131908,1.7426022779467827,1.6776015265803745,1.6126007752139664,1.5476000238475582,1.2498142368785634,0.9520284499095688,0.6542426629405738,0.35645687597157893
1841,0.2253108014307007,0.2556170506983482,0.3086834977291007,0.36174994475985317,0.4148163917906057,0.46788283882135817,0.5209492858521106,0.7640608400805081,1.0071723943089055,1.2502839485373032,1.4933955027657007,1.6192575536297766,1.588951304362129,1.5358848573313766,1.4828184103006241,1.4297519632698716,1.3766855162391192,1.3236190692083667,1.0805075149799692,0.8373959607515719,0.5942844065231742,0.3511728522947767
1842,0.181071206183045,0.20542684770103406,0.24807374039633354,0.290720633091633,0.3333675257869325,0.376014418482232,0.41866131117753147,0.6140381066158548,0.809414902054178,1.0047916974925013,1.200168492930825,1.489569188741577,1.4652135472235879,1.4225666545282885,1.379919761832989,1.3372728691376894,1.29462597644239,1.2519790837470905,1.0566022883087673,0.8612254928704441,0.6658486974321208,0.4704719019937972
1843,0.1371027565822645,0.15554426178254532,0.18783546186591396,0.22012666194928254,0.2524178620326512,0.2847090621160198,0.3170002621993884,0.464934866444111,0.6128694706888336,0.7608040749335562,0.9087386791782788,1.2544431595756709,1.23600165437539,1.2037104542920214,1.1714192542086528,1.1391280541252842,1.1068368540419156,1.074545653958547,0.9266110497138245,0.7786764454691019,0.6307418412243793,0.48280723697965666
1844,0.12288693681507708,0.1394162914452449,0.16835930297358676,0.19730231450192862,0.22624532603027048,0.25518833755861237,0.28413134908695425,0.4167270081222759,0.5493226671575976,0.6819183261929194,0.8145139852282411,0.965950353268064,0.9494209986378962,0.9204779871095543,0.8915349755812124,0.8625919640528705,0.8336489525245286,0.8047059409961868,0.6721102819608651,0.5395146229255434,0.40691896389022164,0.27432330485489986
1845,0.10407025709033581,0.11806860573895996,0.14257980870966933,0.16709101168037868,0.19160221465108804,0.2161134176217974,0.24062462059250678,0.3529169820306787,0.4652093434688507,0.5775017049070227,0.6897940663451948,0.756275578156249,0.7422772295076249,0.7177660265369155,0.6932548235662062,0.6687436205954969,0.6442324176247876,0.6197212146540781,0.5074288532159061,0.3951364917777342,0.2828441303395622,0.17055176890139007
1846,0.09174496304809825,0.10408545316899447,0.1256937346673304,0.14730201616566632,0.16891029766400223,0.19051857916233816,0.21212686066067407,0.3111201642112374,0.4101134677618008,0.5091067713123641,0.6081000748629275,0.6380177307790044,0.6256772406581081,0.6040689591597722,0.5824606776614363,0.5608523961631003,0.5392441146647644,0.5176358331664285,0.4186425296158651,0.3196492260653017,0.22065592251473837,0.12166261896417502
1847,0.0756798511426919,0.0858594449247251,0.10368398234795255,0.12150851977117999,0.13933305719440744,0.15715759461763487,0.17498213204086233,0.2566410943198301,0.33830005659879786,0.4199590188777657,0.5016179811567335,0.5589042903878931,0.54872469660586,0.5309001591826326,0.5130756217594051,0.4952510843361777,0.4774265469129503,0.45960200948972285,0.37794304721075506,0.2962840849317873,0.21462512265281947,0.13296616037385167
1848,0.031367184720614005,0.03558634204876214,0.04297411500909338,0.050361887969424625,0.057749660929755864,0.0651374338900871,0.07252520685041834,0.10637056615310214,0.14021592545578596,0.17406128475846977,0.20790664406115364,0.38513873965896495,0.3809195823308168,0.3735318093704856,0.36614403641015436,0.35875626344982314,0.3513684904894919,0.3439807175291607,0.3101353582264769,0.27628999892379313,0.24244463962110932,0.20859928031842545
1849,0.027541528392130105,0.031246101893993974,0.037732835101129916,0.04421956830826585,0.05070630151540179,0.057193034722537735,0.06367976792967367,0.09339722368731823,0.1231146794449628,0.15283213520260736,0.18254959096025195,0.2947264391013124,0.29102186559944854,0.2845351323923126,0.27804839918517665,0.2715616659780407,0.26507493277090477,0.25858819956376883,0.22887074380612427,0.1991532880484797,0.16943583229083514,0.13971837653319055
1850,0.021214760756460276,0.024068329353953997,0.029064947229369295,0.03406156510478459,0.03905818298019989,0.04405480085561519,0.049051418731030486,0.07194225852804301,0.09483309832505553,0.11772393812206808,0.1406147779190806,0.2196416620198345,0.2167880934223408,0.21179147554692548,0.20679485767151018,0.20179823979609487,0.19680162192067957,0.19180500404526427,0.16891416424825173,0.14602332445123922,0.12313248465422667,0.10024164485721414
1851,0.017379901386824617,0.01971764826949346,0.023811058840523276,0.02790446941155309,0.03199787998258291,0.03609129055361272,0.04018470112464254,0.058937707246218926,0.07769071336779533,0.09644371948937172,0.11519672561094813,0.1725522635160582,0.17021451663338938,0.16612110606235955,0.16202769549132973,0.1579342849202999,0.15384087434927007,0.14974746377824025,0.13099445765666387,0.11224145153508747,0.09348844541351108,0.07473543929193467
1852,0.018861538995962508,0.02139857893702769,0.025840952998510806,0.030283327059993915,0.03472570112147703,0.03916807518296014,0.04361044924444325,0.0639621502340575,0.08431385122367176,0.10466555221328604,0.1250172532029003,0.16219714722554288,0.1596601072844777,0.15521773322299456,0.15077535916151147,0.14633298510002835,0.14189061103854522,0.1374482369770621,0.11709653598744785,0.0967448349978336,0.07639313400821932,0.05604143301860505
1853,0.06031042844298219,0.06842270209442457,0.08262734801485494,0.09683199393528533,0.1110366398557157,0.1252412857761461,0.1394459316965765,0.20452120506052845,0.2695964784244804,0.33467175178843245,0.39974702515238447,0.4566317751531136,0.4485195015016712,0.43431485558124083,0.4201102096608105,0.4059055637403801,0.3917009178199497,0.3774962718995193,0.3124209985355673,0.24734572517161535,0.18227045180766333,0.1171951784437113
1854,0.30895518501738617,0.35051232648691727,0.4232791617051753,0.4960459969234333,0.5688128321416914,0.6415796673599494,0.7143465025782075,1.0477107919933368,1.3810750814084662,1.7144393708235957,2.0478036602387255,2.1024107163262697,2.0608535748567385,1.9880867396384805,1.9153199044202225,1.8425530692019643,1.7697862339837063,1.6970193987654483,1.363655109350319,1.0302908199351897,0.6969265305200603,0.3635622411049304
1855,1.1612949269476076,1.3174991271273024,1.5910137359992662,1.8645283448712298,2.1380429537431938,2.4115575626151577,2.685072171487121,3.9381155800368046,5.191158988586489,6.444202397136173,7.697245805685856,8.797592590406415,8.64138839022672,8.367873781354756,8.094359172482793,7.820844563610829,7.547329954738865,7.273815345866902,6.020771937317218,4.767728528767535,3.514685120217851,2.261641711668167
1856,2.8365400828547638,3.218079229059924,3.8861568494030205,4.554234469746118,5.222312090089215,5.890389710432311,6.558467330775408,9.61910918103339,12.679751031291374,15.74039288154936,18.801034731807345,21.40384848736475,21.02230934115959,20.354231720816493,19.686154100473395,19.018076480130297,18.3499988597872,17.6819212394441,14.621279389186117,11.560637538928134,8.499995688670149,5.439353838412163
1857,4.187241305649756,4.750461435119857,5.736663683482037,6.722865931844216,7.709068180206397,8.695270428568575,9.681472676930756,14.199528337297998,18.717583997665233,23.23563965803248,27.75369531839972,32.29130966000392,31.72808953053382,30.74188728217164,29.75568503380946,28.76948278544728,27.7832805370851,26.797078288722922,22.27902262835568,17.760966967988445,13.242911307621199,8.724855647253957
1858,4.1224380187469025,4.6769415462886,5.647880965838258,6.618820385387915,7.5897598049375725,8.56069922448723,9.53163864403689,13.979771212843394,18.427903781649896,22.876036350456406,27.324168919262913,32.91035711924829,32.35585359170659,31.384914172156932,30.413974752607274,29.443035333057615,28.472095913507957,27.501156493958298,23.053023925151795,18.60489135634529,14.15675878753878,9.708626218732274
1859,3.351595880008395,3.8024144805325077,4.591800893015079,5.381187305497649,6.170573717980221,6.959960130462791,7.7493465429453625,11.365736340329079,14.982126137712793,18.59851593509651,22.21490573248023,27.356769827551037,26.905951227026925,26.116564814544354,25.327178402061783,24.537791989579212,23.74840557709664,22.95901916461407,19.34262936723035,15.726239569846637,12.109849772462919,8.493459975079201
1860,2.9910124143164416,3.3933294236000933,4.097789222441407,4.80224902128272,5.506708820124034,6.211168618965348,6.915628417806662,10.142946736074473,13.370265054342282,16.597583372610092,19.82490169087791,24.2284335048095,23.82611649552585,23.121656696684536,22.417196897843223,21.71273709900191,21.008277300160596,20.303817501319283,17.076499183051475,13.849180864783666,10.621862546515855,7.394544228248039
1861,2.7047846416677372,3.0686015427890947,3.7056473923676854,4.342693241946275,4.979739091524866,5.6167849411034565,6.253830790682048,9.172307818474215,12.090784846266383,15.009261874058554,17.92773890185072,22.802692522038395,22.438875620917038,21.801829771338447,21.164783921759856,20.527738072181265,19.890692222602674,19.253646373024083,16.335169345231915,13.416692317439747,10.498215289647575,7.579738261855409
1862,2.20733046474823,2.5042354815337093,3.0241181699939683,3.544000858454227,4.063883546914486,4.583766235374744,5.103648923835004,7.485370246439614,9.867091569044224,12.248812891648836,14.630534214253444,19.724931122724897,19.428026105939416,18.908143417479156,18.388260729018896,17.868378040558635,17.348495352098375,16.828612663638115,14.446891341033504,12.065170018428894,9.683448695824282,7.3017273732196735
1863,1.677916042855984,1.903610246250039,2.298802319798513,2.693994393346985,3.0891864668954585,3.484378540443932,3.879570613992405,5.690050956937462,7.500531299882518,9.311011642827577,11.121491985772634,14.871256559632515,14.645562356238461,14.250370282689987,13.855178209141515,13.459986135593041,13.064794062044568,12.669601988496094,10.859121645551037,9.04864130260598,7.238160959660921,5.427680616715864
1864,1.1172675321315855,1.2675496673528908,1.5306947005095728,1.7938397336662546,2.0569847668229366,2.3201297999796187,2.583274833136301,3.7888124482913326,4.9943500634463645,6.199887678601396,7.405425293756428,10.033161309414842,9.882879174193537,9.619734141036854,9.356589107880172,9.09344407472349,8.830299041566807,8.567154008410125,7.361616393255093,6.156078778100062,4.95054116294503,3.745003547789998
1865,0.6682540838903488,0.7581400312657272,0.9155309318380566,1.0729218324103855,1.2303127329827148,1.3877036335550441,1.5450945341273732,2.2661442482220826,2.987193962316792,3.7082436764115014,4.429293390506211,6.0734388854665,5.983552938091121,5.826162037518792,5.668771136946463,5.5113802363741335,5.3539893358018045,5.196598435229475,4.475548721134766,3.7544990070400566,3.033449292945347,2.3123995788506377
1866,0.4397550001969972,0.4989058467966161,0.6024793784527985,0.7060529101089809,0.8096264417651632,0.9131999734213457,1.016773505077528,1.4912714914090162,1.9657694777405041,2.4402674640719924,2.9147654504034803,3.6846018562989733,3.625451009699354,3.5218774780431716,3.418303946386989,3.314730414730807,3.2111568830746244,3.1075833514184423,2.633085365086954,2.158587378755466,1.6840893924239777,1.2095914060924897
1867,0.286284866305672,0.32479265405806435,0.39222005033488544,0.4596474466117065,0.5270748428885276,0.5945022391653487,0.6619296354421698,0.9708325302776295,1.2797354251130895,1.5886383199485492,1.8975412147840094,2.22844041223525,2.1899326244828576,2.1225052282060366,2.0550778319292156,1.9876504356523945,1.9202230393755735,1.8527956430987524,1.5438927482632927,1.2349898534278327,0.926086958592373,0.6171840637569128
1868,0.1600000684787465,0.18152145994052682,0.21920556165659857,0.25688966337267033,0.2945737650887421,0.33225786680481384,0.3699419685208856,0.5425828942000834,0.7152238198792811,0.887864745558479,1.0605056712376768,1.3303544742870113,1.308833082825231,1.2711489811091592,1.2334648793930874,1.1957807776770155,1.1580966759609437,1.1204125742448718,0.947771648565674,0.7751307228864763,0.6024897972072784,0.4298488715280806
1869,0.0966650333943288,0.10966731548161278,0.1324343991801003,0.15520148287858784,0.17796856657707538,0.20073565027556292,0.2235027339740505,0.3278048196211218,0.432106905268193,0.5364089909152644,0.6407110765623357,0.8750441895076194,0.8620419074203355,0.8392748237218479,0.8165077400233604,0.7937406563248728,0.7709735726263852,0.7482064889278977,0.6439044032808263,0.5396023176337551,0.4353002319866837,0.3309981463396124
1870,0.060485888935644626,0.06862176353916513,0.08286773488598757,0.09711370623281,0.11135967757963244,0.1256056489264549,0.13985162027327736,0.2051162164429092,0.27038081261254104,0.33564540878217297,0.40091000495180484,0.6530761972950729,0.6449403226915524,0.63069435134473,0.6164483799979075,0.602202408651085,0.5879564373042625,0.57371046595744,0.5084458697878081,0.4431812736181763,0.37791667744854435,0.3126520812789125
1871,0.04326251605801909,0.04908169821561838,0.059271125452270715,0.06946055268892304,0.07964997992557539,0.08983940716222773,0.10002883439888008,0.1467093195416705,0.19338980468446088,0.24007028982725132,0.28675077497004176,0.499578441059629,0.4937592589020297,0.48356983166537737,0.47338040442872503,0.4631909771920727,0.45300154995542036,0.442812122718768,0.3961316375759776,0.3494511524331872,0.30277066729039676,0.2560901821476063
1872,0.031367184720614005,0.03558634204876214,0.04297411500909338,0.050361887969424625,0.057749660929755864,0.0651374338900871,0.07252520685041834,0.10637056615310214,0.14021592545578596,0.17406128475846977,0.20790664406115364,0.38513873965896495,0.3809195823308168,0.3735318093704856,0.36614403641015436,0.35875626344982314,0.3513684904894919,0.3439807175291607,0.3101353582264769,0.27628999892379313,0.24244463962110932,0.20859928031842545
1873,0.027541528392130105,0.031246101893993974,0.037732835101129916,0.04421956830826585,0.05070630151540179,0.057193034722537735,0.06367976792967367,0.09339722368731823,0.1231146794449628,0.15283213520260736,0.18254959096025195,0.2947264391013124,0.29102186559944854,0.2845351323923126,0.27804839918517665,0.2715616659780407,0.26507493277090477,0.25858819956376883,0.22887074380612427,0.1991532880484797,0.16943583229083514,0.13971837653319055
1874,0.021214760756460276,0.024068329353953997,0.029064947229369295,0.03406156510478459,0.03905818298019989,0.04405480085561519,0.049051418731030486,0.07194225852804301,0.09483309832505553,0.11772393812206808,0.1406147779190806,0.2196416620198345,0.2167880934223408,0.21179147554692548,0.20679485767151018,0.20179823979609487,0.19680162192067957,0.19180500404526427,0.16891416424825173,0.14602332445123922,0.12313248465422667,0.10024164485721414
1875,0.017379901386824617,0.01971764826949346,0.023811058840523276,0.02790446941155309,0.03199787998258291,0.03609129055361272,0.04018470112464254,0.058937707246218926,0.07769071336779533,0.09644371948937172,0.11519672561094813,0.1725522635160582,0.17021451663338938,0.16612110606235955,0.16202769549132973,0.1579342849202999,0.15384087434927007,0.14974746377824025,0.13099445765666387,0.11224145153508747,0.09348844541351108,0.07473543929193467
1876,0.018861538995962508,0.02139857893702769,0.025840952998510806,0.030283327059993915,0.03472570112147703,0.03916807518296014,0.04361044924444325,0.0639621502340575,0.08431385122367176,0.10466555221328604,0.1250172532029003,0.16219714722554288,0.1596601072844777,0.15521773322299456,0.15077535916151147,0.14633298510002835,0.14189061103854522,0.1374482369770621,0.11709653598744785,0.0967448349978336,0.07639313400821932,0.05604143301860505
1877,0.06031042844298219,0.06842270209442457,0.08262734801485494,0.09683199393528533,0.1110366398557157,0.1252412857761461,0.1394459316965765,0.20452120506052845,0.2695964784244804,0.33467175178843245,0.39974702515238447,0.4566317751531136,0.4485195015016712,0.43431485558124083,0.4201102096608105,0.4059055637403801,0.3917009178199497,0.3774962718995193,0.3124209985355673,0.24734572517161535,0.18227045180766333,0.1171951784437113
1878,0.30895518501738617,0.35051232648691727,0.4232791617051753,0.4960459969234333,0.5688128321416914,0.6415796673599494,0.7143465025782075,1.0477107919933368,1.3810750814084662,1.7144393708235957,2.0478036602387255,2.1024107163262697,2.0608535748567385,1.9880867396384805,1.9153199044202225,1.8425530692019643,1.7697862339837063,1.6970193987654483,1.363655109350319,1.0302908199351897,0.6969265305200603,0.3635622411049304
1879,1.1612949269476076,1.3174991271273024,1.5910137359992662,1.8645283448712298,2.1380429537431938,2.4115575626151577,2.685072171487121,3.9381155800368046,5.191158988586489,6.444202397136173,7.697245805685856,8.797592590406415,8.64138839022672,8.367873781354756,8.094359172482793,7.820844563610829,7.547329954738865,7.273815345866902,6.020771937317218,4.767728528767535,3.514685120217851,2.261641711668167
1880,2.8365400828547638,3.218079229059924,3.8861568494030205,4.554234469746118,5.222312090089215,5.890389710432311,6.558467330775408,9.61910918103339,12.679751031291374,15.74039288154936,18.801034731807345,21.40384848736475,21.02230934115959,20.354231720816493,19.686154100473395,19.018076480130297,18.3499988597872,17.6819212394441,14.621279389186117,11.560637538928134,8.499995688670149,5.439353838412163
1881,4.187241305649756,4.750461435119857,5.736663683482037,6.722865931844216,7.709068180206397,8.695270428568575,9.681472676930756,14.199528337297998,18.717583997665233,23.23563965803248,27.75369531839972,32.29130966000392,31.72808953053382,30.74188728217164,29.75568503380946,28.76948278544728,27.7832805370851,26.797078288722922,22.27902262835568,17.760966967988445,13.242911307621199,8.724855647253957
1882,4.1224380187469025,4.6769415462886,5.647880965838258,6.618820385387915,7.5897598049375725,8.56069922448723,9.53163864403689,13.979771212843394,18.427903781649896,22.876036350456406,27.324168919262913,32.91035711924829,32.35585359170659,31.384914172156932,30.413974752607274,29.443035333057615,28.472095913507957,27.501156493958298,23.053023925151795,18.60489135634529,14.15675878753878,9.708626218732274
1883,3.351595880008395,3.8024144805325077,4.591800893015079,5.381187305497649,6.170573717980221,6.959960130462791,7.7493465429453625,11.365736340329079,14.982126137712793,18.59851593509651,22.21490573248023,27.356769827551037,26.905951227026925,26.116564814544354,25.327178402061783,24.537791989579212,23.74840557709664,22.95901916461407,19.34262936723035,15.726239569846637,12.109849772462919,8.493459975079201
1884,2.9910124143164416,3.3933294236000933,4.097789222441407,4.80224902128272,5.506708820124034,6.211168618965348,6.915628417806662,10.142946736074473,13.370265054342282,16.597583372610092,19.82490169087791,24.2284335048095,23.82611649552585,23.121656696684536,22.417196897843223,21.71273709900191,21.008277300160596,20.303817501319283,17.076499183051475,13.849180864783666,10.621862546515855,7.394544228248039
1885,2.7047846416677372,3.0686015427890947,3.7056473923676854,4.342693241946275,4.979739091524866,5.6167849411034565,6.253830790682048,9.172307818474215,12.090784846266383,15.009261874058554,17.92773890185072,22.802692522038395,22.438875620917038,21.801829771338447,21.164783921759856,20.527738072181265,19.890692222602674,19.253646373024083,16.335169345231915,13.416692317439747,10.498215289647575,7.579738261855409
1886,2.20733046474823,2.5042354815337093,3.0241181699939683,3.544000858454227,4.063883546914486,4.583766235374744,5.103648923835004,7.485370246439614,9.867091569044224,12.248812891648836,14.630534214253444,19.724931122724897,19.428026105939416,18.908143417479156,18.388260729018896,17.868378040558635,17.348495352098375,16.828612663638115,14.446891341033504,12.065170018428894,9.683448695824282,7.3017273732196735
1887,1.677916042855984,1.903610246250039,2.298802319798513,2.693994393346985,3.0891864668954585,3.484378540443932,3.879570613992405,5.690050956937462,7.500531299882518,9.311011642827577,11.121491985772634,14.871256559632515,14.645562356238461,14.250370282689987,13.855178209141515,13.459986135593041,13.064794062044568,12.669601988496094,10.859121645551037,9.04864130260598,7.238160959660921,5.427680616715864
1888,1.1172675321315855,1.2675496673528908,1.5306947005095728,1.7938397336662546,2.0569847668229366,2.3201297999796187,2.583274833136301,3.7888124482913326,4.9943500634463645,6.199887678601396,7.405425293756428,10.033161309414842,9.882879174193537,9.619734141036854,9.356589107880172,9.09344407472349,8.830299041566807,8.567154008410125,7.361616393255093,6.156078778100062,4.95054116294503,3.745003547789998
1889,0.6682540838903488,0.7581400312657272,0.9155309318380566,1.0729218324103855,1.2303127329827148,1.3877036335550441,1.5450945341273732,2.2661442482220826,2.987193962316792,3.7082436764115014,4.429293390506211,6.0734388854665,5.983552938091121,5.826162037518792,5.668771136946463,5.5113802363741335,5.3539893358018045,5.196598435229475,4.475548721134766,3.7544990070400566,3.033449292945347,2.3123995788506377
1890,0.4397550001969972,0.4989058467966161,0.6024793784527985,0.7060529101089809,0.8096264417651632,0.9131999734213457,1.016773505077528,1.4912714914090162,1.9657694777405041,2.4402674640719924,2.9147654504034803,3.6846018562989733,3.625451009699354,3.5218774780431716,3.418303946386989,3.314730414730807,3.2111568830746244,3.1075833514184423,2.633085365086954,2.158587378755466,1.6840893924239777,1.2095914060924897
1891,0.286284866305672,0.32479265405806435,0.39222005033488544,0.4596474466117065,0.5270748428885276,0.5945022391653487,0.6619296354421698,0.9708325302776295,1.2797354251130895,1.5886383199485492,1.8975412147840094,2.22844041223525,2.1899326244828576,2.1225052282060366,2.0550778319292156,1.9876504356523945,1.9202230393755735,1.8527956430987524,1.5438927482632927,1.2349898534278327,0.926086958592373,0.6171840637569128
1892,0.1600000684787465,0.18152145994052682,0.21920556165659857,0.25688966337267033,0.2945737650887421,0.33225786680481384,0.3699419685208856,0.5425828942000834,0.7152238198792811,0.887864745558479,1.0605056712376768,1.3303544742870113,1.308833082825231,1.2711489811091592,1.2334648793930874,1.1957807776770155,1.1580966759609437,1.1204125742448718,0.947771648565674,0.7751307228864763,0.6024897972072784,0.4298488715280806
1893,0.0966650333943288,0.10966731548161278,0.1324343991801003,0.15520148287858784,0.17796856657707538,0.20073565027556292,0.2235027339740505,0.3278048196211218,0.432106905268193,0.5364089909152644,0.6407110765623357,0.8750441895076194,0.8620419074203355,0.8392748237218479,0.8165077400233604,0.7937406563248728,0.7709735726263852,0.7482064889278977,0.6439044032808263,0.5396023176337551,0.4353002319866837,0.3309981463396124
1894,0.060485888935644626,0.06862176353916513,0.08286773488598757,0.09711370623281,0.11135967757963244,0.1256056489264549,0.13985162027327736,0.2051162164429092,0.27038081261254104,0.33564540878217297,0.40091000495180484,0.6530761972950729,0.6449403226915524,0.63069435134473,0.6164483799979075,0.602202408651085,0.5879564373042625,0.57371046595744,0.5084458697878081,0.4431812736181763,0.37791667744854435,0.3126520812789125
1895,0.04326251605801909,0.04908169821561838,0.059271125452270715,0.06946055268892304,0.07964997992557539,0.08983940716222773,0.10002883439888008,0.1467093195416705,0.19338980468446088,0.24007028982725132,0.28675077497004176,0.499578441059629,0.4937592589020297,0.48356983166537737,0.47338040442872503,0.4631909771920727,0.45300154995542036,0.442812122718768,0.3961316375759776,0.3494511524331872,0.30277066729039676,0.2560901821476063
1896,0.031367184720614005,0.03558634204876214,0.04297411500909338,0.050361887969424625,0.057749660929755864,0.0651374338900871,0.07252520685041834,0.10637056615310214,0.14021592545578596,0.17406128475846977,0.20790664406115364,0.38513873965896495,0.3809195823308168,0.3735318093704856,0.36614403641015436,0.35875626344982314,0.3513684904894919,0.3439807175291607,0.3101353582264769,0.27628999892379313,0.24244463962110932,0.20859928031842545
1897,0.027541528392130105,0.031246101893993974,0.037732835101129916,0.04421956830826585,0.05070630151540179,0.057193034722537735,0.06367976792967367,0.09339722368731823,0.1231146794449628,0.15283213520260736,0.18254959096025195,0.2947264391013124,0.29102186559944854,0.2845351323923126,0.27804839918517665,0.2715616659780407,0.26507493277090477,0.25858819956376883,0.22887074380612427,0.1991532880484797,0.16943583229083514,0.13971837653319055
1898,0.021214760756460276,0.024068329353953997,0.029064947229369295,0.03406156510478459,0.03905818298019989,0.04405480085561519,0.049051418731030486,0.07194225852804301,0.09483309832505553,0.11772393812206808,0.1406147779190806,0.2196416620198345,0.2167880934223408,0.21179147554692548,0.20679485767151018,0.20179823979609487,0.19680162192067957,0.19180500404526427,0.16891416424825173,0.14602332445123922,0.12313248465422667,0.10024164485721414
1899,0.017379901386824617,0.01971764826949346,0.023811058840523276,0.02790446941155309,0.03199787998258291,0.03609129055361272,0.04018470112464254,0.058937707246218926,0.07769071336779533,0.09644371948937172,0.11519672561094813,0.1725522635160582,0.17021451663338938,0.16612110606235955,0.16202769549132973,0.1579342849202999,0.15384087434927007,0.14974746377824025,0.13099445765666387,0.11224145153508747,0.09348844541351108,0.07473543929193467
1900,0.018861538995962508,0.02139857893702769,0.025840952998510806,0.030283327059993915,0.03472570112147703,0.03916807518296014,0.04361044924444325,0.0639621502340575,0.08431385122367176,0.10466555221328604,0.1250172532029003,0.16219714722554288,0.1596601072844777,0.15521773322299456,0.15077535916151147,0.14633298510002835,0.14189061103854522,0.1374482369770621,0.11709653598744785,0.0967448349978336,0.07639313400821932,0.05604143301860505
1901,0.06031042844298219,0.06842270209442457,0.08262734801485494,0.09683199393528533,0.1110366398557157,0.1252412857761461,0.1394459316965765,0.20452120506052845,0.2695964784244804,0.33467175178843245,0.39974702515238447,0.4566317751531136,0.4485195015016712,0.43431485558124083,0.4201102096608105,0.4059055637403801,0.3917009178199497,0.3774962718995193,0.3124209985355673,0.24734572517161535,0.18227045180766333,0.1171951784437113
1902,0.30895518501738617,0.35051232648691727,0.4232791617051753,0.4960459969234333,0.5688128321416914,0.6415796673599494,0.7143465025782075,1.0477107919933368,1.3810750814084662,1.7144393708235957,2.0478036602387255,2.1024107163262697,2.0608535748567385,1.9880867396384805,1.9153199044202225,1.8425530692019643,1.7697862339837063,1.6970193987654483,1.363655109350319,1.0302908199351897,0.6969265305200603,0.3635622411049304
1903,1.1612949269476076,1.3174991271273024,1.5910137359992662,1.8645283448712298,2.1380429537431938,2.4115575626151577,2.685072171487121,3.9381155800368046,5.191158988586489,6.444202397136173,7.697245805685856,8.797592590406415,8.64138839022672,8.367873781354756,8.094359172482793,7.820844563610829,7.547329954738865,7.273815345866902,6.020771937317218,4.767728528767535,3.514685120217851,2.261641711668167
1904,2.8365400828547638,3.218079229059924,3.8861568494030205,4.554234469746118,5.222312090089215,5.890389710432311,6.558467330775408,9.61910918103339,12.679751031291374,15.74039288154936,18.801034731807345,21.40384848736475,21.02230934115959,20.354231720816493,19.686154100473395,19.018076480130297,18.3499988597872,17.6819212394441,14.621279389186117,11.560637538928134,8.499995688670149,5.439353838412163
1905,4.187241305649756,4.750461435119857,5.736663683482037,6.722865931844216,7.709068180206397,8.695270428568575,9.681472676930756,14.199528337297998,18.717583997665233,23.23563965803248,27.75369531839972,32.29130966000392,31.72808953053382,30.74188728217164,29.75568503380946,28.76948278544728,27.7832805370851,26.797078288722922,22.27902262835568,17.760966967988445,13.242911307621199,8.724855647253957
1906,4.1224380187469025,4.6769415462886,5.647880965838258,6.618820385387915,7.5897598049375725,8.56069922448723,9.53163864403689,13.979771212843394,18.427903781649896,22.876036350456406,27.324168919262913,32.91035711924829,32.35585359170659,31.384914172156932,30.413974752607274,29.443035333057615,28.472095913507957,27.501156493958298,23.053023925151795,18.60489135634529,14.15675878753878,9.708626218732274
1907,3.351595880008395,3.8024144805325077,4.591800893015079,5.381187305497649,6.170573717980221,6.959960130462791,7.7493465429453625,11.365736340329079,14.982126137712793,18.59851593509651,22.21490573248023,27.356769827551037,26.905951227026925,26.116564814544354,25.327178402061783,24.537791989579212,23.74840557709664,22.95901916461407,19.34262936723035,15.726239569846637,12.109849772462919,8.493459975079201
1908,2.9910124143164416,3.3933294236000933,4.097789222441407,4.80224902128272,5.506708820124034,6.211168618965348,6.915628417806662,10.142946736074473,13.370265054342282,16.597583372610092,19.82490169087791,24.2284335048095,23.82611649552585,23.121656696684536,22.417196897843223,21.71273709900191,21.008277300160596,20.303817501319283,17.076499183051475,13.849180864783666,10.621862546515855,7.394544228248039
1909,2.7047846416677372,3.0686015427890947,3.7056473923676854,4.342693241946275,4.979739091524866,5.6167849411034565,6.253830790682048,9.172307818474215,12.090784846266383,15.009261874058554,17.92773890185072,22.802692522038395,22.438875620917038,21.801829771338447,21.164783921759856,20.527738072181265,19.890692222602674,19.253646373024083,16.335169345231915,13.416692317439747,10.498215289647575,7.579738261855409
1910,2.20733046474823,2.5042354815337093,3.0241181699939683,3.544000858454227,4.063883546914486,4.583766235374744,5.103648923835004,7.485370246439614,9.867091569044224,12.248812891648836,14.630534214253444,19.724931122724897,19.428026105939416,18.908143417479156,18.388260729018896,17.868378040558635,17.348495352098375,16.828612663638115,14.446891341033504,12.065170018428894,9.683448695824282,7.3017273732196735
1911,1.677916042855984,1.903610246250039,2.298802319798513,2.693994393346985,3.0891864668954585,3.484378540443932,3.879570613992405,5.690050956937462,7.500531299882518,9.311011642827577,11.121491985772634,14.871256559632515,14.645562356238461,14.250370282689987,13.855178209141515,13.459986135593041,13.064794062044568,12.669601988496094,10.859121645551037,9.04864130260598,7.238160959660921,5.427680616715864
1912,1.1172675321315855,1.2675496673528908,1.5306947005095728,1.7938397336662546,2.0569847668229366,2.3201297999796187,2.583274833136301,3.7888124482913326,4.9943500634463645,6.199887678601396,7.405425293756428,10.033161309414842,9.882879174193537,9.619734141036854,9.356589107880172,9.09344407472349,8.830299041566807,8.567154008410125,7.361616393255093,6.156078778100062,4.95054116294503,3.745003547789998
1913,0.6682540838903488,0.7581400312657272,0.9155309318380566,1.0729218324103855,1.2303127329827148,1.3877036335550441,1.5450945341273732,2.2661442482220826,2.987193962316792,3.7082436764115014,4.429293390506211,6.0734388854665,5.983552938091121,5.826162037518792,5.668771136946463,5.5113802363741335,5.3539893358018045,5.196598435229475,4.475548721134766,3.7544990070400566,3.033449292945347,2.3123995788506377
1914,0.4397550001969972,0.4989058467966161,0.6024793784527985,0.7060529101089809,0.8096264417651632,0.9131999734213457,1.016773505077528,1.4912714914090162,1.9657694777405041,2.4402674640719924,2.9147654504034803,3.6846018562989733,3.625451009699354,3.5218774780431716,3.418303946386989,3.314730414730807,3.2111568830746244,3.1075833514184423,2.633085365086954,2.158587378755466,1.6840893924239777,1.2095914060924897
1915,0.286284866305672,0.32479265405806435,0.39222005033488544,0.4596474466117065,0.5270748428885276,0.5945022391653487,0.6619296354421698,0.9708325302776295,1.2797354251130895,1.5886383199485492,1.8975412147840094,2.22844041223525,2.1899326244828576,2.1225052282060366,2.0550778319292156,1.9876504356523945,1.9202230393755735,1.8527956430987524,1.5438927482632927,1.2349898534278327,0.926086958592373,0.6171840637569128
1916,0.1600000684787465,0.18152145994052682,0.21920556165659857,0.25688966337267033,0.2945737650887421,0.33225786680481384,0.3699419685208856,0.5425828942000834,0.7152238198792811,0.887864745558479,1.0605056712376768,1.3303544742870113,1.308833082825231,1.2711489811091592,1.2334648793930874,1.1957807776770155,1.1580966759609437,1.1204125742448718,0.947771648565674,0.7751307228864763,0.6024897972072784,0.4298488715280806
1917,0.0966650333943288,0.10966731548161278,0.1324343991801003,0.15520148287858784,0.17796856657707538,0.20073565027556292,0.2235027339740505,0.3278048196211218,0.432106905268193,0.5364089909152644,0.6407110765623357,0.8750441895076194,0.8620419074203355,0.8392748237218479,0.8165077400233604,0.7937406563248728,0.7709735726263852,0.7482064889278977,0.6439044032808263,0.5396023176337551,0.4353002319866837,0.3309981463396124
1918,0.060485888935644626,0.06862176353916513,0.08286773488598757,0.09711370623281,0.11135967757963244,0.1256056489264549,0.13985162027327736,0.2051162164429092,0.27038081261254104,0.33564540878217297,0.40091000495180484,0.6530761972950729,0.6449403226915524,0.63069435134473,0.6164483799979075,0.602202408651085,0.5879564373042625,0.57371046595744,0.5084458697878081,0.4431812736181763,0.37791667744854435,0.3126520812789125
1919,0.04326251605801909,0.04908169821561838,0.059271125452270715,0.06946055268892304,0.07964997992557539,0.08983940716222773,0.10002883439888008,0.1467093195416705,0.19338980468446088,0.24007028982725132,0.28675077497004176,0.499578441059629,0.4937592589020297,0.48356983166537737,0.47338040442872503,0.4631909771920727,0.45300154995542036,0.442812122718768,0.3961316375759776,0.3494511524331872,0.30277066729039676,0.2560901821476063
1920,0.031367184720614005,0.03558634204876214,0.04297411500909338,0.050361887969424625,0.057749660929755864,0.0651374338900871,0.07252520685041834,0.10637056615310214,0.14021592545578596,0.17406128475846977,0.20790664406115364,0.38513873965896495,0.3809195823308168,0.3735318093704856,0.36614403641015436,0.35875626344982314,0.3513684904894919,0.3439807175291607,0.3101353582264769,0.27628999892379313,0.24244463962110932,0.20859928031842545
1921,0.027541528392130105,0.031246101893993974,0.037732835101129916,0.04421956830826585,0.05070630151540179,0.057193034722537735,0.06367976792967367,0.09339722368731823,0.1231146794449628,0.15283213520260736,0.18254959096025195,0.2947264391013124,0.29102186559944854,0.2845351323923126,0.27804839918517665,0.2715616659780407,0.26507493277090477,0.25858819956376883,0.22887074380612427,0.1991532880484797,0.16943583229083514,0.13971837653319055
1922,0.021214760756460276,0.024068329353953997,0.029064947229369295,0.03406156510478459,0.03905818298019989,0.04405480085561519,0.049051418731030486,0.07194225852804301,0.09483309832505553,0.11772393812206808,0.1406147779190806,0.2196416620198345,0.2167880934223408,0.21179147554692548,0.20679485767151018,0.20179823979609487,0.19680162192067957,0.19180500404526427,0.16891416424825173,0.14602332445123922,0.12313248465422667,0.10024164485721414
1923,0.017379901386824617,0.01971764826949346,0.023811058840523276,0.02790446941155309,0.03199787998258291,0.03609129055361272,0.04018470112464254,0.058937707246218926,0.07769071336779533,0.09644371948937172,0.11519672561094813,0.1725522635160582,0.17021451663338938,0.16612110606235955,0.16202769549132973,0.1579342849202999,0.15384087434927007,0.14974746377824025,0.13099445765666387,0.11224145153508747,0.09348844541351108,0.07473543929193467
1924,0.018861538995962508,0.02139857893702769,0.025840952998510806,0.030283327059993915,0.03472570112147703,0.03916807518296014,0.04361044924444325,0.0639621502340575,0.08431385122367176,0.10466555221328604,0.1250172532029003,0.16219714722554288,0.1596601072844777,0.15521773322299456,0.15077535916151147,0.14633298510002835,0.14189061103854522,0.1374482369770621,0.11709653598744785,0.0967448349978336,0.07639313400821932,0.05604143301860505
1925,0.06031042844298219,0.06842270209442457,0.08262734801485494,0.09683199393528533,0.1110366398557157,0.1252412857761461,0.1394459316965765,0.20452120506052845,0.2695964784244804,0.33467175178843245,0.39974702515238447,0.4566317751531136,0.4485195015016712,0.43431485558124083,0.4201102096608105,0.4059055637403801,0.3917009178199497,0.3774962718995193,0.3124209985355673,0.24734572517161535,0.18227045180766333,0.1171951784437113
1926,0.30895518501738617,0.35051232648691727,0.4232791617051753,0.4960459969234333,0.5688128321416914,0.6415796673599494,0.7143465025782075,1.0477107919933368,1.3810750814084662,1.7144393708235957,2.0478036602387255,2.1024107163262697,2.0608535748567385,1.9880867396384805,1.9153199044202225,1.8425530692019643,1.7697862339837063,1.6970193987654483,1.363655109350319,1.0302908199351897,0.6969265305200603,0.3635622411049304
1927,1.1612949269476076,1.3174991271273024,1.5910137359992662,1.8645283448712298,2.1380429537431938,2.4115575626151577,2.685072171487121,3.9381155800368046,5.191158988586489,6.444202397136173,7.697245805685856,8.797592590406415,8.64138839022672,8.367873781354756,8.094359172482793,7.820844563610829,7.547329954738865,7.273815345866902,6.020771937317218,4.767728528767535,3.514685120217851,2.261641711668167
1928,2.8365400828547638,3.218079229059924,3.8861568494030205,4.554234469746118,5.222312090089215,5.890389710432311,6.558467330775408,9.61910918103339,12.679751031291374,15.74039288154936,18.801034731807345,21.40384848736475,21.02230934115959,20.354231720816493,19.686154100473395,19.018076480130297,18.3499988597872,17.6819212394441,14.621279389186117,11.560637538928134,8.499995688670149,5.439353838412163
1929,4.187241305649756,4.750461435119857,5.736663683482037,6.722865931844216,7.709068180206397,8.695270428568575,9.681472676930756,14.199528337297998,18.717583997665233,23.23563965803248,27.75369531839972,32.29130966000392,31.72808953053382,30.74188728217164,29.75568503380946,28.76948278544728,27.7832805370851,26.797078288722922,22.27902262835568,17.760966967988445,13.242911307621199,8.724855647253957
1930,4.1224380187469025,4.6769415462886,5.647880965838258,6.618820385387915,7.5897598049375725,8.56069922448723,9.53163864403689,13.979771212843394,18.427903781649896,22.876036350456406,27.324168919262913,32.91035711924829,32.35585359170659,31.384914172156932,30.413974752607274,29.443035333057615,28.472095913507957,27.501156493958298,23.053023925151795,18.60489135634529,14.15675878753878,9.708626218732274
1931,3.351595880008395,3.8024144805325077,4.591800893015079,5.381187305497649,6.170573717980221,6.959960130462791,7.7493465429453625,11.365736340329079,14.982126137712793,18.59851593509651,22.21490573248023,27.356769827551037,26.905951227026925,26.116564814544354,25.327178402061783,24.537791989579212,23.74840557709664,22.95901916461407,19.34262936723035,15.726239569846637,12.109849772462919,8.493459975079201
1932,2.9910124143164416,3.3933294236000933,4.097789222441407,4.80224902128272,5.506708820124034,6.211168618965348,6.915628417806662,10.142946736074473,13.370265054342282,16.597583372610092,19.82490169087791,24.2284335048095,23.82611649552585,23.121656696684536,22.417196897843223,21.71273709900191,21.008277300160596,20.303817501319283,17.076499183051475,13.849180864783666,10.621862546515855,7.394544228248039
1933,2.7047846416677372,3.0686015427890947,3.7056473923676854,4.342693241946275,4.979739091524866,5.6167849411034565,6.253830790682048,9.172307818474215,12.090784846266383,15.009261874058554,17.92773890185072,22.802692522038395,22.438875620917038,21.801829771338447,21.164783921759856,20.527738072181265,19.890692222602674,19.253646373024083,16.335169345231915,13.416692317439747,10.498215289647575,7.579738261855409
1934,2.20733046474823,2.5042354815337093,3.0241181699939683,3.544000858454227,4.063883546914486,4.583766235374744,5.103648923835004,7.485370246439614,9.867091569044224,12.248812891648836,14.630534214253444,19.724931122724897,19.428026105939416,18.908143417479156,18.388260729018896,17.868378040558635,17.348495352098375,16.828612663638115,14.446891341033504,12.065170018428894,9.683448695824282,7.3017273732196735
1935,1.677916042855984,1.903610246250039,2.298802319798513,2.693994393346985,3.0891864668954585,3.484378540443932,3.879570613992405,5.690050956937462,7.500531299882518,9.311011642827577,11.121491985772634,14.871256559632515,14.645562356238461,14.250370282689987,13.855178209141515,13.459986135593041,13.064794062044568,12.669601988496094,10.859121645551037,9.04864130260598,7.238160959660921,5.427680616715864
1936,1.1172675321315855,1.2675496673528908,1.5306947005095728,1.7938397336662546,2.0569847668229366,2.3201297999796187,2.583274833136301,3.7888124482913326,4.9943500634463645,6.199887678601396,7.405425293756428,10.033161309414842,9.882879174193537,9.619734141036854,9.356589107880172,9.09344407472349,8.830299041566807,8.567154008410125,7.361616393255093,6.156078778100062,4.95054116294503,3.745003547789998
1937,0.6682540838903488,0.7581400312657272,0.9155309318380566,1.0729218324103855,1.2303127329827148,1.3877036335550441,1.5450945341273732,2.2661442482220826,2.987193962316792,3.7082436764115014,4.429293390506211,6.0734388854665,5.983552938091121,5.826162037518792,5.668771136946463,5.5113802363741335,5.3539893358018045,5.196598435229475,4.475548721134766,3.7544990070400566,3.033449292945347,2.3123995788506377
1938,0.4397550001969972,0.4989058467966161,0.6024793784527985,0.7060529101089809,0.8096264417651632,0.9131999734213457,1.016773505077528,1.4912714914090162,1.9657694777405041,2.4402674640719924,2.9147654504034803,3.6846018562989733,3.625451009699354,3.5218774780431716,3.418303946386989,3.314730414730807,3.2111568830746244,3.1075833514184423,2.633085365086954,2.158587378755466,1.6840893924239777,1.2095914060924897
1939,0.286284866305672,0.32479265405806435,0.39222005033488544,0.4596474466117065,0.5270748428885276,0.5945022391653487,0.6619296354421698,0.9708325302776295,1.2797354251130895,1.5886383199485492,1.8975412147840094,2.22844041223525,2.1899326244828576,2.1225052282060366,2.0550778319292156,1.9876504356523945,1.9202230393755735,1.8527956430987524,1.5438927482632927,1.2349898534278327,0.926086958592373,0.6171840637569128
1940,0.1600000684787465,0.18152145994052682,0.21920556165659857,0.25688966337267033,0.2945737650887421,0.33225786680481384,0.3699419685208856,0.5425828942000834,0.7152238198792811,0.887864745558479,1.0605056712376768,1.3303544742870113,1.308833082825231,1.2711489811091592,1.2334648793930874,1.1957807776770155,1.1580966759609437,1.1204125742448718,0.947771648565674,0.7751307228864763,0.6024897972072784,0.4298488715280806
1941,0.0966650333943288,0.10966731548161278,0.1324343991801003,0.15520148287858784,0.17796856657707538,0.20073565027556292,0.2235027339740505,0.3278048196211218,0.432106905268193,0.5364089909152644,0.6407110765623357,0.8750441895076194,0.8620419074203355,0.8392748237218479,0.8165077400233604,0.7937406563248728,0.7709735726263852,0.7482064889278977,0.6439044032808263,0.5396023176337551,0.4353002319866837,0.3309981463396124
1942,0.060485888935644626,0.06862176353916513,0.08286773488598757,0.09711370623281,0.11135967757963244,0.1256056489264549,0.13985162027327736,0.2051162164429092,0.27038081261254104,0.33564540878217297,0.40091000495180484,0.6530761972950729,0.6449403226915524,0.63069435134473,0.6164483799979075,0.602202408651085,0.5879564373042625,0.57371046595744,0.5084458697878081,0.4431812736181763,0.37791667744854435,0.3126520812789125
1943,0.04326251605801909,0.04908169821561838,0.059271125452270715,0.06946055268892304,0.07964997992557539,0.08983940716222773,0.10002883439888008,0.1467093195416705,0.19338980468446088,0.24007028982725132,0.28675077497004176,0.499578441059629,0.4937592589020297,0.48356983166537737,0.47338040442872503,0.4631909771920727,0.45300154995542036,0.442812122718768,0.3961316375759776,0.3494511524331872,0.30277066729039676,0.2560901821476063
1944,0.031367184720614005,0.03558634204876214,0.04297411500909338,0.050361887969424625,0.057749660929755864,0.0651374338900871,0.07252520685041834,0.10637056615310214,0.14021592545578596,0.17406128475846977,0.20790664406115364,0.38513873965896495,0.3809195823308168,0.3735318093704856,0.36614403641015436,0.35875626344982314,0.3513684904894919,0.3439807175291607,0.3101353582264769,0.27628999892379313,0.24244463962110932,0.20859928031842545
1945,0.027541528392130105,0.031246101893993974,0.037732835101129916,0.04421956830826585,0.05070630151540179,0.057193034722537735,0.06367976792967367,0.09339722368731823,0.1231146794449628,0.15283213520260736,0.18254959096025195,0.2947264391013124,0.29102186559944854,0.2845351323923126,0.27804839918517665,0.2715616659780407,0.26507493277090477,0.25858819956376883,0.22887074380612427,0.1991532880484797,0.16943583229083514,0.13971837653319055
1946,0.021214760756460276,0.024068329353953997,0.029064947229369295,0.03406156510478459,0.03905818298019989,0.04405480085561519,0.049051418731030486,0.07194225852804301,0.09483309832505553,0.11772393812206808,0.1406147779190806,0.2196416620198345,0.2167880934223408,0.21179147554692548,0.20679485767151018,0.20179823979609487,0.19680162192067957,0.19180500404526427,0.16891416424825173,0.14602332445123922,0.12313248465422667,0.10024164485721414
1947,0.017379901386824617,0.01971764826949346,0.023811058840523276,0.02790446941155309,0.03199787998258291,0.03609129055361272,0.04018470112464254,0.058937707246218926,0.07769071336779533,0.09644371948937172,0.11519672561094813,0.1725522635160582,0.17021451663338938,0.16612110606235955,0.16202769549132973,0.1579342849202999,0.15384087434927007,0.14974746377824025,0.13099445765666387,0.11224145153508747,0.09348844541351108,0.07473543929193467
1948,0.018861538995962508,0.02139857893702769,0.025840952998510806,0.030283327059993915,0.03472570112147703,0.03916807518296014,0.04361044924444325,0.0639621502340575,0.08431385122367176,0.10466555221328604,0.1250172532029003,0.16219714722554288,0.1596601072844777,0.15521773322299456,0.15077535916151147,0.14633298510002835,0.14189061103854522,0.1374482369770621,0.11709653598744785,0.0967448349978336,0.07639313400821932,0.05604143301860505
1949,0.06031042844298219,0.06842270209442457,0.08262734801485494,0.09683199393528533,0.1110366398557157,0.1252412857761461,0.1394459316965765,0.20452120506052845,0.2695964784244804,0.33467175178843245,0.39974702515238447,0.4566317751531136,0.4485195015016712,0.43431485558124083,0.4201102096608105,0.4059055637403801,0.3917009178199497,0.3774962718995193,0.3124209985355673,0.24734572517161535,0.18227045180766333,0.1171951784437113
1950,0.30895518501738617,0.35051232648691727,0.4232791617051753,0.4960459969234333,0.5688128321416914,0.6415796673599494,0.7143465025782075,1.0477107919933368,1.3810750814084662,1.7144393708235957,2.0478036602387255,2.1024107163262697,2.0608535748567385,1.9880867396384805,1.9153199044202225,1.8425530692019643,1.7697862339837063,1.6970193987654483,1.363655109350319,1.0302908199351897,0.6969265305200603,0.3635622411049304
1951,1.1612949269476076,1.3174991271273024,1.5910137359992662,1.8645283448712298,2.1380429537431938,2.4115575626151577,2.685072171487121,3.9381155800368046,5.191158988586489,6.444202397136173,7.697245805685856,8.797592590406415,8.64138839022672,8.367873781354756,8.094359172482793,7.820844563610829,7.547329954738865,7.273815345866902,6.020771937317218,4.767728528767535,3.514685120217851,2.261641711668167
1952,2.8365400828547638,3.218079229059924,3.8861568494030205,4.554234469746118,5.222312090089215,5.890389710432311,6.558467330775408,9.61910918103339,12.679751031291374,15.74039288154936,18.801034731807345,21.40384848736475,21.02230934115959,20.354231720816493,19.686154100473395,19.018076480130297,18.3499988597872,17.6819212394441,14.621279389186117,11.560637538928134,8.499995688670149,5.439353838412163
1953,4.187241305649756,4.750461435119857,5.736663683482037,6.722865931844216,7.709068180206397,8.695270428568575,9.681472676930756,14.199528337297998,18.717583997665233,23.23563965803248,27.75369531839972,32.29130966000392,31.72808953053382,30.74188728217164,29.75568503380946,28.76948278544728,27.7832805370851,26.797078288722922,22.27902262835568,17.760966967988445,13.242911307621199,8.724855647253957
1954,4.1224380187469025,4.6769415462886,5.647880965838258,6.618820385387915,7.5897598049375725,8.56069922448723,9.53163864403689,13.979771212843394,18.427903781649896,22.876036350456406,27.324168919262913,32.91035711924829,32.35585359170659,31.384914172156932,30.413974752607274,29.443035333057615,28.472095913507957,27.501156493958298,23.053023925151795,18.60489135634529,14.15675878753878,9.708626218732274
1955,3.351595880008395,3.8024144805325077,4.591800893015079,5.381187305497649,6.170573717980221,6.959960130462791,7.7493465429453625,11.365736340329079,14.982126137712793,18.59851593509651,22.21490573248023,27.356769827551037,26.905951227026925,26.116564814544354,25.327178402061783,24.537791989579212,23.74840557709664,22.95901916461407,19.34262936723035,15.726239569846637,12.109849772462919,8.493459975079201
1956,2.9910124143164416,3.3933294236000933,4.097789222441407,4.80224902128272,5.506708820124034,6.211168618965348,6.915628417806662,10.142946736074473,13.370265054342282,16.597583372610092,19.82490169087791,24.2284335048095,23.82611649552585,23.121656696684536,22.417196897843223,21.71273709900191,21.008277300160596,20.303817501319283,17.076499183051475,13.849180864783666,10.621862546515855,7.394544228248039
1957,2.7047846416677372,3.0686015427890947,3.7056473923676854,4.342693241946275,4.979739091524866,5.6167849411034565,6.253830790682048,9.172307818474215,12.090784846266383,15.009261874058554,17.92773890185072,22.802692522038395,22.438875620917038,21.801829771338447,21.164783921759856,20.527738072181265,19.890692222602674,19.253646373024083,16.335169345231915,13.416692317439747,10.498215289647575,7.579738261855409
1958,2.20733046474823,2.5042354815337093,3.0241181699939683,3.544000858454227,4.063883546914486,4.583766235374744,5.103648923835004,7.485370246439614,9.867091569044224,12.248812891648836,14.630534214253444,19.724931122724897,19.428026105939416,18.908143417479156,18.388260729018896,17.868378040558635,17.348495352098375,16.828612663638115,14.446891341033504,12.065170018428894,9.683448695824282,7.3017273732196735
1959,1.677916042855984,1.903610246250039,2.298802319798513,2.693994393346985,3.0891864668954585,3.484378540443932,3.879570613992405,5.690050956937462,7.500531299882518,9.311011642827577,11.121491985772634,14.871256559632515,14.645562356238461,14.250370282689987,13.855178209141515,13.459986135593041,13.064794062044568,12.669601988496094,10.859121645551037,9.04864130260598,7.238160959660921,5.427680616715864
1960,1.1172675321315855,1.2675496673528908,1.5306947005095728,1.7938397336662546,2.0569847668229366,2.3201297999796187,2.583274833136301,3.7888124482913326,4.9943500634463645,6.199887678601396,7.405425293756428,10.033161309414842,9.882879174193537,9.619734141036854,9.356589107880172,9.09344407472349,8.830299041566807,8.567154008410125,7.361616393255093,6.156078778100062,4.95054116294503,3.745003547789998
1961,0.6682540838903488,0.7581400312657272,0.9155309318380566,1.0729218324103855,1.2303127329827148,1.3877036335550441,1.5450945341273732,2.2661442482220826,2.987193962316792,3.7082436764115014,4.429293390506211,6.0734388854665,5.983552938091121,5.826162037518792,5.668771136946463,5.5113802363741335,5.3539893358018045,5.196598435229475,4.475548721134766,3.7544990070400566,3.033449292945347,2.3123995788506377
1962,0.4397550001969972,0.4989058467966161,0.6024793784527985,0.7060529101089809,0.8096264417651632,0.9131999734213457,1.016773505077528,1.4912714914090162,1.9657694777405041,2.4402674640719924,2.9147654504034803,3.6846018562989733,3.625451009699354,3.5218774780431716,3.418303946386989,3.314730414730807,3.2111568830746244,3.1075833514184423,2.633085365086954,2.158587378755466,1.6840893924239777,1.2095914060924897
1963,0.286284866305672,0.32479265405806435,0.39222005033488544,0.4596474466117065,0.5270748428885276,0.5945022391653487,0.6619296354421698,0.9708325302776295,1.2797354251130895,1.5886383199485492,1.8975412147840094,2.22844041223525,2.1899326244828576,2.1225052282060366,2.0550778319292156,1.9876504356523945,1.9202230393755735,1.8527956430987524,1.5438927482632927,1.2349898534278327,0.926086958592373,0.6171840637569128
1964,0.1600000684787465,0.18152145994052682,0.21920556165659857,0.25688966337267033,0.2945737650887421,0.33225786680481384,0.3699419685208856,0.5425828942000834,0.7152238198792811,0.887864745558479,1.0605056712376768,1.3303544742870113,1.308833082825231,1.2711489811091592,1.2334648793930874,1.1957807776770155,1.1580966759609437,1.1204125742448718,0.947771648565674,0.7751307228864763,0.6024897972072784,0.4298488715280806
1965,0.0966650333943288,0.10966731548161278,0.1324343991801003,0.15520148287858784,0.17796856657707538,0.20073565027556292,0.2235027339740505,0.3278048196211218,0.432106905268193,0.5364089909152644,0.6407110765623357,0.8750441895076194,0.8620419074203355,0.8392748237218479,0.8165077400233604,0.7937406563248728,0.7709735726263852,0.7482064889278977,0.6439044032808263,0.5396023176337551,0.4353002319866837,0.3309981463396124
1966,0.060485888935644626,0.06862176353916513,0.08286773488598757,0.09711370623281,0.11135967757963244,0.1256056489264549,0.13985162027327736,0.2051162164429092,0.27038081261254104,0.33564540878217297,0.40091000495180484,0.6530761972950729,0.6449403226915524,0.63069435134473,0.6164483799979075,0.602202408651085,0.5879564373042625,0.57371046595744,0.5084458697878081,0.4431812736181763,0.37791667744854435,0.3126520812789125
1967,0.04326251605801909,0.04908169821561838,0.059271125452270715,0.06946055268892304,0.07964997992557539,0.08983940716222773,0.10002883439888008,0.1467093195416705,0.19338980468446088,0.24007028982725132,0.28675077497004176,0.499578441059629,0.4937592589020297,0.48356983166537737,0.47338040442872503,0.4631909771920727,0.45300154995542036,0.442812122718768,0.3961316375759776,0.3494511524331872,0.30277066729039676,0.2560901821476063
1968,0.06656898268586907,0.07552308595105217,0.09120178120737912,0.10688047646370606,0.12255917172003303,0.13823786697635998,0.1539165622326869,0.2257448489433112,0.29757313565393556,0.36940142236455986,0.44122970907518416,0.4271966781704077,0.4182425749052246,0.4025638796488976,0.3868851843925707,0.3712064891362437,0.35552779387991673,0.3398490986235898,0.2680208119129655,0.19619252520234115,0.12436423849171685,0.05253595178109255
1969,0.056639086305014866,0.06425753272192815,0.07759748382143074,0.09093743492093335,0.10427738602043597,0.11761733711993858,0.1309572882194412,0.19207116387144205,0.25318503952344296,0.31429891517544384,0.3754127908274448,0.3168441383691494,0.3092256919522361,0.2958857408527335,0.28254578975323086,0.26920583865372827,0.2558658875542257,0.24252593645472306,0.1814120608027222,0.1202981851507213,0.05918430949872042,-0.0019295661532805208
1970,0.03392680220936796,0.038490250202461725,0.046480878441028384,0.05447150667959503,0.06246213491816169,0.07045276315672834,0.07844339139529499,0.1150505915949522,0.15165779179460942,0.18826499199426663,0.22487219219392388,0.22601923126692836,0.22145578327383458,0.21346515503526792,0.20547452679670128,0.1974838985581346,0.18949327031956797,0.1815026420810013,0.1448954418813441,0.10828824168168688,0.07168104148202967,0.035073841282372425
1971,0.0236676925723058,0.026851201690074235,0.03242554764354464,0.03799989359701504,0.043574239550485436,0.049148585503955844,0.05472293145742625,0.08026049774238261,0.10579806402733898,0.13133563031229536,0.15687319659725174,0.20284547879051973,0.1996619696727513,0.1940876237192809,0.1885132777658105,0.1829389318123401,0.17736458585886972,0.17179023990539932,0.14625267362044297,0.12071510733548661,0.09517754105053022,0.06963997476557385
1972,0.02469635730095266,0.028018230711428102,0.03383485347536883,0.03965147623930954,0.04546809900325027,0.051284721767191,0.05710134453113172,0.08374884553458932,0.11039634653804692,0.1370438475415045,0.16369134854496212,0.2086410790622131,0.20531920565173767,0.19950258288779693,0.19368596012385622,0.18786933735991548,0.18205271459597477,0.17623609183203404,0.14958859082857645,0.12294108982511885,0.09629358882166127,0.06964608781820365
1973,0.018530992112733714,0.02102357064238779,0.025388092472381524,0.02975261430237525,0.03411713613236898,0.03848165796236271,0.04284617979235644,0.06284121893523797,0.08283625807811949,0.10283129722100104,0.12282633636388257,0.23076451461001737,0.2282719360803633,0.22390741425036959,0.21954289242037586,0.21517837059038214,0.21081384876038842,0.2064493269303947,0.18645428778751316,0.16645924864463163,0.1464642095017501,0.12646917035886857
1974,0.022723898938375474,0.025780459658883387,0.031132518111866028,0.036484576564848666,0.0418366350178313,0.04718869347081395,0.05254075192379659,0.0770599598532782,0.10157916778275981,0.12609837571224142,0.15061758364172306,0.3411068640072945,0.3380503032867866,0.33269824483380395,0.3273461863808213,0.32199412792783866,0.316642069474856,0.31129001102187337,0.2867708030923918,0.2622515951629102,0.2377323872334286,0.21321317930394695
1975,0.05954035988303085,0.0675490526604855,0.08157232777140645,0.0955956028823274,0.10961887799324835,0.12364215310416929,0.13766542821509023,0.20190979350324906,0.2661541587914079,0.33039852407956677,0.3946428893677256,0.5323949645104806,0.524386271733026,0.510362996622105,0.4963397215111841,0.48231644640026317,0.4682931712893422,0.4542698961784213,0.3900255308902625,0.32578116560210363,0.2615368003139448,0.19729243502578592
1976,0.09422208070711786,0.10689576455313886,0.129087470513181,0.15127917647322317,0.17347088243326533,0.1956625883933075,0.21785429435334966,0.31952042104539957,0.42118654773744957,0.5228526744294996,0.6245188011215496,0.7630054397344619,0.7503317558884409,0.7281400499283988,0.7059483439683566,0.6837566380083144,0.6615649320482723,0.6393732260882301,0.5377070993961802,0.4360409727041302,0.33437484601208023,0.23270871932003023
1977,0.11060462621291975,0.12548190395938727,0.1515321177130734,0.17758233146675953,0.2036325452204457,0.22968275897413182,0.255732972727818,0.37507595323620807,0.49441893374459817,0.6137619142529884,0.7331048947613785,1.04243040931092,1.0275531315644524,1.0015029178107662,0.9754527040570801,0.949402490303394,0.9233522765497079,0.8973020627960218,0.7779590822876317,0.6586161017792416,0.5392731212708513,0.41993014076246116
1978,0.14593538259187422,0.16556495229609972,0.19993646134515083,0.23430797039420195,0.2686794794432531,0.3030509884923042,0.3374224975413554,0.4948875522726021,0.6523526070038489,0.8098176617350957,0.9672827164663426,1.3368623237393928,1.3172327540351674,1.2828612449861163,1.2484897359370652,1.2141182268880142,1.1797467178389631,1.145375208789912,0.9879101540586653,0.8304450993274186,0.6729800445961718,0.5155149898649249
1979,0.17412844867806587,0.1975502293326846,0.2385619253527876,0.2795736213728906,0.3205853173929936,0.3615970134130966,0.40260870943319965,0.5904942325625675,0.7783797556919354,0.9662652788213034,1.1541508019506714,1.6963697765134498,1.6729479958588311,1.6319362998387281,1.590924603818625,1.549912907798522,1.508901211778419,1.467889515758316,1.2800039926289482,1.0921184694995802,0.9042329463702122,0.7163474232408442
1980,0.20258246617249245,0.22983155799628885,0.277544901707457,0.32525824541862514,0.3729715891297932,0.4206849328409614,0.46839827655212957,0.6869858360383282,0.9055733955245269,1.1241609550107257,1.3427485144969247,1.9211150761464808,1.8938659843226844,1.8461526406115163,1.7984392969003482,1.7507259531891801,1.7030126094780118,1.6552992657668437,1.4367117062806452,1.2181241467944464,0.9995365873082476,0.7809490278220486
1981,0.22682064156334378,0.25732997737244256,0.31075203030808307,0.3641740832437235,0.4175961361793641,0.4710181891150046,0.5244402420506451,0.769180921820084,1.013921601589523,1.2586622813589619,1.5034029611284008,2.0428941262432594,2.0123847904341607,1.9589627374985201,1.9055406845628797,1.852118631627239,1.7986965786915987,1.745274525755958,1.5005338459865192,1.2557931662170803,1.0110524864476413,0.7663118066782024
1982,0.28713168866453304,0.3257533813399477,0.3933802259058238,0.46100707047169975,0.5286339150375757,0.5962607596034519,0.6638876041693279,0.9737042248382178,1.2835208455071077,1.5933374661759976,1.9031540868448875,2.133676930271694,2.095055237596279,2.027428393030403,1.9598015484645268,1.8921747038986507,1.8245478593327746,1.7569210147668985,1.4471043940980086,1.1372877734291187,0.8274711527602288,0.5176545320913388
1983,0.3067951188581142,0.3480617127682659,0.42031979724889373,0.49257788172952155,0.5648359662101494,0.6370940506907772,0.709352135171405,1.040385701701159,1.3714192682309132,1.7024528347606676,2.0334864012904217,2.1612776545091203,2.120011060598969,2.047752976118341,1.975494891637713,1.9032368071570853,1.8309787226764576,1.7587206381958298,1.427687071666076,1.0966535051363218,0.7656199386065674,0.4345863720768133
1984,0.27598175878396375,0.31310368956544515,0.3781044409318533,0.44310519229826134,0.5081059436646694,0.5731066950310776,0.6381074463974856,0.9358932333664804,1.233679020335475,1.53146480730447,1.829250594273465,1.9097257114610804,1.872603780679599,1.8076030293131908,1.7426022779467827,1.6776015265803745,1.6126007752139664,1.5476000238475582,1.2498142368785634,0.9520284499095688,0.6542426629405738,0.35645687597157893
1985,0.2253108014307007,0.2556170506983482,0.3086834977291007,0.36174994475985317,0.4148163917906057,0.46788283882135817,0.5209492858521106,0.7640608400805081,1.0071723943089055,1.2502839485373032,1.4933955027657007,1.6192575536297766,1.588951304362129,1.5358848573313766,1.4828184103006241,1.4297519632698716,1.3766855162391192,1.3236190692083667,1.0805075149799692,0.8373959607515719,0.5942844065231742,0.3511728522947767
1986,0.181071206183045,0.20542684770103406,0.24807374039633354,0.290720633091633,0.3333675257869325,0.376014418482232,0.41866131117753147,0.6140381066158548,0.809414902054178,1.0047916974925013,1.200168492930825,1.489569188741577,1.4652135472235879,1.4225666545282885,1.379919761832989,1.3372728691376894,1.29462597644239,1.2519790837470905,1.0566022883087673,0.8612254928704441,0.6658486974321208,0.4704719019937972
1987,0.1371027565822645,0.15554426178254532,0.18783546186591396,0.22012666194928254,0.2524178620326512,0.2847090621160198,0.3170002621993884,0.464934866444111,0.6128694706888336,0.7608040749335562,0.9087386791782788,1.2544431595756709,1.23600165437539,1.2037104542920214,1.1714192542086528,1.1391280541252842,1.1068368540419156,1.074545653958547,0.9266110497138245,0.7786764454691019,0.6307418412243793,0.48280723697965666
1988,0.12288693681507708,0.1394162914452449,0.16835930297358676,0.19730231450192862,0.22624532603027048,0.25518833755861237,0.28413134908695425,0.4167270081222759,0.5493226671575976,0.6819183261929194,0.8145139852282411,0.965950353268064,0.9494209986378962,0.9204779871095543,0.8915349755812124,0.8625919640528705,0.8336489525245286,0.8047059409961868,0.6721102819608651,0.5395146229255434,0.40691896389022164,0.27432330485489986
1989,0.10407025709033581,0.11806860573895996,0.14257980870966933,0.16709101168037868,0.19160221465108804,0.2161134176217974,0.24062462059250678,0.3529169820306787,0.4652093434688507,0.5775017049070227,0.6897940663451948,0.756275578156249,0.7422772295076249,0.7177660265369155,0.6932548235662062,0.6687436205954969,0.6442324176247876,0.6197212146540781,0.5074288532159061,0.3951364917777342,0.2828441303395622,0.17055176890139007
1990,0.09174496304809825,0.10408545316899447,0.1256937346673304,0.14730201616566632,0.16891029766400223,0.19051857916233816,0.21212686066067407,0.3111201642112374,0.4101134677618008,0.5091067713123641,0.6081000748629275,0.6380177307790044,0.6256772406581081,0.6040689591597722,0.5824606776614363,0.5608523961631003,0.5392441146647644,0.5176358331664285,0.4186425296158651,0.3196492260653017,0.22065592251473837,0.12166261896417502
1991,0.0756798511426919,0.0858594449247251,0.10368398234795255,0.12150851977117999,0.13933305719440744,0.15715759461763487,0.17498213204086233,0.2566410943198301,0.33830005659879786,0.4199590188777657,0.5016179811567335,0.5589042903878931,0.54872469660586,0.5309001591826326,0.5130756217594051,0.4952510843361777,0.4774265469129503,0.45960200948972285,0.37794304721075506,0.2962840849317873,0.21462512265281947,0.13296616037385167
1992,0.06656898268586907,0.07552308595105217,0.09120178120737912,0.10688047646370606,0.12255917172003303,0.13823786697635998,0.1539165622326869,0.2257448489433112,0.29757313565393556,0.36940142236455986,0.44122970907518416,0.4271966781704077,0.4182425749052246,0.4025638796488976,0.3868851843925707,0.3712064891362437,0.35552779387991673,0.3398490986235898,0.2680208119129655,0.19619252520234115,0.12436423849171685,0.05253595178109255
1993,0.056639086305014866,0.06425753272192815,0.07759748382143074,0.09093743492093335,0.10427738602043597,0.11761733711993858,0.1309572882194412,0.19207116387144205,0.25318503952344296,0.31429891517544384,0.3754127908274448,0.3168441383691494,0.3092256919522361,0.2958857408527335,0.28254578975323086,0.26920583865372827,0.2558658875542257,0.24252593645472306,0.1814120608027222,0.1202981851507213,0.05918430949872042,-0.0019295661532805208
1994,0.03392680220936796,0.038490250202461725,0.046480878441028384,0.05447150667959503,0.06246213491816169,0.07045276315672834,0.07844339139529499,0.1150505915949522,0.15165779179460942,0.18826499199426663,0.22487219219392388,0.22601923126692836,0.22145578327383458,0.21346515503526792,0.20547452679670128,0.1974838985581346,0.18949327031956797,0.1815026420810013,0.1448954418813441,0.10828824168168688,0.07168104148202967,0.035073841282372425
1995,0.0236676925723058,0.026851201690074235,0.03242554764354464,0.03799989359701504,0.043574239550485436,0.049148585503955844,0.05472293145742625,0.08026049774238261,0.10579806402733898,0.13133563031229536,0.15687319659725174,0.20284547879051973,0.1996619696727513,0.1940876237192809,0.1885132777658105,0.1829389318123401,0.17736458585886972,0.17179023990539932,0.14625267362044297,0.12071510733548661,0.09517754105053022,0.06963997476557385
1996,0.02469635730095266,0.028018230711428102,0.03383485347536883,0.03965147623930954,0.04546809900325027,0.051284721767191,0.05710134453113172,0.08374884553458932,0.11039634653804692,0.1370438475415045,0.16369134854496212,0.2086410790622131,0.20531920565173767,0.19950258288779693,0.19368596012385622,0.18786933735991548,0.18205271459597477,0.17623609183203404,0.14958859082857645,0.12294108982511885,0.09629358882166127,0.06964608781820365
1997,0.018530992112733714,0.02102357064238779,0.025388092472381524,0.02975261430237525,0.03411713613236898,0.03848165796236271,0.04284617979235644,0.06284121893523797,0.08283625807811949,0.10283129722100104,0.12282633636388257,0.23076451461001737,0.2282719360803633,0.22390741425036959,0.21954289242037586,0.21517837059038214,0.21081384876038842,0.2064493269303947,0.18645428778751316,0.16645924864463163,0.1464642095017501,0.12646917035886857
1998,0.022723898938375474,0.025780459658883387,0.031132518111866028,0.036484576564848666,0.0418366350178313,0.04718869347081395,0.05254075192379659,0.0770599598532782,0.10157916778275981,0.12609837571224142,0.15061758364172306,0.3411068640072945,0.3380503032867866,0.33269824483380395,0.3273461863808213,0.32199412792783866,0.316642069474856,0.31129001102187337,0.2867708030923918,0.2622515951629102,0.2377323872334286,0.21321317930394695
1999,0.05954035988303085,0.0675490526604855,0.08157232777140645,0.0955956028823274,0.10961887799324835,0.12364215310416929,0.13766542821509023,0.20190979350324906,0.2661541587914079,0.33039852407956677,0.3946428893677256,0.5323949645104806,0.524386271733026,0.510362996622105,0.4963397215111841,0.48231644640026317,0.4682931712893422,0.4542698961784213,0.3900255308902625,0.32578116560210363,0.2615368003139448,0.19729243502578592
2000,0.09422208070711786,0.10689576455313886,0.129087470513181,0.15127917647322317,0.17347088243326533,0.1956625883933075,0.21785429435334966,0.31952042104539957,0.42118654773744957,0.5228526744294996,0.6245188011215496,0.7630054397344619,0.7503317558884409,0.7281400499283988,0.7059483439683566,0.6837566380083144,0.6615649320482723,0.6393732260882301,0.5377070993961802,0.4360409727041302,0.33437484601208023,0.23270871932003023
2001,0.11060462621291975,0.12548190395938727,0.1515321177130734,0.17758233146675953,0.2036325452204457,0.22968275897413182,0.255732972727818,0.37507595323620807,0.49441893374459817,0.6137619142529884,0.7331048947613785,1.04243040931092,1.0275531315644524,1.0015029178107662,0.9754527040570801,0.949402490303394,0.9233522765497079,0.8973020627960218,0.7779590822876317,0.6586161017792416,0.5392731212708513,0.41993014076246116
2002,0.14593538259187422,0.16556495229609972,0.19993646134515083,0.23430797039420195,0.2686794794432531,0.3030509884923042,0.3374224975413554,0.4948875522726021,0.6523526070038489,0.8098176617350957,0.9672827164663426,1.3368623237393928,1.3172327540351674,1.2828612449861163,1.2484897359370652,1.2141182268880142,1.1797467178389631,1.145375208789912,0.9879101540586653,0.8304450993274186,0.6729800445961718,0.5155149898649249
2003,0.17412844867806587,0.1975502293326846,0.2385619253527876,0.2795736213728906,0.3205853173929936,0.3615970134130966,0.40260870943319965,0.5904942325625675,0.7783797556919354,0.9662652788213034,1.1541508019506714,1.6963697765134498,1.6729479958588311,1.6319362998387281,1.590924603818625,1.549912907798522,1.508901211778419,1.467889515758316,1.2800039926289482,1.0921184694995802,0.9042329463702122,0.7163474232408442
2004,0.20258246617249245,0.22983155799628885,0.277544901707457,0.32525824541862514,0.3729715891297932,0.4206849328409614,0.46839827655212957,0.6869858360383282,0.9055733955245269,1.1241609550107257,1.3427485144969247,1.9211150761464808,1.8938659843226844,1.8461526406115163,1.7984392969003482,1.7507259531891801,1.7030126094780118,1.6552992657668437,1.4367117062806452,1.2181241467944464,0.9995365873082476,0.7809490278220486
2005,0.22682064156334378,0.25732997737244256,0.31075203030808307,0.3641740832437235,0.4175961361793641,0.4710181891150046,0.5244402420506451,0.769180921820084,1.013921601589523,1.2586622813589619,1.5034029611284008,2.0428941262432594,2.0123847904341607,1.9589627374985201,1.9055406845628797,1.852118631627239,1.7986965786915987,1.745274525755958,1.5005338459865192,1.2557931662170803,1.0110524864476413,0.7663118066782024
2006,0.28713168866453304,0.3257533813399477,0.3933802259058238,0.46100707047169975,0.5286339150375757,0.5962607596034519,0.6638876041693279,0.9737042248382178,1.2835208455071077,1.5933374661759976,1.9031540868448875,2.133676930271694,2.095055237596279,2.027428393030403,1.9598015484645268,1.8921747038986507,1.8245478593327746,1.7569210147668985,1.4471043940980086,1.1372877734291187,0.8274711527602288,0.5176545320913388
2007,0.3067951188581142,0.3480617127682659,0.42031979724889373,0.49257788172952155,0.5648359662101494,0.6370940506907772,0.709352135171405,1.040385701701159,1.3714192682309132,1.7024528347606676,2.0334864012904217,2.1612776545091203,2.120011060598969,2.047752976118341,1.975494891637713,1.9032368071570853,1.8309787226764576,1.7587206381958298,1.427687071666076,1.0966535051363218,0.7656199386065674,0.4345863720768133
2008,0.27598175878396375,0.31310368956544515,0.3781044409318533,0.44310519229826134,0.5081059436646694,0.5731066950310776,0.6381074463974856,0.9358932333664804,1.233679020335475,1.53146480730447,1.829250594273465,1.9097257114610804,1.872603780679599,1.8076030293131908,1.7426022779467827,1.6776015265803745,1.6126007752139664,1.5476000238475582,1.2498142368785634,0.9520284499095688,0.6542426629405738,0.35645687597157893
2009,0.2253108014307007,0.2556170506983482,0.3086834977291007,0.36174994475985317,0.4148163917906057,0.46788283882135817,0.5209492858521106,0.7640608400805081,1.0071723943089055,1.2502839485373032,1.4933955027657007,1.6192575536297766,1.588951304362129,1.5358848573313766,1.4828184103006241,1.4297519632698716,1.3766855162391192,1.3236190692083667,1.0805075149799692,0.8373959607515719,0.5942844065231742,0.3511728522947767
2010,0.181071206183045,0.20542684770103406,0.24807374039633354,0.290720633091633,0.3333675257869325,0.376014418482232,0.41866131117753147,0.6140381066158548,0.809414902054178,1.0047916974925013,1.200168492930825,1.489569188741577,1.4652135472235879,1.4225666545282885,1.379919761832989,1.3372728691376894,1.29462597644239,1.2519790837470905,1.0566022883087673,0.8612254928704441,0.6658486974321208,0.4704719019937972
2011,0.1371027565822645,0.15554426178254532,0.18783546186591396,0.22012666194928254,0.2524178620326512,0.2847090621160198,0.3170002621993884,0.464934866444111,0.6128694706888336,0.7608040749335562,0.9087386791782788,1.2544431595756709,1.23600165437539,1.2037104542920214,1.1714192542086528,1.1391280541252842,1.1068368540419156,1.074545653958547,0.9266110497138245,0.7786764454691019,0.6307418412243793,0.48280723697965666
2012,0.12288693681507708,0.1394162914452449,0.16835930297358676,0.19730231450192862,0.22624532603027048,0.25518833755861237,0.28413134908695425,0.4167270081222759,0.5493226671575976,0.6819183261929194,0.8145139852282411,0.965950353268064,0.9494209986378962,0.9204779871095543,0.8915349755812124,0.8625919640528705,0.8336489525245286,0.8047059409961868,0.6721102819608651,0.5395146229255434,0.40691896389022164,0.27432330485489986
2013,0.10407025709033581,0.11806860573895996,0.14257980870966933,0.16709101168037868,0.19160221465108804,0.2161134176217974,0.24062462059250678,0.3529169820306787,0.4652093434688507,0.5775017049070227,0.6897940663451948,0.756275578156249,0.7422772295076249,0.7177660265369155,0.6932548235662062,0.6687436205954969,0.6442324176247876,0.6197212146540781,0.5074288532159061,0.3951364917777342,0.2828441303395622,0.17055176890139007
2014,0.09174496304809825,0.10408545316899447,0.1256937346673304,0.14730201616566632,0.16891029766400223,0.19051857916233816,0.21212686066067407,0.3111201642112374,0.4101134677618008,0.5091067713123641,0.6081000748629275,0.6380177307790044,0.6256772406581081,0.6040689591597722,0.5824606776614363,0.5608523961631003,0.5392441146647644,0.5176358331664285,0.4186425296158651,0.3196492260653017,0.22065592251473837,0.12166261896417502
2015,0.0756798511426919,0.0858594449247251,0.10368398234795255,0.12150851977117999,0.13933305719440744,0.15715759461763487,0.17498213204086233,0.2566410943198301,0.33830005659879786,0.4199590188777657,0.5016179811567335,0.5589042903878931,0.54872469660586,0.5309001591826326,0.5130756217594051,0.4952510843361777,0.4774265469129503,0.45960200948972285,0.37794304721075506,0.2962840849317873,0.21462512265281947,0.13296616037385167
2016,0.031367184720614005,0.03558634204876214,0.04297411500909338,0.050361887969424625,0.057749660929755864,0.0651374338900871,0.07252520685041834,0.10637056615310214,0.14021592545578596,0.17406128475846977,0.20790664406115364,0.38513873965896495,0.3809195823308168,0.3735318093704856,0.36614403641015436,0.35875626344982314,0.3513684904894919,0.3439807175291607,0.3101353582264769,0.27628999892379313,0.24244463962110932,0.20859928031842545
2017,0.027541528392130105,0.031246101893993974,0.037732835101129916,0.04421956830826585,0.05070630151540179,0.057193034722537735,0.06367976792967367,0.09339722368731823,0.1231146794449628,0.15283213520260736,0.18254959096025195,0.2947264391013124,0.29102186559944854,0.2845351323923126,0.27804839918517665,0.2715616659780407,0.26507493277090477,0.25858819956376883,0.22887074380612427,0.1991532880484797,0.16943583229083514,0.13971837653319055
2018,0.021214760756460276,0.024068329353953997,0.029064947229369295,0.03406156510478459,0.03905818298019989,0.04405480085561519,0.049051418731030486,0.07194225852804301,0.09483309832505553,0.11772393812206808,0.1406147779190806,0.2196416620198345,0.2167880934223408,0.21179147554692548,0.20679485767151018,0.20179823979609487,0.19680162192067957,0.19180500404526427,0.16891416424825173,0.14602332445123922,0.12313248465422667,0.10024164485721414
2019,0.017379901386824617,0.01971764826949346,0.023811058840523276,0.02790446941155309,0.03199787998258291,0.03609129055361272,0.04018470112464254,0.058937707246218926,0.07769071336779533,0.09644371948937172,0.11519672561094813,0.1725522635160582,0.17021451663338938,0.16612110606235955,0.16202769549132973,0.1579342849202999,0.15384087434927007,0.14974746377824025,0.13099445765666387,0.11224145153508747,0.09348844541351108,0.07473543929193467
2020,0.018861538995962508,0.02139857893702769,0.025840952998510806,0.030283327059993915,0.03472570112147703,0.03916807518296014,0.04361044924444325,0.0639621502340575,0.08431385122367176,0.10466555221328604,0.1250172532029003,0.16219714722554288,0.1596601072844777,0.15521773322299456,0.15077535916151147,0.14633298510002835,0.14189061103854522,0.1374482369770621,0.11709653598744785,0.0967448349978336,0.07639313400821932,0.05604143301860505
2021,0.06031042844298219,0.06842270209442457,0.08262734801485494,0.09683199393528533,0.1110366398557157,0.1252412857761461,0.1394459316965765,0.20452120506052845,0.2695964784244804,0.33467175178843245,0.39974702515238447,0.4566317751531136,0.4485195015016712,0.43431485558124083,0.4201102096608105,0.4059055637403801,0.3917009178199497,0.3774962718995193,0.3124209985355673,0.24734572517161535,0.18227045180766333,0.1171951784437113
2022,0.30895518501738617,0.35051232648691727,0.4232791617051753,0.4960459969234333,0.5688128321416914,0.6415796673599494,0.7143465025782075,1.0477107919933368,1.3810750814084662,1.7144393708235957,2.0478036602387255,2.1024107163262697,2.0608535748567385,1.9880867396384805,1.9153199044202225,1.8425530692019643,1.7697862339837063,1.6970193987654483,1.363655109350319,1.0302908199351897,0.6969265305200603,0.3635622411049304
2023,1.1612949269476076,1.3174991271273024,1.5910137359992662,1.8645283448712298,2.1380429537431938,2.4115575626151577,2.685072171487121,3.9381155800368046,5.191158988586489,6.444202397136173,7.697245805685856,8.797592590406415,8.64138839022672,8.367873781354756,8.094359172482793,7.820844563610829,7.547329954738865,7.273815345866902,6.020771937317218,4.767728528767535,3.514685120217851,2.261641711668167
2024,2.8365400828547638,3.218079229059924,3.8861568494030205,4.554234469746118,5.222312090089215,5.890389710432311,6.558467330775408,9.61910918103339,12.679751031291374,15.74039288154936,18.801034731807345,21.40384848736475,21.02230934115959,20.354231720816493,19.686154100473395,19.018076480130297,18.3499988597872,17.6819212394441,14.621279389186117,11.560637538928134,8.499995688670149,5.439353838412163
2025,4.187241305649756,4.750461435119857,5.736663683482037,6.722865931844216,7.709068180206397,8.695270428568575,9.681472676930756,14.199528337297998,18.717583997665233,23.23563965803248,27.75369531839972,32.29130966000392,31.72808953053382,30.74188728217164,29.75568503380946,28.76948278544728,27.7832805370851,26.797078288722922,22.27902262835568,17.760966967988445,13.242911307621199,8.724855647253957
2026,4.1224380187469025,4.6769415462886,5.647880965838258,6.618820385387915,7.5897598049375725,8.56069922448723,9.53163864403689,13.979771212843394,18.427903781649896,22.876036350456406,27.324168919262913,32.91035711924829,32.35585359170659,31.384914172156932,30.413974752607274,29.443035333057615,28.472095913507957,27.501156493958298,23.053023925151795,18.60489135634529,14.15675878753878,9.708626218732274
2027,3.351595880008395,3.8024144805325077,4.591800893015079,5.381187305497649,6.170573717980221,6.959960130462791,7.7493465429453625,11.365736340329079,14.982126137712793,18.59851593509651,22.21490573248023,27.356769827551037,26.905951227026925,26.116564814544354,25.327178402061783,24.537791989579212,23.74840557709664,22.95901916461407,19.34262936723035,15.726239569846637,12.109849772462919,8.493459975079201
2028,2.9910124143164416,3.3933294236000933,4.097789222441407,4.80224902128272,5.506708820124034,6.211168618965348,6.915628417806662,10.142946736074473,13.370265054342282,16.597583372610092,19.82490169087791,24.2284335048095,23.82611649552585,23.121656696684536,22.417196897843223,21.71273709900191,21.008277300160596,20.303817501319283,17.076499183051475,13.849180864783666,10.621862546515855,7.394544228248039
2029,2.7047846416677372,3.0686015427890947,3.7056473923676854,4.342693241946275,4.979739091524866,5.6167849411034565,6.253830790682048,9.172307818474215,12.090784846266383,15.009261874058554,17.92773890185072,22.802692522038395,22.438875620917038,21.801829771338447,21.164783921759856,20.527738072181265,19.890692222602674,19.253646373024083,16.335169345231915,13.416692317439747,10.498215289647575,7.579738261855409
2030,2.20733046474823,2.5042354815337093,3.0241181699939683,3.544000858454227,4.063883546914486,4.583766235374744,5.103648923835004,7.485370246439614,9.867091569044224,12.248812891648836,14.630534214253444,19.724931122724897,19.428026105939416,18.908143417479156,18.388260729018896,17.868378040558635,17.348495352098375,16.828612663638115,14.446891341033504,12.065170018428894,9.683448695824282,7.3017273732196735
2031,1.677916042855984,1.903610246250039,2.298802319798513,2.693994393346985,3.0891864668954585,3.484378540443932,3.879570613992405,5.690050956937462,7.500531299882518,9.311011642827577,11.121491985772634,14.871256559632515,14.645562356238461,14.250370282689987,13.855178209141515,13.459986135593041,13.064794062044568,12.669601988496094,10.859121645551037,9.04864130260598,7.238160959660921,5.427680616715864
2032,1.1172675321315855,1.2675496673528908,1.5306947005095728,1.7938397336662546,2.0569847668229366,2.3201297999796187,2.583274833136301,3.7888124482913326,4.9943500634463645,6.199887678601396,7.405425293756428,10.033161309414842,9.882879174193537,9.619734141036854,9.356589107880172,9.09344407472349,8.830299041566807,8.567154008410125,7.361616393255093,6.156078778100062,4.95054116294503,3.745003547789998
2033,0.6682540838903488,0.7581400312657272,0.9155309318380566,1.0729218324103855,1.2303127329827148,1.3877036335550441,1.5450945341273732,2.2661442482220826,2.987193962316792,3.7082436764115014,4.429293390506211,6.0734388854665,5.983552938091121,5.826162037518792,5.668771136946463,5.5113802363741335,5.3539893358018045,5.196598435229475,4.475548721134766,3.7544990070400566,3.033449292945347,2.3123995788506377
2034,0.4397550001969972,0.4989058467966161,0.6024793784527985,0.7060529101089809,0.8096264417651632,0.9131999734213457,1.016773505077528,1.4912714914090162,1.9657694777405041,2.4402674640719924,2.9147654504034803,3.6846018562989733,3.625451009699354,3.5218774780431716,3.418303946386989,3.314730414730807,3.2111568830746244,3.1075833514184423,2.633085365086954,2.158587378755466,1.6840893924239777,1.2095914060924897
2035,0.286284866305672,0.32479265405806435,0.39222005033488544,0.4596474466117065,0.5270748428885276,0.5945022391653487,0.6619296354421698,0.9708325302776295,1.2797354251130895,1.5886383199485492,1.8975412147840094,2.22844041223525,2.1899326244828576,2.1225052282060366,2.0550778319292156,1.9876504356523945,1.9202230393755735,1.8527956430987524,1.5438927482632927,1.2349898534278327,0.926086958592373,0.6171840637569128
2036,0.1600000684787465,0.18152145994052682,0.21920556165659857,0.25688966337267033,0.2945737650887421,0.33225786680481384,0.3699419685208856,0.5425828942000834,0.7152238198792811,0.887864745558479,1.0605056712376768,1.3303544742870113,1.308833082825231,1.2711489811091592,1.2334648793930874,1.1957807776770155,1.1580966759609437,1.1204125742448718,0.947771648565674,0.7751307228864763,0.6024897972072784,0.4298488715280806
2037,0.0966650333943288,0.10966731548161278,0.1324343991801003,0.15520148287858784,0.17796856657707538,0.20073565027556292,0.2235027339740505,0.3278048196211218,0.432106905268193,0.5364089909152644,0.6407110765623357,0.8750441895076194,0.8620419074203355,0.8392748237218479,0.8165077400233604,0.7937406563248728,0.7709735726263852,0.7482064889278977,0.6439044032808263,0.5396023176337551,0.4353002319866837,0.3309981463396124
2038,0.060485888935644626,0.06862176353916513,0.08286773488598757,0.09711370623281,0.11135967757963244,0.1256056489264549,0.13985162027327736,0.2051162164429092,0.27038081261254104,0.33564540878217297,0.40091000495180484,0.6530761972950729,0.6449403226915524,0.63069435134473,0.6164483799979075,0.602202408651085,0.5879564373042625,0.57371046595744,0.5084458697878081,0.4431812736181763,0.37791667744854435,0.3126520812789125
2039,0.04326251605801909,0.04908169821561838,0.059271125452270715,0.06946055268892304,0.07964997992557539,0.08983940716222773,0.10002883439888008,0.1467093195416705,0.19338980468446088,0.24007028982725132,0.28675077497004176,0.499578441059629,0.4937592589020297,0.48356983166537737,0.47338040442872503,0.4631909771920727,0.45300154995542036,0.442812122718768,0.3961316375759776,0.3494511524331872,0.30277066729039676,0.2560901821476063
2040,0.031367184720614005,0.03558634204876214,0.04297411500909338,0.050361887969424625,0.057749660929755864,0.0651374338900871,0.07252520685041834,0.10637056615310214,0.14021592545578596,0.17406128475846977,0.20790664406115364,0.38513873965896495,0.3809195823308168,0.3735318093704856,0.36614403641015436,0.35875626344982314,0.3513684904894919,0.3439807175291607,0.3101353582264769,0.27628999892379313,0.24244463962110932,0.20859928031842545
2041,0.027541528392130105,0.031246101893993974,0.037732835101129916,0.04421956830826585,0.05070630151540179,0.057193034722537735,0.06367976792967367,0.09339722368731823,0.1231146794449628,0.15283213520260736,0.18254959096025195,0.2947264391013124,0.29102186559944854,0.2845351323923126,0.27804839918517665,0.2715616659780407,0.26507493277090477,0.25858819956376883,0.22887074380612427,0.1991532880484797,0.16943583229083514,0.13971837653319055
2042,0.021214760756460276,0.024068329353953997,0.029064947229369295,0.03406156510478459,0.03905818298019989,0.04405480085561519,0.049051418731030486,0.07194225852804301,0.09483309832505553,0.11772393812206808,0.1406147779190806,0.2196416620198345,0.2167880934223408,0.21179147554692548,0.20679485767151018,0.20179823979609487,0.19680162192067957,0.19180500404526427,0.16891416424825173,0.14602332445123922,0.12313248465422667,0.10024164485721414
2043,0.017379901386824617,0.01971764826949346,0.023811058840523276,0.02790446941155309,0.03199787998258291,0.03609129055361272,0.04018470112464254,0.058937707246218926,0.07769071336779533,0.09644371948937172,0.11519672561094813,0.1725522635160582,0.17021451663338938,0.16612110606235955,0.16202769549132973,0.1579342849202999,0.15384087434927007,0.14974746377824025,0.13099445765666387,0.11224145153508747,0.09348844541351108,0.07473543929193467
2044,0.018861538995962508,0.02139857893702769,0.025840952998510806,0.030283327059993915,0.03472570112147703,0.03916807518296014,0.04361044924444325,0.0639621502340575,0.08431385122367176,0.10466555221328604,0.1250172532029003,0.16219714722554288,0.1596601072844777,0.15521773322299456,0.15077535916151147,0.14633298510002835,0.14189061103854522,0.1374482369770621,0.11709653598744785,0.0967448349978336,0.07639313400821932,0.05604143301860505
2045,0.06031042844298219,0.06842270209442457,0.08262734801485494,0.09683199393528533,0.1110366398557157,0.1252412857761461,0.1394459316965765,0.20452120506052845,0.2695964784244804,0.33467175178843245,0.39974702515238447,0.4566317751531136,0.4485195015016712,0.43431485558124083,0.4201102096608105,0.4059055637403801,0.3917009178199497,0.3774962718995193,0.3124209985355673,0.24734572517161535,0.18227045180766333,0.1171951784437113
2046,0.30895518501738617,0.35051232648691727,0.4232791617051753,0.4960459969234333,0.5688128321416914,0.6415796673599494,0.7143465025782075,1.0477107919933368,1.3810750814084662,1.7144393708235957,2.0478036602387255,2.1024107163262697,2.0608535748567385,1.9880867396384805,1.9153199044202225,1.8425530692019643,1.7697862339837063,1.6970193987654483,1.363655109350319,1.0302908199351897,0.6969265305200603,0.3635622411049304
2047,1.1612949269476076,1.3174991271273024,1.5910137359992662,1.8645283448712298,2.1380429537431938,2.4115575626151577,2.685072171487121,3.9381155800368046,5.191158988586489,6.444202397136173,7.697245805685856,8.797592590406415,8.64138839022672,8.367873781354756,8.094359172482793,7.820844563610829,7.547329954738865,7.273815345866902,6.020771937317218,4.767728528767535,3.514685120217851,2.261641711668167
2048,2.8365400828547638,3.218079229059924,3.8861568494030205,4.554234469746118,5.222312090089215,5.890389710432311,6.558467330775408,9.61910918103339,12.679751031291374,15.74039288154936,18.801034731807345,21.40384848736475,21.02230934115959,20.354231720816493,19.686154100473395,19.018076480130297,18.3499988597872,17.6819212394441,14.621279389186117,11.560637538928134,8.499995688670149,5.439353838412163
2049,4.187241305649756,4.750461435119857,5.736663683482037,6.722865931844216,7.709068180206397,8.695270428568575,9.681472676930756,14.199528337297998,18.717583997665233,23.23563965803248,27.75369531839972,32.29130966000392,31.72808953053382,30.74188728217164,29.75568503380946,28.76948278544728,27.7832805370851,26.797078288722922,22.27902262835568,17.760966967988445,13.242911307621199,8.724855647253957
2050,4.1224380187469025,4.6769415462886,5.647880965838258,6.618820385387915,7.5897598049375725,8.56069922448723,9.53163864403689,13.979771212843394,18.427903781649896,22.876036350456406,27.324168919262913,32.91035711924829,32.35585359170659,31.384914172156932,30.413974752607274,29.443035333057615,28.472095913507957,27.501156493958298,23.053023925151795,18.60489135634529,14.15675878753878,9.708626218732274
2051,3.351595880008395,3.8024144805325077,4.591800893015079,5.381187305497649,6.170573717980221,6.959960130462791,7.7493465429453625,11.365736340329079,14.982126137712793,18.59851593509651,22.21490573248023,27.356769827551037,26.905951227026925,26.116564814544354,25.327178402061783,24.537791989579212,23.74840557709664,22.95901916461407,19.34262936723035,15.726239569846637,12.109849772462919,8.493459975079201
2052,2.9910124143164416,3.3933294236000933,4.097789222441407,4.80224902128272,5.506708820124034,6.211168618965348,6.915628417806662,10.142946736074473,13.370265054342282,16.597583372610092,19.82490169087791,24.2284335048095,23.82611649552585,23.121656696684536,22.417196897843223,21.71273709900191,21.008277300160596,20.303817501319283,17.076499183051475,13.849180864783666,10.621862546515855,7.394544228248039
2053,2.7047846416677372,3.0686015427890947,3.7056473923676854,4.342693241946275,4.979739091524866,5.6167849411034565,6.253830790682048,9.172307818474215,12.090784846266383,15.009261874058554,17.92773890185072,22.802692522038395,22.438875620917038,21.801829771338447,21.164783921759856,20.527738072181265,19.890692222602674,19.253646373024083,16.335169345231915,13.416692317439747,10.498215289647575,7.579738261855409
2054,2.20733046474823,2.5042354815337093,3.0241181699939683,3.544000858454227,4.063883546914486,4.583766235374744,5.103648923835004,7.485370246439614,9.867091569044224,12.248812891648836,14.630534214253444,19.724931122724897,19.428026105939416,18.908143417479156,18.388260729018896,17.868378040558635,17.348495352098375,16.828612663638115,14.446891341033504,12.065170018428894,9.683448695824282,7.3017273732196735
2055,1.677916042855984,1.903610246250039,2.298802319798513,2.693994393346985,3.0891864668954585,3.484378540443932,3.879570613992405,5.690050956937462,7.500531299882518,9.311011642827577,11.121491985772634,14.871256559632515,14.645562356238461,14.250370282689987,13.855178209141515,13.459986135593041,13.064794062044568,12.669601988496094,10.859121645551037,9.04864130260598,7.238160959660921,5.427680616715864
2056,1.1172675321315855,1.2675496673528908,1.5306947005095728,1.7938397336662546,2.0569847668229366,2.3201297999796187,2.583274833136301,3.7888124482913326,4.9943500634463645,6.199887678601396,7.405425293756428,10.033161309414842,9.882879174193537,9.619734141036854,9.356589107880172,9.09344407472349,8.830299041566807,8.567154008410125,7.361616393255093,6.156078778100062,4.95054116294503,3.745003547789998
2057,0.6682540838903488,0.7581400312657272,0.9155309318380566,1.0729218324103855,1.2303127329827148,1.3877036335550441,1.5450945341273732,2.2661442482220826,2.987193962316792,3.7082436764115014,4.429293390506211,6.0734388854665,5.983552938091121,5.826162037518792,5.668771136946463,5.5113802363741335,5.3539893358018045,5.196598435229475,4.475548721134766,3.7544990070400566,3.033449292945347,2.3123995788506377
2058,0.4397550001969972,0.4989058467966161,0.6024793784527985,0.7060529101089809,0.8096264417651632,0.9131999734213457,1.016773505077528,1.4912714914090162,1.9657694777405041,2.4402674640719924,2.9147654504034803,3.6846018562989733,3.625451009699354,3.5218774780431716,3.418303946386989,3.314730414730807,3.2111568830746244,3.1075833514184423,2.633085365086954,2.158587378755466,1.6840893924239777,1.2095914060924897
2059,0.286284866305672,0.32479265405806435,0.39222005033488544,0.4596474466117065,0.5270748428885276,0.5945022391653487,0.6619296354421698,0.9708325302776295,1.2797354251130895,1.5886383199485492,1.8975412147840094,2.22844041223525,2.1899326244828576,2.1225052282060366,2.0550778319292156,1.9876504356523945,1.9202230393755735,1.8527956430987524,1.5438927482632927,1.2349898534278327,0.926086958592373,0.6171840637569128
2060,0.1600000684787465,0.18152145994052682,0.21920556165659857,0.25688966337267033,0.2945737650887421,0.33225786680481384,0.3699419685208856,0.5425828942000834,0.7152238198792811,0.887864745558479,1.0605056712376768,1.3303544742870113,1.308833082825231,1.2711489811091592,1.2334648793930874,1.1957807776770155,1.1580966759609437,1.1204125742448718,0.947771648565674,0.7751307228864763,0.6024897972072784,0.4298488715280806
2061,0.0966650333943288,0.10966731548161278,0.1324343991801003,0.15520148287858784,0.17796856657707538,0.20073565027556292,0.2235027339740505,0.3278048196211218,0.432106905268193,0.5364089909152644,0.6407110765623357,0.8750441895076194,0.8620419074203355,0.8392748237218479,0.8165077400233604,0.7937406563248728,0.7709735726263852,0.7482064889278977,0.6439044032808263,0.5396023176337551,0.4353002319866837,0.3309981463396124
2062,0.060485888935644626,0.06862176353916513,0.08286773488598757,0.09711370623281,0.11135967757963244,0.1256056489264549,0.13985162027327736,0.2051162164429092,0.27038081261254104,0.33564540878217297,0.40091000495180484,0.6530761972950729,0.6449403226915524,0.63069435134473,0.6164483799979075,0.602202408651085,0.5879564373042625,0.57371046595744,0.5084458697878081,0.4431812736181763,0.37791667744854435,0.3126520812789125
2063,0.04326251605801909,0.04908169821561838,0.059271125452270715,0.06946055268892304,0.07964997992557539,0.08983940716222773,0.10002883439888008,0.1467093195416705,0.19338980468446088,0.24007028982725132,0.28675077497004176,0.499578441059629,0.4937592589020297,0.48356983166537737,0.47338040442872503,0.4631909771920727,0.45300154995542036,0.442812122718768,0.3961316375759776,0.3494511524331872,0.30277066729039676,0.2560901821476063
2064,0.031367184720614005,0.03558634204876214,0.04297411500909338,0.050361887969424625,0.057749660929755864,0.0651374338900871,0.07252520685041834,0.10637056615310214,0.14021592545578596,0.17406128475846977,0.20790664406115364,0.38513873965896495,0.3809195823308168,0.3735318093704856,0.36614403641015436,0.35875626344982314,0.3513684904894919,0.3439807175291607,0.3101353582264769,0.27628999892379313,0.24244463962110932,0.20859928031842545
2065,0.027541528392130105,0.031246101893993974,0.037732835101129916,0.04421956830826585,0.05070630151540179,0.057193034722537735,0.06367976792967367,0.09339722368731823,0.1231146794449628,0.15283213520260736,0.18254959096025195,0.2947264391013124,0.29102186559944854,0.2845351323923126,0.27804839918517665,0.2715616659780407,0.26507493277090477,0.25858819956376883,0.22887074380612427,0.1991532880484797,0.16943583229083514,0.13971837653319055
2066,0.021214760756460276,0.024068329353953997,0.029064947229369295,0.03406156510478459,0.03905818298019989,0.04405480085561519,0.049051418731030486,0.07194225852804301,0.09483309832505553,0.11772393812206808,0.1406147779190806,0.2196416620198345,0.2167880934223408,0.21179147554692548,0.20679485767151018,0.20179823979609487,0.19680162192067957,0.19180500404526427,0.16891416424825173,0.14602332445123922,0.12313248465422667,0.10024164485721414
2067,0.017379901386824617,0.01971764826949346,0.023811058840523276,0.02790446941155309,0.03199787998258291,0.03609129055361272,0.04018470112464254,0.058937707246218926,0.07769071336779533,0.09644371948937172,0.11519672561094813,0.1725522635160582,0.17021451663338938,0.16612110606235955,0.16202769549132973,0.1579342849202999,0.15384087434927007,0.14974746377824025,0.13099445765666387,0.11224145153508747,0.09348844541351108,0.07473543929193467
2068,0.018861538995962508,0.02139857893702769,0.025840952998510806,0.030283327059993915,0.03472570112147703,0.03916807518296014,0.04361044924444325,0.0639621502340575,0.08431385122367176,0.10466555221328604,0.1250172532029003,0.16219714722554288,0.1596601072844777,0.15521773322299456,0.15077535916151147,0.14633298510002835,0.14189061103854522,0.1374482369770621,0.11709653598744785,0.0967448349978336,0.07639313400821932,0.05604143301860505
2069,0.06031042844298219,0.06842270209442457,0.08262734801485494,0.09683199393528533,0.1110366398557157,0.1252412857761461,0.1394459316965765,0.20452120506052845,0.2695964784244804,0.33467175178843245,0.39974702515238447,0.4566317751531136,0.4485195015016712,0.43431485558124083,0.4201102096608105,0.4059055637403801,0.3917009178199497,0.3774962718995193,0.3124209985355673,0.24734572517161535,0.18227045180766333,0.1171951784437113
2070,0.30895518501738617,0.35051232648691727,0.4232791617051753,0.4960459969234333,0.5688128321416914,0.6415796673599494,0.7143465025782075,1.0477107919933368,1.3810750814084662,1.7144393708235957,2.0478036602387255,2.1024107163262697,2.0608535748567385,1.9880867396384805,1.9153199044202225,1.8425530692019643,1.7697862339837063,1.6970193987654483,1.363655109350319,1.0302908199351897,0.6969265305200603,0.3635622411049304
2071,1.1612949269476076,1.3174991271273024,1.5910137359992662,1.8645283448712298,2.1380429537431938,2.4115575626151577,2.685072171487121,3.9381155800368046,5.191158988586489,6.444202397136173,7.697245805685856,8.797592590406415,8.64138839022672,8.367873781354756,8.094359172482793,7.820844563610829,7.547329954738865,7.273815345866902,6.020771937317218,4.767728528767535,3.514685120217851,2.261641711668167
2072,2.8365400828547638,3.218079229059924,3.8861568494030205,4.554234469746118,5.222312090089215,5.890389710432311,6.558467330775408,9.61910918103339,12.679751031291374,15.74039288154936,18.801034731807345,21.40384848736475,21.02230934115959,20.354231720816493,19.686154100473395,19.018076480130297,18.3499988597872,17.6819212394441,14.621279389186117,11.560637538928134,8.499995688670149,5.439353838412163
2073,4.187241305649756,4.750461435119857,5.736663683482037,6.722865931844216,7.709068180206397,8.695270428568575,9.681472676930756,14.199528337297998,18.717583997665233,23.23563965803248,27.75369531839972,32.29130966000392,31.72808953053382,30.74188728217164,29.75568503380946,28.76948278544728,27.7832805370851,26.797078288722922,22.27902262835568,17.760966967988445,13.242911307621199,8.724855647253957
2074,4.1224380187469025,4.6769415462886,5.647880965838258,6.618820385387915,7.5897598049375725,8.56069922448723,9.53163864403689,13.979771212843394,18.427903781649896,22.876036350456406,27.324168919262913,32.91035711924829,32.35585359170659,31.384914172156932,30.413974752607274,29.443035333057615,28.472095913507957,27.501156493958298,23.053023925151795,18.60489135634529,14.15675878753878,9.708626218732274
2075,3.351595880008395,3.8024144805325077,4.591800893015079,5.381187305497649,6.170573717980221,6.959960130462791,7.7493465429453625,11.365736340329079,14.982126137712793,18.59851593509651,22.21490573248023,27.356769827551037,26.905951227026925,26.116564814544354,25.327178402061783,24.537791989579212,23.74840557709664,22.95901916461407,19.34262936723035,15.726239569846637,12.109849772462919,8.493459975079201
2076,2.9910124143164416,3.3933294236000933,4.097789222441407,4.80224902128272,5.506708820124034,6.211168618965348,6.915628417806662,10.142946736074473,13.370265054342282,16.597583372610092,19.82490169087791,24.2284335048095,23.82611649552585,23.121656696684536,22.417196897843223,21.71273709900191,21.008277300160596,20.303817501319283,17.076499183051475,13.849180864783666,10.621862546515855,7.394544228248039
2077,2.7047846416677372,3.0686015427890947,3.7056473923676854,4.342693241946275,4.979739091524866,5.6167849411034565,6.253830790682048,9.172307818474215,12.090784846266383,15.009261874058554,17.92773890185072,22.802692522038395,22.438875620917038,21.801829771338447,21.164783921759856,20.527738072181265,19.890692222602674,19.253646373024083,16.335169345231915,13.416692317439747,10.498215289647575,7.579738261855409
2078,2.20733046474823,2.5042354815337093,3.0241181699939683,3.544000858454227,4.063883546914486,4.583766235374744,5.103648923835004,7.485370246439614,9.867091569044224,12.248812891648836,14.630534214253444,19.724931122724897,19.428026105939416,18.908143417479156,18.388260729018896,17.868378040558635,17.348495352098375,16.828612663638115,14.446891341033504,12.065170018428894,9.683448695824282,7.3017273732196735
2079,1.677916042855984,1.903610246250039,2.298802319798513,2.693994393346985,3.0891864668954585,3.484378540443932,3.879570613992405,5.690050956937462,7.500531299882518,9.311011642827577,11.121491985772634,14.871256559632515,14.645562356238461,14.250370282689987,13.855178209141515,13.459986135593041,13.064794062044568,12.669601988496094,10.859121645551037,9.04864130260598,7.238160959660921,5.427680616715864
2080,1.1172675321315855,1.2675496673528908,1.5306947005095728,1.7938397336662546,2.0569847668229366,2.3201297999796187,2.583274833136301,3.7888124482913326,4.9943500634463645,6.199887678601396,7.405425293756428,10.033161309414842,9.882879174193537,9.619734141036854,9.356589107880172,9.09344407472349,8.830299041566807,8.567154008410125,7.361616393255093,6.156078778100062,4.95054116294503,3.745003547789998
2081,0.6682540838903488,0.7581400312657272,0.9155309318380566,1.0729218324103855,1.2303127329827148,1.3877036335550441,1.5450945341273732,2.2661442482220826,2.987193962316792,3.7082436764115014,4.429293390506211,6.0734388854665,5.983552938091121,5.826162037518792,5.668771136946463,5.5113802363741335,5.3539893358018045,5.196598435229475,4.475548721134766,3.7544990070400566,3.033449292945347,2.3123995788506377
2082,0.4397550001969972,0.4989058467966161,0.6024793784527985,0.7060529101089809,0.8096264417651632,0.9131999734213457,1.016773505077528,1.4912714914090162,1.9657694777405041,2.4402674640719924,2.9147654504034803,3.6846018562989733,3.625451009699354,3.5218774780431716,3.418303946386989,3.314730414730807,3.2111568830746244,3.1075833514184423,2.633085365086954,2.158587378755466,1.6840893924239777,1.2095914060924897
2083,0.286284866305672,0.32479265405806435,0.39222005033488544,0.4596474466117065,0.5270748428885276,0.5945022391653487,0.6619296354421698,0.9708325302776295,1.2797354251130895,1.5886383199485492,1.8975412147840094,2.22844041223525,2.1899326244828576,2.1225052282060366,2.0550778319292156,1.9876504356523945,1.9202230393755735,1.8527956430987524,1.5438927482632927,1.2349898534278327,0.926086958592373,0.6171840637569128
2084,0.1600000684787465,0.18152145994052682,0.21920556165659857,0.25688966337267033,0.2945737650887421,0.33225786680481384,0.3699419685208856,0.5425828942000834,0.7152238198792811,0.887864745558479,1.0605056712376768,1.3303544742870113,1.308833082825231,1.2711489811091592,1.2334648793930874,1.1957807776770155,1.1580966759609437,1.1204125742448718,0.947771648565674,0.7751307228864763,0.6024897972072784,0.4298488715280806
2085,0.0966650333943288,0.10966731548161278,0.1324343991801003,0.15520148287858784,0.17796856657707538,0.20073565027556292,0.2235027339740505,0.3278048196211218,0.432106905268193,0.5364089909152644,0.6407110765623357,0.8750441895076194,0.8620419074203355,0.8392748237218479,0.8165077400233604,0.7937406563248728,0.7709735726263852,0.7482064889278977,0.6439044032808263,0.5396023176337551,0.4353002319866837,0.3309981463396124
2086,0.060485888935644626,0.06862176353916513,0.08286773488598757,0.09711370623281,0.11135967757963244,0.1256056489264549,0.13985162027327736,0.2051162164429092,0.27038081261254104,0.33564540878217297,0.40091000495180484,0.6530761972950729,0.6449403226915524,0.63069435134473,0.6164483799979075,0.602202408651085,0.5879564373042625,0.57371046595744,0.5084458697878081,0.4431812736181763,0.37791667744854435,0.3126520812789125
2087,0.04326251605801909,0.04908169821561838,0.059271125452270715,0.06946055268892304,0.07964997992557539,0.08983940716222773,0.10002883439888008,0.1467093195416705,0.19338980468446088,0.24007028982725132,0.28675077497004176,0.499578441059629,0.4937592589020297,0.48356983166537737,0.47338040442872503,0.4631909771920727,0.45300154995542036,0.442812122718768,0.3961316375759776,0.3494511524331872,0.30277066729039676,0.2560901821476063
2088,0.031367184720614005,0.03558634204876214,0.04297411500909338,0.050361887969424625,0.057749660929755864,0.0651374338900871,0.07252520685041834,0.10637056615310214,0.14021592545578596,0.17406128475846977,0.20790664406115364,0.38513873965896495,0.3809195823308168,0.3735318093704856,0.36614403641015436,0.35875626344982314,0.3513684904894919,0.3439807175291607,0.3101353582264769,0.27628999892379313,0.24244463962110932,0.20859928031842545
2089,0.027541528392130105,0.031246101893993974,0.037732835101129916,0.04421956830826585,0.05070630151540179,0.057193034722537735,0.06367976792967367,0.09339722368731823,0.1231146794449628,0.15283213520260736,0.18254959096025195,0.2947264391013124,0.29102186559944854,0.2845351323923126,0.27804839918517665,0.2715616659780407,0.26507493277090477,0.25858819956376883,0.22887074380612427,0.1991532880484797,0.16943583229083514,0.13971837653319055
2090,0.021214760756460276,0.024068329353953997,0.029064947229369295,0.03406156510478459,0.03905818298019989,0.04405480085561519,0.049051418731030486,0.07194225852804301,0.09483309832505553,0.11772393812206808,0.1406147779190806,0.2196416620198345,0.2167880934223408,0.21179147554692548,0.20679485767151018,0.20179823979609487,0.19680162192067957,0.19180500404526427,0.16891416424825173,0.14602332445123922,0.12313248465422667,0.10024164485721414
2091,0.017379901386824617,0.01971764826949346,0.023811058840523276,0.02790446941155309,0.03199787998258291,0.03609129055361272,0.04018470112464254,0.058937707246218926,0.07769071336779533,0.09644371948937172,0.11519672561094813,0.1725522635160582,0.17021451663338938,0.16612110606235955,0.16202769549132973,0.1579342849202999,0.15384087434927007,0.14974746377824025,0.13099445765666387,0.11224145153508747,0.09348844541351108,0.07473543929193467
2092,0.018861538995962508,0.02139857893702769,0.025840952998510806,0.030283327059993915,0.03472570112147703,0.03916807518296014,0.04361044924444325,0.0639621502340575,0.08431385122367176,0.10466555221328604,0.1250172532029003,0.16219714722554288,0.1596601072844777,0.15521773322299456,0.15077535916151147,0.14633298510002835,0.14189061103854522,0.1374482369770621,0.11709653598744785,0.0967448349978336,0.07639313400821932,0.05604143301860505
2093,0.06031042844298219,0.06842270209442457,0.08262734801485494,0.09683199393528533,0.1110366398557157,0.1252412857761461,0.1394459316965765,0.20452120506052845,0.2695964784244804,0.33467175178843245,0.39974702515238447,0.4566317751531136,0.4485195015016712,0.43431485558124083,0.4201102096608105,0.4059055637403801,0.3917009178199497,0.3774962718995193,0.3124209985355673,0.24734572517161535,0.18227045180766333,0.1171951784437113
2094,0.30895518501738617,0.35051232648691727,0.4232791617051753,0.4960459969234333,0.5688128321416914,0.6415796673599494,0.7143465025782075,1.0477107919933368,1.3810750814084662,1.7144393708235957,2.0478036602387255,2.1024107163262697,2.0608535748567385,1.9880867396384805,1.9153199044202225,1.8425530692019643,1.7697862339837063,1.6970193987654483,1.363655109350319,1.0302908199351897,0.6969265305200603,0.3635622411049304
2095,1.1612949269476076,1.3174991271273024,1.5910137359992662,1.8645283448712298,2.1380429537431938,2.4115575626151577,2.685072171487121,3.9381155800368046,5.191158988586489,6.444202397136173,7.697245805685856,8.797592590406415,8.64138839022672,8.367873781354756,8.094359172482793,7.820844563610829,7.547329954738865,7.273815345866902,6.020771937317218,4.767728528767535,3.514685120217851,2.261641711668167
2096,2.8365400828547638,3.218079229059924,3.8861568494030205,4.554234469746118,5.222312090089215,5.890389710432311,6.558467330775408,9.61910918103339,12.679751031291374,15.74039288154936,18.801034731807345,21.40384848736475,21.02230934115959,20.354231720816493,19.686154100473395,19.018076480130297,18.3499988597872,17.6819212394441,14.621279389186117,11.560637538928134,8.499995688670149,5.439353838412163
2097,4.187241305649756,4.750461435119857,5.736663683482037,6.722865931844216,7.709068180206397,8.695270428568575,9.681472676930756,14.199528337297998,18.717583997665233,23.23563965803248,27.75369531839972,32.29130966000392,31.72808953053382,30.74188728217164,29.75568503380946,28.76948278544728,27.7832805370851,26.797078288722922,22.27902262835568,17.760966967988445,13.242911307621199,8.724855647253957
2098,4.1224380187469025,4.6769415462886,5.647880965838258,6.618820385387915,7.5897598049375725,8.56069922448723,9.53163864403689,13.979771212843394,18.427903781649896,22.876036350456406,27.324168919262913,32.91035711924829,32.35585359170659,31.384914172156932,30.413974752607274,29.443035333057615,28.472095913507957,27.501156493958298,23.053023925151795,18.60489135634529,14.15675878753878,9.708626218732274
2099,3.351595880008395,3.8024144805325077,4.591800893015079,5.381187305497649,6.170573717980221,6.959960130462791,7.7493465429453625,11.365736340329079,14.982126137712793,18.59851593509651,22.21490573248023,27.356769827551037,26.905951227026925,26.116564814544354,25.327178402061783,24.537791989579212,23.74840557709664,22.95901916461407,19.34262936723035,15.726239569846637,12.109849772462919,8.493459975079201
2100,2.9910124143164416,3.3933294236000933,4.097789222441407,4.80224902128272,5.506708820124034,6.211168618965348,6.915628417806662,10.142946736074473,13.370265054342282,16.597583372610092,19.82490169087791,24.2284335048095,23.82611649552585,23.121656696684536,22.417196897843223,21.71273709900191,21.008277300160596,20.303817501319283,17.076499183051475,13.849180864783666,10.621862546515855,7.394544228248039
2101,2.7047846416677372,3.0686015427890947,3.7056473923676854,4.342693241946275,4.979739091524866,5.6167849411034565,6.253830790682048,9.172307818474215,12.090784846266383,15.009261874058554,17.92773890185072,22.802692522038395,22.438875620917038,21.801829771338447,21.164783921759856,20.527738072181265,19.890692222602674,19.253646373024083,16.335169345231915,13.416692317439747,10.498215289647575,7.579738261855409
2102,2.20733046474823,2.5042354815337093,3.0241181699939683,3.544000858454227,4.063883546914486,4.583766235374744,5.103648923835004,7.485370246439614,9.867091569044224,12.248812891648836,14.630534214253444,19.724931122724897,19.428026105939416,18.908143417479156,18.388260729018896,17.868378040558635,17.348495352098375,16.828612663638115,14.446891341033504,12.065170018428894,9.683448695824282,7.3017273732196735
2103,1.677916042855984,1.903610246250039,2.298802319798513,2.693994393346985,3.0891864668954585,3.484378540443932,3.879570613992405,5.690050956937462,7.500531299882518,9.311011642827577,11.121491985772634,14.871256559632515,14.645562356238461,14.250370282689987,13.855178209141515,13.459986135593041,13.064794062044568,12.669601988496094,10.859121645551037,9.04864130260598,7.238160959660921,5.427680616715864
2104,1.1172675321315855,1.2675496673528908,1.5306947005095728,1.7938397336662546,2.0569847668229366,2.3201297999796187,2.583274833136301,3.7888124482913326,4.9943500634463645,6.199887678601396,7.405425293756428,10.033161309414842,9.882879174193537,9.619734141036854,9.356589107880172,9.09344407472349,8.830299041566807,8.567154008410125,7.361616393255093,6.156078778100062,4.95054116294503,3.745003547789998
2105,0.6682540838903488,0.7581400312657272,0.9155309318380566,1.0729218324103855,1.2303127329827148,1.3877036335550441,1.5450945341273732,2.2661442482220826,2.987193962316792,3.7082436764115014,4.429293390506211,6.0734388854665,5.983552938091121,5.826162037518792,5.668771136946463,5.5113802363741335,5.3539893358018045,5.196598435229475,4.475548721134766,3.7544990070400566,3.033449292945347,2.3123995788506377
2106,0.4397550001969972,0.4989058467966161,0.6024793784527985,0.7060529101089809,0.8096264417651632,0.9131999734213457,1.016773505077528,1.4912714914090162,1.9657694777405041,2.4402674640719924,2.9147654504034803,3.6846018562989733,3.625451009699354,3.5218774780431716,3.418303946386989,3.314730414730807,3.2111568830746244,3.1075833514184423,2.633085365086954,2.158587378755466,1.6840893924239777,1.2095914060924897
2107,0.286284866305672,0.32479265405806435,0.39222005033488544,0.4596474466117065,0.5270748428885276,0.5945022391653487,0.6619296354421698,0.9708325302776295,1.2797354251130895,1.5886383199485492,1.8975412147840094,2.22844041223525,2.1899326244828576,2.1225052282060366,2.0550778319292156,1.9876504356523945,1.9202230393755735,1.8527956430987524,1.5438927482632927,1.2349898534278327,0.926086958592373,0.6171840637569128
2108,0.1600000684787465,0.18152145994052682,0.21920556165659857,0.25688966337267033,0.2945737650887421,0.33225786680481384,0.3699419685208856,0.5425828942000834,0.7152238198792811,0.887864745558479,1.0605056712376768,1.3303544742870113,1.308833082825231,1.2711489811091592,1.2334648793930874,1.1957807776770155,1.1580966759609437,1.1204125742448718,0.947771648565674,0.7751307228864763,0.6024897972072784,0.4298488715280806
2109,0.0966650333943288,0.10966731548161278,0.1324343991801003,0.15520148287858784,0.17796856657707538,0.20073565027556292,0.2235027339740505,0.3278048196211218,0.432106905268193,0.5364089909152644,0.6407110765623357,0.8750441895076194,0.8620419074203355,0.8392748237218479,0.8165077400233604,0.7937406563248728,0.7709735726263852,0.7482064889278977,0.6439044032808263,0.5396023176337551,0.4353002319866837,0.3309981463396124
2110,0.060485888935644626,0.06862176353916513,0.08286773488598757,0.09711370623281,0.11135967757963244,0.1256056489264549,0.13985162027327736,0.2051162164429092,0.27038081261254104,0.33564540878217297,0.40091000495180484,0.6530761972950729,0.6449403226915524,0.63069435134473,0.6164483799979075,0.602202408651085,0.5879564373042625,0.57371046595744,0.5084458697878081,0.4431812736181763,0.37791667744854435,0.3126520812789125
2111,0.04326251605801909,0.04908169821561838,0.059271125452270715,0.06946055268892304,0.07964997992557539,0.08983940716222773,0.10002883439888008,0.1467093195416705,0.19338980468446088,0.24007028982725132,0.28675077497004176,0.499578441059629,0.4937592589020297,0.48356983166537737,0.47338040442872503,0.4631909771920727,0.45300154995542036,0.442812122718768,0.3961316375759776,0.3494511524331872,0.30277066729039676,0.2560901821476063
2112,0.031367184720614005,0.03558634204876214,0.04297411500909338,0.050361887969424625,0.057749660929755864,0.0651374338900871,0.07252520685041834,0.10637056615310214,0.14021592545578596,0.17406128475846977,0.20790664406115364,0.38513873965896495,0.3809195823308168,0.3735318093704856,0.36614403641015436,0.35875626344982314,0.3513684904894919,0.3439807175291607,0.3101353582264769,0.27628999892379313,0.24244463962110932,0.20859928031842545
2113,0.027541528392130105,0.031246101893993974,0.037732835101129916,0.04421956830826585,0.05070630151540179,0.057193034722537735,0.06367976792967367,0.09339722368731823,0.1231146794449628,0.15283213520260736,0.18254959096025195,0.2947264391013124,0.29102186559944854,0.2845351323923126,0.27804839918517665,0.2715616659780407,0.26507493277090477,0.25858819956376883,0.22887074380612427,0.1991532880484797,0.16943583229083514,0.13971837653319055
2114,0.021214760756460276,0.024068329353953997,0.029064947229369295,0.03406156510478459,0.03905818298019989,0.04405480085561519,0.049051418731030486,0.07194225852804301,0.09483309832505553,0.11772393812206808,0.1406147779190806,0.2196416620198345,0.2167880934223408,0.21179147554692548,0.20679485767151018,0.20179823979609487,0.19680162192067957,0.19180500404526427,0.16891416424825173,0.14602332445123922,0.12313248465422667,0.10024164485721414
2115,0.017379901386824617,0.01971764826949346,0.023811058840523276,0.02790446941155309,0.03199787998258291,0.03609129055361272,0.04018470112464254,0.058937707246218926,0.07769071336779533,0.09644371948937172,0.11519672561094813,0.1725522635160582,0.17021451663338938,0.16612110606235955,0.16202769549132973,0.1579342849202999,0.15384087434927007,0.14974746377824025,0.13099445765666387,0.11224145153508747,0.09348844541351108,0.07473543929193467
2116,0.018861538995962508,0.02139857893702769,0.025840952998510806,0.030283327059993915,0.03472570112147703,0.03916807518296014,0.04361044924444325,0.0639621502340575,0.08431385122367176,0.10466555221328604,0.1250172532029003,0.16219714722554288,0.1596601072844777,0.15521773322299456,0.15077535916151147,0.14633298510002835,0.14189061103854522,0.1374482369770621,0.11709653598744785,0.0967448349978336,0.07639313400821932,0.05604143301860505
2117,0.06031042844298219,0.06842270209442457,0.08262734801485494,0.09683199393528533,0.1110366398557157,0.1252412857761461,0.1394459316965765,0.20452120506052845,0.2695964784244804,0.33467175178843245,0.39974702515238447,0.4566317751531136,0.4485195015016712,0.43431485558124083,0.4201102096608105,0.4059055637403801,0.3917009178199497,0.3774962718995193,0.3124209985355673,0.24734572517161535,0.18227045180766333,0.1171951784437113
2118,0.30895518501738617,0.35051232648691727,0.4232791617051753,0.4960459969234333,0.5688128321416914,0.6415796673599494,0.7143465025782075,1.0477107919933368,1.3810750814084662,1.7144393708235957,2.0478036602387255,2.1024107163262697,2.0608535748567385,1.9880867396384805,1.9153199044202225,1.8425530692019643,1.7697862339837063,1.6970193987654483,1.363655109350319,1.0302908199351897,0.6969265305200603,0.3635622411049304
2119,1.1612949269476076,1.3174991271273024,1.5910137359992662,1.8645283448712298,2.1380429537431938,2.4115575626151577,2.685072171487121,3.9381155800368046,5.191158988586489,6.444202397136173,7.697245805685856,8.797592590406415,8.64138839022672,8.367873781354756,8.094359172482793,7.820844563610829,7.547329954738865,7.273815345866902,6.020771937317218,4.767728528767535,3.514685120217851,2.261641711668167
2120,2.8365400828547638,3.218079229059924,3.8861568494030205,4.554234469746118,5.222312090089215,5.890389710432311,6.558467330775408,9.61910918103339,12.679751031291374,15.74039288154936,18.801034731807345,21.40384848736475,21.02230934115959,20.354231720816493,19.686154100473395,19.018076480130297,18.3499988597872,17.6819212394441,14.621279389186117,11.560637538928134,8.499995688670149,5.439353838412163
2121,4.187241305649756,4.750461435119857,5.736663683482037,6.722865931844216,7.709068180206397,8.695270428568575,9.681472676930756,14.199528337297998,18.717583997665233,23.23563965803248,27.75369531839972,32.29130966000392,31.72808953053382,30.74188728217164,29.75568503380946,28.76948278544728,27.7832805370851,26.797078288722922,22.27902262835568,17.760966967988445,13.242911307621199,8.724855647253957
2122,4.1224380187469025,4.6769415462886,5.647880965838258,6.618820385387915,7.5897598049375725,8.56069922448723,9.53163864403689,13.979771212843394,18.427903781649896,22.876036350456406,27.324168919262913,32.91035711924829,32.35585359170659,31.384914172156932,30.413974752607274,29.443035333057615,28.472095913507957,27.501156493958298,23.053023925151795,18.60489135634529,14.15675878753878,9.708626218732274
2123,3.351595880008395,3.8024144805325077,4.591800893015079,5.381187305497649,6.170573717980221,6.959960130462791,7.7493465429453625,11.365736340329079,14.982126137712793,18.59851593509651,22.21490573248023,27.356769827551037,26.905951227026925,26.116564814544354,25.327178402061783,24.537791989579212,23.74840557709664,22.95901916461407,19.34262936723035,15.726239569846637,12.109849772462919,8.493459975079201
2124,2.9910124143164416,3.3933294236000933,4.097789222441407,4.80224902128272,5.506708820124034,6.211168618965348,6.915628417806662,10.142946736074473,13.370265054342282,16.597583372610092,19.82490169087791,24.2284335048095,23.82611649552585,23.121656696684536,22.417196897843223,21.71273709900191,21.008277300160596,20.303817501319283,17.076499183051475,13.849180864783666,10.621862546515855,7.394544228248039
2125,2.7047846416677372,3.0686015427890947,3.7056473923676854,4.342693241946275,4.979739091524866,5.6167849411034565,6.253830790682048,9.172307818474215,12.090784846266383,15.009261874058554,17.92773890185072,22.802692522038395,22.438875620917038,21.801829771338447,21.164783921759856,20.527738072181265,19.890692222602674,19.253646373024083,16.335169345231915,13.416692317439747,10.498215289647575,7.579738261855409
2126,2.20733046474823,2.5042354815337093,3.0241181699939683,3.544000858454227,4.063883546914486,4.583766235374744,5.103648923835004,7.485370246439614,9.867091569044224,12.248812891648836,14.630534214253444,19.724931122724897,19.428026105939416,18.908143417479156,18.388260729018896,17.868378040558635,17.348495352098375,16.828612663638115,14.446891341033504,12.065170018428894,9.683448695824282,7.3017273732196735
2127,1.677916042855984,1.903610246250039,2.298802319798513,2.693994393346985,3.0891864668954585,3.484378540443932,3.879570613992405,5.690050956937462,7.500531299882518,9.311011642827577,11.121491985772634,14.871256559632515,14.645562356238461,14.250370282689987,13.855178209141515,13.459986135593041,13.064794062044568,12.669601988496094,10.859121645551037,9.04864130260598,7.238160959660921,5.427680616715864
2128,1.1172675321315855,1.2675496673528908,1.5306947005095728,1.7938397336662546,2.0569847668229366,2.3201297999796187,2.583274833136301,3.7888124482913326,4.9943500634463645,6.199887678601396,7.405425293756428,10.033161309414842,9.882879174193537,9.619734141036854,9.356589107880172,9.09344407472349,8.830299041566807,8.567154008410125,7.361616393255093,6.156078778100062,4.95054116294503,3.745003547789998
2129,0.6682540838903488,0.7581400312657272,0.9155309318380566,1.0729218324103855,1.2303127329827148,1.3877036335550441,1.5450945341273732,2.2661442482220826,2.987193962316792,3.7082436764115014,4.429293390506211,6.0734388854665,5.983552938091121,5.826162037518792,5.668771136946463,5.5113802363741335,5.3539893358018045,5.196598435229475,4.475548721134766,3.7544990070400566,3.033449292945347,2.3123995788506377
2130,0.4397550001969972,0.4989058467966161,0.6024793784527985,0.7060529101089809,0.8096264417651632,0.9131999734213457,1.016773505077528,1.4912714914090162,1.9657694777405041,2.4402674640719924,2.9147654504034803,3.6846018562989733,3.625451009699354,3.5218774780431716,3.418303946386989,3.314730414730807,3.2111568830746244,3.1075833514184423,2.633085365086954,2.158587378755466,1.6840893924239777,1.2095914060924897
2131,0.286284866305672,0.32479265405806435,0.39222005033488544,0.4596474466117065,0.5270748428885276,0.5945022391653487,0.6619296354421698,0.9708325302776295,1.2797354251130895,1.5886383199485492,1.8975412147840094,2.22844041223525,2.1899326244828576,2.1225052282060366,2.0550778319292156,1.9876504356523945,1.9202230393755735,1.8527956430987524,1.5438927482632927,1.2349898534278327,0.926086958592373,0.6171840637569128
2132,0.1600000684787465,0.18152145994052682,0.21920556165659857,0.25688966337267033,0.2945737650887421,0.33225786680481384,0.3699419685208856,0.5425828942000834,0.7152238198792811,0.887864745558479,1.0605056712376768,1.3303544742870113,1.308833082825231,1.2711489811091592,1.2334648793930874,1.1957807776770155,1.1580966759609437,1.1204125742448718,0.947771648565674,0.7751307228864763,0.6024897972072784,0.4298488715280806
2133,0.0966650333943288,0.10966731548161278,0.1324343991801003,0.15520148287858784,0.17796856657707538,0.20073565027556292,0.2235027339740505,0.3278048196211218,0.432106905268193,0.5364089909152644,0.6407110765623357,0.8750441895076194,0.8620419074203355,0.8392748237218479,0.8165077400233604,0.7937406563248728,0.7709735726263852,0.7482064889278977,0.6439044032808263,0.5396023176337551,0.4353002319866837,0.3309981463396124
2134,0.060485888935644626,0.06862176353916513,0.08286773488598757,0.09711370623281,0.11135967757963244,0.1256056489264549,0.13985162027327736,0.2051162164429092,0.27038081261254104,0.33564540878217297,0.40091000495180484,0.6530761972950729,0.6449403226915524,0.63069435134473,0.6164483799979075,0.602202408651085,0.5879564373042625,0.57371046595744,0.5084458697878081,0.4431812736181763,0.37791667744854435,0.3126520812789125
2135,0.04326251605801909,0.04908169821561838,0.059271125452270715,0.06946055268892304,0.07964997992557539,0.08983940716222773,0.10002883439888008,0.1467093195416705,0.19338980468446088,0.24007028982725132,0.28675077497004176,0.499578441059629,0.4937592589020297,0.48356983166537737,0.47338040442872503,0.4631909771920727,0.45300154995542036,0.442812122718768,0.3961316375759776,0.3494511524331872,0.30277066729039676,0.2560901821476063
2136,0.06656898268586907,0.07552308595105217,0.09120178120737912,0.10688047646370606,0.12255917172003303,0.13823786697635998,0.1539165622326869,0.2257448489433112,0.29757313565393556,0.36940142236455986,0.44122970907518416,0.4271966781704077,0.4182425749052246,0.4025638796488976,0.3868851843925707,0.3712064891362437,0.35552779387991673,0.3398490986235898,0.2680208119129655,0.19619252520234115,0.12436423849171685,0.05253595178109255
2137,0.056639086305014866,0.06425753272192815,0.07759748382143074,0.09093743492093335,0.10427738602043597,0.11761733711993858,0.1309572882194412,0.19207116387144205,0.25318503952344296,0.31429891517544384,0.3754127908274448,0.3168441383691494,0.3092256919522361,0.2958857408527335,0.28254578975323086,0.26920583865372827,0.2558658875542257,0.24252593645472306,0.1814120608027222,0.1202981851507213,0.05918430949872042,-0.0019295661532805208
2138,0.03392680220936796,0.038490250202461725,0.046480878441028384,0.05447150667959503,0.06246213491816169,0.07045276315672834,0.07844339139529499,0.1150505915949522,0.15165779179460942,0.18826499199426663,0.22487219219392388,0.22601923126692836,0.22145578327383458,0.21346515503526792,0.20547452679670128,0.1974838985581346,0.18949327031956797,0.1815026420810013,0.1448954418813441,0.10828824168168688,0.07168104148202967,0.035073841282372425
2139,0.0236676925723058,0.026851201690074235,0.03242554764354464,0.03799989359701504,0.043574239550485436,0.049148585503955844,0.05472293145742625,0.08026049774238261,0.10579806402733898,0.13133563031229536,0.15687319659725174,0.20284547879051973,0.1996619696727513,0.1940876237192809,0.1885132777658105,0.1829389318123401,0.17736458585886972,0.17179023990539932,0.14625267362044297,0.12071510733548661,0.09517754105053022,0.06963997476557385
2140,0.02469635730095266,0.028018230711428102,0.03383485347536883,0.03965147623930954,0.04546809900325027,0.051284721767191,0.05710134453113172,0.08374884553458932,0.11039634653804692,0.1370438475415045,0.16369134854496212,0.2086410790622131,0.20531920565173767,0.19950258288779693,0.19368596012385622,0.18786933735991548,0.18205271459597477,0.17623609183203404,0.14958859082857645,0.12294108982511885,0.09629358882166127,0.06964608781820365
2141,0.018530992112733714,0.02102357064238779,0.025388092472381524,0.02975261430237525,0.03411713613236898,0.03848165796236271,0.04284617979235644,0.06284121893523797,0.08283625807811949,0.10283129722100104,0.12282633636388257,0.23076451461001737,0.2282719360803633,0.22390741425036959,0.21954289242037586,0.21517837059038214,0.21081384876038842,0.2064493269303947,0.18645428778751316,0.16645924864463163,0.1464642095017501,0.12646917035886857
2142,0.022723898938375474,0.025780459658883387,0.031132518111866028,0.036484576564848666,0.0418366350178313,0.04718869347081395,0.05254075192379659,0.0770599598532782,0.10157916778275981,0.12609837571224142,0.15061758364172306,0.3411068640072945,0.3380503032867866,0.33269824483380395,0.3273461863808213,0.32199412792783866,0.316642069474856,0.31129001102187337,0.2867708030923918,0.2622515951629102,0.2377323872334286,0.21321317930394695
2143,0.05954035988303085,0.0675490526604855,0.08157232777140645,0.0955956028823274,0.10961887799324835,0.12364215310416929,0.13766542821509023,0.20190979350324906,0.2661541587914079,0.33039852407956677,0.3946428893677256,0.5323949645104806,0.524386271733026,0.510362996622105,0.4963397215111841,0.48231644640026317,0.4682931712893422,0.4542698961784213,0.3900255308902625,0.32578116560210363,0.2615368003139448,0.19729243502578592
2144,0.09422208070711786,0.10689576455313886,0.129087470513181,0.15127917647322317,0.17347088243326533,0.1956625883933075,0.21785429435334966,0.31952042104539957,0.42118654773744957,0.5228526744294996,0.6245188011215496,0.7630054397344619,0.7503317558884409,0.7281400499283988,0.7059483439683566,0.6837566380083144,0.6615649320482723,0.6393732260882301,0.5377070993961802,0.4360409727041302,0.33437484601208023,0.23270871932003023
2145,0.11060462621291975,0.12548190395938727,0.1515321177130734,0.17758233146675953,0.2036325452204457,0.22968275897413182,0.255732972727818,0.37507595323620807,0.49441893374459817,0.6137619142529884,0.7331048947613785,1.04243040931092,1.0275531315644524,1.0015029178107662,0.9754527040570801,0.949402490303394,0.9233522765497079,0.8973020627960218,0.7779590822876317,0.6586161017792416,0.5392731212708513,0.41993014076246116
2146,0.14593538259187422,0.16556495229609972,0.19993646134515083,0.23430797039420195,0.2686794794432531,0.3030509884923042,0.3374224975413554,0.4948875522726021,0.6523526070038489,0.8098176617350957,0.9672827164663426,1.3368623237393928,1.3172327540351674,1.2828612449861163,1.2484897359370652,1.2141182268880142,1.1797467178389631,1.145375208789912,0.9879101540586653,0.8304450993274186,0.6729800445961718,0.5155149898649249
2147,0.17412844867806587,0.1975502293326846,0.2385619253527876,0.2795736213728906,0.3205853173929936,0.3615970134130966,0.40260870943319965,0.5904942325625675,0.7783797556919354,0.9662652788213034,1.1541508019506714,1.6963697765134498,1.6729479958588311,1.6319362998387281,1.590924603818625,1.549912907798522,1.508901211778419,1.467889515758316,1.2800039926289482,1.0921184694995802,0.9042329463702122,0.7163474232408442
2148,0.20258246617249245,0.22983155799628885,0.277544901707457,0.32525824541862514,0.3729715891297932,0.4206849328409614,0.46839827655212957,0.6869858360383282,0.9055733955245269,1.1241609550107257,1.3427485144969247,1.9211150761464808,1.8938659843226844,1.8461526406115163,1.7984392969003482,1.7507259531891801,1.7030126094780118,1.6552992657668437,1.4367117062806452,1.2181241467944464,0.9995365873082476,0.7809490278220486
2149,0.22682064156334378,0.25732997737244256,0.31075203030808307,0.3641740832437235,0.4175961361793641,0.4710181891150046,0.5244402420506451,0.769180921820084,1.013921601589523,1.2586622813589619,1.5034029611284008,2.0428941262432594,2.0123847904341607,1.9589627374985201,1.9055406845628797,1.852118631627239,1.7986965786915987,1.745274525755958,1.5005338459865192,1.2557931662170803,1.0110524864476413,0.7663118066782024
2150,0.28713168866453304,0.3257533813399477,0.3933802259058238,0.46100707047169975,0.5286339150375757,0.5962607596034519,0.6638876041693279,0.9737042248382178,1.2835208455071077,1.5933374661759976,1.9031540868448875,2.133676930271694,2.095055237596279,2.027428393030403,1.9598015484645268,1.8921747038986507,1.8245478593327746,1.7569210147668985,1.4471043940980086,1.1372877734291187,0.8274711527602288,0.5176545320913388
2151,0.3067951188581142,0.3480617127682659,0.42031979724889373,0.49257788172952155,0.5648359662101494,0.6370940506907772,0.709352135171405,1.040385701701159,1.3714192682309132,1.7024528347606676,2.0334864012904217,2.1612776545091203,2.120011060598969,2.047752976118341,1.975494891637713,1.9032368071570853,1.8309787226764576,1.7587206381958298,1.427687071666076,1.0966535051363218,0.7656199386065674,0.4345863720768133
2152,0.27598175878396375,0.31310368956544515,0.3781044409318533,0.44310519229826134,0.5081059436646694,0.5731066950310776,0.6381074463974856,0.9358932333664804,1.233679020335475,1.53146480730447,1.829250594273465,1.9097257114610804,1.872603780679599,1.8076030293131908,1.7426022779467827,1.6776015265803745,1.6126007752139664,1.5476000238475582,1.2498142368785634,0.9520284499095688,0.6542426629405738,0.35645687597157893
2153,0.2253108014307007,0.2556170506983482,0.3086834977291007,0.36174994475985317,0.4148163917906057,0.46788283882135817,0.5209492858521106,0.7640608400805081,1.0071723943089055,1.2502839485373032,1.4933955027657007,1.6192575536297766,1.588951304362129,1.5358848573313766,1.4828184103006241,1.4297519632698716,1.3766855162391192,1.3236190692083667,1.0805075149799692,0.8373959607515719,0.5942844065231742,0.3511728522947767
2154,0.181071206183045,0.20542684770103406,0.24807374039633354,0.290720633091633,0.3333675257869325,0.376014418482232,0.41866131117753147,0.6140381066158548,0.809414902054178,1.0047916974925013,1.200168492930825,1.489569188741577,1.4652135472235879,1.4225666545282885,1.379919761832989,1.3372728691376894,1.29462597644239,1.2519790837470905,1.0566022883087673,0.8612254928704441,0.6658486974321208,0.4704719019937972
2155,0.1371027565822645,0.15554426178254532,0.18783546186591396,0.22012666194928254,0.2524178620326512,0.2847090621160198,0.3170002621993884,0.464934866444111,0.6128694706888336,0.7608040749335562,0.9087386791782788,1.2544431595756709,1.23600165437539,1.2037104542920214,1.1714192542086528,1.1391280541252842,1.1068368540419156,1.074545653958547,0.9266110497138245,0.7786764454691019,0.6307418412243793,0.48280723697965666
2156,0.12288693681507708,0.1394162914452449,0.16835930297358676,0.19730231450192862,0.22624532603027048,0.25518833755861237,0.28413134908695425,0.4167270081222759,0.5493226671575976,0.6819183261929194,0.8145139852282411,0.965950353268064,0.9494209986378962,0.9204779871095543,0.8915349755812124,0.8625919640528705,0.8336489525245286,0.8047059409961868,0.6721102819608651,0.5395146229255434,0.40691896389022164,0.27432330485489986
2157,0.10407025709033581,0.11806860573895996,0.14257980870966933,0.16709101168037868,0.19160221465108804,0.2161134176217974,0.24062462059250678,0.3529169820306787,0.4652093434688507,0.5775017049070227,0.6897940663451948,0.756275578156249,0.7422772295076249,0.7177660265369155,0.6932548235662062,0.6687436205954969,0.6442324176247876,0.6197212146540781,0.5074288532159061,0.3951364917777342,0.2828441303395622,0.17055176890139007
2158,0.09174496304809825,0.10408545316899447,0.1256937346673304,0.14730201616566632,0.16891029766400223,0.19051857916233816,0.21212686066067407,0.3111201642112374,0.4101134677618008,0.5091067713123641,0.6081000748629275,0.6380177307790044,0.6256772406581081,0.6040689591597722,0.5824606776614363,0.5608523961631003,0.5392441146647644,0.5176358331664285,0.4186425296158651,0.3196492260653017,0.22065592251473837,0.12166261896417502
2159,0.0756798511426919,0.0858594449247251,0.10368398234795255,0.12150851977117999,0.13933305719440744,0.15715759461763487,0.17498213204086233,0.2566410943198301,0.33830005659879786,0.4199590188777657,0.5016179811567335,0.5589042903878931,0.54872469660586,0.5309001591826326,0.5130756217594051,0.4952510843361777,0.4774265469129503,0.45960200948972285,0.37794304721075506,0.2962840849317873,0.21462512265281947,0.13296616037385167
2160,0.06656898268586907,0.07552308595105217,0.09120178120737912,0.10688047646370606,0.12255917172003303,0.13823786697635998,0.1539165622326869,0.2257448489433112,0.29757313565393556,0.36940142236455986,0.44122970907518416,0.4271966781704077,0.4182425749052246,0.4025638796488976,0.3868851843925707,0.3712064891362437,0.35552779387991673,0.3398490986235898,0.2680208119129655,0.19619252520234115,0.12436423849171685,0.05253595178109255
2161,0.056639086305014866,0.06425753272192815,0.07759748382143074,0.09093743492093335,0.10427738602043597,0.11761733711993858,0.1309572882194412,0.19207116387144205,0.25318503952344296,0.31429891517544384,0.3754127908274448,0.3168441383691494,0.3092256919522361,0.2958857408527335,0.28254578975323086,0.26920583865372827,0.2558658875542257,0.24252593645472306,0.1814120608027222,0.1202981851507213,0.05918430949872042,-0.0019295661532805208
2162,0.03392680220936796,0.038490250202461725,0.046480878441028384,0.05447150667959503,0.06246213491816169,0.07045276315672834,0.07844339139529499,0.1150505915949522,0.15165779179460942,0.18826499199426663,0.22487219219392388,0.22601923126692836,0.22145578327383458,0.21346515503526792,0.20547452679670128,0.1974838985581346,0.18949327031956797,0.1815026420810013,0.1448954418813441,0.10828824168168688,0.07168104148202967,0.035073841282372425
2163,0.0236676925723058,0.026851201690074235,0.03242554764354464,0.03799989359701504,0.043574239550485436,0.049148585503955844,0.05472293145742625,0.08026049774238261,0.10579806402733898,0.13133563031229536,0.15687319659725174,0.20284547879051973,0.1996619696727513,0.1940876237192809,0.1885132777658105,0.1829389318123401,0.17736458585886972,0.17179023990539932,0.14625267362044297,0.12071510733548661,0.09517754105053022,0.06963997476557385
2164,0.02469635730095266,0.028018230711428102,0.03383485347536883,0.03965147623930954,0.04546809900325027,0.051284721767191,0.05710134453113172,0.08374884553458932,0.11039634653804692,0.1370438475415045,0.16369134854496212,0.2086410790622131,0.20531920565173767,0.19950258288779693,0.19368596012385622,0.18786933735991548,0.18205271459597477,0.17623609183203404,0.14958859082857645,0.12294108982511885,0.09629358882166127,0.06964608781820365
2165,0.018530992112733714,0.02102357064238779,0.025388092472381524,0.02975261430237525,0.03411713613236898,0.03848165796236271,0.04284617979235644,0.06284121893523797,0.08283625807811949,0.10283129722100104,0.12282633636388257,0.23076451461001737,0.2282719360803633,0.22390741425036959,0.21954289242037586,0.21517837059038214,0.21081384876038842,0.2064493269303947,0.18645428778751316,0.16645924864463163,0.1464642095017501,0.12646917035886857
2166,0.022723898938375474,0.025780459658883387,0.031132518111866028,0.036484576564848666,0.0418366350178313,0.04718869347081395,0.05254075192379659,0.0770599598532782,0.10157916778275981,0.12609837571224142,0.15061758364172306,0.3411068640072945,0.3380503032867866,0.33269824483380395,0.3273461863808213,0.32199412792783866,0.316642069474856,0.31129001102187337,0.2867708030923918,0.2622515951629102,0.2377323872334286,0.21321317930394695
2167,0.05954035988303085,0.0675490526604855,0.08157232777140645,0.0955956028823274,0.10961887799324835,0.12364215310416929,0.13766542821509023,0.20190979350324906,0.2661541587914079,0.33039852407956677,0.3946428893677256,0.5323949645104806,0.524386271733026,0.510362996622105,0.4963397215111841,0.48231644640026317,0.4682931712893422,0.4542698961784213,0.3900255308902625,0.32578116560210363,0.2615368003139448,0.19729243502578592
2168,0.09422208070711786,0.10689576455313886,0.129087470513181,0.15127917647322317,0.17347088243326533,0.1956625883933075,0.21785429435334966,0.31952042104539957,0.42118654773744957,0.5228526744294996,0.6245188011215496,0.7630054397344619,0.7503317558884409,0.7281400499283988,0.7059483439683566,0.6837566380083144,0.6615649320482723,0.6393732260882301,0.5377070993961802,0.4360409727041302,0.33437484601208023,0.23270871932003023
2169,0.11060462621291975,0.12548190395938727,0.1515321177130734,0.17758233146675953,0.2036325452204457,0.22968275897413182,0.255732972727818,0.37507595323620807,0.49441893374459817,0.6137619142529884,0.7331048947613785,1.04243040931092,1.0275531315644524,1.0015029178107662,0.9754527040570801,0.949402490303394,0.9233522765497079,0.8973020627960218,0.7779590822876317,0.6586161017792416,0.5392731212708513,0.41993014076246116
2170,0.14593538259187422,0.16556495229609972,0.19993646134515083,0.23430797039420195,0.2686794794432531,0.3030509884923042,0.3374224975413554,0.4948875522726021,0.6523526070038489,0.8098176617350957,0.9672827164663426,1.3368623237393928,1.3172327540351674,1.2828612449861163,1.2484897359370652,1.2141182268880142,1.1797467178389631,1.145375208789912,0.9879101540586653,0.8304450993274186,0.6729800445961718,0.5155149898649249
2171,0.17412844867806587,0.1975502293326846,0.2385619253527876,0.2795736213728906,0.3205853173929936,0.3615970134130966,0.40260870943319965,0.5904942325625675,0.7783797556919354,0.9662652788213034,1.1541508019506714,1.6963697765134498,1.6729479958588311,1.6319362998387281,1.590924603818625,1.549912907798522,1.508901211778419,1.467889515758316,1.2800039926289482,1.0921184694995802,0.9042329463702122,0.7163474232408442
2172,0.20258246617249245,0.22983155799628885,0.277544901707457,0.32525824541862514,0.3729715891297932,0.4206849328409614,0.46839827655212957,0.6869858360383282,0.9055733955245269,1.1241609550107257,1.3427485144969247,1.9211150761464808,1.8938659843226844,1.8461526406115163,1.7984392969003482,1.7507259531891801,1.7030126094780118,1.6552992657668437,1.4367117062806452,1.2181241467944464,0.9995365873082476,0.7809490278220486
2173,0.22682064156334378,0.25732997737244256,0.31075203030808307,0.3641740832437235,0.4175961361793641,0.4710181891150046,0.5244402420506451,0.769180921820084,1.013921601589523,1.2586622813589619,1.5034029611284008,2.0428941262432594,2.0123847904341607,1.9589627374985201,1.9055406845628797,1.852118631627239,1.7986965786915987,1.745274525755958,1.5005338459865192,1.2557931662170803,1.0110524864476413,0.7663118066782024
2174,0.28713168866453304,0.3257533813399477,0.3933802259058238,0.46100707047169975,0.5286339150375757,0.5962607596034519,0.6638876041693279,0.9737042248382178,1.2835208455071077,1.5933374661759976,1.9031540868448875,2.133676930271694,2.095055237596279,2.027428393030403,1.9598015484645268,1.8921747038986507,1.8245478593327746,1.7569210147668985,1.4471043940980086,1.1372877734291187,0.8274711527602288,0.5176545320913388
2175,0.3067951188581142,0.3480617127682659,0.42031979724889373,0.49257788172952155,0.5648359662101494,0.6370940506907772,0.709352135171405,1.040385701701159,1.3714192682309132,1.7024528347606676,2.0334864012904217,2.1612776545091203,2.120011060598969,2.047752976118341,1.975494891637713,1.9032368071570853,1.8309787226764576,1.7587206381958298,1.427687071666076,1.0966535051363218,0.7656199386065674,0.4345863720768133
2176,0.27598175878396375,0.31310368956544515,0.3781044409318533,0.44310519229826134,0.5081059436646694,0.5731066950310776,0.6381074463974856,0.9358932333664804,1.233679020335475,1.53146480730447,1.829250594273465,1.9097257114610804,1.872603780679599,1.8076030293131908,1.7426022779467827,1.6776015265803745,1.6126007752139664,1.5476000238475582,1.2498142368785634,0.9520284499095688,0.6542426629405738,0.35645687597157893
2177,0.2253108014307007,0.2556170506983482,0.3086834977291007,0.36174994475985317,0.4148163917906057,0.46788283882135817,0.5209492858521106,0.7640608400805081,1.0071723943089055,1.2502839485373032,1.4933955027657007,1.6192575536297766,1.588951304362129,1.5358848573313766,1.4828184103006241,1.4297519632698716,1.3766855162391192,1.3236190692083667,1.0805075149799692,0.8373959607515719,0.5942844065231742,0.3511728522947767
2178,0.181071206183045,0.20542684770103406,0.24807374039633354,0.290720633091633,0.3333675257869325,0.376014418482232,0.41866131117753147,0.6140381066158548,0.809414902054178,1.0047916974925013,1.200168492930825,1.489569188741577,1.4652135472235879,1.4225666545282885,1.379919761832989,1.3372728691376894,1.29462597644239,1.2519790837470905,1.0566022883087673,0.8612254928704441,0.6658486974321208,0.4704719019937972
2179,0.1371027565822645,0.15554426178254532,0.18783546186591396,0.22012666194928254,0.2524178620326512,0.2847090621160198,0.3170002621993884,0.464934866444111,0.6128694706888336,0.7608040749335562,0.9087386791782788,1.2544431595756709,1.23600165437539,1.2037104542920214,1.1714192542086528,1.1391280541252842,1.1068368540419156,1.074545653958547,0.9266110497138245,0.7786764454691019,0.6307418412243793,0.48280723697965666
2180,0.12288693681507708,0.1394162914452449,0.16835930297358676,0.19730231450192862,0.22624532603027048,0.25518833755861237,0.28413134908695425,0.4167270081222759,0.5493226671575976,0.6819183261929194,0.8145139852282411,0.965950353268064,0.9494209986378962,0.9204779871095543,0.8915349755812124,0.8625919640528705,0.8336489525245286,0.8047059409961868,0.6721102819608651,0.5395146229255434,0.40691896389022164,0.27432330485489986
2181,0.10407025709033581,0.11806860573895996,0.14257980870966933,0.16709101168037868,0.19160221465108804,0.2161134176217974,0.24062462059250678,0.3529169820306787,0.4652093434688507,0.5775017049070227,0.6897940663451948,0.756275578156249,0.7422772295076249,0.7177660265369155,0.6932548235662062,0.6687436205954969,0.6442324176247876,0.6197212146540781,0.5074288532159061,0.3951364917777342,0.2828441303395622,0.17055176890139007
2182,0.09174496304809825,0.10408545316899447,0.1256937346673304,0.14730201616566632,0.16891029766400223,0.19051857916233816,0.21212686066067407,0.3111201642112374,0.4101134677618008,0.5091067713123641,0.6081000748629275,0.6380177307790044,0.6256772406581081,0.6040689591597722,0.5824606776614363,0.5608523961631003,0.5392441146647644,0.5176358331664285,0.4186425296158651,0.3196492260653017,0.22065592251473837,0.12166261896417502
2183,0.0756798511426919,0.0858594449247251,0.10368398234795255,0.12150851977117999,0.13933305719440744,0.15715759461763487,0.17498213204086233,0.2566410943198301,0.33830005659879786,0.4199590188777657,0.5016179811567335,0.5589042903878931,0.54872469660586,0.5309001591826326,0.5130756217594051,0.4952510843361777,0.4774265469129503,0.45960200948972285,0.37794304721075506,0.2962840849317873,0.21462512265281947,0.13296616037385167
2184,0.031367184720614005,0.03558634204876214,0.04297411500909338,0.050361887969424625,0.057749660929755864,0.0651374338900871,0.07252520685041834,0.10637056615310214,0.14021592545578596,0.17406128475846977,0.20790664406115364,0.38513873965896495,0.3809195823308168,0.3735318093704856,0.36614403641015436,0.35875626344982314,0.3513684904894919,0.3439807175291607,0.3101353582264769,0.27628999892379313,0.24244463962110932,0.20859928031842545
2185,0.027541528392130105,0.031246101893993974,0.037732835101129916,0.04421956830826585,0.05070630151540179,0.057193034722537735,0.06367976792967367,0.09339722368731823,0.1231146794449628,0.15283213520260736,0.18254959096025195,0.2947264391013124,0.29102186559944854,0.2845351323923126,0.27804839918517665,0.2715616659780407,0.26507493277090477,0.25858819956376883,0.22887074380612427,0.1991532880484797,0.16943583229083514,0.13971837653319055
2186,0.021214760756460276,0.024068329353953997,0.029064947229369295,0.03406156510478459,0.03905818298019989,0.04405480085561519,0.049051418731030486,0.07194225852804301,0.09483309832505553,0.11772393812206808,0.1406147779190806,0.2196416620198345,0.2167880934223408,0.21179147554692548,0.20679485767151018,0.20179823979609487,0.19680162192067957,0.19180500404526427,0.16891416424825173,0.14602332445123922,0.12313248465422667,0.10024164485721414
2187,0.017379901386824617,0.01971764826949346,0.023811058840523276,0.02790446941155309,0.03199787998258291,0.03609129055361272,0.04018470112464254,0.058937707246218926,0.07769071336779533,0.09644371948937172,0.11519672561094813,0.1725522635160582,0.17021451663338938,0.16612110606235955,0.16202769549132973,0.1579342849202999,0.15384087434927007,0.14974746377824025,0.13099445765666387,0.11224145153508747,0.09348844541351108,0.07473543929193467
2188,0.018861538995962508,0.02139857893702769,0.025840952998510806,0.030283327059993915,0.03472570112147703,0.03916807518296014,0.04361044924444325,0.0639621502340575,0.08431385122367176,0.10466555221328604,0.1250172532029003,0.16219714722554288,0.1596601072844777,0.15521773322299456,0.15077535916151147,0.14633298510002835,0.14189061103854522,0.1374482369770621,0.11709653598744785,0.0967448349978336,0.07639313400821932,0.05604143301860505
2189,0.06031042844298219,0.06842270209442457,0.08262734801485494,0.09683199393528533,0.1110366398557157,0.1252412857761461,0.1394459316965765,0.20452120506052845,0.2695964784244804,0.33467175178843245,0.39974702515238447,0.4566317751531136,0.4485195015016712,0.43431485558124083,0.4201102096608105,0.4059055637403801,0.3917009178199497,0.3774962718995193,0.3124209985355673,0.24734572517161535,0.18227045180766333,0.1171951784437113
2190,0.30895518501738617,0.35051232648691727,0.4232791617051753,0.4960459969234333,0.5688128321416914,0.6415796673599494,0.7143465025782075,1.0477107919933368,1.3810750814084662,1.7144393708235957,2.0478036602387255,2.1024107163262697,2.0608535748567385,1.9880867396384805,1.9153199044202225,1.8425530692019643,1.7697862339837063,1.6970193987654483,1.363655109350319,1.0302908199351897,0.6969265305200603,0.3635622411049304
2191,1.1612949269476076,1.3174991271273024,1.5910137359992662,1.8645283448712298,2.1380429537431938,2.4115575626151577,2.685072171487121,3.9381155800368046,5.191158988586489,6.444202397136173,7.697245805685856,8.797592590406415,8.64138839022672,8.367873781354756,8.094359172482793,7.820844563610829,7.547329954738865,7.273815345866902,6.020771937317218,4.767728528767535,3.514685120217851,2.261641711668167
2192,2.8365400828547638,3.218079229059924,3.8861568494030205,4.554234469746118,5.222312090089215,5.890389710432311,6.558467330775408,9.61910918103339,12.679751031291374,15.74039288154936,18.801034731807345,21.40384848736475,21.02230934115959,20.354231720816493,19.686154100473395,19.018076480130297,18.3499988597872,17.6819212394441,14.621279389186117,11.560637538928134,8.499995688670149,5.439353838412163
2193,4.187241305649756,4.750461435119857,5.736663683482037,6.722865931844216,7.709068180206397,8.695270428568575,9.681472676930756,14.199528337297998,18.717583997665233,23.23563965803248,27.75369531839972,32.29130966000392,31.72808953053382,30.74188728217164,29.75568503380946,28.76948278544728,27.7832805370851,26.797078288722922,22.27902262835568,17.760966967988445,13.242911307621199,8.724855647253957
2194,4.1224380187469025,4.6769415462886,5.647880965838258,6.618820385387915,7.5897598049375725,8.56069922448723,9.53163864403689,13.979771212843394,18.427903781649896,22.876036350456406,27.324168919262913,32.91035711924829,32.35585359170659,31.384914172156932,30.413974752607274,29.443035333057615,28.472095913507957,27.501156493958298,23.053023925151795,18.60489135634529,14.15675878753878,9.708626218732274
2195,3.351595880008395,3.8024144805325077,4.591800893015079,5.381187305497649,6.170573717980221,6.959960130462791,7.7493465429453625,11.365736340329079,14.982126137712793,18.59851593509651,22.21490573248023,27.356769827551037,26.905951227026925,26.116564814544354,25.327178402061783,24.537791989579212,23.74840557709664,22.95901916461407,19.34262936723035,15.726239569846637,12.109849772462919,8.493459975079201
2196,2.9910124143164416,3.3933294236000933,4.097789222441407,4.80224902128272,5.506708820124034,6.211168618965348,6.915628417806662,10.142946736074473,13.370265054342282,16.597583372610092,19.82490169087791,24.2284335048095,23.82611649552585,23.121656696684536,22.417196897843223,21.71273709900191,21.008277300160596,20.303817501319283,17.076499183051475,13.849180864783666,10.621862546515855,7.394544228248039
2197,2.7047846416677372,3.0686015427890947,3.7056473923676854,4.342693241946275,4.979739091524866,5.6167849411034565,6.253830790682048,9.172307818474215,12.090784846266383,15.009261874058554,17.92773890185072,22.802692522038395,22.438875620917038,21.801829771338447,21.164783921759856,20.527738072181265,19.890692222602674,19.253646373024083,16.335169345231915,13.416692317439747,10.498215289647575,7.579738261855409
2198,2.20733046474823,2.5042354815337093,3.0241181699939683,3.544000858454227,4.063883546914486,4.583766235374744,5.103648923835004,7.485370246439614,9.867091569044224,12.248812891648836,14.630534214253444,19.724931122724897,19.428026105939416,18.908143417479156,18.388260729018896,17.868378040558635,17.348495352098375,16.828612663638115,14.446891341033504,12.065170018428894,9.683448695824282,7.3017273732196735
2199,1.677916042855984,1.903610246250039,2.298802319798513,2.693994393346985,3.0891864668954585,3.484378540443932,3.879570613992405,5.690050956937462,7.500531299882518,9.311011642827577,11.121491985772634,14.871256559632515,14.645562356238461,14.250370282689987,13.855178209141515,13.459986135593041,13.064794062044568,12.669601988496094,10.859121645551037,9.04864130260598,7.238160959660921,5.427680616715864
2200,1.1172675321315855,1.2675496673528908,1.5306947005095728,1.7938397336662546,2.0569847668229366,2.3201297999796187,2.583274833136301,3.7888124482913326,4.9943500634463645,6.199887678601396,7.405425293756428,10.033161309414842,9.882879174193537,9.619734141036854,9.356589107880172,9.09344407472349,8.830299041566807,8.567154008410125,7.361616393255093,6.156078778100062,4.95054116294503,3.745003547789998
2201,0.6682540838903488,0.7581400312657272,0.9155309318380566,1.0729218324103855,1.2303127329827148,1.3877036335550441,1.5450945341273732,2.2661442482220826,2.987193962316792,3.7082436764115014,4.429293390506211,6.0734388854665,5.983552938091121,5.826162037518792,5.668771136946463,5.5113802363741335,5.3539893358018045,5.196598435229475,4.475548721134766,3.7544990070400566,3.033449292945347,2.3123995788506377
2202,0.4397550001969972,0.4989058467966161,0.6024793784527985,0.7060529101089809,0.8096264417651632,0.9131999734213457,1.016773505077528,1.4912714914090162,1.9657694777405041,2.4402674640719924,2.9147654504034803,3.6846018562989733,3.625451009699354,3.5218774780431716,3.418303946386989,3.314730414730807,3.2111568830746244,3.1075833514184423,2.633085365086954,2.158587378755466,1.6840893924239777,1.2095914060924897
2203,0.286284866305672,0.32479265405806435,0.39222005033488544,0.4596474466117065,0.5270748428885276,0.5945022391653487,0.6619296354421698,0.9708325302776295,1.2797354251130895,1.5886383199485492,1.8975412147840094,2.22844041223525,2.1899326244828576,2.1225052282060366,2.0550778319292156,1.9876504356523945,1.9202230393755735,1.8527956430987524,1.5438927482632927,1.2349898534278327,0.926086958592373,0.6171840637569128
2204,0.1600000684787465,0.18152145994052682,0.21920556165659857,0.25688966337267033,0.2945737650887421,0.33225786680481384,0.3699419685208856,0.5425828942000834,0.7152238198792811,0.887864745558479,1.0605056712376768,1.3303544742870113,1.308833082825231,1.2711489811091592,1.2334648793930874,1.1957807776770155,1.1580966759609437,1.1204125742448718,0.947771648565674,0.7751307228864763,0.6024897972072784,0.4298488715280806
2205,0.0966650333943288,0.10966731548161278,0.1324343991801003,0.15520148287858784,0.17796856657707538,0.20073565027556292,0.2235027339740505,0.3278048196211218,0.432106905268193,0.5364089909152644,0.6407110765623357,0.8750441895076194,0.8620419074203355,0.8392748237218479,0.8165077400233604,0.7937406563248728,0.7709735726263852,0.7482064889278977,0.6439044032808263,0.5396023176337551,0.4353002319866837,0.3309981463396124
2206,0.060485888935644626,0.06862176353916513,0.08286773488598757,0.09711370623281,0.11135967757963244,0.1256056489264549,0.13985162027327736,0.2051162164429092,0.27038081261254104,0.33564540878217297,0.40091000495180484,0.6530761972950729,0.6449403226915524,0.63069435134473,0.6164483799979075,0.602202408651085,0.5879564373042625,0.57371046595744,0.5084458697878081,0.4431812736181763,0.37791667744854435,0.3126520812789125
2207,0.04326251605801909,0.04908169821561838,0.059271125452270715,0.06946055268892304,0.07964997992557539,0.08983940716222773,0.10002883439888008,0.1467093195416705,0.19338980468446088,0.24007028982725132,0.28675077497004176,0.499578441059629,0.4937592589020297,0.48356983166537737,0.47338040442872503,0.4631909771920727,0.45300154995542036,0.442812122718768,0.3961316375759776,0.3494511524331872,0.30277066729039676,0.2560901821476063
2208,0.031367184720614005,0.03558634204876214,0.04297411500909338,0.050361887969424625,0.057749660929755864,0.0651374338900871,0.07252520685041834,0.10637056615310214,0.14021592545578596,0.17406128475846977,0.20790664406115364,0.38513873965896495,0.3809195823308168,0.3735318093704856,0.36614403641015436,0.35875626344982314,0.3513684904894919,0.3439807175291607,0.3101353582264769,0.27628999892379313,0.24244463962110932,0.20859928031842545
2209,0.027541528392130105,0.031246101893993974,0.037732835101129916,0.04421956830826585,0.05070630151540179,0.057193034722537735,0.06367976792967367,0.09339722368731823,0.1231146794449628,0.15283213520260736,0.18254959096025195,0.2947264391013124,0.29102186559944854,0.2845351323923126,0.27804839918517665,0.2715616659780407,0.26507493277090477,0.25858819956376883,0.22887074380612427,0.1991532880484797,0.16943583229083514,0.13971837653319055
2210,0.021214760756460276,0.024068329353953997,0.029064947229369295,0.03406156510478459,0.03905818298019989,0.04405480085561519,0.049051418731030486,0.07194225852804301,0.09483309832505553,0.11772393812206808,0.1406147779190806,0.2196416620198345,0.2167880934223408,0.21179147554692548,0.20679485767151018,0.20179823979609487,0.19680162192067957,0.19180500404526427,0.16891416424825173,0.14602332445123922,0.12313248465422667,0.10024164485721414
2211,0.017379901386824617,0.01971764826949346,0.023811058840523276,0.02790446941155309,0.03199787998258291,0.03609129055361272,0.04018470112464254,0.058937707246218926,0.07769071336779533,0.09644371948937172,0.11519672561094813,0.1725522635160582,0.17021451663338938,0.16612110606235955,0.16202769549132973,0.1579342849202999,0.15384087434927007,0.14974746377824025,0.13099445765666387,0.11224145153508747,0.09348844541351108,0.07473543929193467
2212,0.018861538995962508,0.02139857893702769,0.025840952998510806,0.030283327059993915,0.03472570112147703,0.03916807518296014,0.04361044924444325,0.0639621502340575,0.08431385122367176,0.10466555221328604,0.1250172532029003,0.16219714722554288,0.1596601072844777,0.15521773322299456,0.15077535916151147,0.14633298510002835,0.14189061103854522,0.1374482369770621,0.11709653598744785,0.0967448349978336,0.07639313400821932,0.05604143301860505
2213,0.06031042844298219,0.06842270209442457,0.08262734801485494,0.09683199393528533,0.1110366398557157,0.1252412857761461,0.1394459316965765,0.20452120506052845,0.2695964784244804,0.33467175178843245,0.39974702515238447,0.4566317751531136,0.4485195015016712,0.43431485558124083,0.4201102096608105,0.4059055637403801,0.3917009178199497,0.3774962718995193,0.3124209985355673,0.24734572517161535,0.18227045180766333,0.1171951784437113
2214,0.30895518501738617,0.35051232648691727,0.4232791617051753,0.4960459969234333,0.5688128321416914,0.6415796673599494,0.7143465025782075,1.0477107919933368,1.3810750814084662,1.7144393708235957,2.0478036602387255,2.1024107163262697,2.0608535748567385,1.9880867396384805,1.9153199044202225,1.8425530692019643,1.7697862339837063,1.6970193987654483,1.363655109350319,1.0302908199351897,0.6969265305200603,0.3635622411049304
2215,1.1612949269476076,1.3174991271273024,1.5910137359992662,1.8645283448712298,2.1380429537431938,2.4115575626151577,2.685072171487121,3.9381155800368046,5.191158988586489,6.444202397136173,7.697245805685856,8.797592590406415,8.64138839022672,8.367873781354756,8.094359172482793,7.820844563610829,7.547329954738865,7.273815345866902,6.020771937317218,4.767728528767535,3.514685120217851,2.261641711668167
2216,2.8365400828547638,3.218079229059924,3.8861568494030205,4.554234469746118,5.222312090089215,5.890389710432311,6.558467330775408,9.61910918103339,12.679751031291374,15.74039288154936,18.801034731807345,21.40384848736475,21.02230934115959,20.354231720816493,19.686154100473395,19.018076480130297,18.3499988597872,17.6819212394441,14.621279389186117,11.560637538928134,8.499995688670149,5.439353838412163
2217,4.187241305649756,4.750461435119857,5.736663683482037,6.722865931844216,7.709068180206397,8.695270428568575,9.681472676930756,14.199528337297998,18.717583997665233,23.23563965803248,27.75369531839972,32.29130966000392,31.72808953053382,30.74188728217164,29.75568503380946,28.76948278544728,27.7832805370851,26.797078288722922,22.27902262835568,17.760966967988445,13.242911307621199,8.724855647253957
2218,4.1224380187469025,4.6769415462886,5.647880965838258,6.618820385387915,7.5897598049375725,8.56069922448723,9.53163864403689,13.979771212843394,18.427903781649896,22.876036350456406,27.324168919262913,32.91035711924829,32.35585359170659,31.384914172156932,30.413974752607274,29.443035333057615,28.472095913507957,27.501156493958298,23.053023925151795,18.60489135634529,14.15675878753878,9.708626218732274
2219,3.351595880008395,3.8024144805325077,4.591800893015079,5.381187305497649,6.170573717980221,6.959960130462791,7.7493465429453625,11.365736340329079,14.982126137712793,18.59851593509651,22.21490573248023,27.356769827551037,26.905951227026925,26.116564814544354,25.327178402061783,24.537791989579212,23.74840557709664,22.95901916461407,19.34262936723035,15.726239569846637,12.109849772462919,8.493459975079201
2220,2.9910124143164416,3.3933294236000933,4.097789222441407,4.80224902128272,5.506708820124034,6.211168618965348,6.915628417806662,10.142946736074473,13.370265054342282,16.597583372610092,19.82490169087791,24.2284335048095,23.82611649552585,23.121656696684536,22.417196897843223,21.71273709900191,21.008277300160596,20.303817501319283,17.076499183051475,13.849180864783666,10.621862546515855,7.394544228248039
2221,2.7047846416677372,3.0686015427890947,3.7056473923676854,4.342693241946275,4.979739091524866,5.6167849411034565,6.253830790682048,9.172307818474215,12.090784846266383,15.009261874058554,17.92773890185072,22.802692522038395,22.438875620917038,21.801829771338447,21.164783921759856,20.527738072181265,19.890692222602674,19.253646373024083,16.335169345231915,13.416692317439747,10.498215289647575,7.579738261855409
2222,2.20733046474823,2.5042354815337093,3.0241181699939683,3.544000858454227,4.063883546914486,4.583766235374744,5.103648923835004,7.485370246439614,9.867091569044224,12.248812891648836,14.630534214253444,19.724931122724897,19.428026105939416,18.908143417479156,18.388260729018896,17.868378040558635,17.348495352098375,16.828612663638115,14.446891341033504,12.065170018428894,9.683448695824282,7.3017273732196735
2223,1.677916042855984,1.903610246250039,2.298802319798513,2.693994393346985,3.0891864668954585,3.484378540443932,3.879570613992405,5.690050956937462,7.500531299882518,9.311011642827577,11.121491985772634,14.871256559632515,14.645562356238461,14.250370282689987,13.855178209141515,13.459986135593041,13.064794062044568,12.669601988496094,10.859121645551037,9.04864130260598,7.238160959660921,5.427680616715864
2224,1.1172675321315855,1.2675496673528908,1.5306947005095728,1.7938397336662546,2.0569847668229366,2.3201297999796187,2.583274833136301,3.7888124482913326,4.9943500634463645,6.199887678601396,7.405425293756428,10.033161309414842,9.882879174193537,9.619734141036854,9.356589107880172,9.09344407472349,8.830299041566807,8.567154008410125,7.361616393255093,6.156078778100062,4.95054116294503,3.745003547789998
2225,0.6682540838903488,0.7581400312657272,0.9155309318380566,1.0729218324103855,1.2303127329827148,1.3877036335550441,1.5450945341273732,2.2661442482220826,2.987193962316792,3.7082436764115014,4.429293390506211,6.0734388854665,5.983552938091121,5.826162037518792,5.668771136946463,5.5113802363741335,5.3539893358018045,5.196598435229475,4.475548721134766,3.7544990070400566,3.033449292945347,2.3123995788506377
2226,0.4397550001969972,0.4989058467966161,0.6024793784527985,0.7060529101089809,0.8096264417651632,0.9131999734213457,1.016773505077528,1.4912714914090162,1.9657694777405041,2.4402674640719924,2.9147654504034803,3.6846018562989733,3.625451009699354,3.5218774780431716,3.418303946386989,3.314730414730807,3.2111568830746244,3.1075833514184423,2.633085365086954,2.158587378755466,1.6840893924239777,1.2095914060924897
2227,0.286284866305672,0.32479265405806435,0.39222005033488544,0.4596474466117065,0.5270748428885276,0.5945022391653487,0.6619296354421698,0.9708325302776295,1.2797354251130895,1.5886383199485492,1.8975412147840094,2.22844041223525,2.1899326244828576,2.1225052282060366,2.0550778319292156,1.9876504356523945,1.9202230393755735,1.8527956430987524,1.5438927482632927,1.2349898534278327,0.926086958592373,0.6171840637569128
2228,0.1600000684787465,0.18152145994052682,0.21920556165659857,0.25688966337267033,0.2945737650887421,0.33225786680481384,0.3699419685208856,0.5425828942000834,0.7152238198792811,0.887864745558479,1.0605056712376768,1.3303544742870113,1.308833082825231,1.2711489811091592,1.2334648793930874,1.1957807776770155,1.1580966759609437,1.1204125742448718,0.947771648565674,0.7751307228864763,0.6024897972072784,0.4298488715280806
2229,0.0966650333943288,0.10966731548161278,0.1324343991801003,0.15520148287858784,0.17796856657707538,0.20073565027556292,0.2235027339740505,0.3278048196211218,0.432106905268193,0.5364089909152644,0.6407110765623357,0.8750441895076194,0.8620419074203355,0.8392748237218479,0.8165077400233604,0.7937406563248728,0.7709735726263852,0.7482064889278977,0.6439044032808263,0.5396023176337551,0.4353002319866837,0.3309981463396124
2230,0.060485888935644626,0.06862176353916513,0.08286773488598757,0.09711370623281,0.11135967757963244,0.1256056489264549,0.13985162027327736,0.2051162164429092,0.27038081261254104,0.33564540878217297,0.40091000495180484,0.6530761972950729,0.6449403226915524,0.63069435134473,0.6164483799979075,0.602202408651085,0.5879564373042625,0.57371046595744,0.5084458697878081,0.4431812736181763,0.37791667744854435,0.3126520812789125
2231,0.04326251605801909,0.04908169821561838,0.059271125452270715,0.06946055268892304,0.07964997992557539,0.08983940716222773,0.10002883439888008,0.1467093195416705,0.19338980468446088,0.24007028982725132,0.28675077497004176,0.499578441059629,0.4937592589020297,0.48356983166537737,0.47338040442872503,0.4631909771920727,0.45300154995542036,0.442812122718768,0.3961316375759776,0.3494511524331872,0.30277066729039676,0.2560901821476063
2232,0.031367184720614005,0.03558634204876214,0.04297411500909338,0.050361887969424625,0.057749660929755864,0.0651374338900871,0.07252520685041834,0.10637056615310214,0.14021592545578596,0.17406128475846977,0.20790664406115364,0.38513873965896495,0.3809195823308168,0.3735318093704856,0.36614403641015436,0.35875626344982314,0.3513684904894919,0.3439807175291607,0.3101353582264769,0.27628999892379313,0.24244463962110932,0.20859928031842545
2233,0.027541528392130105,0.031246101893993974,0.037732835101129916,0.04421956830826585,0.05070630151540179,0.057193034722537735,0.06367976792967367,0.09339722368731823,0.1231146794449628,0.15283213520260736,0.18254959096025195,0.2947264391013124,0.29102186559944854,0.2845351323923126,0.27804839918517665,0.2715616659780407,0.26507493277090477,0.25858819956376883,0.22887074380612427,0.1991532880484797,0.16943583229083514,0.13971837653319055
2234,0.021214760756460276,0.024068329353953997,0.029064947229369295,0.03406156510478459,0.03905818298019989,0.04405480085561519,0.049051418731030486,0.07194225852804301,0.09483309832505553,0.11772393812206808,0.1406147779190806,0.2196416620198345,0.2167880934223408,0.21179147554692548,0.20679485767151018,0.20179823979609487,0.19680162192067957,0.19180500404526427,0.16891416424825173,0.14602332445123922,0.12313248465422667,0.10024164485721414
2235,0.017379901386824617,0.01971764826949346,0.023811058840523276,0.02790446941155309,0.03199787998258291,0.03609129055361272,0.04018470112464254,0.058937707246218926,0.07769071336779533,0.09644371948937172,0.11519672561094813,0.1725522635160582,0.17021451663338938,0.16612110606235955,0.16202769549132973,0.1579342849202999,0.15384087434927007,0.14974746377824025,0.13099445765666387,0.11224145153508747,0.09348844541351108,0.07473543929193467
2236,0.018861538995962508,0.02139857893702769,0.025840952998510806,0.030283327059993915,0.03472570112147703,0.03916807518296014,0.04361044924444325,0.0639621502340575,0.08431385122367176,0.10466555221328604,0.1250172532029003,0.16219714722554288,0.1596601072844777,0.15521773322299456,0.15077535916151147,0.14633298510002835,0.14189061103854522,0.1374482369770621,0.11709653598744785,0.0967448349978336,0.07639313400821932,0.05604143301860505
2237,0.06031042844298219,0.06842270209442457,0.08262734801485494,0.09683199393528533,0.1110366398557157,0.1252412857761461,0.1394459316965765,0.20452120506052845,0.2695964784244804,0.33467175178843245,0.39974702515238447,0.4566317751531136,0.4485195015016712,0.43431485558124083,0.4201102096608105,0.4059055637403801,0.3917009178199497,0.3774962718995193,0.3124209985355673,0.24734572517161535,0.18227045180766333,0.1171951784437113
2238,0.30895518501738617,0.35051232648691727,0.4232791617051753,0.4960459969234333,0.5688128321416914,0.6415796673599494,0.7143465025782075,1.0477107919933368,1.3810750814084662,1.7144393708235957,2.0478036602387255,2.1024107163262697,2.0608535748567385,1.9880867396384805,1.9153199044202225,1.8425530692019643,1.7697862339837063,1.6970193987654483,1.363655109350319,1.0302908199351897,0.6969265305200603,0.3635622411049304
2239,1.1612949269476076,1.3174991271273024,1.5910137359992662,1.8645283448712298,2.1380429537431938,2.4115575626151577,2.685072171487121,3.9381155800368046,5.191158988586489,6.444202397136173,7.697245805685856,8.797592590406415,8.64138839022672,8.367873781354756,8.094359172482793,7.820844563610829,7.547329954738865,7.273815345866902,6.020771937317218,4.767728528767535,3.514685120217851,2.261641711668167
2240,2.8365400828547638,3.218079229059924,3.8861568494030205,4.554234469746118,5.222312090089215,5.890389710432311,6.558467330775408,9.61910918103339,12.679751031291374,15.74039288154936,18.801034731807345,21.40384848736475,21.02230934115959,20.354231720816493,19.686154100473395,19.018076480130297,18.3499988597872,17.6819212394441,14.621279389186117,11.560637538928134,8.499995688670149,5.439353838412163
2241,4.187241305649756,4.750461435119857,5.736663683482037,6.722865931844216,7.709068180206397,8.695270428568575,9.681472676930756,14.199528337297998,18.717583997665233,23.23563965803248,27.75369531839972,32.29130966000392,31.72808953053382,30.74188728217164,29.75568503380946,28.76948278544728,27.7832805370851,26.797078288722922,22.27902262835568,17.760966967988445,13.242911307621199,8.724855647253957
2242,4.1224380187469025,4.6769415462886,5.647880965838258,6.618820385387915,7.5897598049375725,8.56069922448723,9.53163864403689,13.979771212843394,18.427903781649896,22.876036350456406,27.324168919262913,32.91035711924829,32.35585359170659,31.384914172156932,30.413974752607274,29.443035333057615,28.472095913507957,27.501156493958298,23.053023925151795,18.60489135634529,14.15675878753878,9.708626218732274
2243,3.351595880008395,3.8024144805325077,4.591800893015079,5.381187305497649,6.170573717980221,6.959960130462791,7.7493465429453625,11.365736340329079,14.982126137712793,18.59851593509651,22.21490573248023,27.356769827551037,26.905951227026925,26.116564814544354,25.327178402061783,24.537791989579212,23.74840557709664,22.95901916461407,19.34262936723035,15.726239569846637,12.109849772462919,8.493459975079201
2244,2.9910124143164416,3.3933294236000933,4.097789222441407,4.80224902128272,5.506708820124034,6.211168618965348,6.915628417806662,10.142946736074473,13.370265054342282,16.597583372610092,19.82490169087791,24.2284335048095,23.82611649552585,23.121656696684536,22.417196897843223,21.71273709900191,21.008277300160596,20.303817501319283,17.076499183051475,13.849180864783666,10.621862546515855,7.394544228248039
2245,2.7047846416677372,3.0686015427890947,3.7056473923676854,4.342693241946275,4.979739091524866,5.6167849411034565,6.253830790682048,9.172307818474215,12.090784846266383,15.009261874058554,17.92773890185072,22.802692522038395,22.438875620917038,21.801829771338447,21.164783921759856,20.527738072181265,19.890692222602674,19.253646373024083,16.335169345231915,13.416692317439747,10.498215289647575,7.579738261855409
2246,2.20733046474823,2.5042354815337093,3.0241181699939683,3.544000858454227,4.063883546914486,4.583766235374744,5.103648923835004,7.485370246439614,9.867091569044224,12.248812891648836,14.630534214253444,19.724931122724897,19.428026105939416,18.908143417479156,18.388260729018896,17.868378040558635,17.348495352098375,16.828612663638115,14.446891341033504,12.065170018428894,9.683448695824282,7.3017273732196735
2247,1.677916042855984,1.903610246250039,2.298802319798513,2.693994393346985,3.0891864668954585,3.484378540443932,3.879570613992405,5.690050956937462,7.500531299882518,9.311011642827577,11.121491985772634,14.871256559632515,14.645562356238461,14.250370282689987,13.855178209141515,13.459986135593041,13.064794062044568,12.669601988496094,10.859121645551037,9.04864130260598,7.238160959660921,5.427680616715864
2248,1.1172675321315855,1.2675496673528908,1.5306947005095728,1.7938397336662546,2.0569847668229366,2.3201297999796187,2.583274833136301,3.7888124482913326,4.9943500634463645,6.199887678601396,7.405425293756428,10.033161309414842,9.882879174193537,9.619734141036854,9.356589107880172,9.09344407472349,8.830299041566807,8.567154008410125,7.361616393255093,6.156078778100062,4.95054116294503,3.745003547789998
2249,0.6682540838903488,0.7581400312657272,0.9155309318380566,1.0729218324103855,1.2303127329827148,1.3877036335550441,1.5450945341273732,2.2661442482220826,2.987193962316792,3.7082436764115014,4.429293390506211,6.0734388854665,5.983552938091121,5.826162037518792,5.668771136946463,5.5113802363741335,5.3539893358018045,5.196598435229475,4.475548721134766,3.7544990070400566,3.033449292945347,2.3123995788506377
2250,0.4397550001969972,0.4989058467966161,0.6024793784527985,0.7060529101089809,0.8096264417651632,0.9131999734213457,1.016773505077528,1.4912714914090162,1.9657694777405041,2.4402674640719924,2.9147654504034803,3.6846018562989733,3.625451009699354,3.5218774780431716,3.418303946386989,3.314730414730807,3.2111568830746244,3.1075833514184423,2.633085365086954,2.158587378755466,1.6840893924239777,1.2095914060924897
2251,0.286284866305672,0.32479265405806435,0.39222005033488544,0.4596474466117065,0.5270748428885276,0.5945022391653487,0.6619296354421698,0.9708325302776295,1.2797354251130895,1.5886383199485492,1.8975412147840094,2.22844041223525,2.1899326244828576,2.1225052282060366,2.0550778319292156,1.9876504356523945,1.9202230393755735,1.8527956430987524,1.5438927482632927,1.2349898534278327,0.926086958592373,0.6171840637569128
2252,0.1600000684787465,0.18152145994052682,0.21920556165659857,0.25688966337267033,0.2945737650887421,0.33225786680481384,0.3699419685208856,0.5425828942000834,0.7152238198792811,0.887864745558479,1.0605056712376768,1.3303544742870113,1.308833082825231,1.2711489811091592,1.2334648793930874,1.1957807776770155,1.1580966759609437,1.1204125742448718,0.947771648565674,0.7751307228864763,0.6024897972072784,0.4298488715280806
2253,0.0966650333943288,0.10966731548161278,0.1324343991801003,0.15520148287858784,0.17796856657707538,0.20073565027556292,0.2235027339740505,0.3278048196211218,0.432106905268193,0.5364089909152644,0.6407110765623357,0.8750441895076194,0.8620419074203355,0.8392748237218479,0.8165077400233604,0.7937406563248728,0.7709735726263852,0.7482064889278977,0.6439044032808263,0.5396023176337551,0.4353002319866837,0.3309981463396124
2254,0.060485888935644626,0.06862176353916513,0.08286773488598757,0.09711370623281,0.11135967757963244,0.1256056489264549,0.13985162027327736,0.2051162164429092,0.27038081261254104,0.33564540878217297,0.40091000495180484,0.6530761972950729,0.6449403226915524,0.63069435134473,0.6164483799979075,0.602202408651085,0.5879564373042625,0.57371046595744,0.5084458697878081,0.4431812736181763,0.37791667744854435,0.3126520812789125
2255,0.04326251605801909,0.04908169821561838,0.059271125452270715,0.06946055268892304,0.07964997992557539,0.08983940716222773,0.10002883439888008,0.1467093195416705,0.19338980468446088,0.24007028982725132,0.28675077497004176,0.499578441059629,0.4937592589020297,0.48356983166537737,0.47338040442872503,0.4631909771920727,0.45300154995542036,0.442812122718768,0.3961316375759776,0.3494511524331872,0.30277066729039676,0.2560901821476063
2256,0.031367184720614005,0.03558634204876214,0.04297411500909338,0.050361887969424625,0.057749660929755864,0.0651374338900871,0.07252520685041834,0.10637056615310214,0.14021592545578596,0.17406128475846977,0.20790664406115364,0.38513873965896495,0.3809195823308168,0.3735318093704856,0.36614403641015436,0.35875626344982314,0.3513684904894919,0.3439807175291607,0.3101353582264769,0.27628999892379313,0.24244463962110932,0.20859928031842545
2257,0.027541528392130105,0.031246101893993974,0.037732835101129916,0.04421956830826585,0.05070630151540179,0.057193034722537735,0.06367976792967367,0.09339722368731823,0.1231146794449628,0.15283213520260736,0.18254959096025195,0.2947264391013124,0.29102186559944854,0.2845351323923126,0.27804839918517665,0.2715616659780407,0.26507493277090477,0.25858819956376883,0.22887074380612427,0.1991532880484797,0.16943583229083514,0.13971837653319055
2258,0.021214760756460276,0.024068329353953997,0.029064947229369295,0.03406156510478459,0.03905818298019989,0.04405480085561519,0.049051418731030486,0.07194225852804301,0.09483309832505553,0.11772393812206808,0.1406147779190806,0.2196416620198345,0.2167880934223408,0.21179147554692548,0.20679485767151018,0.20179823979609487,0.19680162192067957,0.19180500404526427,0.16891416424825173,0.14602332445123922,0.12313248465422667,0.10024164485721414
2259,0.017379901386824617,0.01971764826949346,0.023811058840523276,0.02790446941155309,0.03199787998258291,0.03609129055361272,0.04018470112464254,0.058937707246218926,0.07769071336779533,0.09644371948937172,0.11519672561094813,0.1725522635160582,0.17021451663338938,0.16612110606235955,0.16202769549132973,0.1579342849202999,0.15384087434927007,0.14974746377824025,0.13099445765666387,0.11224145153508747,0.09348844541351108,0.07473543929193467
2260,0.018861538995962508,0.02139857893702769,0.025840952998510806,0.030283327059993915,0.03472570112147703,0.03916807518296014,0.04361044924444325,0.0639621502340575,0.08431385122367176,0.10466555221328604,0.1250172532029003,0.16219714722554288,0.1596601072844777,0.15521773322299456,0.15077535916151147,0.14633298510002835,0.14189061103854522,0.1374482369770621,0.11709653598744785,0.0967448349978336,0.07639313400821932,0.05604143301860505
2261,0.06031042844298219,0.06842270209442457,0.08262734801485494,0.09683199393528533,0.1110366398557157,0.1252412857761461,0.1394459316965765,0.20452120506052845,0.2695964784244804,0.33467175178843245,0.39974702515238447,0.4566317751531136,0.4485195015016712,0.43431485558124083,0.4201102096608105,0.4059055637403801,0.3917009178199497,0.3774962718995193,0.3124209985355673,0.24734572517161535,0.18227045180766333,0.1171951784437113
2262,0.30895518501738617,0.35051232648691727,0.4232791617051753,0.4960459969234333,0.5688128321416914,0.6415796673599494,0.7143465025782075,1.0477107919933368,1.3810750814084662,1.7144393708235957,2.0478036602387255,2.1024107163262697,2.0608535748567385,1.9880867396384805,1.9153199044202225,1.8425530692019643,1.7697862339837063,1.6970193987654483,1.363655109350319,1.0302908199351897,0.6969265305200603,0.3635622411049304
2263,1.1612949269476076,1.3174991271273024,1.5910137359992662,1.8645283448712298,2.1380429537431938,2.4115575626151577,2.685072171487121,3.9381155800368046,5.191158988586489,6.444202397136173,7.697245805685856,8.797592590406415,8.64138839022672,8.367873781354756,8.094359172482793,7.820844563610829,7.547329954738865,7.273815345866902,6.020771937317218,4.767728528767535,3.514685120217851,2.261641711668167
2264,2.8365400828547638,3.218079229059924,3.8861568494030205,4.554234469746118,5.222312090089215,5.890389710432311,6.558467330775408,9.61910918103339,12.679751031291374,15.74039288154936,18.801034731807345,21.40384848736475,21.02230934115959,20.354231720816493,19.686154100473395,19.018076480130297,18.3499988597872,17.6819212394441,14.621279389186117,11.560637538928134,8.499995688670149,5.439353838412163
2265,4.187241305649756,4.750461435119857,5.736663683482037,6.722865931844216,7.709068180206397,8.695270428568575,9.681472676930756,14.199528337297998,18.717583997665233,23.23563965803248,27.75369531839972,32.29130966000392,31.72808953053382,30.74188728217164,29.75568503380946,28.76948278544728,27.7832805370851,26.797078288722922,22.27902262835568,17.760966967988445,13.242911307621199,8.724855647253957
2266,4.1224380187469025,4.6769415462886,5.647880965838258,6.618820385387915,7.5897598049375725,8.56069922448723,9.53163864403689,13.979771212843394,18.427903781649896,22.876036350456406,27.324168919262913,32.91035711924829,32.35585359170659,31.384914172156932,30.413974752607274,29.443035333057615,28.472095913507957,27.501156493958298,23.053023925151795,18.60489135634529,14.15675878753878,9.708626218732274
2267,3.351595880008395,3.8024144805325077,4.591800893015079,5.381187305497649,6.170573717980221,6.959960130462791,7.7493465429453625,11.365736340329079,14.982126137712793,18.59851593509651,22.21490573248023,27.356769827551037,26.905951227026925,26.116564814544354,25.327178402061783,24.537791989579212,23.74840557709664,22.95901916461407,19.34262936723035,15.726239569846637,12.109849772462919,8.493459975079201
2268,2.9910124143164416,3.3933294236000933,4.097789222441407,4.80224902128272,5.506708820124034,6.211168618965348,6.915628417806662,10.142946736074473,13.370265054342282,16.597583372610092,19.82490169087791,24.2284335048095,23.82611649552585,23.121656696684536,22.417196897843223,21.71273709900191,21.008277300160596,20.303817501319283,17.076499183051475,13.849180864783666,10.621862546515855,7.394544228248039
2269,2.7047846416677372,3.0686015427890947,3.7056473923676854,4.342693241946275,4.979739091524866,5.6167849411034565,6.253830790682048,9.172307818474215,12.090784846266383,15.009261874058554,17.92773890185072,22.802692522038395,22.438875620917038,21.801829771338447,21.164783921759856,20.527738072181265,19.890692222602674,19.253646373024083,16.335169345231915,13.416692317439747,10.498215289647575,7.579738261855409
2270,2.20733046474823,2.5042354815337093,3.0241181699939683,3.544000858454227,4.063883546914486,4.583766235374744,5.103648923835004,7.485370246439614,9.867091569044224,12.248812891648836,14.630534214253444,19.724931122724897,19.428026105939416,18.908143417479156,18.388260729018896,17.868378040558635,17.348495352098375,16.828612663638115,14.446891341033504,12.065170018428894,9.683448695824282,7.3017273732196735
2271,1.677916042855984,1.903610246250039,2.298802319798513,2.693994393346985,3.0891864668954585,3.484378540443932,3.879570613992405,5.690050956937462,7.500531299882518,9.311011642827577,11.121491985772634,14.871256559632515,14.645562356238461,14.250370282689987,13.855178209141515,13.459986135593041,13.064794062044568,12.669601988496094,10.859121645551037,9.04864130260598,7.238160959660921,5.427680616715864
2272,1.1172675321315855,1.2675496673528908,1.5306947005095728,1.7938397336662546,2.0569847668229366,2.3201297999796187,2.583274833136301,3.7888124482913326,4.9943500634463645,6.199887678601396,7.405425293756428,10.033161309414842,9.882879174193537,9.619734141036854,9.356589107880172,9.09344407472349,8.830299041566807,8.567154008410125,7.361616393255093,6.156078778100062,4.95054116294503,3.745003547789998
2273,0.6682540838903488,0.7581400312657272,0.9155309318380566,1.0729218324103855,1.2303127329827148,1.3877036335550441,1.5450945341273732,2.2661442482220826,2.987193962316792,3.7082436764115014,4.429293390506211,6.0734388854665,5.983552938091121,5.826162037518792,5.668771136946463,5.5113802363741335,5.3539893358018045,5.196598435229475,4.475548721134766,3.7544990070400566,3.033449292945347,2.3123995788506377
2274,0.4397550001969972,0.4989058467966161,0.6024793784527985,0.7060529101089809,0.8096264417651632,0.9131999734213457,1.016773505077528,1.4912714914090162,1.9657694777405041,2.4402674640719924,2.9147654504034803,3.6846018562989733,3.625451009699354,3.5218774780431716,3.418303946386989,3.314730414730807,3.2111568830746244,3.1075833514184423,2.633085365086954,2.158587378755466,1.6840893924239777,1.2095914060924897
2275,0.286284866305672,0.32479265405806435,0.39222005033488544,0.4596474466117065,0.5270748428885276,0.5945022391653487,0.6619296354421698,0.9708325302776295,1.2797354251130895,1.5886383199485492,1.8975412147840094,2.22844041223525,2.1899326244828576,2.1225052282060366,2.0550778319292156,1.9876504356523945,1.9202230393755735,1.8527956430987524,1.5438927482632927,1.2349898534278327,0.926086958592373,0.6171840637569128
2276,0.1600000684787465,0.18152145994052682,0.21920556165659857,0.25688966337267033,0.2945737650887421,0.33225786680481384,0.3699419685208856,0.5425828942000834,0.7152238198792811,0.887864745558479,1.0605056712376768,1.3303544742870113,1.308833082825231,1.2711489811091592,1.2334648793930874,1.1957807776770155,1.1580966759609437,1.1204125742448718,0.947771648565674,0.7751307228864763,0.6024897972072784,0.4298488715280806
2277,0.0966650333943288,0.10966731548161278,0.1324343991801003,0.15520148287858784,0.17796856657707538,0.20073565027556292,0.2235027339740505,0.3278048196211218,0.432106905268193,0.5364089909152644,0.6407110765623357,0.8750441895076194,0.8620419074203355,0.8392748237218479,0.8165077400233604,0.7937406563248728,0.7709735726263852,0.7482064889278977,0.6439044032808263,0.5396023176337551,0.4353002319866837,0.3309981463396124
2278,0.060485888935644626,0.06862176353916513,0.08286773488598757,0.09711370623281,0.11135967757963244,0.1256056489264549,0.13985162027327736,0.2051162164429092,0.27038081261254104,0.33564540878217297,0.40091000495180484,0.6530761972950729,0.6449403226915524,0.63069435134473,0.6164483799979075,0.602202408651085,0.5879564373042625,0.57371046595744,0.5084458697878081,0.4431812736181763,0.37791667744854435,0.3126520812789125
2279,0.04326251605801909,0.04908169821561838,0.059271125452270715,0.06946055268892304,0.07964997992557539,0.08983940716222773,0.10002883439888008,0.1467093195416705,0.19338980468446088,0.24007028982725132,0.28675077497004176,0.499578441059629,0.4937592589020297,0.48356983166537737,0.47338040442872503,0.4631909771920727,0.45300154995542036,0.442812122718768,0.3961316375759776,0.3494511524331872,0.30277066729039676,0.2560901821476063
2280,0.031367184720614005,0.03558634204876214,0.04297411500909338,0.050361887969424625,0.057749660929755864,0.0651374338900871,0.07252520685041834,0.10637056615310214,0.14021592545578596,0.17406128475846977,0.20790664406115364,0.38513873965896495,0.3809195823308168,0.3735318093704856,0.36614403641015436,0.35875626344982314,0.3513684904894919,0.3439807175291607,0.3101353582264769,0.27628999892379313,0.24244463962110932,0.20859928031842545
2281,0.027541528392130105,0.031246101893993974,0.037732835101129916,0.04421956830826585,0.05070630151540179,0.057193034722537735,0.06367976792967367,0.09339722368731823,0.1231146794449628,0.15283213520260736,0.18254959096025195,0.2947264391013124,0.29102186559944854,0.2845351323923126,0.27804839918517665,0.2715616659780407,0.26507493277090477,0.25858819956376883,0.22887074380612427,0.1991532880484797,0.16943583229083514,0.13971837653319055
2282,0.021214760756460276,0.024068329353953997,0.029064947229369295,0.03406156510478459,0.03905818298019989,0.04405480085561519,0.049051418731030486,0.07194225852804301,0.09483309832505553,0.11772393812206808,0.1406147779190806,0.2196416620198345,0.2167880934223408,0.21179147554692548,0.20679485767151018,0.20179823979609487,0.19680162192067957,0.19180500404526427,0.16891416424825173,0.14602332445123922,0.12313248465422667,0.10024164485721414
2283,0.017379901386824617,0.01971764826949346,0.023811058840523276,0.02790446941155309,0.03199787998258291,0.03609129055361272,0.04018470112464254,0.058937707246218926,0.07769071336779533,0.09644371948937172,0.11519672561094813,0.1725522635160582,0.17021451663338938,0.16612110606235955,0.16202769549132973,0.1579342849202999,0.15384087434927007,0.14974746377824025,0.13099445765666387,0.11224145153508747,0.09348844541351108,0.07473543929193467
2284,0.018861538995962508,0.02139857893702769,0.025840952998510806,0.030283327059993915,0.03472570112147703,0.03916807518296014,0.04361044924444325,0.0639621502340575,0.08431385122367176,0.10466555221328604,0.1250172532029003,0.16219714722554288,0.1596601072844777,0.15521773322299456,0.15077535916151147,0.14633298510002835,0.14189061103854522,0.1374482369770621,0.11709653598744785,0.0967448349978336,0.07639313400821932,0.05604143301860505
2285,0.06031042844298219,0.06842270209442457,0.08262734801485494,0.09683199393528533,0.1110366398557157,0.1252412857761461,0.1394459316965765,0.20452120506052845,0.2695964784244804,0.33467175178843245,0.39974702515238447,0.4566317751531136,0.4485195015016712,0.43431485558124083,0.4201102096608105,0.4059055637403801,0.3917009178199497,0.3774962718995193,0.3124209985355673,0.24734572517161535,0.18227045180766333,0.1171951784437113
2286,0.30895518501738617,0.35051232648691727,0.4232791617051753,0.4960459969234333,0.5688128321416914,0.6415796673599494,0.7143465025782075,1.0477107919933368,1.3810750814084662,1.7144393708235957,2.0478036602387255,2.1024107163262697,2.0608535748567385,1.9880867396384805,1.9153199044202225,1.8425530692019643,1.7697862339837063,1.6970193987654483,1.363655109350319,1.0302908199351897,0.6969265305200603,0.3635622411049304
2287,1.1612949269476076,1.3174991271273024,1.5910137359992662,1.8645283448712298,2.1380429537431938,2.4115575626151577,2.685072171487121,3.9381155800368046,5.191158988586489,6.444202397136173,7.697245805685856,8.797592590406415,8.64138839022672,8.367873781354756,8.094359172482793,7.820844563610829,7.547329954738865,7.273815345866902,6.020771937317218,4.767728528767535,3.514685120217851,2.261641711668167
2288,2.8365400828547638,3.218079229059924,3.8861568494030205,4.554234469746118,5.222312090089215,5.890389710432311,6.558467330775408,9.61910918103339,12.679751031291374,15.74039288154936,18.801034731807345,21.40384848736475,21.02230934115959,20.354231720816493,19.686154100473395,19.018076480130297,18.3499988597872,17.6819212394441,14.621279389186117,11.560637538928134,8.499995688670149,5.439353838412163
2289,4.187241305649756,4.750461435119857,5.736663683482037,6.722865931844216,7.709068180206397,8.695270428568575,9.681472676930756,14.199528337297998,18.717583997665233,23.23563965803248,27.75369531839972,32.29130966000392,31.72808953053382,30.74188728217164,29.75568503380946,28.76948278544728,27.7832805370851,26.797078288722922,22.27902262835568,17.760966967988445,13.242911307621199,8.724855647253957
2290,4.1224380187469025,4.6769415462886,5.647880965838258,6.618820385387915,7.5897598049375725,8.56069922448723,9.53163864403689,13.979771212843394,18.427903781649896,22.876036350456406,27.324168919262913,32.91035711924829,32.35585359170659,31.384914172156932,30.413974752607274,29.443035333057615,28.472095913507957,27.501156493958298,23.053023925151795,18.60489135634529,14.15675878753878,9.708626218732274
2291,3.351595880008395,3.8024144805325077,4.591800893015079,5.381187305497649,6.170573717980221,6.959960130462791,7.7493465429453625,11.365736340329079,14.982126137712793,18.59851593509651,22.21490573248023,27.356769827551037,26.905951227026925,26.116564814544354,25.327178402061783,24.537791989579212,23.74840557709664,22.95901916461407,19.34262936723035,15.726239569846637,12.109849772462919,8.493459975079201
2292,2.9910124143164416,3.3933294236000933,4.097789222441407,4.80224902128272,5.506708820124034,6.211168618965348,6.915628417806662,10.142946736074473,13.370265054342282,16.597583372610092,19.82490169087791,24.2284335048095,23.82611649552585,23.121656696684536,22.417196897843223,21.71273709900191,21.008277300160596,20.303817501319283,17.076499183051475,13.849180864783666,10.621862546515855,7.394544228248039
2293,2.7047846416677372,3.0686015427890947,3.7056473923676854,4.342693241946275,4.979739091524866,5.6167849411034565,6.253830790682048,9.172307818474215,12.090784846266383,15.009261874058554,17.92773890185072,22.802692522038395,22.438875620917038,21.801829771338447,21.164783921759856,20.527738072181265,19.890692222602674,19.253646373024083,16.335169345231915,13.416692317439747,10.498215289647575,7.579738261855409
2294,2.20733046474823,2.5042354815337093,3.0241181699939683,3.544000858454227,4.063883546914486,4.583766235374744,5.103648923835004,7.485370246439614,9.867091569044224,12.248812891648836,14.630534214253444,19.724931122724897,19.428026105939416,18.908143417479156,18.388260729018896,17.868378040558635,17.348495352098375,16.828612663638115,14.446891341033504,12.065170018428894,9.683448695824282,7.3017273732196735
2295,1.677916042855984,1.903610246250039,2.298802319798513,2.693994393346985,3.0891864668954585,3.484378540443932,3.879570613992405,5.690050956937462,7.500531299882518,9.311011642827577,11.121491985772634,14.871256559632515,14.645562356238461,14.250370282689987,13.855178209141515,13.459986135593041,13.064794062044568,12.669601988496094,10.859121645551037,9.04864130260598,7.238160959660921,5.427680616715864
2296,1.1172675321315855,1.2675496673528908,1.5306947005095728,1.7938397336662546,2.0569847668229366,2.3201297999796187,2.583274833136301,3.7888124482913326,4.9943500634463645,6.199887678601396,7.405425293756428,10.033161309414842,9.882879174193537,9.619734141036854,9.356589107880172,9.09344407472349,8.830299041566807,8.567154008410125,7.361616393255093,6.156078778100062,4.95054116294503,3.745003547789998
2297,0.6682540838903488,0.7581400312657272,0.9155309318380566,1.0729218324103855,1.2303127329827148,1.3877036335550441,1.5450945341273732,2.2661442482220826,2.987193962316792,3.7082436764115014,4.429293390506211,6.0734388854665,5.983552938091121,5.826162037518792,5.668771136946463,5.5113802363741335,5.3539893358018045,5.196598435229475,4.475548721134766,3.7544990070400566,3.033449292945347,2.3123995788506377
2298,0.4397550001969972,0.4989058467966161,0.6024793784527985,0.7060529101089809,0.8096264417651632,0.9131999734213457,1.016773505077528,1.4912714914090162,1.9657694777405041,2.4402674640719924,2.9147654504034803,3.6846018562989733,3.625451009699354,3.5218774780431716,3.418303946386989,3.314730414730807,3.2111568830746244,3.1075833514184423,2.633085365086954,2.158587378755466,1.6840893924239777,1.2095914060924897
2299,0.286284866305672,0.32479265405806435,0.39222005033488544,0.4596474466117065,0.5270748428885276,0.5945022391653487,0.6619296354421698,0.9708325302776295,1.2797354251130895,1.5886383199485492,1.8975412147840094,2.22844041223525,2.1899326244828576,2.1225052282060366,2.0550778319292156,1.9876504356523945,1.9202230393755735,1.8527956430987524,1.5438927482632927,1.2349898534278327,0.926086958592373,0.6171840637569128
2300,0.1600000684787465,0.18152145994052682,0.21920556165659857,0.25688966337267033,0.2945737650887421,0.33225786680481384,0.3699419685208856,0.5425828942000834,0.7152238198792811,0.887864745558479,1.0605056712376768,1.3303544742870113,1.308833082825231,1.2711489811091592,1.2334648793930874,1.1957807776770155,1.1580966759609437,1.1204125742448718,0.947771648565674,0.7751307228864763,0.6024897972072784,0.4298488715280806
2301,0.0966650333943288,0.10966731548161278,0.1324343991801003,0.15520148287858784,0.17796856657707538,0.20073565027556292,0.2235027339740505,0.3278048196211218,0.432106905268193,0.5364089909152644,0.6407110765623357,0.8750441895076194,0.8620419074203355,0.8392748237218479,0.8165077400233604,0.7937406563248728,0.7709735726263852,0.7482064889278977,0.6439044032808263,0.5396023176337551,0.4353002319866837,0.3309981463396124
2302,0.060485888935644626,0.06862176353916513,0.08286773488598757,0.09711370623281,0.11135967757963244,0.1256056489264549,0.13985162027327736,0.2051162164429092,0.27038081261254104,0.33564540878217297,0.40091000495180484,0.6530761972950729,0.6449403226915524,0.63069435134473,0.6164483799979075,0.602202408651085,0.5879564373042625,0.57371046595744,0.5084458697878081,0.4431812736181763,0.37791667744854435,0.3126520812789125
2303,0.04326251605801909,0.04908169821561838,0.059271125452270715,0.06946055268892304,0.07964997992557539,0.08983940716222773,0.10002883439888008,0.1467093195416705,0.19338980468446088,0.24007028982725132,0.28675077497004176,0.499578441059629,0.4937592589020297,0.48356983166537737,0.47338040442872503,0.4631909771920727,0.45300154995542036,0.442812122718768,0.3961316375759776,0.3494511524331872,0.30277066729039676,0.2560901821476063
2304,0.06656898268586907,0.07552308595105217,0.09120178120737912,0.10688047646370606,0.12255917172003303,0.13823786697635998,0.1539165622326869,0.2257448489433112,0.29757313565393556,0.36940142236455986,0.44122970907518416,0.4271966781704077,0.4182425749052246,0.4025638796488976,0.3868851843925707,0.3712064891362437,0.35552779387991673,0.3398490986235898,0.2680208119129655,0.19619252520234115,0.12436423849171685,0.05253595178109255
2305,0.056639086305014866,0.06425753272192815,0.07759748382143074,0.09093743492093335,0.10427738602043597,0.11761733711993858,0.1309572882194412,0.19207116387144205,0.25318503952344296,0.31429891517544384,0.3754127908274448,0.3168441383691494,0.3092256919522361,0.2958857408527335,0.28254578975323086,0.26920583865372827,0.2558658875542257,0.24252593645472306,0.1814120608027222,0.1202981851507213,0.05918430949872042,-0.0019295661532805208
2306,0.03392680220936796,0.038490250202461725,0.046480878441028384,0.05447150667959503,0.06246213491816169,0.07045276315672834,0.07844339139529499,0.1150505915949522,0.15165779179460942,0.18826499199426663,0.22487219219392388,0.22601923126692836,0.22145578327383458,0.21346515503526792,0.20547452679670128,0.1974838985581346,0.18949327031956797,0.1815026420810013,0.1448954418813441,0.10828824168168688,0.07168104148202967,0.035073841282372425
2307,0.0236676925723058,0.026851201690074235,0.03242554764354464,0.03799989359701504,0.043574239550485436,0.049148585503955844,0.05472293145742625,0.08026049774238261,0.10579806402733898,0.13133563031229536,0.15687319659725174,0.20284547879051973,0.1996619696727513,0.1940876237192809,0.1885132777658105,0.1829389318123401,0.17736458585886972,0.17179023990539932,0.14625267362044297,0.12071510733548661,0.09517754105053022,0.06963997476557385
2308,0.02469635730095266,0.028018230711428102,0.03383485347536883,0.03965147623930954,0.04546809900325027,0.051284721767191,0.05710134453113172,0.08374884553458932,0.11039634653804692,0.1370438475415045,0.16369134854496212,0.2086410790622131,0.20531920565173767,0.19950258288779693,0.19368596012385622,0.18786933735991548,0.18205271459597477,0.17623609183203404,0.14958859082857645,0.12294108982511885,0.09629358882166127,0.06964608781820365
2309,0.018530992112733714,0.02102357064238779,0.025388092472381524,0.02975261430237525,0.03411713613236898,0.03848165796236271,0.04284617979235644,0.06284121893523797,0.08283625807811949,0.10283129722100104,0.12282633636388257,0.23076451461001737,0.2282719360803633,0.22390741425036959,0.21954289242037586,0.21517837059038214,0.21081384876038842,0.2064493269303947,0.18645428778751316,0.16645924864463163,0.1464642095017501,0.12646917035886857
2310,0.022723898938375474,0.025780459658883387,0.031132518111866028,0.036484576564848666,0.0418366350178313,0.04718869347081395,0.05254075192379659,0.0770599598532782,0.10157916778275981,0.12609837571224142,0.15061758364172306,0.3411068640072945,0.3380503032867866,0.33269824483380395,0.3273461863808213,0.32199412792783866,0.316642069474856,0.31129001102187337,0.2867708030923918,0.2622515951629102,0.2377323872334286,0.21321317930394695
2311,0.05954035988303085,0.0675490526604855,0.08157232777140645,0.0955956028823274,0.10961887799324835,0.12364215310416929,0.13766542821509023,0.20190979350324906,0.2661541587914079,0.33039852407956677,0.3946428893677256,0.5323949645104806,0.524386271733026,0.510362996622105,0.4963397215111841,0.48231644640026317,0.4682931712893422,0.4542698961784213,0.3900255308902625,0.32578116560210363,0.2615368003139448,0.19729243502578592
2312,0.09422208070711786,0.10689576455313886,0.129087470513181,0.15127917647322317,0.17347088243326533,0.1956625883933075,0.21785429435334966,0.31952042104539957,0.42118654773744957,0.5228526744294996,0.6245188011215496,0.7630054397344619,0.7503317558884409,0.7281400499283988,0.7059483439683566,0.6837566380083144,0.6615649320482723,0.6393732260882301,0.5377070993961802,0.4360409727041302,0.33437484601208023,0.23270871932003023
2313,0.11060462621291975,0.12548190395938727,0.1515321177130734,0.17758233146675953,0.2036325452204457,0.22968275897413182,0.255732972727818,0.37507595323620807,0.49441893374459817,0.6137619142529884,0.7331048947613785,1.04243040931092,1.0275531315644524,1.0015029178107662,0.9754527040570801,0.949402490303394,0.9233522765497079,0.8973020627960218,0.7779590822876317,0.6586161017792416,0.5392731212708513,0.41993014076246116
2314,0.14593538259187422,0.16556495229609972,0.19993646134515083,0.23430797039420195,0.2686794794432531,0.3030509884923042,0.3374224975413554,0.4948875522726021,0.6523526070038489,0.8098176617350957,0.9672827164663426,1.3368623237393928,1.3172327540351674,1.2828612449861163,1.2484897359370652,1.2141182268880142,1.1797467178389631,1.145375208789912,0.9879101540586653,0.8304450993274186,0.6729800445961718,0.5155149898649249
2315,0.17412844867806587,0.1975502293326846,0.2385619253527876,0.2795736213728906,0.3205853173929936,0.3615970134130966,0.40260870943319965,0.5904942325625675,0.7783797556919354,0.9662652788213034,1.1541508019506714,1.6963697765134498,1.6729479958588311,1.6319362998387281,1.590924603818625,1.549912907798522,1.508901211778419,1.467889515758316,1.2800039926289482,1.0921184694995802,0.9042329463702122,0.7163474232408442
2316,0.20258246617249245,0.22983155799628885,0.277544901707457,0.32525824541862514,0.3729715891297932,0.4206849328409614,0.46839827655212957,0.6869858360383282,0.9055733955245269,1.1241609550107257,1.3427485144969247,1.9211150761464808,1.8938659843226844,1.8461526406115163,1.7984392969003482,1.7507259531891801,1.7030126094780118,1.6552992657668437,1.4367117062806452,1.2181241467944464,0.9995365873082476,0.7809490278220486
2317,0.22682064156334378,0.25732997737244256,0.31075203030808307,0.3641740832437235,0.4175961361793641,0.4710181891150046,0.5244402420506451,0.769180921820084,1.013921601589523,1.2586622813589619,1.5034029611284008,2.0428941262432594,2.0123847904341607,1.9589627374985201,1.9055406845628797,1.852118631627239,1.7986965786915987,1.745274525755958,1.5005338459865192,1.2557931662170803,1.0110524864476413,0.7663118066782024
2318,0.28713168866453304,0.3257533813399477,0.3933802259058238,0.46100707047169975,0.5286339150375757,0.5962607596034519,0.6638876041693279,0.9737042248382178,1.2835208455071077,1.5933374661759976,1.9031540868448875,2.133676930271694,2.095055237596279,2.027428393030403,1.9598015484645268,1.8921747038986507,1.8245478593327746,1.7569210147668985,1.4471043940980086,1.1372877734291187,0.8274711527602288,0.5176545320913388
2319,0.3067951188581142,0.3480617127682659,0.42031979724889373,0.49257788172952155,0.5648359662101494,0.6370940506907772,0.709352135171405,1.040385701701159,1.3714192682309132,1.7024528347606676,2.0334864012904217,2.1612776545091203,2.120011060598969,2.047752976118341,1.975494891637713,1.9032368071570853,1.8309787226764576,1.7587206381958298,1.427687071666076,1.0966535051363218,0.7656199386065674,0.4345863720768133
2320,0.27598175878396375,0.31310368956544515,0.3781044409318533,0.44310519229826134,0.5081059436646694,0.5731066950310776,0.6381074463974856,0.9358932333664804,1.233679020335475,1.53146480730447,1.829250594273465,1.9097257114610804,1.872603780679599,1.8076030293131908,1.7426022779467827,1.6776015265803745,1.6126007752139664,1.5476000238475582,1.2498142368785634,0.9520284499095688,0.6542426629405738,0.35645687597157893
2321,0.2253108014307007,0.2556170506983482,0.3086834977291007,0.36174994475985317,0.4148163917906057,0.46788283882135817,0.5209492858521106,0.7640608400805081,1.0071723943089055,1.2502839485373032,1.4933955027657007,1.6192575536297766,1.588951304362129,1.5358848573313766,1.4828184103006241,1.4297519632698716,1.3766855162391192,1.3236190692083667,1.0805075149799692,0.8373959607515719,0.5942844065231742,0.3511728522947767
2322,0.181071206183045,0.20542684770103406,0.24807374039633354,0.290720633091633,0.3333675257869325,0.376014418482232,0.41866131117753147,0.6140381066158548,0.809414902054178,1.0047916974925013,1.200168492930825,1.489569188741577,1.4652135472235879,1.4225666545282885,1.379919761832989,1.3372728691376894,1.29462597644239,1.2519790837470905,1.0566022883087673,0.8612254928704441,0.6658486974321208,0.4704719019937972
2323,0.1371027565822645,0.15554426178254532,0.18783546186591396,0.22012666194928254,0.2524178620326512,0.2847090621160198,0.3170002621993884,0.464934866444111,0.6128694706888336,0.7608040749335562,0.9087386791782788,1.2544431595756709,1.23600165437539,1.2037104542920214,1.1714192542086528,1.1391280541252842,1.1068368540419156,1.074545653958547,0.9266110497138245,0.7786764454691019,0.6307418412243793,0.48280723697965666
2324,0.12288693681507708,0.1394162914452449,0.16835930297358676,0.19730231450192862,0.22624532603027048,0.25518833755861237,0.28413134908695425,0.4167270081222759,0.5493226671575976,0.6819183261929194,0.8145139852282411,0.965950353268064,0.9494209986378962,0.9204779871095543,0.8915349755812124,0.8625919640528705,0.8336489525245286,0.8047059409961868,0.6721102819608651,0.5395146229255434,0.40691896389022164,0.27432330485489986
2325,0.10407025709033581,0.11806860573895996,0.14257980870966933,0.16709101168037868,0.19160221465108804,0.2161134176217974,0.24062462059250678,0.3529169820306787,0.4652093434688507,0.5775017049070227,0.6897940663451948,0.756275578156249,0.7422772295076249,0.7177660265369155,0.6932548235662062,0.6687436205954969,0.6442324176247876,0.6197212146540781,0.5074288532159061,0.3951364917777342,0.2828441303395622,0.17055176890139007
2326,0.09174496304809825,0.10408545316899447,0.1256937346673304,0.14730201616566632,0.16891029766400223,0.19051857916233816,0.21212686066067407,0.3111201642112374,0.4101134677618008,0.5091067713123641,0.6081000748629275,0.6380177307790044,0.6256772406581081,0.6040689591597722,0.5824606776614363,0.5608523961631003,0.5392441146647644,0.5176358331664285,0.4186425296158651,0.3196492260653017,0.22065592251473837,0.12166261896417502
2327,0.0756798511426919,0.0858594449247251,0.10368398234795255,0.12150851977117999,0.13933305719440744,0.15715759461763487,0.17498213204086233,0.2566410943198301,0.33830005659879786,0.4199590188777657,0.5016179811567335,0.5589042903878931,0.54872469660586,0.5309001591826326,0.5130756217594051,0.4952510843361777,0.4774265469129503,0.45960200948972285,0.37794304721075506,0.2962840849317873,0.21462512265281947,0.13296616037385167
2328,0.06656898268586907,0.07552308595105217,0.09120178120737912,0.10688047646370606,0.12255917172003303,0.13823786697635998,0.1539165622326869,0.2257448489433112,0.29757313565393556,0.36940142236455986,0.44122970907518416,0.4271966781704077,0.4182425749052246,0.4025638796488976,0.3868851843925707,0.3712064891362437,0.35552779387991673,0.3398490986235898,0.2680208119129655,0.19619252520234115,0.12436423849171685,0.05253595178109255
2329,0.056639086305014866,0.06425753272192815,0.07759748382143074,0.09093743492093335,0.10427738602043597,0.11761733711993858,0.1309572882194412,0.19207116387144205,0.25318503952344296,0.31429891517544384,0.3754127908274448,0.3168441383691494,0.3092256919522361,0.2958857408527335,0.28254578975323086,0.26920583865372827,0.2558658875542257,0.24252593645472306,0.1814120608027222,0.1202981851507213,0.05918430949872042,-0.0019295661532805208
2330,0.03392680220936796,0.038490250202461725,0.046480878441028384,0.05447150667959503,0.06246213491816169,0.07045276315672834,0.07844339139529499,0.1150505915949522,0.15165779179460942,0.18826499199426663,0.22487219219392388,0.22601923126692836,0.22145578327383458,0.21346515503526792,0.20547452679670128,0.1974838985581346,0.18949327031956797,0.1815026420810013,0.1448954418813441,0.10828824168168688,0.07168104148202967,0.035073841282372425
2331,0.0236676925723058,0.026851201690074235,0.03242554764354464,0.03799989359701504,0.043574239550485436,0.049148585503955844,0.05472293145742625,0.08026049774238261,0.10579806402733898,0.13133563031229536,0.15687319659725174,0.20284547879051973,0.1996619696727513,0.1940876237192809,0.1885132777658105,0.1829389318123401,0.17736458585886972,0.17179023990539932,0.14625267362044297,0.12071510733548661,0.09517754105053022,0.06963997476557385
2332,0.02469635730095266,0.028018230711428102,0.03383485347536883,0.03965147623930954,0.04546809900325027,0.051284721767191,0.05710134453113172,0.08374884553458932,0.11039634653804692,0.1370438475415045,0.16369134854496212,0.2086410790622131,0.20531920565173767,0.19950258288779693,0.19368596012385622,0.18786933735991548,0.18205271459597477,0.17623609183203404,0.14958859082857645,0.12294108982511885,0.09629358882166127,0.06964608781820365
2333,0.018530992112733714,0.02102357064238779,0.025388092472381524,0.02975261430237525,0.03411713613236898,0.03848165796236271,0.04284617979235644,0.06284121893523797,0.08283625807811949,0.10283129722100104,0.12282633636388257,0.23076451461001737,0.2282719360803633,0.22390741425036959,0.21954289242037586,0.21517837059038214,0.21081384876038842,0.2064493269303947,0.18645428778751316,0.16645924864463163,0.1464642095017501,0.12646917035886857
2334,0.022723898938375474,0.025780459658883387,0.031132518111866028,0.036484576564848666,0.0418366350178313,0.04718869347081395,0.05254075192379659,0.0770599598532782,0.10157916778275981,0.12609837571224142,0.15061758364172306,0.3411068640072945,0.3380503032867866,0.33269824483380395,0.3273461863808213,0.32199412792783866,0.316642069474856,0.31129001102187337,0.2867708030923918,0.2622515951629102,0.2377323872334286,0.21321317930394695
2335,0.05954035988303085,0.0675490526604855,0.08157232777140645,0.0955956028823274,0.10961887799324835,0.12364215310416929,0.13766542821509023,0.20190979350324906,0.2661541587914079,0.33039852407956677,0.3946428893677256,0.5323949645104806,0.524386271733026,0.510362996622105,0.4963397215111841,0.48231644640026317,0.4682931712893422,0.4542698961784213,0.3900255308902625,0.32578116560210363,0.2615368003139448,0.19729243502578592
2336,0.09422208070711786,0.10689576455313886,0.129087470513181,0.15127917647322317,0.17347088243326533,0.1956625883933075,0.21785429435334966,0.31952042104539957,0.42118654773744957,0.5228526744294996,0.6245188011215496,0.7630054397344619,0.7503317558884409,0.7281400499283988,0.7059483439683566,0.6837566380083144,0.6615649320482723,0.6393732260882301,0.5377070993961802,0.4360409727041302,0.33437484601208023,0.23270871932003023
2337,0.11060462621291975,0.12548190395938727,0.1515321177130734,0.17758233146675953,0.2036325452204457,0.22968275897413182,0.255732972727818,0.37507595323620807,0.49441893374459817,0.6137619142529884,0.7331048947613785,1.04243040931092,1.0275531315644524,1.0015029178107662,0.9754527040570801,0.949402490303394,0.9233522765497079,0.8973020627960218,0.7779590822876317,0.6586161017792416,0.5392731212708513,0.41993014076246116
2338,0.14593538259187422,0.16556495229609972,0.19993646134515083,0.23430797039420195,0.2686794794432531,0.3030509884923042,0.3374224975413554,0.4948875522726021,0.6523526070038489,0.8098176617350957,0.9672827164663426,1.3368623237393928,1.3172327540351674,1.2828612449861163,1.2484897359370652,1.2141182268880142,1.1797467178389631,1.145375208789912,0.9879101540586653,0.8304450993274186,0.6729800445961718,0.5155149898649249
2339,0.17412844867806587,0.1975502293326846,0.2385619253527876,0.2795736213728906,0.3205853173929936,0.3615970134130966,0.40260870943319965,0.5904942325625675,0.7783797556919354,0.9662652788213034,1.1541508019506714,1.6963697765134498,1.6729479958588311,1.6319362998387281,1.590924603818625,1.549912907798522,1.508901211778419,1.467889515758316,1.2800039926289482,1.0921184694995802,0.9042329463702122,0.7163474232408442
2340,0.20258246617249245,0.22983155799628885,0.277544901707457,0.32525824541862514,0.3729715891297932,0.4206849328409614,0.46839827655212957,0.6869858360383282,0.9055733955245269,1.1241609550107257,1.3427485144969247,1.9211150761464808,1.8938659843226844,1.8461526406115163,1.7984392969003482,1.7507259531891801,1.7030126094780118,1.6552992657668437,1.4367117062806452,1.2181241467944464,0.9995365873082476,0.7809490278220486
2341,0.22682064156334378,0.25732997737244256,0.31075203030808307,0.3641740832437235,0.4175961361793641,0.4710181891150046,0.5244402420506451,0.769180921820084,1.013921601589523,1.2586622813589619,1.5034029611284008,2.0428941262432594,2.0123847904341607,1.9589627374985201,1.9055406845628797,1.852118631627239,1.7986965786915987,1.745274525755958,1.5005338459865192,1.2557931662170803,1.0110524864476413,0.7663118066782024
2342,0.28713168866453304,0.3257533813399477,0.3933802259058238,0.46100707047169975,0.5286339150375757,0.5962607596034519,0.6638876041693279,0.9737042248382178,1.2835208455071077,1.5933374661759976,1.9031540868448875,2.133676930271694,2.095055237596279,2.027428393030403,1.9598015484645268,1.8921747038986507,1.8245478593327746,1.7569210147668985,1.4471043940980086,1.1372877734291187,0.8274711527602288,0.5176545320913388
2343,0.3067951188581142,0.3480617127682659,0.42031979724889373,0.49257788172952155,0.5648359662101494,0.6370940506907772,0.709352135171405,1.040385701701159,1.3714192682309132,1.7024528347606676,2.0334864012904217,2.1612776545091203,2.120011060598969,2.047752976118341,1.975494891637713,1.9032368071570853,1.8309787226764576,1.7587206381958298,1.427687071666076,1.0966535051363218,0.7656199386065674,0.4345863720768133
2344,0.27598175878396375,0.31310368956544515,0.3781044409318533,0.44310519229826134,0.5081059436646694,0.5731066950310776,0.6381074463974856,0.9358932333664804,1.233679020335475,1.53146480730447,1.829250594273465,1.9097257114610804,1.872603780679599,1.8076030293131908,1.7426022779467827,1.6776015265803745,1.6126007752139664,1.5476000238475582,1.2498142368785634,0.9520284499095688,0.6542426629405738,0.35645687597157893
2345,0.2253108014307007,0.2556170506983482,0.3086834977291007,0.36174994475985317,0.4148163917906057,0.46788283882135817,0.5209492858521106,0.7640608400805081,1.0071723943089055,1.2502839485373032,1.4933955027657007,1.6192575536297766,1.588951304362129,1.5358848573313766,1.4828184103006241,1.4297519632698716,1.3766855162391192,1.3236190692083667,1.0805075149799692,0.8373959607515719,0.5942844065231742,0.3511728522947767
2346,0.181071206183045,0.20542684770103406,0.24807374039633354,0.290720633091633,0.3333675257869325,0.376014418482232,0.41866131117753147,0.6140381066158548,0.809414902054178,1.0047916974925013,1.200168492930825,1.489569188741577,1.4652135472235879,1.4225666545282885,1.379919761832989,1.3372728691376894,1.29462597644239,1.2519790837470905,1.0566022883087673,0.8612254928704441,0.6658486974321208,0.4704719019937972
2347,0.1371027565822645,0.15554426178254532,0.18783546186591396,0.22012666194928254,0.2524178620326512,0.2847090621160198,0.3170002621993884,0.464934866444111,0.6128694706888336,0.7608040749335562,0.9087386791782788,1.2544431595756709,1.23600165437539,1.2037104542920214,1.1714192542086528,1.1391280541252842,1.1068368540419156,1.074545653958547,0.9266110497138245,0.7786764454691019,0.6307418412243793,0.48280723697965666
2348,0.12288693681507708,0.1394162914452449,0.16835930297358676,0.19730231450192862,0.22624532603027048,0.25518833755861237,0.28413134908695425,0.4167270081222759,0.5493226671575976,0.6819183261929194,0.8145139852282411,0.965950353268064,0.9494209986378962,0.9204779871095543,0.8915349755812124,0.8625919640528705,0.8336489525245286,0.8047059409961868,0.6721102819608651,0.5395146229255434,0.40691896389022164,0.27432330485489986
2349,0.10407025709033581,0.11806860573895996,0.14257980870966933,0.16709101168037868,0.19160221465108804,0.2161134176217974,0.24062462059250678,0.3529169820306787,0.4652093434688507,0.5775017049070227,0.6897940663451948,0.756275578156249,0.7422772295076249,0.7177660265369155,0.6932548235662062,0.6687436205954969,0.6442324176247876,0.6197212146540781,0.5074288532159061,0.3951364917777342,0.2828441303395622,0.17055176890139007
2350,0.09174496304809825,0.10408545316899447,0.1256937346673304,0.14730201616566632,0.16891029766400223,0.19051857916233816,0.21212686066067407,0.3111201642112374,0.4101134677618008,0.5091067713123641,0.6081000748629275,0.6380177307790044,0.6256772406581081,0.6040689591597722,0.5824606776614363,0.5608523961631003,0.5392441146647644,0.5176358331664285,0.4186425296158651,0.3196492260653017,0.22065592251473837,0.12166261896417502
2351,0.0756798511426919,0.0858594449247251,0.10368398234795255,0.12150851977117999,0.13933305719440744,0.15715759461763487,0.17498213204086233,0.2566410943198301,0.33830005659879786,0.4199590188777657,0.5016179811567335,0.5589042903878931,0.54872469660586,0.5309001591826326,0.5130756217594051,0.4952510843361777,0.4774265469129503,0.45960200948972285,0.37794304721075506,0.2962840849317873,0.21462512265281947,0.13296616037385167
2352,0.031367184720614005,0.03558634204876214,0.04297411500909338,0.050361887969424625,0.057749660929755864,0.0651374338900871,0.07252520685041834,0.10637056615310214,0.14021592545578596,0.17406128475846977,0.20790664406115364,0.38513873965896495,0.3809195823308168,0.3735318093704856,0.36614403641015436,0.35875626344982314,0.3513684904894919,0.3439807175291607,0.3101353582264769,0.27628999892379313,0.24244463962110932,0.20859928031842545
2353,0.027541528392130105,0.031246101893993974,0.037732835101129916,0.04421956830826585,0.05070630151540179,0.057193034722537735,0.06367976792967367,0.09339722368731823,0.1231146794449628,0.15283213520260736,0.18254959096025195,0.2947264391013124,0.29102186559944854,0.2845351323923126,0.27804839918517665,0.2715616659780407,0.26507493277090477,0.25858819956376883,0.22887074380612427,0.1991532880484797,0.16943583229083514,0.13971837653319055
2354,0.021214760756460276,0.024068329353953997,0.029064947229369295,0.03406156510478459,0.03905818298019989,0.04405480085561519,0.049051418731030486,0.07194225852804301,0.09483309832505553,0.11772393812206808,0.1406147779190806,0.2196416620198345,0.2167880934223408,0.21179147554692548,0.20679485767151018,0.20179823979609487,0.19680162192067957,0.19180500404526427,0.16891416424825173,0.14602332445123922,0.12313248465422667,0.10024164485721414
2355,0.017379901386824617,0.01971764826949346,0.023811058840523276,0.02790446941155309,0.03199787998258291,0.03609129055361272,0.04018470112464254,0.058937707246218926,0.07769071336779533,0.09644371948937172,0.11519672561094813,0.1725522635160582,0.17021451663338938,0.16612110606235955,0.16202769549132973,0.1579342849202999,0.15384087434927007,0.14974746377824025,0.13099445765666387,0.11224145153508747,0.09348844541351108,0.07473543929193467
2356,0.018861538995962508,0.02139857893702769,0.025840952998510806,0.030283327059993915,0.03472570112147703,0.03916807518296014,0.04361044924444325,0.0639621502340575,0.08431385122367176,0.10466555221328604,0.1250172532029003,0.16219714722554288,0.1596601072844777,0.15521773322299456,0.15077535916151147,0.14633298510002835,0.14189061103854522,0.1374482369770621,0.11709653598744785,0.0967448349978336,0.07639313400821932,0.05604143301860505
2357,0.06031042844298219,0.06842270209442457,0.08262734801485494,0.09683199393528533,0.1110366398557157,0.1252412857761461,0.1394459316965765,0.20452120506052845,0.2695964784244804,0.33467175178843245,0.39974702515238447,0.4566317751531136,0.4485195015016712,0.43431485558124083,0.4201102096608105,0.4059055637403801,0.3917009178199497,0.3774962718995193,0.3124209985355673,0.24734572517161535,0.18227045180766333,0.1171951784437113
2358,0.30895518501738617,0.35051232648691727,0.4232791617051753,0.4960459969234333,0.5688128321416914,0.6415796673599494,0.7143465025782075,1.0477107919933368,1.3810750814084662,1.7144393708235957,2.0478036602387255,2.1024107163262697,2.0608535748567385,1.9880867396384805,1.9153199044202225,1.8425530692019643,1.7697862339837063,1.6970193987654483,1.363655109350319,1.0302908199351897,0.6969265305200603,0.3635622411049304
2359,1.1612949269476076,1.3174991271273024,1.5910137359992662,1.8645283448712298,2.1380429537431938,2.4115575626151577,2.685072171487121,3.9381155800368046,5.191158988586489,6.444202397136173,7.697245805685856,8.797592590406415,8.64138839022672,8.367873781354756,8.094359172482793,7.820844563610829,7.547329954738865,7.273815345866902,6.020771937317218,4.767728528767535,3.514685120217851,2.261641711668167
2360,2.8365400828547638,3.218079229059924,3.8861568494030205,4.554234469746118,5.222312090089215,5.890389710432311,6.558467330775408,9.61910918103339,12.679751031291374,15.74039288154936,18.801034731807345,21.40384848736475,21.02230934115959,20.354231720816493,19.686154100473395,19.018076480130297,18.3499988597872,17.6819212394441,14.621279389186117,11.560637538928134,8.499995688670149,5.439353838412163
2361,4.187241305649756,4.750461435119857,5.736663683482037,6.722865931844216,7.709068180206397,8.695270428568575,9.681472676930756,14.199528337297998,18.717583997665233,23.23563965803248,27.75369531839972,32.29130966000392,31.72808953053382,30.74188728217164,29.75568503380946,28.76948278544728,27.7832805370851,26.797078288722922,22.27902262835568,17.760966967988445,13.242911307621199,8.724855647253957
2362,4.1224380187469025,4.6769415462886,5.647880965838258,6.618820385387915,7.5897598049375725,8.56069922448723,9.53163864403689,13.979771212843394,18.427903781649896,22.876036350456406,27.324168919262913,32.91035711924829,32.35585359170659,31.384914172156932,30.413974752607274,29.443035333057615,28.472095913507957,27.501156493958298,23.053023925151795,18.60489135634529,14.15675878753878,9.708626218732274
2363,3.351595880008395,3.8024144805325077,4.591800893015079,5.381187305497649,6.170573717980221,6.959960130462791,7.7493465429453625,11.365736340329079,14.982126137712793,18.59851593509651,22.21490573248023,27.356769827551037,26.905951227026925,26.116564814544354,25.327178402061783,24.537791989579212,23.74840557709664,22.95901916461407,19.34262936723035,15.726239569846637,12.109849772462919,8.493459975079201
2364,2.9910124143164416,3.3933294236000933,4.097789222441407,4.80224902128272,5.506708820124034,6.211168618965348,6.915628417806662,10.142946736074473,13.370265054342282,16.597583372610092,19.82490169087791,24.2284335048095,23.82611649552585,23.121656696684536,22.417196897843223,21.71273709900191,21.008277300160596,20.303817501319283,17.076499183051475,13.849180864783666,10.621862546515855,7.394544228248039
2365,2.7047846416677372,3.0686015427890947,3.7056473923676854,4.342693241946275,4.979739091524866,5.6167849411034565,6.253830790682048,9.172307818474215,12.090784846266383,15.009261874058554,17.92773890185072,22.802692522038395,22.438875620917038,21.801829771338447,21.164783921759856,20.527738072181265,19.890692222602674,19.253646373024083,16.335169345231915,13.416692317439747,10.498215289647575,7.579738261855409
2366,2.20733046474823,2.5042354815337093,3.0241181699939683,3.544000858454227,4.063883546914486,4.583766235374744,5.103648923835004,7.485370246439614,9.867091569044224,12.248812891648836,14.630534214253444,19.724931122724897,19.428026105939416,18.908143417479156,18.388260729018896,17.868378040558635,17.348495352098375,16.828612663638115,14.446891341033504,12.065170018428894,9.683448695824282,7.3017273732196735
2367,1.677916042855984,1.903610246250039,2.298802319798513,2.693994393346985,3.0891864668954585,3.484378540443932,3.879570613992405,5.690050956937462,7.500531299882518,9.311011642827577,11.121491985772634,14.871256559632515,14.645562356238461,14.250370282689987,13.855178209141515,13.459986135593041,13.064794062044568,12.669601988496094,10.859121645551037,9.04864130260598,7.238160959660921,5.427680616715864
2368,1.1172675321315855,1.2675496673528908,1.5306947005095728,1.7938397336662546,2.0569847668229366,2.3201297999796187,2.583274833136301,3.7888124482913326,4.9943500634463645,6.199887678601396,7.405425293756428,10.033161309414842,9.882879174193537,9.619734141036854,9.356589107880172,9.09344407472349,8.830299041566807,8.567154008410125,7.361616393255093,6.156078778100062,4.95054116294503,3.745003547789998
2369,0.6682540838903488,0.7581400312657272,0.9155309318380566,1.0729218324103855,1.2303127329827148,1.3877036335550441,1.5450945341273732,2.2661442482220826,2.987193962316792,3.7082436764115014,4.429293390506211,6.0734388854665,5.983552938091121,5.826162037518792,5.668771136946463,5.5113802363741335,5.3539893358018045,5.196598435229475,4.475548721134766,3.7544990070400566,3.033449292945347,2.3123995788506377
2370,0.4397550001969972,0.4989058467966161,0.6024793784527985,0.7060529101089809,0.8096264417651632,0.9131999734213457,1.016773505077528,1.4912714914090162,1.9657694777405041,2.4402674640719924,2.9147654504034803,3.6846018562989733,3.625451009699354,3.5218774780431716,3.418303946386989,3.314730414730807,3.2111568830746244,3.1075833514184423,2.633085365086954,2.158587378755466,1.6840893924239777,1.2095914060924897
2371,0.286284866305672,0.32479265405806435,0.39222005033488544,0.4596474466117065,0.5270748428885276,0.5945022391653487,0.6619296354421698,0.9708325302776295,1.2797354251130895,1.5886383199485492,1.8975412147840094,2.22844041223525,2.1899326244828576,2.1225052282060366,2.0550778319292156,1.9876504356523945,1.9202230393755735,1.8527956430987524,1.5438927482632927,1.2349898534278327,0.926086958592373,0.6171840637569128
2372,0.1600000684787465,0.18152145994052682,0.21920556165659857,0.25688966337267033,0.2945737650887421,0.33225786680481384,0.3699419685208856,0.5425828942000834,0.7152238198792811,0.887864745558479,1.0605056712376768,1.3303544742870113,1.308833082825231,1.2711489811091592,1.2334648793930874,1.1957807776770155,1.1580966759609437,1.1204125742448718,0.947771648565674,0.7751307228864763,0.6024897972072784,0.4298488715280806
2373,0.0966650333943288,0.10966731548161278,0.1324343991801003,0.15520148287858784,0.17796856657707538,0.20073565027556292,0.2235027339740505,0.3278048196211218,0.432106905268193,0.5364089909152644,0.6407110765623357,0.8750441895076194,0.8620419074203355,0.8392748237218479,0.8165077400233604,0.7937406563248728,0.7709735726263852,0.7482064889278977,0.6439044032808263,0.5396023176337551,0.4353002319866837,0.3309981463396124
2374,0.060485888935644626,0.06862176353916513,0.08286773488598757,0.09711370623281,0.11135967757963244,0.1256056489264549,0.13985162027327736,0.2051162164429092,0.27038081261254104,0.33564540878217297,0.40091000495180484,0.6530761972950729,0.6449403226915524,0.63069435134473,0.6164483799979075,0.602202408651085,0.5879564373042625,0.57371046595744,0.5084458697878081,0.4431812736181763,0.37791667744854435,0.3126520812789125
2375,0.04326251605801909,0.04908169821561838,0.059271125452270715,0.06946055268892304,0.07964997992557539,0.08983940716222773,0.10002883439888008,0.1467093195416705,0.19338980468446088,0.24007028982725132,0.28675077497004176,0.499578441059629,0.4937592589020297,0.48356983166537737,0.47338040442872503,0.4631909771920727,0.45300154995542036,0.442812122718768,0.3961316375759776,0.3494511524331872,0.30277066729039676,0.2560901821476063
2376,0.031367184720614005,0.03558634204876214,0.04297411500909338,0.050361887969424625,0.057749660929755864,0.0651374338900871,0.07252520685041834,0.10637056615310214,0.14021592545578596,0.17406128475846977,0.20790664406115364,0.38513873965896495,0.3809195823308168,0.3735318093704856,0.36614403641015436,0.35875626344982314,0.3513684904894919,0.3439807175291607,0.3101353582264769,0.27628999892379313,0.24244463962110932,0.20859928031842545
2377,0.027541528392130105,0.031246101893993974,0.037732835101129916,0.04421956830826585,0.05070630151540179,0.057193034722537735,0.06367976792967367,0.09339722368731823,0.1231146794449628,0.15283213520260736,0.18254959096025195,0.2947264391013124,0.29102186559944854,0.2845351323923126,0.27804839918517665,0.2715616659780407,0.26507493277090477,0.25858819956376883,0.22887074380612427,0.1991532880484797,0.16943583229083514,0.13971837653319055
2378,0.021214760756460276,0.024068329353953997,0.029064947229369295,0.03406156510478459,0.03905818298019989,0.04405480085561519,0.049051418731030486,0.07194225852804301,0.09483309832505553,0.11772393812206808,0.1406147779190806,0.2196416620198345,0.2167880934223408,0.21179147554692548,0.20679485767151018,0.20179823979609487,0.19680162192067957,0.19180500404526427,0.16891416424825173,0.14602332445123922,0.12313248465422667,0.10024164485721414
2379,0.017379901386824617,0.01971764826949346,0.023811058840523276,0.02790446941155309,0.03199787998258291,0.03609129055361272,0.04018470112464254,0.058937707246218926,0.07769071336779533,0.09644371948937172,0.11519672561094813,0.1725522635160582,0.17021451663338938,0.16612110606235955,0.16202769549132973,0.1579342849202999,0.15384087434927007,0.14974746377824025,0.13099445765666387,0.11224145153508747,0.09348844541351108,0.07473543929193467
2380,0.018861538995962508,0.02139857893702769,0.025840952998510806,0.030283327059993915,0.03472570112147703,0.03916807518296014,0.04361044924444325,0.0639621502340575,0.08431385122367176,0.10466555221328604,0.1250172532029003,0.16219714722554288,0.1596601072844777,0.15521773322299456,0.15077535916151147,0.14633298510002835,0.14189061103854522,0.1374482369770621,0.11709653598744785,0.0967448349978336,0.07639313400821932,0.05604143301860505
2381,0.06031042844298219,0.06842270209442457,0.08262734801485494,0.09683199393528533,0.1110366398557157,0.1252412857761461,0.1394459316965765,0.20452120506052845,0.2695964784244804,0.33467175178843245,0.39974702515238447,0.4566317751531136,0.4485195015016712,0.43431485558124083,0.4201102096608105,0.4059055637403801,0.3917009178199497,0.3774962718995193,0.3124209985355673,0.24734572517161535,0.18227045180766333,0.1171951784437113
2382,0.30895518501738617,0.35051232648691727,0.4232791617051753,0.4960459969234333,0.5688128321416914,0.6415796673599494,0.7143465025782075,1.0477107919933368,1.3810750814084662,1.7144393708235957,2.0478036602387255,2.1024107163262697,2.0608535748567385,1.9880867396384805,1.9153199044202225,1.8425530692019643,1.7697862339837063,1.6970193987654483,1.363655109350319,1.0302908199351897,0.6969265305200603,0.3635622411049304
2383,1.1612949269476076,1.3174991271273024,1.5910137359992662,1.8645283448712298,2.1380429537431938,2.4115575626151577,2.685072171487121,3.9381155800368046,5.191158988586489,6.444202397136173,7.697245805685856,8.797592590406415,8.64138839022672,8.367873781354756,8.094359172482793,7.820844563610829,7.547329954738865,7.273815345866902,6.020771937317218,4.767728528767535,3.514685120217851,2.261641711668167
2384,2.8365400828547638,3.218079229059924,3.8861568494030205,4.554234469746118,5.222312090089215,5.890389710432311,6.558467330775408,9.61910918103339,12.679751031291374,15.74039288154936,18.801034731807345,21.40384848736475,21.02230934115959,20.354231720816493,19.686154100473395,19.018076480130297,18.3499988597872,17.6819212394441,14.621279389186117,11.560637538928134,8.499995688670149,5.439353838412163
2385,4.187241305649756,4.750461435119857,5.736663683482037,6.722865931844216,7.709068180206397,8.695270428568575,9.681472676930756,14.199528337297998,18.717583997665233,23.23563965803248,27.75369531839972,32.29130966000392,31.72808953053382,30.74188728217164,29.75568503380946,28.76948278544728,27.7832805370851,26.797078288722922,22.27902262835568,17.760966967988445,13.242911307621199,8.724855647253957
2386,4.1224380187469025,4.6769415462886,5.647880965838258,6.618820385387915,7.5897598049375725,8.56069922448723,9.53163864403689,13.979771212843394,18.427903781649896,22.876036350456406,27.324168919262913,32.91035711924829,32.35585359170659,31.384914172156932,30.413974752607274,29.443035333057615,28.472095913507957,27.501156493958298,23.053023925151795,18.60489135634529,14.15675878753878,9.708626218732274
2387,3.351595880008395,3.8024144805325077,4.591800893015079,5.381187305497649,6.170573717980221,6.959960130462791,7.7493465429453625,11.365736340329079,14.982126137712793,18.59851593509651,22.21490573248023,27.356769827551037,26.905951227026925,26.116564814544354,25.327178402061783,24.537791989579212,23.74840557709664,22.95901916461407,19.34262936723035,15.726239569846637,12.109849772462919,8.493459975079201
2388,2.9910124143164416,3.3933294236000933,4.097789222441407,4.80224902128272,5.506708820124034,6.211168618965348,6.915628417806662,10.142946736074473,13.370265054342282,16.597583372610092,19.82490169087791,24.2284335048095,23.82611649552585,23.121656696684536,22.417196897843223,21.71273709900191,21.008277300160596,20.303817501319283,17.076499183051475,13.849180864783666,10.621862546515855,7.394544228248039
2389,2.7047846416677372,3.0686015427890947,3.7056473923676854,4.342693241946275,4.979739091524866,5.6167849411034565,6.253830790682048,9.172307818474215,12.090784846266383,15.009261874058554,17.92773890185072,22.802692522038395,22.438875620917038,21.801829771338447,21.164783921759856,20.527738072181265,19.890692222602674,19.253646373024083,16.335169345231915,13.416692317439747,10.498215289647575,7.579738261855409
2390,2.20733046474823,2.5042354815337093,3.0241181699939683,3.544000858454227,4.063883546914486,4.583766235374744,5.103648923835004,7.485370246439614,9.867091569044224,12.248812891648836,14.630534214253444,19.724931122724897,19.428026105939416,18.908143417479156,18.388260729018896,17.868378040558635,17.348495352098375,16.828612663638115,14.446891341033504,12.065170018428894,9.683448695824282,7.3017273732196735
2391,1.677916042855984,1.903610246250039,2.298802319798513,2.693994393346985,3.0891864668954585,3.484378540443932,3.879570613992405,5.690050956937462,7.500531299882518,9.311011642827577,11.121491985772634,14.871256559632515,14.645562356238461,14.250370282689987,13.855178209141515,13.459986135593041,13.064794062044568,12.669601988496094,10.859121645551037,9.04864130260598,7.238160959660921,5.427680616715864
2392,1.1172675321315855,1.2675496673528908,1.5306947005095728,1.7938397336662546,2.0569847668229366,2.3201297999796187,2.583274833136301,3.7888124482913326,4.9943500634463645,6.199887678601396,7.405425293756428,10.033161309414842,9.882879174193537,9.619734141036854,9.356589107880172,9.09344407472349,8.830299041566807,8.567154008410125,7.361616393255093,6.156078778100062,4.95054116294503,3.745003547789998
2393,0.6682540838903488,0.7581400312657272,0.9155309318380566,1.0729218324103855,1.2303127329827148,1.3877036335550441,1.5450945341273732,2.2661442482220826,2.987193962316792,3.7082436764115014,4.429293390506211,6.0734388854665,5.983552938091121,5.826162037518792,5.668771136946463,5.5113802363741335,5.3539893358018045,5.196598435229475,4.475548721134766,3.7544990070400566,3.033449292945347,2.3123995788506377
2394,0.4397550001969972,0.4989058467966161,0.6024793784527985,0.7060529101089809,0.8096264417651632,0.9131999734213457,1.016773505077528,1.4912714914090162,1.9657694777405041,2.4402674640719924,2.9147654504034803,3.6846018562989733,3.625451009699354,3.5218774780431716,3.418303946386989,3.314730414730807,3.2111568830746244,3.1075833514184423,2.633085365086954,2.158587378755466,1.6840893924239777,1.2095914060924897
2395,0.286284866305672,0.32479265405806435,0.39222005033488544,0.4596474466117065,0.5270748428885276,0.5945022391653487,0.6619296354421698,0.9708325302776295,1.2797354251130895,1.5886383199485492,1.8975412147840094,2.22844041223525,2.1899326244828576,2.1225052282060366,2.0550778319292156,1.9876504356523945,1.9202230393755735,1.8527956430987524,1.5438927482632927,1.2349898534278327,0.926086958592373,0.6171840637569128
2396,0.1600000684787465,0.18152145994052682,0.21920556165659857,0.25688966337267033,0.2945737650887421,0.33225786680481384,0.3699419685208856,0.5425828942000834,0.7152238198792811,0.887864745558479,1.0605056712376768,1.3303544742870113,1.308833082825231,1.2711489811091592,1.2334648793930874,1.1957807776770155,1.1580966759609437,1.1204125742448718,0.947771648565674,0.7751307228864763,0.6024897972072784,0.4298488715280806
2397,0.0966650333943288,0.10966731548161278,0.1324343991801003,0.15520148287858784,0.17796856657707538,0.20073565027556292,0.2235027339740505,0.3278048196211218,0.432106905268193,0.5364089909152644,0.6407110765623357,0.8750441895076194,0.8620419074203355,0.8392748237218479,0.8165077400233604,0.7937406563248728,0.7709735726263852,0.7482064889278977,0.6439044032808263,0.5396023176337551,0.4353002319866837,0.3309981463396124
2398,0.060485888935644626,0.06862176353916513,0.08286773488598757,0.09711370623281,0.11135967757963244,0.1256056489264549,0.13985162027327736,0.2051162164429092,0.27038081261254104,0.33564540878217297,0.40091000495180484,0.6530761972950729,0.6449403226915524,0.63069435134473,0.6164483799979075,0.602202408651085,0.5879564373042625,0.57371046595744,0.5084458697878081,0.4431812736181763,0.37791667744854435,0.3126520812789125
2399,0.04326251605801909,0.04908169821561838,0.059271125452270715,0.06946055268892304,0.07964997992557539,0.08983940716222773,0.10002883439888008,0.1467093195416705,0.19338980468446088,0.24007028982725132,0.28675077497004176,0.499578441059629,0.4937592589020297,0.48356983166537737,0.47338040442872503,0.4631909771920727,0.45300154995542036,0.442812122718768,0.3961316375759776,0.3494511524331872,0.30277066729039676,0.2560901821476063
2400,0.031367184720614005,0.03558634204876214,0.04297411500909338,0.050361887969424625,0.057749660929755864,0.0651374338900871,0.07252520685041834,0.10637056615310214,0.14021592545578596,0.17406128475846977,0.20790664406115364,0.38513873965896495,0.3809195823308168,0.3735318093704856,0.36614403641015436,0.35875626344982314,0.3513684904894919,0.3439807175291607,0.3101353582264769,0.27628999892379313,0.24244463962110932,0.20859928031842545
2401,0.027541528392130105,0.031246101893993974,0.037732835101129916,0.04421956830826585,0.05070630151540179,0.057193034722537735,0.06367976792967367,0.09339722368731823,0.1231146794449628,0.15283213520260736,0.18254959096025195,0.2947264391013124,0.29102186559944854,0.2845351323923126,0.27804839918517665,0.2715616659780407,0.26507493277090477,0.25858819956376883,0.22887074380612427,0.1991532880484797,0.16943583229083514,0.13971837653319055
2402,0.021214760756460276,0.024068329353953997,0.029064947229369295,0.03406156510478459,0.03905818298019989,0.04405480085561519,0.049051418731030486,0.07194225852804301,0.09483309832505553,0.11772393812206808,0.1406147779190806,0.2196416620198345,0.2167880934223408,0.21179147554692548,0.20679485767151018,0.20179823979609487,0.19680162192067957,0.19180500404526427,0.16891416424825173,0.14602332445123922,0.12313248465422667,0.10024164485721414
2403,0.017379901386824617,0.01971764826949346,0.023811058840523276,0.02790446941155309,0.03199787998258291,0.03609129055361272,0.04018470112464254,0.058937707246218926,0.07769071336779533,0.09644371948937172,0.11519672561094813,0.1725522635160582,0.17021451663338938,0.16612110606235955,0.16202769549132973,0.1579342849202999,0.15384087434927007,0.14974746377824025,0.13099445765666387,0.11224145153508747,0.09348844541351108,0.07473543929193467
2404,0.018861538995962508,0.02139857893702769,0.025840952998510806,0.030283327059993915,0.03472570112147703,0.03916807518296014,0.04361044924444325,0.0639621502340575,0.08431385122367176,0.10466555221328604,0.1250172532029003,0.16219714722554288,0.1596601072844777,0.15521773322299456,0.15077535916151147,0.14633298510002835,0.14189061103854522,0.1374482369770621,0.11709653598744785,0.0967448349978336,0.07639313400821932,0.05604143301860505
2405,0.06031042844298219,0.06842270209442457,0.08262734801485494,0.09683199393528533,0.1110366398557157,0.1252412857761461,0.1394459316965765,0.20452120506052845,0.2695964784244804,0.33467175178843245,0.39974702515238447,0.4566317751531136,0.4485195015016712,0.43431485558124083,0.4201102096608105,0.4059055637403801,0.3917009178199497,0.3774962718995193,0.3124209985355673,0.24734572517161535,0.18227045180766333,0.1171951784437113
2406,0.30895518501738617,0.35051232648691727,0.4232791617051753,0.4960459969234333,0.5688128321416914,0.6415796673599494,0.7143465025782075,1.0477107919933368,1.3810750814084662,1.7144393708235957,2.0478036602387255,2.1024107163262697,2.0608535748567385,1.9880867396384805,1.9153199044202225,1.8425530692019643,1.7697862339837063,1.6970193987654483,1.363655109350319,1.0302908199351897,0.6969265305200603,0.3635622411049304
2407,1.1612949269476076,1.3174991271273024,1.5910137359992662,1.8645283448712298,2.1380429537431938,2.4115575626151577,2.685072171487121,3.9381155800368046,5.191158988586489,6.444202397136173,7.697245805685856,8.797592590406415,8.64138839022672,8.367873781354756,8.094359172482793,7.820844563610829,7.547329954738865,7.273815345866902,6.020771937317218,4.767728528767535,3.514685120217851,2.261641711668167
2408,2.8365400828547638,3.218079229059924,3.8861568494030205,4.554234469746118,5.222312090089215,5.890389710432311,6.558467330775408,9.61910918103339,12.679751031291374,15.74039288154936,18.801034731807345,21.40384848736475,21.02230934115959,20.354231720816493,19.686154100473395,19.018076480130297,18.3499988597872,17.6819212394441,14.621279389186117,11.560637538928134,8.499995688670149,5.439353838412163
2409,4.187241305649756,4.750461435119857,5.736663683482037,6.722865931844216,7.709068180206397,8.695270428568575,9.681472676930756,14.199528337297998,18.717583997665233,23.23563965803248,27.75369531839972,32.29130966000392,31.72808953053382,30.74188728217164,29.75568503380946,28.76948278544728,27.7832805370851,26.797078288722922,22.27902262835568,17.760966967988445,13.242911307621199,8.724855647253957
2410,4.1224380187469025,4.6769415462886,5.647880965838258,6.618820385387915,7.5897598049375725,8.56069922448723,9.53163864403689,13.979771212843394,18.427903781649896,22.876036350456406,27.324168919262913,32.91035711924829,32.35585359170659,31.384914172156932,30.413974752607274,29.443035333057615,28.472095913507957,27.501156493958298,23.053023925151795,18.60489135634529,14.15675878753878,9.708626218732274
2411,3.351595880008395,3.8024144805325077,4.591800893015079,5.381187305497649,6.170573717980221,6.959960130462791,7.7493465429453625,11.365736340329079,14.982126137712793,18.59851593509651,22.21490573248023,27.356769827551037,26.905951227026925,26.116564814544354,25.327178402061783,24.537791989579212,23.74840557709664,22.95901916461407,19.34262936723035,15.726239569846637,12.109849772462919,8.493459975079201
2412,2.9910124143164416,3.3933294236000933,4.097789222441407,4.80224902128272,5.506708820124034,6.211168618965348,6.915628417806662,10.142946736074473,13.370265054342282,16.597583372610092,19.82490169087791,24.2284335048095,23.82611649552585,23.121656696684536,22.417196897843223,21.71273709900191,21.008277300160596,20.303817501319283,17.076499183051475,13.849180864783666,10.621862546515855,7.394544228248039
2413,2.7047846416677372,3.0686015427890947,3.7056473923676854,4.342693241946275,4.979739091524866,5.6167849411034565,6.253830790682048,9.172307818474215,12.090784846266383,15.009261874058554,17.92773890185072,22.802692522038395,22.438875620917038,21.801829771338447,21.164783921759856,20.527738072181265,19.890692222602674,19.253646373024083,16.335169345231915,13.416692317439747,10.498215289647575,7.579738261855409
2414,2.20733046474823,2.5042354815337093,3.0241181699939683,3.544000858454227,4.063883546914486,4.583766235374744,5.103648923835004,7.485370246439614,9.867091569044224,12.248812891648836,14.630534214253444,19.724931122724897,19.428026105939416,18.908143417479156,18.388260729018896,17.868378040558635,17.348495352098375,16.828612663638115,14.446891341033504,12.065170018428894,9.683448695824282,7.3017273732196735
2415,1.677916042855984,1.903610246250039,2.298802319798513,2.693994393346985,3.0891864668954585,3.484378540443932,3.879570613992405,5.690050956937462,7.500531299882518,9.311011642827577,11.121491985772634,14.871256559632515,14.645562356238461,14.250370282689987,13.855178209141515,13.459986135593041,13.064794062044568,12.669601988496094,10.859121645551037,9.04864130260598,7.238160959660921,5.427680616715864
2416,1.1172675321315855,1.2675496673528908,1.5306947005095728,1.7938397336662546,2.0569847668229366,2.3201297999796187,2.583274833136301,3.7888124482913326,4.9943500634463645,6.199887678601396,7.405425293756428,10.033161309414842,9.882879174193537,9.619734141036854,9.356589107880172,9.09344407472349,8.830299041566807,8.567154008410125,7.361616393255093,6.156078778100062,4.95054116294503,3.745003547789998
2417,0.6682540838903488,0.7581400312657272,0.9155309318380566,1.0729218324103855,1.2303127329827148,1.3877036335550441,1.5450945341273732,2.2661442482220826,2.987193962316792,3.7082436764115014,4.429293390506211,6.0734388854665,5.983552938091121,5.826162037518792,5.668771136946463,5.5113802363741335,5.3539893358018045,5.196598435229475,4.475548721134766,3.7544990070400566,3.033449292945347,2.3123995788506377
2418,0.4397550001969972,0.4989058467966161,0.6024793784527985,0.7060529101089809,0.8096264417651632,0.9131999734213457,1.016773505077528,1.4912714914090162,1.9657694777405041,2.4402674640719924,2.9147654504034803,3.6846018562989733,3.625451009699354,3.5218774780431716,3.418303946386989,3.314730414730807,3.2111568830746244,3.1075833514184423,2.633085365086954,2.158587378755466,1.6840893924239777,1.2095914060924897
2419,0.286284866305672,0.32479265405806435,0.39222005033488544,0.4596474466117065,0.5270748428885276,0.5945022391653487,0.6619296354421698,0.9708325302776295,1.2797354251130895,1.5886383199485492,1.8975412147840094,2.22844041223525,2.1899326244828576,2.1225052282060366,2.0550778319292156,1.9876504356523945,1.9202230393755735,1.8527956430987524,1.5438927482632927,1.2349898534278327,0.926086958592373,0.6171840637569128
2420,0.1600000684787465,0.18152145994052682,0.21920556165659857,0.25688966337267033,0.2945737650887421,0.33225786680481384,0.3699419685208856,0.5425828942000834,0.7152238198792811,0.887864745558479,1.0605056712376768,1.3303544742870113,1.308833082825231,1.2711489811091592,1.2334648793930874,1.1957807776770155,1.1580966759609437,1.1204125742448718,0.947771648565674,0.7751307228864763,0.6024897972072784,0.4298488715280806
2421,0.0966650333943288,0.10966731548161278,0.1324343991801003,0.15520148287858784,0.17796856657707538,0.20073565027556292,0.2235027339740505,0.3278048196211218,0.432106905268193,0.5364089909152644,0.6407110765623357,0.8750441895076194,0.8620419074203355,0.8392748237218479,0.8165077400233604,0.7937406563248728,0.7709735726263852,0.7482064889278977,0.6439044032808263,0.5396023176337551,0.4353002319866837,0.3309981463396124
2422,0.060485888935644626,0.06862176353916513,0.08286773488598757,0.09711370623281,0.11135967757963244,0.1256056489264549,0.13985162027327736,0.2051162164429092,0.27038081261254104,0.33564540878217297,0.40091000495180484,0.6530761972950729,0.6449403226915524,0.63069435134473,0.6164483799979075,0.602202408651085,0.5879564373042625,0.57371046595744,0.5084458697878081,0.4431812736181763,0.37791667744854435,0.3126520812789125
2423,0.04326251605801909,0.04908169821561838,0.059271125452270715,0.06946055268892304,0.07964997992557539,0.08983940716222773,0.10002883439888008,0.1467093195416705,0.19338980468446088,0.24007028982725132,0.28675077497004176,0.499578441059629,0.4937592589020297,0.48356983166537737,0.47338040442872503,0.4631909771920727,0.45300154995542036,0.442812122718768,0.3961316375759776,0.3494511524331872,0.30277066729039676,0.2560901821476063
2424,0.031367184720614005,0.03558634204876214,0.04297411500909338,0.050361887969424625,0.057749660929755864,0.0651374338900871,0.07252520685041834,0.10637056615310214,0.14021592545578596,0.17406128475846977,0.20790664406115364,0.38513873965896495,0.3809195823308168,0.3735318093704856,0.36614403641015436,0.35875626344982314,0.3513684904894919,0.3439807175291607,0.3101353582264769,0.27628999892379313,0.24244463962110932,0.20859928031842545
2425,0.027541528392130105,0.031246101893993974,0.037732835101129916,0.04421956830826585,0.05070630151540179,0.057193034722537735,0.06367976792967367,0.09339722368731823,0.1231146794449628,0.15283213520260736,0.18254959096025195,0.2947264391013124,0.29102186559944854,0.2845351323923126,0.27804839918517665,0.2715616659780407,0.26507493277090477,0.25858819956376883,0.22887074380612427,0.1991532880484797,0.16943583229083514,0.13971837653319055
2426,0.021214760756460276,0.024068329353953997,0.029064947229369295,0.03406156510478459,0.03905818298019989,0.04405480085561519,0.049051418731030486,0.07194225852804301,0.09483309832505553,0.11772393812206808,0.1406147779190806,0.2196416620198345,0.2167880934223408,0.21179147554692548,0.20679485767151018,0.20179823979609487,0.19680162192067957,0.19180500404526427,0.16891416424825173,0.14602332445123922,0.12313248465422667,0.10024164485721414
2427,0.017379901386824617,0.01971764826949346,0.023811058840523276,0.02790446941155309,0.03199787998258291,0.03609129055361272,0.04018470112464254,0.058937707246218926,0.07769071336779533,0.09644371948937172,0.11519672561094813,0.1725522635160582,0.17021451663338938,0.16612110606235955,0.16202769549132973,0.1579342849202999,0.15384087434927007,0.14974746377824025,0.13099445765666387,0.11224145153508747,0.09348844541351108,0.07473543929193467
2428,0.018861538995962508,0.02139857893702769,0.025840952998510806,0.030283327059993915,0.03472570112147703,0.03916807518296014,0.04361044924444325,0.0639621502340575,0.08431385122367176,0.10466555221328604,0.1250172532029003,0.16219714722554288,0.1596601072844777,0.15521773322299456,0.15077535916151147,0.14633298510002835,0.14189061103854522,0.1374482369770621,0.11709653598744785,0.0967448349978336,0.07639313400821932,0.05604143301860505
2429,0.06031042844298219,0.06842270209442457,0.08262734801485494,0.09683199393528533,0.1110366398557157,0.1252412857761461,0.1394459316965765,0.20452120506052845,0.2695964784244804,0.33467175178843245,0.39974702515238447,0.4566317751531136,0.4485195015016712,0.43431485558124083,0.4201102096608105,0.4059055637403801,0.3917009178199497,0.3774962718995193,0.3124209985355673,0.24734572517161535,0.18227045180766333,0.1171951784437113
2430,0.30895518501738617,0.35051232648691727,0.4232791617051753,0.4960459969234333,0.5688128321416914,0.6415796673599494,0.7143465025782075,1.0477107919933368,1.3810750814084662,1.7144393708235957,2.0478036602387255,2.1024107163262697,2.0608535748567385,1.9880867396384805,1.9153199044202225,1.8425530692019643,1.7697862339837063,1.6970193987654483,1.363655109350319,1.0302908199351897,0.6969265305200603,0.3635622411049304
2431,1.1612949269476076,1.3174991271273024,1.5910137359992662,1.8645283448712298,2.1380429537431938,2.4115575626151577,2.685072171487121,3.9381155800368046,5.191158988586489,6.444202397136173,7.697245805685856,8.797592590406415,8.64138839022672,8.367873781354756,8.094359172482793,7.820844563610829,7.547329954738865,7.273815345866902,6.020771937317218,4.767728528767535,3.514685120217851,2.261641711668167
2432,2.8365400828547638,3.218079229059924,3.8861568494030205,4.554234469746118,5.222312090089215,5.890389710432311,6.558467330775408,9.61910918103339,12.679751031291374,15.74039288154936,18.801034731807345,21.40384848736475,21.02230934115959,20.354231720816493,19.686154100473395,19.018076480130297,18.3499988597872,17.6819212394441,14.621279389186117,11.560637538928134,8.499995688670149,5.439353838412163
2433,4.187241305649756,4.750461435119857,5.736663683482037,6.722865931844216,7.709068180206397,8.695270428568575,9.681472676930756,14.199528337297998,18.717583997665233,23.23563965803248,27.75369531839972,32.29130966000392,31.72808953053382,30.74188728217164,29.75568503380946,28.76948278544728,27.7832805370851,26.797078288722922,22.27902262835568,17.760966967988445,13.242911307621199,8.724855647253957
2434,4.1224380187469025,4.6769415462886,5.647880965838258,6.618820385387915,7.5897598049375725,8.56069922448723,9.53163864403689,13.979771212843394,18.427903781649896,22.876036350456406,27.324168919262913,32.91035711924829,32.35585359170659,31.384914172156932,30.413974752607274,29.443035333057615,28.472095913507957,27.501156493958298,23.053023925151795,18.60489135634529,14.15675878753878,9.708626218732274
2435,3.351595880008395,3.8024144805325077,4.591800893015079,5.381187305497649,6.170573717980221,6.959960130462791,7.7493465429453625,11.365736340329079,14.982126137712793,18.59851593509651,22.21490573248023,27.356769827551037,26.905951227026925,26.116564814544354,25.327178402061783,24.537791989579212,23.74840557709664,22.95901916461407,19.34262936723035,15.726239569846637,12.109849772462919,8.493459975079201
2436,2.9910124143164416,3.3933294236000933,4.097789222441407,4.80224902128272,5.506708820124034,6.211168618965348,6.915628417806662,10.142946736074473,13.370265054342282,16.597583372610092,19.82490169087791,24.2284335048095,23.82611649552585,23.121656696684536,22.417196897843223,21.71273709900191,21.008277300160596,20.303817501319283,17.076499183051475,13.849180864783666,10.621862546515855,7.394544228248039
2437,2.7047846416677372,3.0686015427890947,3.7056473923676854,4.342693241946275,4.979739091524866,5.6167849411034565,6.253830790682048,9.172307818474215,12.090784846266383,15.009261874058554,17.92773890185072,22.802692522038395,22.438875620917038,21.801829771338447,21.164783921759856,20.527738072181265,19.890692222602674,19.253646373024083,16.335169345231915,13.416692317439747,10.498215289647575,7.579738261855409
2438,2.20733046474823,2.5042354815337093,3.0241181699939683,3.544000858454227,4.063883546914486,4.583766235374744,5.103648923835004,7.485370246439614,9.867091569044224,12.248812891648836,14.630534214253444,19.724931122724897,19.428026105939416,18.908143417479156,18.388260729018896,17.868378040558635,17.348495352098375,16.828612663638115,14.446891341033504,12.065170018428894,9.683448695824282,7.3017273732196735
2439,1.677916042855984,1.903610246250039,2.298802319798513,2.693994393346985,3.0891864668954585,3.484378540443932,3.879570613992405,5.690050956937462,7.500531299882518,9.311011642827577,11.121491985772634,14.871256559632515,14.645562356238461,14.250370282689987,13.855178209141515,13.459986135593041,13.064794062044568,12.669601988496094,10.859121645551037,9.04864130260598,7.238160959660921,5.427680616715864
2440,1.1172675321315855,1.2675496673528908,1.5306947005095728,1.7938397336662546,2.0569847668229366,2.3201297999796187,2.583274833136301,3.7888124482913326,4.9943500634463645,6.199887678601396,7.405425293756428,10.033161309414842,9.882879174193537,9.619734141036854,9.356589107880172,9.09344407472349,8.830299041566807,8.567154008410125,7.361616393255093,6.156078778100062,4.95054116294503,3.745003547789998
2441,0.6682540838903488,0.7581400312657272,0.9155309318380566,1.0729218324103855,1.2303127329827148,1.3877036335550441,1.5450945341273732,2.2661442482220826,2.987193962316792,3.7082436764115014,4.429293390506211,6.0734388854665,5.983552938091121,5.826162037518792,5.668771136946463,5.5113802363741335,5.3539893358018045,5.196598435229475,4.475548721134766,3.7544990070400566,3.033449292945347,2.3123995788506377
2442,0.4397550001969972,0.4989058467966161,0.6024793784527985,0.7060529101089809,0.8096264417651632,0.9131999734213457,1.016773505077528,1.4912714914090162,1.9657694777405041,2.4402674640719924,2.9147654504034803,3.6846018562989733,3.625451009699354,3.5218774780431716,3.418303946386989,3.314730414730807,3.2111568830746244,3.1075833514184423,2.633085365086954,2.158587378755466,1.6840893924239777,1.2095914060924897
2443,0.286284866305672,0.32479265405806435,0.39222005033488544,0.4596474466117065,0.5270748428885276,0.5945022391653487,0.6619296354421698,0.9708325302776295,1.2797354251130895,1.5886383199485492,1.8975412147840094,2.22844041223525,2.1899326244828576,2.1225052282060366,2.0550778319292156,1.9876504356523945,1.9202230393755735,1.8527956430987524,1.5438927482632927,1.2349898534278327,0.926086958592373,0.6171840637569128
2444,0.1600000684787465,0.18152145994052682,0.21920556165659857,0.25688966337267033,0.2945737650887421,0.33225786680481384,0.3699419685208856,0.5425828942000834,0.7152238198792811,0.887864745558479,1.0605056712376768,1.3303544742870113,1.308833082825231,1.2711489811091592,1.2334648793930874,1.1957807776770155,1.1580966759609437,1.1204125742448718,0.947771648565674,0.7751307228864763,0.6024897972072784,0.4298488715280806
2445,0.0966650333943288,0.10966731548161278,0.1324343991801003,0.15520148287858784,0.17796856657707538,0.20073565027556292,0.2235027339740505,0.3278048196211218,0.432106905268193,0.5364089909152644,0.6407110765623357,0.8750441895076194,0.8620419074203355,0.8392748237218479,0.8165077400233604,0.7937406563248728,0.7709735726263852,0.7482064889278977,0.6439044032808263,0.5396023176337551,0.4353002319866837,0.3309981463396124
2446,0.060485888935644626,0.06862176353916513,0.08286773488598757,0.09711370623281,0.11135967757963244,0.1256056489264549,0.13985162027327736,0.2051162164429092,0.27038081261254104,0.33564540878217297,0.40091000495180484,0.6530761972950729,0.6449403226915524,0.63069435134473,0.6164483799979075,0.602202408651085,0.5879564373042625,0.57371046595744,0.5084458697878081,0.4431812736181763,0.37791667744854435,0.3126520812789125
2447,0.04326251605801909,0.04908169821561838,0.059271125452270715,0.06946055268892304,0.07964997992557539,0.08983940716222773,0.10002883439888008,0.1467093195416705,0.19338980468446088,0.24007028982725132,0.28675077497004176,0.499578441059629,0.4937592589020297,0.48356983166537737,0.47338040442872503,0.4631909771920727,0.45300154995542036,0.442812122718768,0.3961316375759776,0.3494511524331872,0.30277066729039676,0.2560901821476063
2448,0.031367184720614005,0.03558634204876214,0.04297411500909338,0.050361887969424625,0.057749660929755864,0.0651374338900871,0.07252520685041834,0.10637056615310214,0.14021592545578596,0.17406128475846977,0.20790664406115364,0.38513873965896495,0.3809195823308168,0.3735318093704856,0.36614403641015436,0.35875626344982314,0.3513684904894919,0.3439807175291607,0.3101353582264769,0.27628999892379313,0.24244463962110932,0.20859928031842545
2449,0.027541528392130105,0.031246101893993974,0.037732835101129916,0.04421956830826585,0.05070630151540179,0.057193034722537735,0.06367976792967367,0.09339722368731823,0.1231146794449628,0.15283213520260736,0.18254959096025195,0.2947264391013124,0.29102186559944854,0.2845351323923126,0.27804839918517665,0.2715616659780407,0.26507493277090477,0.25858819956376883,0.22887074380612427,0.1991532880484797,0.16943583229083514,0.13971837653319055
2450,0.021214760756460276,0.024068329353953997,0.029064947229369295,0.03406156510478459,0.03905818298019989,0.04405480085561519,0.049051418731030486,0.07194225852804301,0.09483309832505553,0.11772393812206808,0.1406147779190806,0.2196416620198345,0.2167880934223408,0.21179147554692548,0.20679485767151018,0.20179823979609487,0.19680162192067957,0.19180500404526427,0.16891416424825173,0.14602332445123922,0.12313248465422667,0.10024164485721414
2451,0.017379901386824617,0.01971764826949346,0.023811058840523276,0.02790446941155309,0.03199787998258291,0.03609129055361272,0.04018470112464254,0.058937707246218926,0.07769071336779533,0.09644371948937172,0.11519672561094813,0.1725522635160582,0.17021451663338938,0.16612110606235955,0.16202769549132973,0.1579342849202999,0.15384087434927007,0.14974746377824025,0.13099445765666387,0.11224145153508747,0.09348844541351108,0.07473543929193467
2452,0.018861538995962508,0.02139857893702769,0.025840952998510806,0.030283327059993915,0.03472570112147703,0.03916807518296014,0.04361044924444325,0.0639621502340575,0.08431385122367176,0.10466555221328604,0.1250172532029003,0.16219714722554288,0.1596601072844777,0.15521773322299456,0.15077535916151147,0.14633298510002835,0.14189061103854522,0.1374482369770621,0.11709653598744785,0.0967448349978336,0.07639313400821932,0.05604143301860505
2453,0.06031042844298219,0.06842270209442457,0.08262734801485494,0.09683199393528533,0.1110366398557157,0.1252412857761461,0.1394459316965765,0.20452120506052845,0.2695964784244804,0.33467175178843245,0.39974702515238447,0.4566317751531136,0.4485195015016712,0.43431485558124083,0.4201102096608105,0.4059055637403801,0.3917009178199497,0.3774962718995193,0.3124209985355673,0.24734572517161535,0.18227045180766333,0.1171951784437113
2454,0.30895518501738617,0.35051232648691727,0.4232791617051753,0.4960459969234333,0.5688128321416914,0.6415796673599494,0.7143465025782075,1.0477107919933368,1.3810750814084662,1.7144393708235957,2.0478036602387255,2.1024107163262697,2.0608535748567385,1.9880867396384805,1.9153199044202225,1.8425530692019643,1.7697862339837063,1.6970193987654483,1.363655109350319,1.0302908199351897,0.6969265305200603,0.3635622411049304
2455,1.1612949269476076,1.3174991271273024,1.5910137359992662,1.8645283448712298,2.1380429537431938,2.4115575626151577,2.685072171487121,3.9381155800368046,5.191158988586489,6.444202397136173,7.697245805685856,8.797592590406415,8.64138839022672,8.367873781354756,8.094359172482793,7.820844563610829,7.547329954738865,7.273815345866902,6.020771937317218,4.767728528767535,3.514685120217851,2.261641711668167
2456,2.8365400828547638,3.218079229059924,3.8861568494030205,4.554234469746118,5.222312090089215,5.890389710432311,6.558467330775408,9.61910918103339,12.679751031291374,15.74039288154936,18.801034731807345,21.40384848736475,21.02230934115959,20.354231720816493,19.686154100473395,19.018076480130297,18.3499988597872,17.6819212394441,14.621279389186117,11.560637538928134,8.499995688670149,5.439353838412163
2457,4.187241305649756,4.750461435119857,5.736663683482037,6.722865931844216,7.709068180206397,8.695270428568575,9.681472676930756,14.199528337297998,18.717583997665233,23.23563965803248,27.75369531839972,32.29130966000392,31.72808953053382,30.74188728217164,29.75568503380946,28.76948278544728,27.7832805370851,26.797078288722922,22.27902262835568,17.760966967988445,13.242911307621199,8.724855647253957
2458,4.1224380187469025,4.6769415462886,5.647880965838258,6.618820385387915,7.5897598049375725,8.56069922448723,9.53163864403689,13.979771212843394,18.427903781649896,22.876036350456406,27.324168919262913,32.91035711924829,32.35585359170659,31.384914172156932,30.413974752607274,29.443035333057615,28.472095913507957,27.501156493958298,23.053023925151795,18.60489135634529,14.15675878753878,9.708626218732274
2459,3.351595880008395,3.8024144805325077,4.591800893015079,5.381187305497649,6.170573717980221,6.959960130462791,7.7493465429453625,11.365736340329079,14.982126137712793,18.59851593509651,22.21490573248023,27.356769827551037,26.905951227026925,26.116564814544354,25.327178402061783,24.537791989579212,23.74840557709664,22.95901916461407,19.34262936723035,15.726239569846637,12.109849772462919,8.493459975079201
2460,2.9910124143164416,3.3933294236000933,4.097789222441407,4.80224902128272,5.506708820124034,6.211168618965348,6.915628417806662,10.142946736074473,13.370265054342282,16.597583372610092,19.82490169087791,24.2284335048095,23.82611649552585,23.121656696684536,22.417196897843223,21.71273709900191,21.008277300160596,20.303817501319283,17.076499183051475,13.849180864783666,10.621862546515855,7.394544228248039
2461,2.7047846416677372,3.0686015427890947,3.7056473923676854,4.342693241946275,4.979739091524866,5.6167849411034565,6.253830790682048,9.172307818474215,12.090784846266383,15.009261874058554,17.92773890185072,22.802692522038395,22.438875620917038,21.801829771338447,21.164783921759856,20.527738072181265,19.890692222602674,19.253646373024083,16.335169345231915,13.416692317439747,10.498215289647575,7.579738261855409
2462,2.20733046474823,2.5042354815337093,3.0241181699939683,3.544000858454227,4.063883546914486,4.583766235374744,5.103648923835004,7.485370246439614,9.867091569044224,12.248812891648836,14.630534214253444,19.724931122724897,19.428026105939416,18.908143417479156,18.388260729018896,17.868378040558635,17.348495352098375,16.828612663638115,14.446891341033504,12.065170018428894,9.683448695824282,7.3017273732196735
2463,1.677916042855984,1.903610246250039,2.298802319798513,2.693994393346985,3.0891864668954585,3.484378540443932,3.879570613992405,5.690050956937462,7.500531299882518,9.311011642827577,11.121491985772634,14.871256559632515,14.645562356238461,14.250370282689987,13.855178209141515,13.459986135593041,13.064794062044568,12.669601988496094,10.859121645551037,9.04864130260598,7.238160959660921,5.427680616715864
2464,1.1172675321315855,1.2675496673528908,1.5306947005095728,1.7938397336662546,2.0569847668229366,2.3201297999796187,2.583274833136301,3.7888124482913326,4.9943500634463645,6.199887678601396,7.405425293756428,10.033161309414842,9.882879174193537,9.619734141036854,9.356589107880172,9.09344407472349,8.830299041566807,8.567154008410125,7.361616393255093,6.156078778100062,4.95054116294503,3.745003547789998
2465,0.6682540838903488,0.7581400312657272,0.9155309318380566,1.0729218324103855,1.2303127329827148,1.3877036335550441,1.5450945341273732,2.2661442482220826,2.987193962316792,3.7082436764115014,4.429293390506211,6.0734388854665,5.983552938091121,5.826162037518792,5.668771136946463,5.5113802363741335,5.3539893358018045,5.196598435229475,4.475548721134766,3.7544990070400566,3.033449292945347,2.3123995788506377
2466,0.4397550001969972,0.4989058467966161,0.6024793784527985,0.7060529101089809,0.8096264417651632,0.9131999734213457,1.016773505077528,1.4912714914090162,1.9657694777405041,2.4402674640719924,2.9147654504034803,3.6846018562989733,3.625451009699354,3.5218774780431716,3.418303946386989,3.314730414730807,3.2111568830746244,3.1075833514184423,2.633085365086954,2.158587378755466,1.6840893924239777,1.2095914060924897
2467,0.286284866305672,0.32479265405806435,0.39222005033488544,0.4596474466117065,0.5270748428885276,0.5945022391653487,0.6619296354421698,0.9708325302776295,1.2797354251130895,1.5886383199485492,1.8975412147840094,2.22844041223525,2.1899326244828576,2.1225052282060366,2.0550778319292156,1.9876504356523945,1.9202230393755735,1.8527956430987524,1.5438927482632927,1.2349898534278327,0.926086958592373,0.6171840637569128
2468,0.1600000684787465,0.18152145994052682,0.21920556165659857,0.25688966337267033,0.2945737650887421,0.33225786680481384,0.3699419685208856,0.5425828942000834,0.7152238198792811,0.887864745558479,1.0605056712376768,1.3303544742870113,1.308833082825231,1.2711489811091592,1.2334648793930874,1.1957807776770155,1.1580966759609437,1.1204125742448718,0.947771648565674,0.7751307228864763,0.6024897972072784,0.4298488715280806
2469,0.0966650333943288,0.10966731548161278,0.1324343991801003,0.15520148287858784,0.17796856657707538,0.20073565027556292,0.2235027339740505,0.3278048196211218,0.432106905268193,0.5364089909152644,0.6407110765623357,0.8750441895076194,0.8620419074203355,0.8392748237218479,0.8165077400233604,0.7937406563248728,0.7709735726263852,0.7482064889278977,0.6439044032808263,0.5396023176337551,0.4353002319866837,0.3309981463396124
2470,0.060485888935644626,0.06862176353916513,0.08286773488598757,0.09711370623281,0.11135967757963244,0.1256056489264549,0.13985162027327736,0.2051162164429092,0.27038081261254104,0.33564540878217297,0.40091000495180484,0.6530761972950729,0.6449403226915524,0.63069435134473,0.6164483799979075,0.602202408651085,0.5879564373042625,0.57371046595744,0.5084458697878081,0.4431812736181763,0.37791667744854435,0.3126520812789125
2471,0.04326251605801909,0.04908169821561838,0.059271125452270715,0.06946055268892304,0.07964997992557539,0.08983940716222773,0.10002883439888008,0.1467093195416705,0.19338980468446088,0.24007028982725132,0.28675077497004176,0.499578441059629,0.4937592589020297,0.48356983166537737,0.47338040442872503,0.4631909771920727,0.45300154995542036,0.442812122718768,0.3961316375759776,0.3494511524331872,0.30277066729039676,0.2560901821476063
2472,0.06656898268586907,0.07552308595105217,0.09120178120737912,0.10688047646370606,0.12255917172003303,0.13823786697635998,0.1539165622326869,0.2257448489433112,0.29757313565393556,0.36940142236455986,0.44122970907518416,0.4271966781704077,0.4182425749052246,0.4025638796488976,0.3868851843925707,0.3712064891362437,0.35552779387991673,0.3398490986235898,0.2680208119129655,0.19619252520234115,0.12436423849171685,0.05253595178109255
2473,0.056639086305014866,0.06425753272192815,0.07759748382143074,0.09093743492093335,0.10427738602043597,0.11761733711993858,0.1309572882194412,0.19207116387144205,0.25318503952344296,0.31429891517544384,0.3754127908274448,0.3168441383691494,0.3092256919522361,0.2958857408527335,0.28254578975323086,0.26920583865372827,0.2558658875542257,0.24252593645472306,0.1814120608027222,0.1202981851507213,0.05918430949872042,-0.0019295661532805208
2474,0.03392680220936796,0.038490250202461725,0.046480878441028384,0.05447150667959503,0.06246213491816169,0.07045276315672834,0.07844339139529499,0.1150505915949522,0.15165779179460942,0.18826499199426663,0.22487219219392388,0.22601923126692836,0.22145578327383458,0.21346515503526792,0.20547452679670128,0.1974838985581346,0.18949327031956797,0.1815026420810013,0.1448954418813441,0.10828824168168688,0.07168104148202967,0.035073841282372425
2475,0.0236676925723058,0.026851201690074235,0.03242554764354464,0.03799989359701504,0.043574239550485436,0.049148585503955844,0.05472293145742625,0.08026049774238261,0.10579806402733898,0.13133563031229536,0.15687319659725174,0.20284547879051973,0.1996619696727513,0.1940876237192809,0.1885132777658105,0.1829389318123401,0.17736458585886972,0.17179023990539932,0.14625267362044297,0.12071510733548661,0.09517754105053022,0.06963997476557385
2476,0.02469635730095266,0.028018230711428102,0.03383485347536883,0.03965147623930954,0.04546809900325027,0.051284721767191,0.05710134453113172,0.08374884553458932,0.11039634653804692,0.1370438475415045,0.16369134854496212,0.2086410790622131,0.20531920565173767,0.19950258288779693,0.19368596012385622,0.18786933735991548,0.18205271459597477,0.17623609183203404,0.14958859082857645,0.12294108982511885,0.09629358882166127,0.06964608781820365
2477,0.018530992112733714,0.02102357064238779,0.025388092472381524,0.02975261430237525,0.03411713613236898,0.03848165796236271,0.04284617979235644,0.06284121893523797,0.08283625807811949,0.10283129722100104,0.12282633636388257,0.23076451461001737,0.2282719360803633,0.22390741425036959,0.21954289242037586,0.21517837059038214,0.21081384876038842,0.2064493269303947,0.18645428778751316,0.16645924864463163,0.1464642095017501,0.12646917035886857
2478,0.022723898938375474,0.025780459658883387,0.031132518111866028,0.036484576564848666,0.0418366350178313,0.04718869347081395,0.05254075192379659,0.0770599598532782,0.10157916778275981,0.12609837571224142,0.15061758364172306,0.3411068640072945,0.3380503032867866,0.33269824483380395,0.3273461863808213,0.32199412792783866,0.316642069474856,0.31129001102187337,0.2867708030923918,0.2622515951629102,0.2377323872334286,0.21321317930394695
2479,0.05954035988303085,0.0675490526604855,0.08157232777140645,0.0955956028823274,0.10961887799324835,0.12364215310416929,0.13766542821509023,0.20190979350324906,0.2661541587914079,0.33039852407956677,0.3946428893677256,0.5323949645104806,0.524386271733026,0.510362996622105,0.4963397215111841,0.48231644640026317,0.4682931712893422,0.4542698961784213,0.3900255308902625,0.32578116560210363,0.2615368003139448,0.19729243502578592
2480,0.09422208070711786,0.10689576455313886,0.129087470513181,0.15127917647322317,0.17347088243326533,0.1956625883933075,0.21785429435334966,0.31952042104539957,0.42118654773744957,0.5228526744294996,0.6245188011215496,0.7630054397344619,0.7503317558884409,0.7281400499283988,0.7059483439683566,0.6837566380083144,0.6615649320482723,0.6393732260882301,0.5377070993961802,0.4360409727041302,0.33437484601208023,0.23270871932003023
2481,0.11060462621291975,0.12548190395938727,0.1515321177130734,0.17758233146675953,0.2036325452204457,0.22968275897413182,0.255732972727818,0.37507595323620807,0.49441893374459817,0.6137619142529884,0.7331048947613785,1.04243040931092,1.0275531315644524,1.0015029178107662,0.9754527040570801,0.949402490303394,0.9233522765497079,0.8973020627960218,0.7779590822876317,0.6586161017792416,0.5392731212708513,0.41993014076246116
2482,0.14593538259187422,0.16556495229609972,0.19993646134515083,0.23430797039420195,0.2686794794432531,0.3030509884923042,0.3374224975413554,0.4948875522726021,0.6523526070038489,0.8098176617350957,0.9672827164663426,1.3368623237393928,1.3172327540351674,1.2828612449861163,1.2484897359370652,1.2141182268880142,1.1797467178389631,1.145375208789912,0.9879101540586653,0.8304450993274186,0.6729800445961718,0.5155149898649249
2483,0.17412844867806587,0.1975502293326846,0.2385619253527876,0.2795736213728906,0.3205853173929936,0.3615970134130966,0.40260870943319965,0.5904942325625675,0.7783797556919354,0.9662652788213034,1.1541508019506714,1.6963697765134498,1.6729479958588311,1.6319362998387281,1.590924603818625,1.549912907798522,1.508901211778419,1.467889515758316,1.2800039926289482,1.0921184694995802,0.9042329463702122,0.7163474232408442
2484,0.20258246617249245,0.22983155799628885,0.277544901707457,0.32525824541862514,0.3729715891297932,0.4206849328409614,0.46839827655212957,0.6869858360383282,0.9055733955245269,1.1241609550107257,1.3427485144969247,1.9211150761464808,1.8938659843226844,1.8461526406115163,1.7984392969003482,1.7507259531891801,1.7030126094780118,1.6552992657668437,1.4367117062806452,1.2181241467944464,0.9995365873082476,0.7809490278220486
2485,0.22682064156334378,0.25732997737244256,0.31075203030808307,0.3641740832437235,0.4175961361793641,0.4710181891150046,0.5244402420506451,0.769180921820084,1.013921601589523,1.2586622813589619,1.5034029611284008,2.0428941262432594,2.0123847904341607,1.9589627374985201,1.9055406845628797,1.852118631627239,1.7986965786915987,1.745274525755958,1.5005338459865192,1.2557931662170803,1.0110524864476413,0.7663118066782024
2486,0.28713168866453304,0.3257533813399477,0.3933802259058238,0.46100707047169975,0.5286339150375757,0.5962607596034519,0.6638876041693279,0.9737042248382178,1.2835208455071077,1.5933374661759976,1.9031540868448875,2.133676930271694,2.095055237596279,2.027428393030403,1.9598015484645268,1.8921747038986507,1.8245478593327746,1.7569210147668985,1.4471043940980086,1.1372877734291187,0.8274711527602288,0.5176545320913388
2487,0.3067951188581142,0.3480617127682659,0.42031979724889373,0.49257788172952155,0.5648359662101494,0.6370940506907772,0.709352135171405,1.040385701701159,1.3714192682309132,1.7024528347606676,2.0334864012904217,2.1612776545091203,2.120011060598969,2.047752976118341,1.975494891637713,1.9032368071570853,1.8309787226764576,1.7587206381958298,1.427687071666076,1.0966535051363218,0.7656199386065674,0.4345863720768133
2488,0.27598175878396375,0.31310368956544515,0.3781044409318533,0.44310519229826134,0.5081059436646694,0.5731066950310776,0.6381074463974856,0.9358932333664804,1.233679020335475,1.53146480730447,1.829250594273465,1.9097257114610804,1.872603780679599,1.8076030293131908,1.7426022779467827,1.6776015265803745,1.6126007752139664,1.5476000238475582,1.2498142368785634,0.9520284499095688,0.6542426629405738,0.35645687597157893
2489,0.2253108014307007,0.2556170506983482,0.3086834977291007,0.36174994475985317,0.4148163917906057,0.46788283882135817,0.5209492858521106,0.7640608400805081,1.0071723943089055,1.2502839485373032,1.4933955027657007,1.6192575536297766,1.588951304362129,1.5358848573313766,1.4828184103006241,1.4297519632698716,1.3766855162391192,1.3236190692083667,1.0805075149799692,0.8373959607515719,0.5942844065231742,0.3511728522947767
2490,0.181071206183045,0.20542684770103406,0.24807374039633354,0.290720633091633,0.3333675257869325,0.376014418482232,0.41866131117753147,0.6140381066158548,0.809414902054178,1.0047916974925013,1.200168492930825,1.489569188741577,1.4652135472235879,1.4225666545282885,1.379919761832989,1.3372728691376894,1.29462597644239,1.2519790837470905,1.0566022883087673,0.8612254928704441,0.6658486974321208,0.4704719019937972
2491,0.1371027565822645,0.15554426178254532,0.18783546186591396,0.22012666194928254,0.2524178620326512,0.2847090621160198,0.3170002621993884,0.464934866444111,0.6128694706888336,0.7608040749335562,0.9087386791782788,1.2544431595756709,1.23600165437539,1.2037104542920214,1.1714192542086528,1.1391280541252842,1.1068368540419156,1.074545653958547,0.9266110497138245,0.7786764454691019,0.6307418412243793,0.48280723697965666
2492,0.12288693681507708,0.1394162914452449,0.16835930297358676,0.19730231450192862,0.22624532603027048,0.25518833755861237,0.28413134908695425,0.4167270081222759,0.5493226671575976,0.6819183261929194,0.8145139852282411,0.965950353268064,0.9494209986378962,0.9204779871095543,0.8915349755812124,0.8625919640528705,0.8336489525245286,0.8047059409961868,0.6721102819608651,0.5395146229255434,0.40691896389022164,0.27432330485489986
2493,0.10407025709033581,0.11806860573895996,0.14257980870966933,0.16709101168037868,0.19160221465108804,0.2161134176217974,0.24062462059250678,0.3529169820306787,0.4652093434688507,0.5775017049070227,0.6897940663451948,0.756275578156249,0.7422772295076249,0.7177660265369155,0.6932548235662062,0.6687436205954969,0.6442324176247876,0.6197212146540781,0.5074288532159061,0.3951364917777342,0.2828441303395622,0.17055176890139007
2494,0.09174496304809825,0.10408545316899447,0.1256937346673304,0.14730201616566632,0.16891029766400223,0.19051857916233816,0.21212686066067407,0.3111201642112374,0.4101134677618008,0.5091067713123641,0.6081000748629275,0.6380177307790044,0.6256772406581081,0.6040689591597722,0.5824606776614363,0.5608523961631003,0.5392441146647644,0.5176358331664285,0.4186425296158651,0.3196492260653017,0.22065592251473837,0.12166261896417502
2495,0.0756798511426919,0.0858594449247251,0.10368398234795255,0.12150851977117999,0.13933305719440744,0.15715759461763487,0.17498213204086233,0.2566410943198301,0.33830005659879786,0.4199590188777657,0.5016179811567335,0.5589042903878931,0.54872469660586,0.5309001591826326,0.5130756217594051,0.4952510843361777,0.4774265469129503,0.45960200948972285,0.37794304721075506,0.2962840849317873,0.21462512265281947,0.13296616037385167
2496,0.06656898268586907,0.07552308595105217,0.09120178120737912,0.10688047646370606,0.12255917172003303,0.13823786697635998,0.1539165622326869,0.2257448489433112,0.29757313565393556,0.36940142236455986,0.44122970907518416,0.4271966781704077,0.4182425749052246,0.4025638796488976,0.3868851843925707,0.3712064891362437,0.35552779387991673,0.3398490986235898,0.2680208119129655,0.19619252520234115,0.12436423849171685,0.05253595178109255
2497,0.056639086305014866,0.06425753272192815,0.07759748382143074,0.09093743492093335,0.10427738602043597,0.11761733711993858,0.1309572882194412,0.19207116387144205,0.25318503952344296,0.31429891517544384,0.3754127908274448,0.3168441383691494,0.3092256919522361,0.2958857408527335,0.28254578975323086,0.26920583865372827,0.2558658875542257,0.24252593645472306,0.1814120608027222,0.1202981851507213,0.05918430949872042,-0.0019295661532805208
2498,0.03392680220936796,0.038490250202461725,0.046480878441028384,0.05447150667959503,0.06246213491816169,0.07045276315672834,0.07844339139529499,0.1150505915949522,0.15165779179460942,0.18826499199426663,0.22487219219392388,0.22601923126692836,0.22145578327383458,0.21346515503526792,0.20547452679670128,0.1974838985581346,0.18949327031956797,0.1815026420810013,0.1448954418813441,0.10828824168168688,0.07168104148202967,0.035073841282372425
2499,0.0236676925723058,0.026851201690074235,0.03242554764354464,0.03799989359701504,0.043574239550485436,0.049148585503955844,0.05472293145742625,0.08026049774238261,0.10579806402733898,0.13133563031229536,0.15687319659725174,0.20284547879051973,0.1996619696727513,0.1940876237192809,0.1885132777658105,0.1829389318123401,0.17736458585886972,0.17179023990539932,0.14625267362044297,0.12071510733548661,0.09517754105053022,0.06963997476557385
2500,0.02469635730095266,0.028018230711428102,0.03383485347536883,0.03965147623930954,0.04546809900325027,0.051284721767191,0.05710134453113172,0.08374884553458932,0.11039634653804692,0.1370438475415045,0.16369134854496212,0.2086410790622131,0.20531920565173767,0.19950258288779693,0.19368596012385622,0.18786933735991548,0.18205271459597477,0.17623609183203404,0.14958859082857645,0.12294108982511885,0.09629358882166127,0.06964608781820365
2501,0.018530992112733714,0.02102357064238779,0.025388092472381524,0.02975261430237525,0.03411713613236898,0.03848165796236271,0.04284617979235644,0.06284121893523797,0.08283625807811949,0.10283129722100104,0.12282633636388257,0.23076451461001737,0.2282719360803633,0.22390741425036959,0.21954289242037586,0.21517837059038214,0.21081384876038842,0.2064493269303947,0.18645428778751316,0.16645924864463163,0.1464642095017501,0.12646917035886857
2502,0.022723898938375474,0.025780459658883387,0.031132518111866028,0.036484576564848666,0.0418366350178313,0.04718869347081395,0.05254075192379659,0.0770599598532782,0.10157916778275981,0.12609837571224142,0.15061758364172306,0.3411068640072945,0.3380503032867866,0.33269824483380395,0.3273461863808213,0.32199412792783866,0.316642069474856,0.31129001102187337,0.2867708030923918,0.2622515951629102,0.2377323872334286,0.21321317930394695
2503,0.05954035988303085,0.0675490526604855,0.08157232777140645,0.0955956028823274,0.10961887799324835,0.12364215310416929,0.13766542821509023,0.20190979350324906,0.2661541587914079,0.33039852407956677,0.3946428893677256,0.5323949645104806,0.524386271733026,0.510362996622105,0.4963397215111841,0.48231644640026317,0.4682931712893422,0.4542698961784213,0.3900255308902625,0.32578116560210363,0.2615368003139448,0.19729243502578592
2504,0.09422208070711786,0.10689576455313886,0.129087470513181,0.15127917647322317,0.17347088243326533,0.1956625883933075,0.21785429435334966,0.31952042104539957,0.42118654773744957,0.5228526744294996,0.6245188011215496,0.7630054397344619,0.7503317558884409,0.7281400499283988,0.7059483439683566,0.6837566380083144,0.6615649320482723,0.6393732260882301,0.5377070993961802,0.4360409727041302,0.33437484601208023,0.23270871932003023
2505,0.11060462621291975,0.12548190395938727,0.1515321177130734,0.17758233146675953,0.2036325452204457,0.22968275897413182,0.255732972727818,0.37507595323620807,0.49441893374459817,0.6137619142529884,0.7331048947613785,1.04243040931092,1.0275531315644524,1.0015029178107662,0.9754527040570801,0.949402490303394,0.9233522765497079,0.8973020627960218,0.7779590822876317,0.6586161017792416,0.5392731212708513,0.41993014076246116
2506,0.14593538259187422,0.16556495229609972,0.19993646134515083,0.23430797039420195,0.2686794794432531,0.3030509884923042,0.3374224975413554,0.4948875522726021,0.6523526070038489,0.8098176617350957,0.9672827164663426,1.3368623237393928,1.3172327540351674,1.2828612449861163,1.2484897359370652,1.2141182268880142,1.1797467178389631,1.145375208789912,0.9879101540586653,0.8304450993274186,0.6729800445961718,0.5155149898649249
2507,0.17412844867806587,0.1975502293326846,0.2385619253527876,0.2795736213728906,0.3205853173929936,0.3615970134130966,0.40260870943319965,0.5904942325625675,0.7783797556919354,0.9662652788213034,1.1541508019506714,1.6963697765134498,1.6729479958588311,1.6319362998387281,1.590924603818625,1.549912907798522,1.508901211778419,1.467889515758316,1.2800039926289482,1.0921184694995802,0.9042329463702122,0.7163474232408442
2508,0.20258246617249245,0.22983155799628885,0.277544901707457,0.32525824541862514,0.3729715891297932,0.4206849328409614,0.46839827655212957,0.6869858360383282,0.9055733955245269,1.1241609550107257,1.3427485144969247,1.9211150761464808,1.8938659843226844,1.8461526406115163,1.7984392969003482,1.7507259531891801,1.7030126094780118,1.6552992657668437,1.4367117062806452,1.2181241467944464,0.9995365873082476,0.7809490278220486
2509,0.22682064156334378,0.25732997737244256,0.31075203030808307,0.3641740832437235,0.4175961361793641,0.4710181891150046,0.5244402420506451,0.769180921820084,1.013921601589523,1.2586622813589619,1.5034029611284008,2.0428941262432594,2.0123847904341607,1.9589627374985201,1.9055406845628797,1.852118631627239,1.7986965786915987,1.745274525755958,1.5005338459865192,1.2557931662170803,1.0110524864476413,0.7663118066782024
2510,0.28713168866453304,0.3257533813399477,0.3933802259058238,0.46100707047169975,0.5286339150375757,0.5962607596034519,0.6638876041693279,0.9737042248382178,1.2835208455071077,1.5933374661759976,1.9031540868448875,2.133676930271694,2.095055237596279,2.027428393030403,1.9598015484645268,1.8921747038986507,1.8245478593327746,1.7569210147668985,1.4471043940980086,1.1372877734291187,0.8274711527602288,0.5176545320913388
2511,0.3067951188581142,0.3480617127682659,0.42031979724889373,0.49257788172952155,0.5648359662101494,0.6370940506907772,0.709352135171405,1.040385701701159,1.3714192682309132,1.7024528347606676,2.0334864012904217,2.1612776545091203,2.120011060598969,2.047752976118341,1.975494891637713,1.9032368071570853,1.8309787226764576,1.7587206381958298,1.427687071666076,1.0966535051363218,0.7656199386065674,0.4345863720768133
2512,0.27598175878396375,0.31310368956544515,0.3781044409318533,0.44310519229826134,0.5081059436646694,0.5731066950310776,0.6381074463974856,0.9358932333664804,1.233679020335475,1.53146480730447,1.829250594273465,1.9097257114610804,1.872603780679599,1.8076030293131908,1.7426022779467827,1.6776015265803745,1.6126007752139664,1.5476000238475582,1.2498142368785634,0.9520284499095688,0.6542426629405738,0.35645687597157893
2513,0.2253108014307007,0.2556170506983482,0.3086834977291007,0.36174994475985317,0.4148163917906057,0.46788283882135817,0.5209492858521106,0.7640608400805081,1.0071723943089055,1.2502839485373032,1.4933955027657007,1.6192575536297766,1.588951304362129,1.5358848573313766,1.4828184103006241,1.4297519632698716,1.3766855162391192,1.3236190692083667,1.0805075149799692,0.8373959607515719,0.5942844065231742,0.3511728522947767
2514,0.181071206183045,0.20542684770103406,0.24807374039633354,0.290720633091633,0.3333675257869325,0.376014418482232,0.41866131117753147,0.6140381066158548,0.809414902054178,1.0047916974925013,1.200168492930825,1.489569188741577,1.4652135472235879,1.4225666545282885,1.379919761832989,1.3372728691376894,1.29462597644239,1.2519790837470905,1.0566022883087673,0.8612254928704441,0.6658486974321208,0.4704719019937972
2515,0.1371027565822645,0.15554426178254532,0.18783546186591396,0.22012666194928254,0.2524178620326512,0.2847090621160198,0.3170002621993884,0.464934866444111,0.6128694706888336,0.7608040749335562,0.9087386791782788,1.2544431595756709,1.23600165437539,1.2037104542920214,1.1714192542086528,1.1391280541252842,1.1068368540419156,1.074545653958547,0.9266110497138245,0.7786764454691019,0.6307418412243793,0.48280723697965666
2516,0.12288693681507708,0.1394162914452449,0.16835930297358676,0.19730231450192862,0.22624532603027048,0.25518833755861237,0.28413134908695425,0.4167270081222759,0.5493226671575976,0.6819183261929194,0.8145139852282411,0.965950353268064,0.9494209986378962,0.9204779871095543,0.8915349755812124,0.8625919640528705,0.8336489525245286,0.8047059409961868,0.6721102819608651,0.5395146229255434,0.40691896389022164,0.27432330485489986
2517,0.10407025709033581,0.11806860573895996,0.14257980870966933,0.16709101168037868,0.19160221465108804,0.2161134176217974,0.24062462059250678,0.3529169820306787,0.4652093434688507,0.5775017049070227,0.6897940663451948,0.756275578156249,0.7422772295076249,0.7177660265369155,0.6932548235662062,0.6687436205954969,0.6442324176247876,0.6197212146540781,0.5074288532159061,0.3951364917777342,0.2828441303395622,0.17055176890139007
2518,0.09174496304809825,0.10408545316899447,0.1256937346673304,0.14730201616566632,0.16891029766400223,0.19051857916233816,0.21212686066067407,0.3111201642112374,0.4101134677618008,0.5091067713123641,0.6081000748629275,0.6380177307790044,0.6256772406581081,0.6040689591597722,0.5824606776614363,0.5608523961631003,0.5392441146647644,0.5176358331664285,0.4186425296158651,0.3196492260653017,0.22065592251473837,0.12166261896417502
2519,0.0756798511426919,0.0858594449247251,0.10368398234795255,0.12150851977117999,0.13933305719440744,0.15715759461763487,0.17498213204086233,0.2566410943198301,0.33830005659879786,0.4199590188777657,0.5016179811567335,0.5589042903878931,0.54872469660586,0.5309001591826326,0.5130756217594051,0.4952510843361777,0.4774265469129503,0.45960200948972285,0.37794304721075506,0.2962840849317873,0.21462512265281947,0.13296616037385167
2520,0.031367184720614005,0.03558634204876214,0.04297411500909338,0.050361887969424625,0.057749660929755864,0.0651374338900871,0.07252520685041834,0.10637056615310214,0.14021592545578596,0.17406128475846977,0.20790664406115364,0.38513873965896495,0.3809195823308168,0.3735318093704856,0.36614403641015436,0.35875626344982314,0.3513684904894919,0.3439807175291607,0.3101353582264769,0.27628999892379313,0.24244463962110932,0.20859928031842545
2521,0.027541528392130105,0.031246101893993974,0.037732835101129916,0.04421956830826585,0.05070630151540179,0.057193034722537735,0.06367976792967367,0.09339722368731823,0.1231146794449628,0.15283213520260736,0.18254959096025195,0.2947264391013124,0.29102186559944854,0.2845351323923126,0.27804839918517665,0.2715616659780407,0.26507493277090477,0.25858819956376883,0.22887074380612427,0.1991532880484797,0.16943583229083514,0.13971837653319055
2522,0.021214760756460276,0.024068329353953997,0.029064947229369295,0.03406156510478459,0.03905818298019989,0.04405480085561519,0.049051418731030486,0.07194225852804301,0.09483309832505553,0.11772393812206808,0.1406147779190806,0.2196416620198345,0.2167880934223408,0.21179147554692548,0.20679485767151018,0.20179823979609487,0.19680162192067957,0.19180500404526427,0.16891416424825173,0.14602332445123922,0.12313248465422667,0.10024164485721414
2523,0.017379901386824617,0.01971764826949346,0.023811058840523276,0.02790446941155309,0.03199787998258291,0.03609129055361272,0.04018470112464254,0.058937707246218926,0.07769071336779533,0.09644371948937172,0.11519672561094813,0.1725522635160582,0.17021451663338938,0.16612110606235955,0.16202769549132973,0.1579342849202999,0.15384087434927007,0.14974746377824025,0.13099445765666387,0.11224145153508747,0.09348844541351108,0.07473543929193467
2524,0.018861538995962508,0.02139857893702769,0.025840952998510806,0.030283327059993915,0.03472570112147703,0.03916807518296014,0.04361044924444325,0.0639621502340575,0.08431385122367176,0.10466555221328604,0.1250172532029003,0.16219714722554288,0.1596601072844777,0.15521773322299456,0.15077535916151147,0.14633298510002835,0.14189061103854522,0.1374482369770621,0.11709653598744785,0.0967448349978336,0.07639313400821932,0.05604143301860505
2525,0.06031042844298219,0.06842270209442457,0.08262734801485494,0.09683199393528533,0.1110366398557157,0.1252412857761461,0.1394459316965765,0.20452120506052845,0.2695964784244804,0.33467175178843245,0.39974702515238447,0.4566317751531136,0.4485195015016712,0.43431485558124083,0.4201102096608105,0.4059055637403801,0.3917009178199497,0.3774962718995193,0.3124209985355673,0.24734572517161535,0.18227045180766333,0.1171951784437113
2526,0.30895518501738617,0.35051232648691727,0.4232791617051753,0.4960459969234333,0.5688128321416914,0.6415796673599494,0.7143465025782075,1.0477107919933368,1.3810750814084662,1.7144393708235957,2.0478036602387255,2.1024107163262697,2.0608535748567385,1.9880867396384805,1.9153199044202225,1.8425530692019643,1.7697862339837063,1.6970193987654483,1.363655109350319,1.0302908199351897,0.6969265305200603,0.3635622411049304
2527,1.1612949269476076,1.3174991271273024,1.5910137359992662,1.8645283448712298,2.1380429537431938,2.4115575626151577,2.685072171487121,3.9381155800368046,5.191158988586489,6.444202397136173,7.697245805685856,8.797592590406415,8.64138839022672,8.367873781354756,8.094359172482793,7.820844563610829,7.547329954738865,7.273815345866902,6.020771937317218,4.767728528767535,3.514685120217851,2.261641711668167
2528,2.8365400828547638,3.218079229059924,3.8861568494030205,4.554234469746118,5.222312090089215,5.890389710432311,6.558467330775408,9.61910918103339,12.679751031291374,15.74039288154936,18.801034731807345,21.40384848736475,21.02230934115959,20.354231720816493,19.686154100473395,19.018076480130297,18.3499988597872,17.6819212394441,14.621279389186117,11.560637538928134,8.499995688670149,5.439353838412163
2529,4.187241305649756,4.750461435119857,5.736663683482037,6.722865931844216,7.709068180206397,8.695270428568575,9.681472676930756,14.199528337297998,18.717583997665233,23.23563965803248,27.75369531839972,32.29130966000392,31.72808953053382,30.74188728217164,29.75568503380946,28.76948278544728,27.7832805370851,26.797078288722922,22.27902262835568,17.760966967988445,13.242911307621199,8.724855647253957
2530,4.1224380187469025,4.6769415462886,5.647880965838258,6.618820385387915,7.5897598049375725,8.56069922448723,9.53163864403689,13.979771212843394,18.427903781649896,22.876036350456406,27.324168919262913,32.91035711924829,32.35585359170659,31.384914172156932,30.413974752607274,29.443035333057615,28.472095913507957,27.501156493958298,23.053023925151795,18.60489135634529,14.15675878753878,9.708626218732274
2531,3.351595880008395,3.8024144805325077,4.591800893015079,5.381187305497649,6.170573717980221,6.959960130462791,7.7493465429453625,11.365736340329079,14.982126137712793,18.59851593509651,22.21490573248023,27.356769827551037,26.905951227026925,26.116564814544354,25.327178402061783,24.537791989579212,23.74840557709664,22.95901916461407,19.34262936723035,15.726239569846637,12.109849772462919,8.493459975079201
2532,2.9910124143164416,3.3933294236000933,4.097789222441407,4.80224902128272,5.506708820124034,6.211168618965348,6.915628417806662,10.142946736074473,13.370265054342282,16.597583372610092,19.82490169087791,24.2284335048095,23.82611649552585,23.121656696684536,22.417196897843223,21.71273709900191,21.008277300160596,20.303817501319283,17.076499183051475,13.849180864783666,10.621862546515855,7.394544228248039
2533,2.7047846416677372,3.0686015427890947,3.7056473923676854,4.342693241946275,4.979739091524866,5.6167849411034565,6.253830790682048,9.172307818474215,12.090784846266383,15.009261874058554,17.92773890185072,22.802692522038395,22.438875620917038,21.801829771338447,21.164783921759856,20.527738072181265,19.890692222602674,19.253646373024083,16.335169345231915,13.416692317439747,10.498215289647575,7.579738261855409
2534,2.20733046474823,2.5042354815337093,3.0241181699939683,3.544000858454227,4.063883546914486,4.583766235374744,5.103648923835004,7.485370246439614,9.867091569044224,12.248812891648836,14.630534214253444,19.724931122724897,19.428026105939416,18.908143417479156,18.388260729018896,17.868378040558635,17.348495352098375,16.828612663638115,14.446891341033504,12.065170018428894,9.683448695824282,7.3017273732196735
2535,1.677916042855984,1.903610246250039,2.298802319798513,2.693994393346985,3.0891864668954585,3.484378540443932,3.879570613992405,5.690050956937462,7.500531299882518,9.311011642827577,11.121491985772634,14.871256559632515,14.645562356238461,14.250370282689987,13.855178209141515,13.459986135593041,13.064794062044568,12.669601988496094,10.859121645551037,9.04864130260598,7.238160959660921,5.427680616715864
2536,1.1172675321315855,1.2675496673528908,1.5306947005095728,1.7938397336662546,2.0569847668229366,2.3201297999796187,2.583274833136301,3.7888124482913326,4.9943500634463645,6.199887678601396,7.405425293756428,10.033161309414842,9.882879174193537,9.619734141036854,9.356589107880172,9.09344407472349,8.830299041566807,8.567154008410125,7.361616393255093,6.156078778100062,4.95054116294503,3.745003547789998
2537,0.6682540838903488,0.7581400312657272,0.9155309318380566,1.0729218324103855,1.2303127329827148,1.3877036335550441,1.5450945341273732,2.2661442482220826,2.987193962316792,3.7082436764115014,4.429293390506211,6.0734388854665,5.983552938091121,5.826162037518792,5.668771136946463,5.5113802363741335,5.3539893358018045,5.196598435229475,4.475548721134766,3.7544990070400566,3.033449292945347,2.3123995788506377
2538,0.4397550001969972,0.4989058467966161,0.6024793784527985,0.7060529101089809,0.8096264417651632,0.9131999734213457,1.016773505077528,1.4912714914090162,1.9657694777405041,2.4402674640719924,2.9147654504034803,3.6846018562989733,3.625451009699354,3.5218774780431716,3.418303946386989,3.314730414730807,3.2111568830746244,3.1075833514184423,2.633085365086954,2.158587378755466,1.6840893924239777,1.2095914060924897
2539,0.286284866305672,0.32479265405806435,0.39222005033488544,0.4596474466117065,0.5270748428885276,0.5945022391653487,0.6619296354421698,0.9708325302776295,1.2797354251130895,1.5886383199485492,1.8975412147840094,2.22844041223525,2.1899326244828576,2.1225052282060366,2.0550778319292156,1.9876504356523945,1.9202230393755735,1.8527956430987524,1.5438927482632927,1.2349898534278327,0.926086958592373,0.6171840637569128
2540,0.1600000684787465,0.18152145994052682,0.21920556165659857,0.25688966337267033,0.2945737650887421,0.33225786680481384,0.3699419685208856,0.5425828942000834,0.7152238198792811,0.887864745558479,1.0605056712376768,1.3303544742870113,1.308833082825231,1.2711489811091592,1.2334648793930874,1.1957807776770155,1.1580966759609437,1.1204125742448718,0.947771648565674,0.7751307228864763,0.6024897972072784,0.4298488715280806
2541,0.0966650333943288,0.10966731548161278,0.1324343991801003,0.15520148287858784,0.17796856657707538,0.20073565027556292,0.2235027339740505,0.3278048196211218,0.432106905268193,0.5364089909152644,0.6407110765623357,0.8750441895076194,0.8620419074203355,0.8392748237218479,0.8165077400233604,0.7937406563248728,0.7709735726263852,0.7482064889278977,0.6439044032808263,0.5396023176337551,0.4353002319866837,0.3309981463396124
2542,0.060485888935644626,0.06862176353916513,0.08286773488598757,0.09711370623281,0.11135967757963244,0.1256056489264549,0.13985162027327736,0.2051162164429092,0.27038081261254104,0.33564540878217297,0.40091000495180484,0.6530761972950729,0.6449403226915524,0.63069435134473,0.6164483799979075,0.602202408651085,0.5879564373042625,0.57371046595744,0.5084458697878081,0.4431812736181763,0.37791667744854435,0.3126520812789125
2543,0.04326251605801909,0.04908169821561838,0.059271125452270715,0.06946055268892304,0.07964997992557539,0.08983940716222773,0.10002883439888008,0.1467093195416705,0.19338980468446088,0.24007028982725132,0.28675077497004176,0.499578441059629,0.4937592589020297,0.48356983166537737,0.47338040442872503,0.4631909771920727,0.45300154995542036,0.442812122718768,0.3961316375759776,0.3494511524331872,0.30277066729039676,0.2560901821476063
2544,0.031367184720614005,0.03558634204876214,0.04297411500909338,0.050361887969424625,0.057749660929755864,0.0651374338900871,0.07252520685041834,0.10637056615310214,0.14021592545578596,0.17406128475846977,0.20790664406115364,0.38513873965896495,0.3809195823308168,0.3735318093704856,0.36614403641015436,0.35875626344982314,0.3513684904894919,0.3439807175291607,0.3101353582264769,0.27628999892379313,0.24244463962110932,0.20859928031842545
2545,0.027541528392130105,0.031246101893993974,0.037732835101129916,0.04421956830826585,0.05070630151540179,0.057193034722537735,0.06367976792967367,0.09339722368731823,0.1231146794449628,0.15283213520260736,0.18254959096025195,0.2947264391013124,0.29102186559944854,0.2845351323923126,0.27804839918517665,0.2715616659780407,0.26507493277090477,0.25858819956376883,0.22887074380612427,0.1991532880484797,0.16943583229083514,0.13971837653319055
2546,0.021214760756460276,0.024068329353953997,0.029064947229369295,0.03406156510478459,0.03905818298019989,0.04405480085561519,0.049051418731030486,0.07194225852804301,0.09483309832505553,0.11772393812206808,0.1406147779190806,0.2196416620198345,0.2167880934223408,0.21179147554692548,0.20679485767151018,0.20179823979609487,0.19680162192067957,0.19180500404526427,0.16891416424825173,0.14602332445123922,0.12313248465422667,0.10024164485721414
2547,0.017379901386824617,0.01971764826949346,0.023811058840523276,0.02790446941155309,0.03199787998258291,0.03609129055361272,0.04018470112464254,0.058937707246218926,0.07769071336779533,0.09644371948937172,0.11519672561094813,0.1725522635160582,0.17021451663338938,0.16612110606235955,0.16202769549132973,0.1579342849202999,0.15384087434927007,0.14974746377824025,0.13099445765666387,0.11224145153508747,0.09348844541351108,0.07473543929193467
2548,0.018861538995962508,0.02139857893702769,0.025840952998510806,0.030283327059993915,0.03472570112147703,0.03916807518296014,0.04361044924444325,0.0639621502340575,0.08431385122367176,0.10466555221328604,0.1250172532029003,0.16219714722554288,0.1596601072844777,0.15521773322299456,0.15077535916151147,0.14633298510002835,0.14189061103854522,0.1374482369770621,0.11709653598744785,0.0967448349978336,0.07639313400821932,0.05604143301860505
2549,0.06031042844298219,0.06842270209442457,0.08262734801485494,0.09683199393528533,0.1110366398557157,0.1252412857761461,0.1394459316965765,0.20452120506052845,0.2695964784244804,0.33467175178843245,0.39974702515238447,0.4566317751531136,0.4485195015016712,0.43431485558124083,0.4201102096608105,0.4059055637403801,0.3917009178199497,0.3774962718995193,0.3124209985355673,0.24734572517161535,0.18227045180766333,0.1171951784437113
2550,0.30895518501738617,0.35051232648691727,0.4232791617051753,0.4960459969234333,0.5688128321416914,0.6415796673599494,0.7143465025782075,1.0477107919933368,1.3810750814084662,1.7144393708235957,2.0478036602387255,2.1024107163262697,2.0608535748567385,1.9880867396384805,1.9153199044202225,1.8425530692019643,1.7697862339837063,1.6970193987654483,1.363655109350319,1.0302908199351897,0.6969265305200603,0.3635622411049304
2551,1.1612949269476076,1.3174991271273024,1.5910137359992662,1.8645283448712298,2.1380429537431938,2.4115575626151577,2.685072171487121,3.9381155800368046,5.191158988586489,6.444202397136173,7.697245805685856,8.797592590406415,8.64138839022672,8.367873781354756,8.094359172482793,7.820844563610829,7.547329954738865,7.273815345866902,6.020771937317218,4.767728528767535,3.514685120217851,2.261641711668167
2552,2.8365400828547638,3.218079229059924,3.8861568494030205,4.554234469746118,5.222312090089215,5.890389710432311,6.558467330775408,9.61910918103339,12.679751031291374,15.74039288154936,18.801034731807345,21.40384848736475,21.02230934115959,20.354231720816493,19.686154100473395,19.018076480130297,18.3499988597872,17.6819212394441,14.621279389186117,11.560637538928134,8.499995688670149,5.439353838412163
2553,4.187241305649756,4.750461435119857,5.736663683482037,6.722865931844216,7.709068180206397,8.695270428568575,9.681472676930756,14.199528337297998,18.717583997665233,23.23563965803248,27.75369531839972,32.29130966000392,31.72808953053382,30.74188728217164,29.75568503380946,28.76948278544728,27.7832805370851,26.797078288722922,22.27902262835568,17.760966967988445,13.242911307621199,8.724855647253957
2554,4.1224380187469025,4.6769415462886,5.647880965838258,6.618820385387915,7.5897598049375725,8.56069922448723,9.53163864403689,13.979771212843394,18.427903781649896,22.876036350456406,27.324168919262913,32.91035711924829,32.35585359170659,31.384914172156932,30.413974752607274,29.443035333057615,28.472095913507957,27.501156493958298,23.053023925151795,18.60489135634529,14.15675878753878,9.708626218732274
2555,3.351595880008395,3.8024144805325077,4.591800893015079,5.381187305497649,6.170573717980221,6.959960130462791,7.7493465429453625,11.365736340329079,14.982126137712793,18.59851593509651,22.21490573248023,27.356769827551037,26.905951227026925,26.116564814544354,25.327178402061783,24.537791989579212,23.74840557709664,22.95901916461407,19.34262936723035,15.726239569846637,12.109849772462919,8.493459975079201
2556,2.9910124143164416,3.3933294236000933,4.097789222441407,4.80224902128272,5.506708820124034,6.211168618965348,6.915628417806662,10.142946736074473,13.370265054342282,16.597583372610092,19.82490169087791,24.2284335048095,23.82611649552585,23.121656696684536,22.417196897843223,21.71273709900191,21.008277300160596,20.303817501319283,17.076499183051475,13.849180864783666,10.621862546515855,7.394544228248039
2557,2.7047846416677372,3.0686015427890947,3.7056473923676854,4.342693241946275,4.979739091524866,5.6167849411034565,6.253830790682048,9.172307818474215,12.090784846266383,15.009261874058554,17.92773890185072,22.802692522038395,22.438875620917038,21.801829771338447,21.164783921759856,20.527738072181265,19.890692222602674,19.253646373024083,16.335169345231915,13.416692317439747,10.498215289647575,7.579738261855409
2558,2.20733046474823,2.5042354815337093,3.0241181699939683,3.544000858454227,4.063883546914486,4.583766235374744,5.103648923835004,7.485370246439614,9.867091569044224,12.248812891648836,14.630534214253444,19.724931122724897,19.428026105939416,18.908143417479156,18.388260729018896,17.868378040558635,17.348495352098375,16.828612663638115,14.446891341033504,12.065170018428894,9.683448695824282,7.3017273732196735
2559,1.677916042855984,1.903610246250039,2.298802319798513,2.693994393346985,3.0891864668954585,3.484378540443932,3.879570613992405,5.690050956937462,7.500531299882518,9.311011642827577,11.121491985772634,14.871256559632515,14.645562356238461,14.250370282689987,13.855178209141515,13.459986135593041,13.064794062044568,12.669601988496094,10.859121645551037,9.04864130260598,7.238160959660921,5.427680616715864
2560,1.1172675321315855,1.2675496673528908,1.5306947005095728,1.7938397336662546,2.0569847668229366,2.3201297999796187,2.583274833136301,3.7888124482913326,4.9943500634463645,6.199887678601396,7.405425293756428,10.033161309414842,9.882879174193537,9.619734141036854,9.356589107880172,9.09344407472349,8.830299041566807,8.567154008410125,7.361616393255093,6.156078778100062,4.95054116294503,3.745003547789998
2561,0.6682540838903488,0.7581400312657272,0.9155309318380566,1.0729218324103855,1.2303127329827148,1.3877036335550441,1.5450945341273732,2.2661442482220826,2.987193962316792,3.7082436764115014,4.429293390506211,6.0734388854665,5.983552938091121,5.826162037518792,5.668771136946463,5.5113802363741335,5.3539893358018045,5.196598435229475,4.475548721134766,3.7544990070400566,3.033449292945347,2.3123995788506377
2562,0.4397550001969972,0.4989058467966161,0.6024793784527985,0.7060529101089809,0.8096264417651632,0.9131999734213457,1.016773505077528,1.4912714914090162,1.9657694777405041,2.4402674640719924,2.9147654504034803,3.6846018562989733,3.625451009699354,3.5218774780431716,3.418303946386989,3.314730414730807,3.2111568830746244,3.1075833514184423,2.633085365086954,2.158587378755466,1.6840893924239777,1.2095914060924897
2563,0.286284866305672,0.32479265405806435,0.39222005033488544,0.4596474466117065,0.5270748428885276,0.5945022391653487,0.6619296354421698,0.9708325302776295,1.2797354251130895,1.5886383199485492,1.8975412147840094,2.22844041223525,2.1899326244828576,2.1225052282060366,2.0550778319292156,1.9876504356523945,1.9202230393755735,1.8527956430987524,1.5438927482632927,1.2349898534278327,0.926086958592373,0.6171840637569128
2564,0.1600000684787465,0.18152145994052682,0.21920556165659857,0.25688966337267033,0.2945737650887421,0.33225786680481384,0.3699419685208856,0.5425828942000834,0.7152238198792811,0.887864745558479,1.0605056712376768,1.3303544742870113,1.308833082825231,1.2711489811091592,1.2334648793930874,1.1957807776770155,1.1580966759609437,1.1204125742448718,0.947771648565674,0.7751307228864763,0.6024897972072784,0.4298488715280806
2565,0.0966650333943288,0.10966731548161278,0.1324343991801003,0.15520148287858784,0.17796856657707538,0.20073565027556292,0.2235027339740505,0.3278048196211218,0.432106905268193,0.5364089909152644,0.6407110765623357,0.8750441895076194,0.8620419074203355,0.8392748237218479,0.8165077400233604,0.7937406563248728,0.7709735726263852,0.7482064889278977,0.6439044032808263,0.5396023176337551,0.4353002319866837,0.3309981463396124
2566,0.060485888935644626,0.06862176353916513,0.08286773488598757,0.09711370623281,0.11135967757963244,0.1256056489264549,0.13985162027327736,0.2051162164429092,0.27038081261254104,0.33564540878217297,0.40091000495180484,0.6530761972950729,0.6449403226915524,0.63069435134473,0.6164483799979075,0.602202408651085,0.5879564373042625,0.57371046595744,0.5084458697878081,0.4431812736181763,0.37791667744854435,0.3126520812789125
2567,0.04326251605801909,0.04908169821561838,0.059271125452270715,0.06946055268892304,0.07964997992557539,0.08983940716222773,0.10002883439888008,0.1467093195416705,0.19338980468446088,0.24007028982725132,0.28675077497004176,0.499578441059629,0.4937592589020297,0.48356983166537737,0.47338040442872503,0.4631909771920727,0.45300154995542036,0.442812122718768,0.3961316375759776,0.3494511524331872,0.30277066729039676,0.2560901821476063
2568,0.031367184720614005,0.03558634204876214,0.04297411500909338,0.050361887969424625,0.057749660929755864,0.0651374338900871,0.07252520685041834,0.10637056615310214,0.14021592545578596,0.17406128475846977,0.20790664406115364,0.38513873965896495,0.3809195823308168,0.3735318093704856,0.36614403641015436,0.35875626344982314,0.3513684904894919,0.3439807175291607,0.3101353582264769,0.27628999892379313,0.24244463962110932,0.20859928031842545
2569,0.027541528392130105,0.031246101893993974,0.037732835101129916,0.04421956830826585,0.05070630151540179,0.057193034722537735,0.06367976792967367,0.09339722368731823,0.1231146794449628,0.15283213520260736,0.18254959096025195,0.2947264391013124,0.29102186559944854,0.2845351323923126,0.27804839918517665,0.2715616659780407,0.26507493277090477,0.25858819956376883,0.22887074380612427,0.1991532880484797,0.16943583229083514,0.13971837653319055
2570,0.021214760756460276,0.024068329353953997,0.029064947229369295,0.03406156510478459,0.03905818298019989,0.04405480085561519,0.049051418731030486,0.07194225852804301,0.09483309832505553,0.11772393812206808,0.1406147779190806,0.2196416620198345,0.2167880934223408,0.21179147554692548,0.20679485767151018,0.20179823979609487,0.19680162192067957,0.19180500404526427,0.16891416424825173,0.14602332445123922,0.12313248465422667,0.10024164485721414
2571,0.017379901386824617,0.01971764826949346,0.023811058840523276,0.02790446941155309,0.03199787998258291,0.03609129055361272,0.04018470112464254,0.058937707246218926,0.07769071336779533,0.09644371948937172,0.11519672561094813,0.1725522635160582,0.17021451663338938,0.16612110606235955,0.16202769549132973,0.1579342849202999,0.15384087434927007,0.14974746377824025,0.13099445765666387,0.11224145153508747,0.09348844541351108,0.07473543929193467
2572,0.018861538995962508,0.02139857893702769,0.025840952998510806,0.030283327059993915,0.03472570112147703,0.03916807518296014,0.04361044924444325,0.0639621502340575,0.08431385122367176,0.10466555221328604,0.1250172532029003,0.16219714722554288,0.1596601072844777,0.15521773322299456,0.15077535916151147,0.14633298510002835,0.14189061103854522,0.1374482369770621,0.11709653598744785,0.0967448349978336,0.07639313400821932,0.05604143301860505
2573,0.06031042844298219,0.06842270209442457,0.08262734801485494,0.09683199393528533,0.1110366398557157,0.1252412857761461,0.1394459316965765,0.20452120506052845,0.2695964784244804,0.33467175178843245,0.39974702515238447,0.4566317751531136,0.4485195015016712,0.43431485558124083,0.4201102096608105,0.4059055637403801,0.3917009178199497,0.3774962718995193,0.3124209985355673,0.24734572517161535,0.18227045180766333,0.1171951784437113
2574,0.30895518501738617,0.35051232648691727,0.4232791617051753,0.4960459969234333,0.5688128321416914,0.6415796673599494,0.7143465025782075,1.0477107919933368,1.3810750814084662,1.7144393708235957,2.0478036602387255,2.1024107163262697,2.0608535748567385,1.9880867396384805,1.9153199044202225,1.8425530692019643,1.7697862339837063,1.6970193987654483,1.363655109350319,1.0302908199351897,0.6969265305200603,0.3635622411049304
2575,1.1612949269476076,1.3174991271273024,1.5910137359992662,1.8645283448712298,2.1380429537431938,2.4115575626151577,2.685072171487121,3.9381155800368046,5.191158988586489,6.444202397136173,7.697245805685856,8.797592590406415,8.64138839022672,8.367873781354756,8.094359172482793,7.820844563610829,7.547329954738865,7.273815345866902,6.020771937317218,4.767728528767535,3.514685120217851,2.261641711668167
2576,2.8365400828547638,3.218079229059924,3.8861568494030205,4.554234469746118,5.222312090089215,5.890389710432311,6.558467330775408,9.61910918103339,12.679751031291374,15.74039288154936,18.801034731807345,21.40384848736475,21.02230934115959,20.354231720816493,19.686154100473395,19.018076480130297,18.3499988597872,17.6819212394441,14.621279389186117,11.560637538928134,8.499995688670149,5.439353838412163
2577,4.187241305649756,4.750461435119857,5.736663683482037,6.722865931844216,7.709068180206397,8.695270428568575,9.681472676930756,14.199528337297998,18.717583997665233,23.23563965803248,27.75369531839972,32.29130966000392,31.72808953053382,30.74188728217164,29.75568503380946,28.76948278544728,27.7832805370851,26.797078288722922,22.27902262835568,17.760966967988445,13.242911307621199,8.724855647253957
2578,4.1224380187469025,4.6769415462886,5.647880965838258,6.618820385387915,7.5897598049375725,8.56069922448723,9.53163864403689,13.979771212843394,18.427903781649896,22.876036350456406,27.324168919262913,32.91035711924829,32.35585359170659,31.384914172156932,30.413974752607274,29.443035333057615,28.472095913507957,27.501156493958298,23.053023925151795,18.60489135634529,14.15675878753878,9.708626218732274
2579,3.351595880008395,3.8024144805325077,4.591800893015079,5.381187305497649,6.170573717980221,6.959960130462791,7.7493465429453625,11.365736340329079,14.982126137712793,18.59851593509651,22.21490573248023,27.356769827551037,26.905951227026925,26.116564814544354,25.327178402061783,24.537791989579212,23.74840557709664,22.95901916461407,19.34262936723035,15.726239569846637,12.109849772462919,8.493459975079201
2580,2.9910124143164416,3.3933294236000933,4.097789222441407,4.80224902128272,5.506708820124034,6.211168618965348,6.915628417806662,10.142946736074473,13.370265054342282,16.597583372610092,19.82490169087791,24.2284335048095,23.82611649552585,23.121656696684536,22.417196897843223,21.71273709900191,21.008277300160596,20.303817501319283,17.076499183051475,13.849180864783666,10.621862546515855,7.394544228248039
2581,2.7047846416677372,3.0686015427890947,3.7056473923676854,4.342693241946275,4.979739091524866,5.6167849411034565,6.253830790682048,9.172307818474215,12.090784846266383,15.009261874058554,17.92773890185072,22.802692522038395,22.438875620917038,21.801829771338447,21.164783921759856,20.527738072181265,19.890692222602674,19.253646373024083,16.335169345231915,13.416692317439747,10.498215289647575,7.579738261855409
2582,2.20733046474823,2.5042354815337093,3.0241181699939683,3.544000858454227,4.063883546914486,4.583766235374744,5.103648923835004,7.485370246439614,9.867091569044224,12.248812891648836,14.630534214253444,19.724931122724897,19.428026105939416,18.908143417479156,18.388260729018896,17.868378040558635,17.348495352098375,16.828612663638115,14.446891341033504,12.065170018428894,9.683448695824282,7.3017273732196735
2583,1.677916042855984,1.903610246250039,2.298802319798513,2.693994393346985,3.0891864668954585,3.484378540443932,3.879570613992405,5.690050956937462,7.500531299882518,9.311011642827577,11.121491985772634,14.871256559632515,14.645562356238461,14.250370282689987,13.855178209141515,13.459986135593041,13.064794062044568,12.669601988496094,10.859121645551037,9.04864130260598,7.238160959660921,5.427680616715864
2584,1.1172675321315855,1.2675496673528908,1.5306947005095728,1.7938397336662546,2.0569847668229366,2.3201297999796187,2.583274833136301,3.7888124482913326,4.9943500634463645,6.199887678601396,7.405425293756428,10.033161309414842,9.882879174193537,9.619734141036854,9.356589107880172,9.09344407472349,8.830299041566807,8.567154008410125,7.361616393255093,6.156078778100062,4.95054116294503,3.745003547789998
2585,0.6682540838903488,0.7581400312657272,0.9155309318380566,1.0729218324103855,1.2303127329827148,1.3877036335550441,1.5450945341273732,2.2661442482220826,2.987193962316792,3.7082436764115014,4.429293390506211,6.0734388854665,5.983552938091121,5.826162037518792,5.668771136946463,5.5113802363741335,5.3539893358018045,5.196598435229475,4.475548721134766,3.7544990070400566,3.033449292945347,2.3123995788506377
2586,0.4397550001969972,0.4989058467966161,0.6024793784527985,0.7060529101089809,0.8096264417651632,0.9131999734213457,1.016773505077528,1.4912714914090162,1.9657694777405041,2.4402674640719924,2.9147654504034803,3.6846018562989733,3.625451009699354,3.5218774780431716,3.418303946386989,3.314730414730807,3.2111568830746244,3.1075833514184423,2.633085365086954,2.158587378755466,1.6840893924239777,1.2095914060924897
2587,0.286284866305672,0.32479265405806435,0.39222005033488544,0.4596474466117065,0.5270748428885276,0.5945022391653487,0.6619296354421698,0.9708325302776295,1.2797354251130895,1.5886383199485492,1.8975412147840094,2.22844041223525,2.1899326244828576,2.1225052282060366,2.0550778319292156,1.9876504356523945,1.9202230393755735,1.8527956430987524,1.5438927482632927,1.2349898534278327,0.926086958592373,0.6171840637569128
2588,0.1600000684787465,0.18152145994052682,0.21920556165659857,0.25688966337267033,0.2945737650887421,0.33225786680481384,0.3699419685208856,0.5425828942000834,0.7152238198792811,0.887864745558479,1.0605056712376768,1.3303544742870113,1.308833082825231,1.2711489811091592,1.2334648793930874,1.1957807776770155,1.1580966759609437,1.1204125742448718,0.947771648565674,0.7751307228864763,0.6024897972072784,0.4298488715280806
2589,0.0966650333943288,0.10966731548161278,0.1324343991801003,0.15520148287858784,0.17796856657707538,0.20073565027556292,0.2235027339740505,0.3278048196211218,0.432106905268193,0.5364089909152644,0.6407110765623357,0.8750441895076194,0.8620419074203355,0.8392748237218479,0.8165077400233604,0.7937406563248728,0.7709735726263852,0.7482064889278977,0.6439044032808263,0.5396023176337551,0.4353002319866837,0.3309981463396124
2590,0.060485888935644626,0.06862176353916513,0.08286773488598757,0.09711370623281,0.11135967757963244,0.1256056489264549,0.13985162027327736,0.2051162164429092,0.27038081261254104,0.33564540878217297,0.40091000495180484,0.6530761972950729,0.6449403226915524,0.63069435134473,0.6164483799979075,0.602202408651085,0.5879564373042625,0.57371046595744,0.5084458697878081,0.4431812736181763,0.37791667744854435,0.3126520812789125
2591,0.04326251605801909,0.04908169821561838,0.059271125452270715,0.06946055268892304,0.07964997992557539,0.08983940716222773,0.10002883439888008,0.1467093195416705,0.19338980468446088,0.24007028982725132,0.28675077497004176,0.499578441059629,0.4937592589020297,0.48356983166537737,0.47338040442872503,0.4631909771920727,0.45300154995542036,0.442812122718768,0.3961316375759776,0.3494511524331872,0.30277066729039676,0.2560901821476063
2592,0.031367184720614005,0.03558634204876214,0.04297411500909338,0.050361887969424625,0.057749660929755864,0.0651374338900871,0.07252520685041834,0.10637056615310214,0.14021592545578596,0.17406128475846977,0.20790664406115364,0.38513873965896495,0.3809195823308168,0.3735318093704856,0.36614403641015436,0.35875626344982314,0.3513684904894919,0.3439807175291607,0.3101353582264769,0.27628999892379313,0.24244463962110932,0.20859928031842545
2593,0.027541528392130105,0.031246101893993974,0.037732835101129916,0.04421956830826585,0.05070630151540179,0.057193034722537735,0.06367976792967367,0.09339722368731823,0.1231146794449628,0.15283213520260736,0.18254959096025195,0.2947264391013124,0.29102186559944854,0.2845351323923126,0.27804839918517665,0.2715616659780407,0.26507493277090477,0.25858819956376883,0.22887074380612427,0.1991532880484797,0.16943583229083514,0.13971837653319055
2594,0.021214760756460276,0.024068329353953997,0.029064947229369295,0.03406156510478459,0.03905818298019989,0.04405480085561519,0.049051418731030486,0.07194225852804301,0.09483309832505553,0.11772393812206808,0.1406147779190806,0.2196416620198345,0.2167880934223408,0.21179147554692548,0.20679485767151018,0.20179823979609487,0.19680162192067957,0.19180500404526427,0.16891416424825173,0.14602332445123922,0.12313248465422667,0.10024164485721414
2595,0.017379901386824617,0.01971764826949346,0.023811058840523276,0.02790446941155309,0.03199787998258291,0.03609129055361272,0.04018470112464254,0.058937707246218926,0.07769071336779533,0.09644371948937172,0.11519672561094813,0.1725522635160582,0.17021451663338938,0.16612110606235955,0.16202769549132973,0.1579342849202999,0.15384087434927007,0.14974746377824025,0.13099445765666387,0.11224145153508747,0.09348844541351108,0.07473543929193467
2596,0.018861538995962508,0.02139857893702769,0.025840952998510806,0.030283327059993915,0.03472570112147703,0.03916807518296014,0.04361044924444325,0.0639621502340575,0.08431385122367176,0.10466555221328604,0.1250172532029003,0.16219714722554288,0.1596601072844777,0.15521773322299456,0.15077535916151147,0.14633298510002835,0.14189061103854522,0.1374482369770621,0.11709653598744785,0.0967448349978336,0.07639313400821932,0.05604143301860505
2597,0.06031042844298219,0.06842270209442457,0.08262734801485494,0.09683199393528533,0.1110366398557157,0.1252412857761461,0.1394459316965765,0.20452120506052845,0.2695964784244804,0.33467175178843245,0.39974702515238447,0.4566317751531136,0.4485195015016712,0.43431485558124083,0.4201102096608105,0.4059055637403801,0.3917009178199497,0.3774962718995193,0.3124209985355673,0.24734572517161535,0.18227045180766333,0.1171951784437113
2598,0.30895518501738617,0.35051232648691727,0.4232791617051753,0.4960459969234333,0.5688128321416914,0.6415796673599494,0.7143465025782075,1.0477107919933368,1.3810750814084662,1.7144393708235957,2.0478036602387255,2.1024107163262697,2.0608535748567385,1.9880867396384805,1.9153199044202225,1.8425530692019643,1.7697862339837063,1.6970193987654483,1.363655109350319,1.0302908199351897,0.6969265305200603,0.3635622411049304
2599,1.1612949269476076,1.3174991271273024,1.5910137359992662,1.8645283448712298,2.1380429537431938,2.4115575626151577,2.685072171487121,3.9381155800368046,5.191158988586489,6.444202397136173,7.697245805685856,8.797592590406415,8.64138839022672,8.367873781354756,8.094359172482793,7.820844563610829,7.547329954738865,7.273815345866902,6.020771937317218,4.767728528767535,3.514685120217851,2.261641711668167
2600,2.8365400828547638,3.218079229059924,3.8861568494030205,4.554234469746118,5.222312090089215,5.890389710432311,6.558467330775408,9.61910918103339,12.679751031291374,15.74039288154936,18.801034731807345,21.40384848736475,21.02230934115959,20.354231720816493,19.686154100473395,19.018076480130297,18.3499988597872,17.6819212394441,14.621279389186117,11.560637538928134,8.499995688670149,5.439353838412163
2601,4.187241305649756,4.750461435119857,5.736663683482037,6.722865931844216,7.709068180206397,8.695270428568575,9.681472676930756,14.199528337297998,18.717583997665233,23.23563965803248,27.75369531839972,32.29130966000392,31.72808953053382,30.74188728217164,29.75568503380946,28.76948278544728,27.7832805370851,26.797078288722922,22.27902262835568,17.760966967988445,13.242911307621199,8.724855647253957
2602,4.1224380187469025,4.6769415462886,5.647880965838258,6.618820385387915,7.5897598049375725,8.56069922448723,9.53163864403689,13.979771212843394,18.427903781649896,22.876036350456406,27.324168919262913,32.91035711924829,32.35585359170659,31.384914172156932,30.413974752607274,29.443035333057615,28.472095913507957,27.501156493958298,23.053023925151795,18.60489135634529,14.15675878753878,9.708626218732274
2603,3.351595880008395,3.8024144805325077,4.591800893015079,5.381187305497649,6.170573717980221,6.959960130462791,7.7493465429453625,11.365736340329079,14.982126137712793,18.59851593509651,22.21490573248023,27.356769827551037,26.905951227026925,26.116564814544354,25.327178402061783,24.537791989579212,23.74840557709664,22.95901916461407,19.34262936723035,15.726239569846637,12.109849772462919,8.493459975079201
2604,2.9910124143164416,3.3933294236000933,4.097789222441407,4.80224902128272,5.506708820124034,6.211168618965348,6.915628417806662,10.142946736074473,13.370265054342282,16.597583372610092,19.82490169087791,24.2284335048095,23.82611649552585,23.121656696684536,22.417196897843223,21.71273709900191,21.008277300160596,20.303817501319283,17.076499183051475,13.849180864783666,10.621862546515855,7.394544228248039
2605,2.7047846416677372,3.0686015427890947,3.7056473923676854,4.342693241946275,4.979739091524866,5.6167849411034565,6.253830790682048,9.172307818474215,12.090784846266383,15.009261874058554,17.92773890185072,22.802692522038395,22.438875620917038,21.801829771338447,21.164783921759856,20.527738072181265,19.890692222602674,19.253646373024083,16.335169345231915,13.416692317439747,10.498215289647575,7.579738261855409
2606,2.20733046474823,2.5042354815337093,3.0241181699939683,3.544000858454227,4.063883546914486,4.583766235374744,5.103648923835004,7.485370246439614,9.867091569044224,12.248812891648836,14.630534214253444,19.724931122724897,19.428026105939416,18.908143417479156,18.388260729018896,17.868378040558635,17.348495352098375,16.828612663638115,14.446891341033504,12.065170018428894,9.683448695824282,7.3017273732196735
2607,1.677916042855984,1.903610246250039,2.298802319798513,2.693994393346985,3.0891864668954585,3.484378540443932,3.879570613992405,5.690050956937462,7.500531299882518,9.311011642827577,11.121491985772634,14.871256559632515,14.645562356238461,14.250370282689987,13.855178209141515,13.459986135593041,13.064794062044568,12.669601988496094,10.859121645551037,9.04864130260598,7.238160959660921,5.427680616715864
2608,1.1172675321315855,1.2675496673528908,1.5306947005095728,1.7938397336662546,2.0569847668229366,2.3201297999796187,2.583274833136301,3.7888124482913326,4.9943500634463645,6.199887678601396,7.405425293756428,10.033161309414842,9.882879174193537,9.619734141036854,9.356589107880172,9.09344407472349,8.830299041566807,8.567154008410125,7.361616393255093,6.156078778100062,4.95054116294503,3.745003547789998
2609,0.6682540838903488,0.7581400312657272,0.9155309318380566,1.0729218324103855,1.2303127329827148,1.3877036335550441,1.5450945341273732,2.2661442482220826,2.987193962316792,3.7082436764115014,4.429293390506211,6.0734388854665,5.983552938091121,5.826162037518792,5.668771136946463,5.5113802363741335,5.3539893358018045,5.196598435229475,4.475548721134766,3.7544990070400566,3.033449292945347,2.3123995788506377
2610,0.4397550001969972,0.4989058467966161,0.6024793784527985,0.7060529101089809,0.8096264417651632,0.9131999734213457,1.016773505077528,1.4912714914090162,1.9657694777405041,2.4402674640719924,2.9147654504034803,3.6846018562989733,3.625451009699354,3.5218774780431716,3.418303946386989,3.314730414730807,3.2111568830746244,3.1075833514184423,2.633085365086954,2.158587378755466,1.6840893924239777,1.2095914060924897
2611,0.286284866305672,0.32479265405806435,0.39222005033488544,0.4596474466117065,0.5270748428885276,0.5945022391653487,0.6619296354421698,0.9708325302776295,1.2797354251130895,1.5886383199485492,1.8975412147840094,2.22844041223525,2.1899326244828576,2.1225052282060366,2.0550778319292156,1.9876504356523945,1.9202230393755735,1.8527956430987524,1.5438927482632927,1.2349898534278327,0.926086958592373,0.6171840637569128
2612,0.1600000684787465,0.18152145994052682,0.21920556165659857,0.25688966337267033,0.2945737650887421,0.33225786680481384,0.3699419685208856,0.5425828942000834,0.7152238198792811,0.887864745558479,1.0605056712376768,1.3303544742870113,1.308833082825231,1.2711489811091592,1.2334648793930874,1.1957807776770155,1.1580966759609437,1.1204125742448718,0.947771648565674,0.7751307228864763,0.6024897972072784,0.4298488715280806
2613,0.0966650333943288,0.10966731548161278,0.1324343991801003,0.15520148287858784,0.17796856657707538,0.20073565027556292,0.2235027339740505,0.3278048196211218,0.432106905268193,0.5364089909152644,0.6407110765623357,0.8750441895076194,0.8620419074203355,0.8392748237218479,0.8165077400233604,0.7937406563248728,0.7709735726263852,0.7482064889278977,0.6439044032808263,0.5396023176337551,0.4353002319866837,0.3309981463396124
2614,0.060485888935644626,0.06862176353916513,0.08286773488598757,0.09711370623281,0.11135967757963244,0.1256056489264549,0.13985162027327736,0.2051162164429092,0.27038081261254104,0.33564540878217297,0.40091000495180484,0.6530761972950729,0.6449403226915524,0.63069435134473,0.6164483799979075,0.602202408651085,0.5879564373042625,0.57371046595744,0.5084458697878081,0.4431812736181763,0.37791667744854435,0.3126520812789125
2615,0.04326251605801909,0.04908169821561838,0.059271125452270715,0.06946055268892304,0.07964997992557539,0.08983940716222773,0.10002883439888008,0.1467093195416705,0.19338980468446088,0.24007028982725132,0.28675077497004176,0.499578441059629,0.4937592589020297,0.48356983166537737,0.47338040442872503,0.4631909771920727,0.45300154995542036,0.442812122718768,0.3961316375759776,0.3494511524331872,0.30277066729039676,0.2560901821476063
2616,0.031367184720614005,0.03558634204876214,0.04297411500909338,0.050361887969424625,0.057749660929755864,0.0651374338900871,0.07252520685041834,0.10637056615310214,0.14021592545578596,0.17406128475846977,0.20790664406115364,0.38513873965896495,0.3809195823308168,0.3735318093704856,0.36614403641015436,0.35875626344982314,0.3513684904894919,0.3439807175291607,0.3101353582264769,0.27628999892379313,0.24244463962110932,0.20859928031842545
2617,0.027541528392130105,0.031246101893993974,0.037732835101129916,0.04421956830826585,0.05070630151540179,0.057193034722537735,0.06367976792967367,0.09339722368731823,0.1231146794449628,0.15283213520260736,0.18254959096025195,0.2947264391013124,0.29102186559944854,0.2845351323923126,0.27804839918517665,0.2715616659780407,0.26507493277090477,0.25858819956376883,0.22887074380612427,0.1991532880484797,0.16943583229083514,0.13971837653319055
2618,0.021214760756460276,0.024068329353953997,0.029064947229369295,0.03406156510478459,0.03905818298019989,0.04405480085561519,0.049051418731030486,0.07194225852804301,0.09483309832505553,0.11772393812206808,0.1406147779190806,0.2196416620198345,0.2167880934223408,0.21179147554692548,0.20679485767151018,0.20179823979609487,0.19680162192067957,0.19180500404526427,0.16891416424825173,0.14602332445123922,0.12313248465422667,0.10024164485721414
2619,0.017379901386824617,0.01971764826949346,0.023811058840523276,0.02790446941155309,0.03199787998258291,0.03609129055361272,0.04018470112464254,0.058937707246218926,0.07769071336779533,0.09644371948937172,0.11519672561094813,0.1725522635160582,0.17021451663338938,0.16612110606235955,0.16202769549132973,0.1579342849202999,0.15384087434927007,0.14974746377824025,0.13099445765666387,0.11224145153508747,0.09348844541351108,0.07473543929193467
2620,0.018861538995962508,0.02139857893702769,0.025840952998510806,0.030283327059993915,0.03472570112147703,0.03916807518296014,0.04361044924444325,0.0639621502340575,0.08431385122367176,0.10466555221328604,0.1250172532029003,0.16219714722554288,0.1596601072844777,0.15521773322299456,0.15077535916151147,0.14633298510002835,0.14189061103854522,0.1374482369770621,0.11709653598744785,0.0967448349978336,0.07639313400821932,0.05604143301860505
2621,0.06031042844298219,0.06842270209442457,0.08262734801485494,0.09683199393528533,0.1110366398557157,0.1252412857761461,0.1394459316965765,0.20452120506052845,0.2695964784244804,0.33467175178843245,0.39974702515238447,0.4566317751531136,0.4485195015016712,0.43431485558124083,0.4201102096608105,0.4059055637403801,0.3917009178199497,0.3774962718995193,0.3124209985355673,0.24734572517161535,0.18227045180766333,0.1171951784437113
2622,0.30895518501738617,0.35051232648691727,0.4232791617051753,0.4960459969234333,0.5688128321416914,0.6415796673599494,0.7143465025782075,1.0477107919933368,1.3810750814084662,1.7144393708235957,2.0478036602387255,2.1024107163262697,2.0608535748567385,1.9880867396384805,1.9153199044202225,1.8425530692019643,1.7697862339837063,1.6970193987654483,1.363655109350319,1.0302908199351897,0.6969265305200603,0.3635622411049304
2623,1.1612949269476076,1.3174991271273024,1.5910137359992662,1.8645283448712298,2.1380429537431938,2.4115575626151577,2.685072171487121,3.9381155800368046,5.191158988586489,6.444202397136173,7.697245805685856,8.797592590406415,8.64138839022672,8.367873781354756,8.094359172482793,7.820844563610829,7.547329954738865,7.273815345866902,6.020771937317218,4.767728528767535,3.514685120217851,2.261641711668167
2624,2.8365400828547638,3.218079229059924,3.8861568494030205,4.554234469746118,5.222312090089215,5.890389710432311,6.558467330775408,9.61910918103339,12.679751031291374,15.74039288154936,18.801034731807345,21.40384848736475,21.02230934115959,20.354231720816493,19.686154100473395,19.018076480130297,18.3499988597872,17.6819212394441,14.621279389186117,11.560637538928134,8.499995688670149,5.439353838412163
2625,4.187241305649756,4.750461435119857,5.736663683482037,6.722865931844216,7.709068180206397,8.695270428568575,9.681472676930756,14.199528337297998,18.717583997665233,23.23563965803248,27.75369531839972,32.29130966000392,31.72808953053382,30.74188728217164,29.75568503380946,28.76948278544728,27.7832805370851,26.797078288722922,22.27902262835568,17.760966967988445,13.242911307621199,8.724855647253957
2626,4.1224380187469025,4.6769415462886,5.647880965838258,6.618820385387915,7.5897598049375725,8.56069922448723,9.53163864403689,13.979771212843394,18.427903781649896,22.876036350456406,27.324168919262913,32.91035711924829,32.35585359170659,31.384914172156932,30.413974752607274,29.443035333057615,28.472095913507957,27.501156493958298,23.053023925151795,18.60489135634529,14.15675878753878,9.708626218732274
2627,3.351595880008395,3.8024144805325077,4.591800893015079,5.381187305497649,6.170573717980221,6.959960130462791,7.7493465429453625,11.365736340329079,14.982126137712793,18.59851593509651,22.21490573248023,27.356769827551037,26.905951227026925,26.116564814544354,25.327178402061783,24.537791989579212,23.74840557709664,22.95901916461407,19.34262936723035,15.726239569846637,12.109849772462919,8.493459975079201
2628,2.9910124143164416,3.3933294236000933,4.097789222441407,4.80224902128272,5.506708820124034,6.211168618965348,6.915628417806662,10.142946736074473,13.370265054342282,16.597583372610092,19.82490169087791,24.2284335048095,23.82611649552585,23.121656696684536,22.417196897843223,21.71273709900191,21.008277300160596,20.303817501319283,17.076499183051475,13.849180864783666,10.621862546515855,7.394544228248039
2629,2.7047846416677372,3.0686015427890947,3.7056473923676854,4.342693241946275,4.979739091524866,5.6167849411034565,6.253830790682048,9.172307818474215,12.090784846266383,15.009261874058554,17.92773890185072,22.802692522038395,22.438875620917038,21.801829771338447,21.164783921759856,20.527738072181265,19.890692222602674,19.253646373024083,16.335169345231915,13.416692317439747,10.498215289647575,7.579738261855409
2630,2.20733046474823,2.5042354815337093,3.0241181699939683,3.544000858454227,4.063883546914486,4.583766235374744,5.103648923835004,7.485370246439614,9.867091569044224,12.248812891648836,14.630534214253444,19.724931122724897,19.428026105939416,18.908143417479156,18.388260729018896,17.868378040558635,17.348495352098375,16.828612663638115,14.446891341033504,12.065170018428894,9.683448695824282,7.3017273732196735
2631,1.677916042855984,1.903610246250039,2.298802319798513,2.693994393346985,3.0891864668954585,3.484378540443932,3.879570613992405,5.690050956937462,7.500531299882518,9.311011642827577,11.121491985772634,14.871256559632515,14.645562356238461,14.250370282689987,13.855178209141515,13.459986135593041,13.064794062044568,12.669601988496094,10.859121645551037,9.04864130260598,7.238160959660921,5.427680616715864
2632,1.1172675321315855,1.2675496673528908,1.5306947005095728,1.7938397336662546,2.0569847668229366,2.3201297999796187,2.583274833136301,3.7888124482913326,4.9943500634463645,6.199887678601396,7.405425293756428,10.033161309414842,9.882879174193537,9.619734141036854,9.356589107880172,9.09344407472349,8.830299041566807,8.567154008410125,7.361616393255093,6.156078778100062,4.95054116294503,3.745003547789998
2633,0.6682540838903488,0.7581400312657272,0.9155309318380566,1.0729218324103855,1.2303127329827148,1.3877036335550441,1.5450945341273732,2.2661442482220826,2.987193962316792,3.7082436764115014,4.429293390506211,6.0734388854665,5.983552938091121,5.826162037518792,5.668771136946463,5.5113802363741335,5.3539893358018045,5.196598435229475,4.475548721134766,3.7544990070400566,3.033449292945347,2.3123995788506377
2634,0.4397550001969972,0.4989058467966161,0.6024793784527985,0.7060529101089809,0.8096264417651632,0.9131999734213457,1.016773505077528,1.4912714914090162,1.9657694777405041,2.4402674640719924,2.9147654504034803,3.6846018562989733,3.625451009699354,3.5218774780431716,3.418303946386989,3.314730414730807,3.2111568830746244,3.1075833514184423,2.633085365086954,2.158587378755466,1.6840893924239777,1.2095914060924897
2635,0.286284866305672,0.32479265405806435,0.39222005033488544,0.4596474466117065,0.5270748428885276,0.5945022391653487,0.6619296354421698,0.9708325302776295,1.2797354251130895,1.5886383199485492,1.8975412147840094,2.22844041223525,2.1899326244828576,2.1225052282060366,2.0550778319292156,1.9876504356523945,1.9202230393755735,1.8527956430987524,1.5438927482632927,1.2349898534278327,0.926086958592373,0.6171840637569128
2636,0.1600000684787465,0.18152145994052682,0.21920556165659857,0.25688966337267033,0.2945737650887421,0.33225786680481384,0.3699419685208856,0.5425828942000834,0.7152238198792811,0.887864745558479,1.0605056712376768,1.3303544742870113,1.308833082825231,1.2711489811091592,1.2334648793930874,1.1957807776770155,1.1580966759609437,1.1204125742448718,0.947771648565674,0.7751307228864763,0.6024897972072784,0.4298488715280806
2637,0.0966650333943288,0.10966731548161278,0.1324343991801003,0.15520148287858784,0.17796856657707538,0.20073565027556292,0.2235027339740505,0.3278048196211218,0.432106905268193,0.5364089909152644,0.6407110765623357,0.8750441895076194,0.8620419074203355,0.8392748237218479,0.8165077400233604,0.7937406563248728,0.7709735726263852,0.7482064889278977,0.6439044032808263,0.5396023176337551,0.4353002319866837,0.3309981463396124
2638,0.060485888935644626,0.06862176353916513,0.08286773488598757,0.09711370623281,0.11135967757963244,0.1256056489264549,0.13985162027327736,0.2051162164429092,0.27038081261254104,0.33564540878217297,0.40091000495180484,0.6530761972950729,0.6449403226915524,0.63069435134473,0.6164483799979075,0.602202408651085,0.5879564373042625,0.57371046595744,0.5084458697878081,0.4431812736181763,0.37791667744854435,0.3126520812789125
2639,0.04326251605801909,0.04908169821561838,0.059271125452270715,0.06946055268892304,0.07964997992557539,0.08983940716222773,0.10002883439888008,0.1467093195416705,0.19338980468446088,0.24007028982725132,0.28675077497004176,0.499578441059629,0.4937592589020297,0.48356983166537737,0.47338040442872503,0.4631909771920727,0.45300154995542036,0.442812122718768,0.3961316375759776,0.3494511524331872,0.30277066729039676,0.2560901821476063
2640,0.06656898268586907,0.07552308595105217,0.09120178120737912,0.10688047646370606,0.12255917172003303,0.13823786697635998,0.1539165622326869,0.2257448489433112,0.29757313565393556,0.36940142236455986,0.44122970907518416,0.4271966781704077,0.4182425749052246,0.4025638796488976,0.3868851843925707,0.3712064891362437,0.35552779387991673,0.3398490986235898,0.2680208119129655,0.19619252520234115,0.12436423849171685,0.05253595178109255
2641,0.056639086305014866,0.06425753272192815,0.07759748382143074,0.09093743492093335,0.10427738602043597,0.11761733711993858,0.1309572882194412,0.19207116387144205,0.25318503952344296,0.31429891517544384,0.3754127908274448,0.3168441383691494,0.3092256919522361,0.2958857408527335,0.28254578975323086,0.26920583865372827,0.2558658875542257,0.24252593645472306,0.1814120608027222,0.1202981851507213,0.05918430949872042,-0.0019295661532805208
2642,0.03392680220936796,0.038490250202461725,0.046480878441028384,0.05447150667959503,0.06246213491816169,0.07045276315672834,0.07844339139529499,0.1150505915949522,0.15165779179460942,0.18826499199426663,0.22487219219392388,0.22601923126692836,0.22145578327383458,0.21346515503526792,0.20547452679670128,0.1974838985581346,0.18949327031956797,0.1815026420810013,0.1448954418813441,0.10828824168168688,0.07168104148202967,0.035073841282372425
2643,0.0236676925723058,0.026851201690074235,0.03242554764354464,0.03799989359701504,0.043574239550485436,0.049148585503955844,0.05472293145742625,0.08026049774238261,0.10579806402733898,0.13133563031229536,0.15687319659725174,0.20284547879051973,0.1996619696727513,0.1940876237192809,0.1885132777658105,0.1829389318123401,0.17736458585886972,0.17179023990539932,0.14625267362044297,0.12071510733548661,0.09517754105053022,0.06963997476557385
2644,0.02469635730095266,0.028018230711428102,0.03383485347536883,0.03965147623930954,0.04546809900325027,0.051284721767191,0.05710134453113172,0.08374884553458932,0.11039634653804692,0.1370438475415045,0.16369134854496212,0.2086410790622131,0.20531920565173767,0.19950258288779693,0.19368596012385622,0.18786933735991548,0.18205271459597477,0.17623609183203404,0.14958859082857645,0.12294108982511885,0.09629358882166127,0.06964608781820365
2645,0.018530992112733714,0.02102357064238779,0.025388092472381524,0.02975261430237525,0.03411713613236898,0.03848165796236271,0.04284617979235644,0.06284121893523797,0.08283625807811949,0.10283129722100104,0.12282633636388257,0.23076451461001737,0.2282719360803633,0.22390741425036959,0.21954289242037586,0.21517837059038214,0.21081384876038842,0.2064493269303947,0.18645428778751316,0.16645924864463163,0.1464642095017501,0.12646917035886857
2646,0.022723898938375474,0.025780459658883387,0.031132518111866028,0.036484576564848666,0.0418366350178313,0.04718869347081395,0.05254075192379659,0.0770599598532782,0.10157916778275981,0.12609837571224142,0.15061758364172306,0.3411068640072945,0.3380503032867866,0.33269824483380395,0.3273461863808213,0.32199412792783866,0.316642069474856,0.31129001102187337,0.2867708030923918,0.2622515951629102,0.2377323872334286,0.21321317930394695
2647,0.05954035988303085,0.0675490526604855,0.08157232777140645,0.0955956028823274,0.10961887799324835,0.12364215310416929,0.13766542821509023,0.20190979350324906,0.2661541587914079,0.33039852407956677,0.3946428893677256,0.5323949645104806,0.524386271733026,0.510362996622105,0.4963397215111841,0.48231644640026317,0.4682931712893422,0.4542698961784213,0.3900255308902625,0.32578116560210363,0.2615368003139448,0.19729243502578592
2648,0.09422208070711786,0.10689576455313886,0.129087470513181,0.15127917647322317,0.17347088243326533,0.1956625883933075,0.21785429435334966,0.31952042104539957,0.42118654773744957,0.5228526744294996,0.6245188011215496,0.7630054397344619,0.7503317558884409,0.7281400499283988,0.7059483439683566,0.6837566380083144,0.6615649320482723,0.6393732260882301,0.5377070993961802,0.4360409727041302,0.33437484601208023,0.23270871932003023
2649,0.11060462621291975,0.12548190395938727,0.1515321177130734,0.17758233146675953,0.2036325452204457,0.22968275897413182,0.255732972727818,0.37507595323620807,0.49441893374459817,0.6137619142529884,0.7331048947613785,1.04243040931092,1.0275531315644524,1.0015029178107662,0.9754527040570801,0.949402490303394,0.9233522765497079,0.8973020627960218,0.7779590822876317,0.6586161017792416,0.5392731212708513,0.41993014076246116
2650,0.14593538259187422,0.16556495229609972,0.19993646134515083,0.23430797039420195,0.2686794794432531,0.3030509884923042,0.3374224975413554,0.4948875522726021,0.6523526070038489,0.8098176617350957,0.9672827164663426,1.3368623237393928,1.3172327540351674,1.2828612449861163,1.2484897359370652,1.2141182268880142,1.1797467178389631,1.145375208789912,0.9879101540586653,0.8304450993274186,0.6729800445961718,0.5155149898649249
2651,0.17412844867806587,0.1975502293326846,0.2385619253527876,0.2795736213728906,0.3205853173929936,0.3615970134130966,0.40260870943319965,0.5904942325625675,0.7783797556919354,0.9662652788213034,1.1541508019506714,1.6963697765134498,1.6729479958588311,1.6319362998387281,1.590924603818625,1.549912907798522,1.508901211778419,1.467889515758316,1.2800039926289482,1.0921184694995802,0.9042329463702122,0.7163474232408442
2652,0.20258246617249245,0.22983155799628885,0.277544901707457,0.32525824541862514,0.3729715891297932,0.4206849328409614,0.46839827655212957,0.6869858360383282,0.9055733955245269,1.1241609550107257,1.3427485144969247,1.9211150761464808,1.8938659843226844,1.8461526406115163,1.7984392969003482,1.7507259531891801,1.7030126094780118,1.6552992657668437,1.4367117062806452,1.2181241467944464,0.9995365873082476,0.7809490278220486
2653,0.22682064156334378,0.25732997737244256,0.31075203030808307,0.3641740832437235,0.4175961361793641,0.4710181891150046,0.5244402420506451,0.769180921820084,1.013921601589523,1.2586622813589619,1.5034029611284008,2.0428941262432594,2.0123847904341607,1.9589627374985201,1.9055406845628797,1.852118631627239,1.7986965786915987,1.745274525755958,1.5005338459865192,1.2557931662170803,1.0110524864476413,0.7663118066782024
2654,0.28713168866453304,0.3257533813399477,0.3933802259058238,0.46100707047169975,0.5286339150375757,0.5962607596034519,0.6638876041693279,0.9737042248382178,1.2835208455071077,1.5933374661759976,1.9031540868448875,2.133676930271694,2.095055237596279,2.027428393030403,1.9598015484645268,1.8921747038986507,1.8245478593327746,1.7569210147668985,1.4471043940980086,1.1372877734291187,0.8274711527602288,0.5176545320913388
2655,0.3067951188581142,0.3480617127682659,0.42031979724889373,0.49257788172952155,0.5648359662101494,0.6370940506907772,0.709352135171405,1.040385701701159,1.3714192682309132,1.7024528347606676,2.0334864012904217,2.1612776545091203,2.120011060598969,2.047752976118341,1.975494891637713,1.9032368071570853,1.8309787226764576,1.7587206381958298,1.427687071666076,1.0966535051363218,0.7656199386065674,0.4345863720768133
2656,0.27598175878396375,0.31310368956544515,0.3781044409318533,0.44310519229826134,0.5081059436646694,0.5731066950310776,0.6381074463974856,0.9358932333664804,1.233679020335475,1.53146480730447,1.829250594273465,1.9097257114610804,1.872603780679599,1.8076030293131908,1.7426022779467827,1.6776015265803745,1.6126007752139664,1.5476000238475582,1.2498142368785634,0.9520284499095688,0.6542426629405738,0.35645687597157893
2657,0.2253108014307007,0.2556170506983482,0.3086834977291007,0.36174994475985317,0.4148163917906057,0.46788283882135817,0.5209492858521106,0.7640608400805081,1.0071723943089055,1.2502839485373032,1.4933955027657007,1.6192575536297766,1.588951304362129,1.5358848573313766,1.4828184103006241,1.4297519632698716,1.3766855162391192,1.3236190692083667,1.0805075149799692,0.8373959607515719,0.5942844065231742,0.3511728522947767
2658,0.181071206183045,0.20542684770103406,0.24807374039633354,0.290720633091633,0.3333675257869325,0.376014418482232,0.41866131117753147,0.6140381066158548,0.809414902054178,1.0047916974925013,1.200168492930825,1.489569188741577,1.4652135472235879,1.4225666545282885,1.379919761832989,1.3372728691376894,1.29462597644239,1.2519790837470905,1.0566022883087673,0.8612254928704441,0.6658486974321208,0.4704719019937972
2659,0.1371027565822645,0.15554426178254532,0.18783546186591396,0.22012666194928254,0.2524178620326512,0.2847090621160198,0.3170002621993884,0.464934866444111,0.6128694706888336,0.7608040749335562,0.9087386791782788,1.2544431595756709,1.23600165437539,1.2037104542920214,1.1714192542086528,1.1391280541252842,1.1068368540419156,1.074545653958547,0.9266110497138245,0.7786764454691019,0.6307418412243793,0.48280723697965666
2660,0.12288693681507708,0.1394162914452449,0.16835930297358676,0.19730231450192862,0.22624532603027048,0.25518833755861237,0.28413134908695425,0.4167270081222759,0.5493226671575976,0.6819183261929194,0.8145139852282411,0.965950353268064,0.9494209986378962,0.9204779871095543,0.8915349755812124,0.8625919640528705,0.8336489525245286,0.8047059409961868,0.6721102819608651,0.5395146229255434,0.40691896389022164,0.27432330485489986
2661,0.10407025709033581,0.11806860573895996,0.14257980870966933,0.16709101168037868,0.19160221465108804,0.2161134176217974,0.24062462059250678,0.3529169820306787,0.4652093434688507,0.5775017049070227,0.6897940663451948,0.756275578156249,0.7422772295076249,0.7177660265369155,0.6932548235662062,0.6687436205954969,0.6442324176247876,0.6197212146540781,0.5074288532159061,0.3951364917777342,0.2828441303395622,0.17055176890139007
2662,0.09174496304809825,0.10408545316899447,0.1256937346673304,0.14730201616566632,0.16891029766400223,0.19051857916233816,0.21212686066067407,0.3111201642112374,0.4101134677618008,0.5091067713123641,0.6081000748629275,0.6380177307790044,0.6256772406581081,0.6040689591597722,0.5824606776614363,0.5608523961631003,0.5392441146647644,0.5176358331664285,0.4186425296158651,0.3196492260653017,0.22065592251473837,0.12166261896417502
2663,0.0756798511426919,0.0858594449247251,0.10368398234795255,0.12150851977117999,0.13933305719440744,0.15715759461763487,0.17498213204086233,0.2566410943198301,0.33830005659879786,0.4199590188777657,0.5016179811567335,0.5589042903878931,0.54872469660586,0.5309001591826326,0.5130756217594051,0.4952510843361777,0.4774265469129503,0.45960200948972285,0.37794304721075506,0.2962840849317873,0.21462512265281947,0.13296616037385167
2664,0.06656898268586907,0.07552308595105217,0.09120178120737912,0.10688047646370606,0.12255917172003303,0.13823786697635998,0.1539165622326869,0.2257448489433112,0.29757313565393556,0.36940142236455986,0.44122970907518416,0.4271966781704077,0.4182425749052246,0.4025638796488976,0.3868851843925707,0.3712064891362437,0.35552779387991673,0.3398490986235898,0.2680208119129655,0.19619252520234115,0.12436423849171685,0.05253595178109255
2665,0.056639086305014866,0.06425753272192815,0.07759748382143074,0.09093743492093335,0.10427738602043597,0.11761733711993858,0.1309572882194412,0.19207116387144205,0.25318503952344296,0.31429891517544384,0.3754127908274448,0.3168441383691494,0.3092256919522361,0.2958857408527335,0.28254578975323086,0.26920583865372827,0.2558658875542257,0.24252593645472306,0.1814120608027222,0.1202981851507213,0.05918430949872042,-0.0019295661532805208
2666,0.03392680220936796,0.038490250202461725,0.046480878441028384,0.05447150667959503,0.06246213491816169,0.07045276315672834,0.07844339139529499,0.1150505915949522,0.15165779179460942,0.18826499199426663,0.22487219219392388,0.22601923126692836,0.22145578327383458,0.21346515503526792,0.20547452679670128,0.1974838985581346,0.18949327031956797,0.1815026420810013,0.1448954418813441,0.10828824168168688,0.07168104148202967,0.035073841282372425
2667,0.0236676925723058,0.026851201690074235,0.03242554764354464,0.03799989359701504,0.043574239550485436,0.049148585503955844,0.05472293145742625,0.08026049774238261,0.10579806402733898,0.13133563031229536,0.15687319659725174,0.20284547879051973,0.1996619696727513,0.1940876237192809,0.1885132777658105,0.1829389318123401,0.17736458585886972,0.17179023990539932,0.14625267362044297,0.12071510733548661,0.09517754105053022,0.06963997476557385
2668,0.02469635730095266,0.028018230711428102,0.03383485347536883,0.03965147623930954,0.04546809900325027,0.051284721767191,0.05710134453113172,0.08374884553458932,0.11039634653804692,0.1370438475415045,0.16369134854496212,0.2086410790622131,0.20531920565173767,0.19950258288779693,0.19368596012385622,0.18786933735991548,0.18205271459597477,0.17623609183203404,0.14958859082857645,0.12294108982511885,0.09629358882166127,0.06964608781820365
2669,0.018530992112733714,0.02102357064238779,0.025388092472381524,0.02975261430237525,0.03411713613236898,0.03848165796236271,0.04284617979235644,0.06284121893523797,0.08283625807811949,0.10283129722100104,0.12282633636388257,0.23076451461001737,0.2282719360803633,0.22390741425036959,0.21954289242037586,0.21517837059038214,0.21081384876038842,0.2064493269303947,0.18645428778751316,0.16645924864463163,0.1464642095017501,0.12646917035886857
2670,0.022723898938375474,0.025780459658883387,0.031132518111866028,0.036484576564848666,0.0418366350178313,0.04718869347081395,0.05254075192379659,0.0770599598532782,0.10157916778275981,0.12609837571224142,0.15061758364172306,0.3411068640072945,0.3380503032867866,0.33269824483380395,0.3273461863808213,0.32199412792783866,0.316642069474856,0.31129001102187337,0.2867708030923918,0.2622515951629102,0.2377323872334286,0.21321317930394695
2671,0.05954035988303085,0.0675490526604855,0.08157232777140645,0.0955956028823274,0.10961887799324835,0.12364215310416929,0.13766542821509023,0.20190979350324906,0.2661541587914079,0.33039852407956677,0.3946428893677256,0.5323949645104806,0.524386271733026,0.510362996622105,0.4963397215111841,0.48231644640026317,0.4682931712893422,0.4542698961784213,0.3900255308902625,0.32578116560210363,0.2615368003139448,0.19729243502578592
2672,0.09422208070711786,0.10689576455313886,0.129087470513181,0.15127917647322317,0.17347088243326533,0.1956625883933075,0.21785429435334966,0.31952042104539957,0.42118654773744957,0.5228526744294996,0.6245188011215496,0.7630054397344619,0.7503317558884409,0.7281400499283988,0.7059483439683566,0.6837566380083144,0.6615649320482723,0.6393732260882301,0.5377070993961802,0.4360409727041302,0.33437484601208023,0.23270871932003023
2673,0.11060462621291975,0.12548190395938727,0.1515321177130734,0.17758233146675953,0.2036325452204457,0.22968275897413182,0.255732972727818,0.37507595323620807,0.49441893374459817,0.6137619142529884,0.7331048947613785,1.04243040931092,1.0275531315644524,1.0015029178107662,0.9754527040570801,0.949402490303394,0.9233522765497079,0.8973020627960218,0.7779590822876317,0.6586161017792416,0.5392731212708513,0.41993014076246116
2674,0.14593538259187422,0.16556495229609972,0.19993646134515083,0.23430797039420195,0.2686794794432531,0.3030509884923042,0.3374224975413554,0.4948875522726021,0.6523526070038489,0.8098176617350957,0.9672827164663426,1.3368623237393928,1.3172327540351674,1.2828612449861163,1.2484897359370652,1.2141182268880142,1.1797467178389631,1.145375208789912,0.9879101540586653,0.8304450993274186,0.6729800445961718,0.5155149898649249
2675,0.17412844867806587,0.1975502293326846,0.2385619253527876,0.2795736213728906,0.3205853173929936,0.3615970134130966,0.40260870943319965,0.5904942325625675,0.7783797556919354,0.9662652788213034,1.1541508019506714,1.6963697765134498,1.6729479958588311,1.6319362998387281,1.590924603818625,1.549912907798522,1.508901211778419,1.467889515758316,1.2800039926289482,1.0921184694995802,0.9042329463702122,0.7163474232408442
2676,0.20258246617249245,0.22983155799628885,0.277544901707457,0.32525824541862514,0.3729715891297932,0.4206849328409614,0.46839827655212957,0.6869858360383282,0.9055733955245269,1.1241609550107257,1.3427485144969247,1.9211150761464808,1.8938659843226844,1.8461526406115163,1.7984392969003482,1.7507259531891801,1.7030126094780118,1.6552992657668437,1.4367117062806452,1.2181241467944464,0.9995365873082476,0.7809490278220486
2677,0.22682064156334378,0.25732997737244256,0.31075203030808307,0.3641740832437235,0.4175961361793641,0.4710181891150046,0.5244402420506451,0.769180921820084,1.013921601589523,1.2586622813589619,1.5034029611284008,2.0428941262432594,2.0123847904341607,1.9589627374985201,1.9055406845628797,1.852118631627239,1.7986965786915987,1.745274525755958,1.5005338459865192,1.2557931662170803,1.0110524864476413,0.7663118066782024
2678,0.28713168866453304,0.3257533813399477,0.3933802259058238,0.46100707047169975,0.5286339150375757,0.5962607596034519,0.6638876041693279,0.9737042248382178,1.2835208455071077,1.5933374661759976,1.9031540868448875,2.133676930271694,2.095055237596279,2.027428393030403,1.9598015484645268,1.8921747038986507,1.8245478593327746,1.7569210147668985,1.4471043940980086,1.1372877734291187,0.8274711527602288,0.5176545320913388
2679,0.3067951188581142,0.3480617127682659,0.42031979724889373,0.49257788172952155,0.5648359662101494,0.6370940506907772,0.709352135171405,1.040385701701159,1.3714192682309132,1.7024528347606676,2.0334864012904217,2.1612776545091203,2.120011060598969,2.047752976118341,1.975494891637713,1.9032368071570853,1.8309787226764576,1.7587206381958298,1.427687071666076,1.0966535051363218,0.7656199386065674,0.4345863720768133
2680,0.27598175878396375,0.31310368956544515,0.3781044409318533,0.44310519229826134,0.5081059436646694,0.5731066950310776,0.6381074463974856,0.9358932333664804,1.233679020335475,1.53146480730447,1.829250594273465,1.9097257114610804,1.872603780679599,1.8076030293131908,1.7426022779467827,1.6776015265803745,1.6126007752139664,1.5476000238475582,1.2498142368785634,0.9520284499095688,0.6542426629405738,0.35645687597157893
2681,0.2253108014307007,0.2556170506983482,0.3086834977291007,0.36174994475985317,0.4148163917906057,0.46788283882135817,0.5209492858521106,0.7640608400805081,1.0071723943089055,1.2502839485373032,1.4933955027657007,1.6192575536297766,1.588951304362129,1.5358848573313766,1.4828184103006241,1.4297519632698716,1.3766855162391192,1.3236190692083667,1.0805075149799692,0.8373959607515719,0.5942844065231742,0.3511728522947767
2682,0.181071206183045,0.20542684770103406,0.24807374039633354,0.290720633091633,0.3333675257869325,0.376014418482232,0.41866131117753147,0.6140381066158548,0.809414902054178,1.0047916974925013,1.200168492930825,1.489569188741577,1.4652135472235879,1.4225666545282885,1.379919761832989,1.3372728691376894,1.29462597644239,1.2519790837470905,1.0566022883087673,0.8612254928704441,0.6658486974321208,0.4704719019937972
2683,0.1371027565822645,0.15554426178254532,0.18783546186591396,0.22012666194928254,0.2524178620326512,0.2847090621160198,0.3170002621993884,0.464934866444111,0.6128694706888336,0.7608040749335562,0.9087386791782788,1.2544431595756709,1.23600165437539,1.2037104542920214,1.1714192542086528,1.1391280541252842,1.1068368540419156,1.074545653958547,0.9266110497138245,0.7786764454691019,0.6307418412243793,0.48280723697965666
2684,0.12288693681507708,0.1394162914452449,0.16835930297358676,0.19730231450192862,0.22624532603027048,0.25518833755861237,0.28413134908695425,0.4167270081222759,0.5493226671575976,0.6819183261929194,0.8145139852282411,0.965950353268064,0.9494209986378962,0.9204779871095543,0.8915349755812124,0.8625919640528705,0.8336489525245286,0.8047059409961868,0.6721102819608651,0.5395146229255434,0.40691896389022164,0.27432330485489986
2685,0.10407025709033581,0.11806860573895996,0.14257980870966933,0.16709101168037868,0.19160221465108804,0.2161134176217974,0.24062462059250678,0.3529169820306787,0.4652093434688507,0.5775017049070227,0.6897940663451948,0.756275578156249,0.7422772295076249,0.7177660265369155,0.6932548235662062,0.6687436205954969,0.6442324176247876,0.6197212146540781,0.5074288532159061,0.3951364917777342,0.2828441303395622,0.17055176890139007
2686,0.09174496304809825,0.10408545316899447,0.1256937346673304,0.14730201616566632,0.16891029766400223,0.19051857916233816,0.21212686066067407,0.3111201642112374,0.4101134677618008,0.5091067713123641,0.6081000748629275,0.6380177307790044,0.6256772406581081,0.6040689591597722,0.5824606776614363,0.5608523961631003,0.5392441146647644,0.5176358331664285,0.4186425296158651,0.3196492260653017,0.22065592251473837,0.12166261896417502
2687,0.0756798511426919,0.0858594449247251,0.10368398234795255,0.12150851977117999,0.13933305719440744,0.15715759461763487,0.17498213204086233,0.2566410943198301,0.33830005659879786,0.4199590188777657,0.5016179811567335,0.5589042903878931,0.54872469660586,0.5309001591826326,0.5130756217594051,0.4952510843361777,0.4774265469129503,0.45960200948972285,0.37794304721075506,0.2962840849317873,0.21462512265281947,0.13296616037385167
2688,0.031367184720614005,0.03558634204876214,0.04297411500909338,0.050361887969424625,0.057749660929755864,0.0651374338900871,0.07252520685041834,0.10637056615310214,0.14021592545578596,0.17406128475846977,0.20790664406115364,0.38513873965896495,0.3809195823308168,0.3735318093704856,0.36614403641015436,0.35875626344982314,0.3513684904894919,0.3439807175291607,0.3101353582264769,0.27628999892379313,0.24244463962110932,0.20859928031842545
2689,0.027541528392130105,0.031246101893993974,0.037732835101129916,0.04421956830826585,0.05070630151540179,0.057193034722537735,0.06367976792967367,0.09339722368731823,0.1231146794449628,0.15283213520260736,0.18254959096025195,0.2947264391013124,0.29102186559944854,0.2845351323923126,0.27804839918517665,0.2715616659780407,0.26507493277090477,0.25858819956376883,0.22887074380612427,0.1991532880484797,0.16943583229083514,0.13971837653319055
2690,0.021214760756460276,0.024068329353953997,0.029064947229369295,0.03406156510478459,0.03905818298019989,0.04405480085561519,0.049051418731030486,0.07194225852804301,0.09483309832505553,0.11772393812206808,0.1406147779190806,0.2196416620198345,0.2167880934223408,0.21179147554692548,0.20679485767151018,0.20179823979609487,0.19680162192067957,0.19180500404526427,0.16891416424825173,0.14602332445123922,0.12313248465422667,0.10024164485721414
2691,0.017379901386824617,0.01971764826949346,0.023811058840523276,0.02790446941155309,0.03199787998258291,0.03609129055361272,0.04018470112464254,0.058937707246218926,0.07769071336779533,0.09644371948937172,0.11519672561094813,0.1725522635160582,0.17021451663338938,0.16612110606235955,0.16202769549132973,0.1579342849202999,0.15384087434927007,0.14974746377824025,0.13099445765666387,0.11224145153508747,0.09348844541351108,0.07473543929193467
2692,0.018861538995962508,0.02139857893702769,0.025840952998510806,0.030283327059993915,0.03472570112147703,0.03916807518296014,0.04361044924444325,0.0639621502340575,0.08431385122367176,0.10466555221328604,0.1250172532029003,0.16219714722554288,0.1596601072844777,0.15521773322299456,0.15077535916151147,0.14633298510002835,0.14189061103854522,0.1374482369770621,0.11709653598744785,0.0967448349978336,0.07639313400821932,0.05604143301860505
2693,0.06031042844298219,0.06842270209442457,0.08262734801485494,0.09683199393528533,0.1110366398557157,0.1252412857761461,0.1394459316965765,0.20452120506052845,0.2695964784244804,0.33467175178843245,0.39974702515238447,0.4566317751531136,0.4485195015016712,0.43431485558124083,0.4201102096608105,0.4059055637403801,0.3917009178199497,0.3774962718995193,0.3124209985355673,0.24734572517161535,0.18227045180766333,0.1171951784437113
2694,0.30895518501738617,0.35051232648691727,0.4232791617051753,0.4960459969234333,0.5688128321416914,0.6415796673599494,0.7143465025782075,1.0477107919933368,1.3810750814084662,1.7144393708235957,2.0478036602387255,2.1024107163262697,2.0608535748567385,1.9880867396384805,1.9153199044202225,1.8425530692019643,1.7697862339837063,1.6970193987654483,1.363655109350319,1.0302908199351897,0.6969265305200603,0.3635622411049304
2695,1.1612949269476076,1.3174991271273024,1.5910137359992662,1.8645283448712298,2.1380429537431938,2.4115575626151577,2.685072171487121,3.9381155800368046,5.191158988586489,6.444202397136173,7.697245805685856,8.797592590406415,8.64138839022672,8.367873781354756,8.094359172482793,7.820844563610829,7.547329954738865,7.273815345866902,6.020771937317218,4.767728528767535,3.514685120217851,2.261641711668167
2696,2.8365400828547638,3.218079229059924,3.8861568494030205,4.554234469746118,5.222312090089215,5.890389710432311,6.558467330775408,9.61910918103339,12.679751031291374,15.74039288154936,18.801034731807345,21.40384848736475,21.02230934115959,20.354231720816493,19.686154100473395,19.018076480130297,18.3499988597872,17.6819212394441,14.621279389186117,11.560637538928134,8.499995688670149,5.439353838412163
2697,4.187241305649756,4.750461435119857,5.736663683482037,6.722865931844216,7.709068180206397,8.695270428568575,9.681472676930756,14.199528337297998,18.717583997665233,23.23563965803248,27.75369531839972,32.29130966000392,31.72808953053382,30.74188728217164,29.75568503380946,28.76948278544728,27.7832805370851,26.797078288722922,22.27902262835568,17.760966967988445,13.242911307621199,8.724855647253957
2698,4.1224380187469025,4.6769415462886,5.647880965838258,6.618820385387915,7.5897598049375725,8.56069922448723,9.53163864403689,13.979771212843394,18.427903781649896,22.876036350456406,27.324168919262913,32.91035711924829,32.35585359170659,31.384914172156932,30.413974752607274,29.443035333057615,28.472095913507957,27.501156493958298,23.053023925151795,18.60489135634529,14.15675878753878,9.708626218732274
2699,3.351595880008395,3.8024144805325077,4.591800893015079,5.381187305497649,6.170573717980221,6.959960130462791,7.7493465429453625,11.365736340329079,14.982126137712793,18.59851593509651,22.21490573248023,27.356769827551037,26.905951227026925,26.116564814544354,25.327178402061783,24.537791989579212,23.74840557709664,22.95901916461407,19.34262936723035,15.726239569846637,12.109849772462919,8.493459975079201
2700,2.9910124143164416,3.3933294236000933,4.097789222441407,4.80224902128272,5.506708820124034,6.211168618965348,6.915628417806662,10.142946736074473,13.370265054342282,16.597583372610092,19.82490169087791,24.2284335048095,23.82611649552585,23.121656696684536,22.417196897843223,21.71273709900191,21.008277300160596,20.303817501319283,17.076499183051475,13.849180864783666,10.621862546515855,7.394544228248039
2701,2.7047846416677372,3.0686015427890947,3.7056473923676854,4.342693241946275,4.979739091524866,5.6167849411034565,6.253830790682048,9.172307818474215,12.090784846266383,15.009261874058554,17.92773890185072,22.802692522038395,22.438875620917038,21.801829771338447,21.164783921759856,20.527738072181265,19.890692222602674,19.253646373024083,16.335169345231915,13.416692317439747,10.498215289647575,7.579738261855409
2702,2.20733046474823,2.5042354815337093,3.0241181699939683,3.544000858454227,4.063883546914486,4.583766235374744,5.103648923835004,7.485370246439614,9.867091569044224,12.248812891648836,14.630534214253444,19.724931122724897,19.428026105939416,18.908143417479156,18.388260729018896,17.868378040558635,17.348495352098375,16.828612663638115,14.446891341033504,12.065170018428894,9.683448695824282,7.3017273732196735
2703,1.677916042855984,1.903610246250039,2.298802319798513,2.693994393346985,3.0891864668954585,3.484378540443932,3.879570613992405,5.690050956937462,7.500531299882518,9.311011642827577,11.121491985772634,14.871256559632515,14.645562356238461,14.250370282689987,13.855178209141515,13.459986135593041,13.064794062044568,12.669601988496094,10.859121645551037,9.04864130260598,7.238160959660921,5.427680616715864
2704,1.1172675321315855,1.2675496673528908,1.5306947005095728,1.7938397336662546,2.0569847668229366,2.3201297999796187,2.583274833136301,3.7888124482913326,4.9943500634463645,6.199887678601396,7.405425293756428,10.033161309414842,9.882879174193537,9.619734141036854,9.356589107880172,9.09344407472349,8.830299041566807,8.567154008410125,7.361616393255093,6.156078778100062,4.95054116294503,3.745003547789998
2705,0.6682540838903488,0.7581400312657272,0.9155309318380566,1.0729218324103855,1.2303127329827148,1.3877036335550441,1.5450945341273732,2.2661442482220826,2.987193962316792,3.7082436764115014,4.429293390506211,6.0734388854665,5.983552938091121,5.826162037518792,5.668771136946463,5.5113802363741335,5.3539893358018045,5.196598435229475,4.475548721134766,3.7544990070400566,3.033449292945347,2.3123995788506377
2706,0.4397550001969972,0.4989058467966161,0.6024793784527985,0.7060529101089809,0.8096264417651632,0.9131999734213457,1.016773505077528,1.4912714914090162,1.9657694777405041,2.4402674640719924,2.9147654504034803,3.6846018562989733,3.625451009699354,3.5218774780431716,3.418303946386989,3.314730414730807,3.2111568830746244,3.1075833514184423,2.633085365086954,2.158587378755466,1.6840893924239777,1.2095914060924897
2707,0.286284866305672,0.32479265405806435,0.39222005033488544,0.4596474466117065,0.5270748428885276,0.5945022391653487,0.6619296354421698,0.9708325302776295,1.2797354251130895,1.5886383199485492,1.8975412147840094,2.22844041223525,2.1899326244828576,2.1225052282060366,2.0550778319292156,1.9876504356523945,1.9202230393755735,1.8527956430987524,1.5438927482632927,1.2349898534278327,0.926086958592373,0.6171840637569128
2708,0.1600000684787465,0.18152145994052682,0.21920556165659857,0.25688966337267033,0.2945737650887421,0.33225786680481384,0.3699419685208856,0.5425828942000834,0.7152238198792811,0.887864745558479,1.0605056712376768,1.3303544742870113,1.308833082825231,1.2711489811091592,1.2334648793930874,1.1957807776770155,1.1580966759609437,1.1204125742448718,0.947771648565674,0.7751307228864763,0.6024897972072784,0.4298488715280806
2709,0.0966650333943288,0.10966731548161278,0.1324343991801003,0.15520148287858784,0.17796856657707538,0.20073565027556292,0.2235027339740505,0.3278048196211218,0.432106905268193,0.5364089909152644,0.6407110765623357,0.8750441895076194,0.8620419074203355,0.8392748237218479,0.8165077400233604,0.7937406563248728,0.7709735726263852,0.7482064889278977,0.6439044032808263,0.5396023176337551,0.4353002319866837,0.3309981463396124
2710,0.060485888935644626,0.06862176353916513,0.08286773488598757,0.09711370623281,0.11135967757963244,0.1256056489264549,0.13985162027327736,0.2051162164429092,0.27038081261254104,0.33564540878217297,0.40091000495180484,0.6530761972950729,0.6449403226915524,0.63069435134473,0.6164483799979075,0.602202408651085,0.5879564373042625,0.57371046595744,0.5084458697878081,0.4431812736181763,0.37791667744854435,0.3126520812789125
2711,0.04326251605801909,0.04908169821561838,0.059271125452270715,0.06946055268892304,0.07964997992557539,0.08983940716222773,0.10002883439888008,0.1467093195416705,0.19338980468446088,0.24007028982725132,0.28675077497004176,0.499578441059629,0.4937592589020297,0.48356983166537737,0.47338040442872503,0.4631909771920727,0.45300154995542036,0.442812122718768,0.3961316375759776,0.3494511524331872,0.30277066729039676,0.2560901821476063
2712,0.031367184720614005,0.03558634204876214,0.04297411500909338,0.050361887969424625,0.057749660929755864,0.0651374338900871,0.07252520685041834,0.10637056615310214,0.14021592545578596,0.17406128475846977,0.20790664406115364,0.38513873965896495,0.3809195823308168,0.3735318093704856,0.36614403641015436,0.35875626344982314,0.3513684904894919,0.3439807175291607,0.3101353582264769,0.27628999892379313,0.24244463962110932,0.20859928031842545
2713,0.027541528392130105,0.031246101893993974,0.037732835101129916,0.04421956830826585,0.05070630151540179,0.057193034722537735,0.06367976792967367,0.09339722368731823,0.1231146794449628,0.15283213520260736,0.18254959096025195,0.2947264391013124,0.29102186559944854,0.2845351323923126,0.27804839918517665,0.2715616659780407,0.26507493277090477,0.25858819956376883,0.22887074380612427,0.1991532880484797,0.16943583229083514,0.13971837653319055
2714,0.021214760756460276,0.024068329353953997,0.029064947229369295,0.03406156510478459,0.03905818298019989,0.04405480085561519,0.049051418731030486,0.07194225852804301,0.09483309832505553,0.11772393812206808,0.1406147779190806,0.2196416620198345,0.2167880934223408,0.21179147554692548,0.20679485767151018,0.20179823979609487,0.19680162192067957,0.19180500404526427,0.16891416424825173,0.14602332445123922,0.12313248465422667,0.10024164485721414
2715,0.017379901386824617,0.01971764826949346,0.023811058840523276,0.02790446941155309,0.03199787998258291,0.03609129055361272,0.04018470112464254,0.058937707246218926,0.07769071336779533,0.09644371948937172,0.11519672561094813,0.1725522635160582,0.17021451663338938,0.16612110606235955,0.16202769549132973,0.1579342849202999,0.15384087434927007,0.14974746377824025,0.13099445765666387,0.11224145153508747,0.09348844541351108,0.07473543929193467
2716,0.018861538995962508,0.02139857893702769,0.025840952998510806,0.030283327059993915,0.03472570112147703,0.03916807518296014,0.04361044924444325,0.0639621502340575,0.08431385122367176,0.10466555221328604,0.1250172532029003,0.16219714722554288,0.1596601072844777,0.15521773322299456,0.15077535916151147,0.14633298510002835,0.14189061103854522,0.1374482369770621,0.11709653598744785,0.0967448349978336,0.07639313400821932,0.05604143301860505
2717,0.06031042844298219,0.06842270209442457,0.08262734801485494,0.09683199393528533,0.1110366398557157,0.1252412857761461,0.1394459316965765,0.20452120506052845,0.2695964784244804,0.33467175178843245,0.39974702515238447,0.4566317751531136,0.4485195015016712,0.43431485558124083,0.4201102096608105,0.4059055637403801,0.3917009178199497,0.3774962718995193,0.3124209985355673,0.24734572517161535,0.18227045180766333,0.1171951784437113
2718,0.30895518501738617,0.35051232648691727,0.4232791617051753,0.4960459969234333,0.5688128321416914,0.6415796673599494,0.7143465025782075,1.0477107919933368,1.3810750814084662,1.7144393708235957,2.0478036602387255,2.1024107163262697,2.0608535748567385,1.9880867396384805,1.9153199044202225,1.8425530692019643,1.7697862339837063,1.6970193987654483,1.363655109350319,1.0302908199351897,0.6969265305200603,0.3635622411049304
2719,1.1612949269476076,1.3174991271273024,1.5910137359992662,1.8645283448712298,2.1380429537431938,2.4115575626151577,2.685072171487121,3.9381155800368046,5.191158988586489,6.444202397136173,7.697245805685856,8.797592590406415,8.64138839022672,8.367873781354756,8.094359172482793,7.820844563610829,7.547329954738865,7.273815345866902,6.020771937317218,4.767728528767535,3.514685120217851,2.261641711668167
2720,2.8365400828547638,3.218079229059924,3.8861568494030205,4.554234469746118,5.222312090089215,5.890389710432311,6.558467330775408,9.61910918103339,12.679751031291374,15.74039288154936,18.801034731807345,21.40384848736475,21.02230934115959,20.354231720816493,19.686154100473395,19.018076480130297,18.3499988597872,17.6819212394441,14.621279389186117,11.560637538928134,8.499995688670149,5.439353838412163
2721,4.187241305649756,4.750461435119857,5.736663683482037,6.722865931844216,7.709068180206397,8.695270428568575,9.681472676930756,14.199528337297998,18.717583997665233,23.23563965803248,27.75369531839972,32.29130966000392,31.72808953053382,30.74188728217164,29.75568503380946,28.76948278544728,27.7832805370851,26.797078288722922,22.27902262835568,17.760966967988445,13.242911307621199,8.724855647253957
2722,4.1224380187469025,4.6769415462886,5.647880965838258,6.618820385387915,7.5897598049375725,8.56069922448723,9.53163864403689,13.979771212843394,18.427903781649896,22.876036350456406,27.324168919262913,32.91035711924829,32.35585359170659,31.384914172156932,30.413974752607274,29.443035333057615,28.472095913507957,27.501156493958298,23.053023925151795,18.60489135634529,14.15675878753878,9.708626218732274
2723,3.351595880008395,3.8024144805325077,4.591800893015079,5.381187305497649,6.170573717980221,6.959960130462791,7.7493465429453625,11.365736340329079,14.982126137712793,18.59851593509651,22.21490573248023,27.356769827551037,26.905951227026925,26.116564814544354,25.327178402061783,24.537791989579212,23.74840557709664,22.95901916461407,19.34262936723035,15.726239569846637,12.109849772462919,8.493459975079201
2724,2.9910124143164416,3.3933294236000933,4.097789222441407,4.80224902128272,5.506708820124034,6.211168618965348,6.915628417806662,10.142946736074473,13.370265054342282,16.597583372610092,19.82490169087791,24.2284335048095,23.82611649552585,23.121656696684536,22.417196897843223,21.71273709900191,21.008277300160596,20.303817501319283,17.076499183051475,13.849180864783666,10.621862546515855,7.394544228248039
2725,2.7047846416677372,3.0686015427890947,3.7056473923676854,4.342693241946275,4.979739091524866,5.6167849411034565,6.253830790682048,9.172307818474215,12.090784846266383,15.009261874058554,17.92773890185072,22.802692522038395,22.438875620917038,21.801829771338447,21.164783921759856,20.527738072181265,19.890692222602674,19.253646373024083,16.335169345231915,13.416692317439747,10.498215289647575,7.579738261855409
2726,2.20733046474823,2.5042354815337093,3.0241181699939683,3.544000858454227,4.063883546914486,4.583766235374744,5.103648923835004,7.485370246439614,9.867091569044224,12.248812891648836,14.630534214253444,19.724931122724897,19.428026105939416,18.908143417479156,18.388260729018896,17.868378040558635,17.348495352098375,16.828612663638115,14.446891341033504,12.065170018428894,9.683448695824282,7.3017273732196735
2727,1.677916042855984,1.903610246250039,2.298802319798513,2.693994393346985,3.0891864668954585,3.484378540443932,3.879570613992405,5.690050956937462,7.500531299882518,9.311011642827577,11.121491985772634,14.871256559632515,14.645562356238461,14.250370282689987,13.855178209141515,13.459986135593041,13.064794062044568,12.669601988496094,10.859121645551037,9.04864130260598,7.238160959660921,5.427680616715864
2728,1.1172675321315855,1.2675496673528908,1.5306947005095728,1.7938397336662546,2.0569847668229366,2.3201297999796187,2.583274833136301,3.7888124482913326,4.9943500634463645,6.199887678601396,7.405425293756428,10.033161309414842,9.882879174193537,9.619734141036854,9.356589107880172,9.09344407472349,8.830299041566807,8.567154008410125,7.361616393255093,6.156078778100062,4.95054116294503,3.745003547789998
2729,0.6682540838903488,0.7581400312657272,0.9155309318380566,1.0729218324103855,1.2303127329827148,1.3877036335550441,1.5450945341273732,2.2661442482220826,2.987193962316792,3.7082436764115014,4.429293390506211,6.0734388854665,5.983552938091121,5.826162037518792,5.668771136946463,5.5113802363741335,5.3539893358018045,5.196598435229475,4.475548721134766,3.7544990070400566,3.033449292945347,2.3123995788506377
2730,0.4397550001969972,0.4989058467966161,0.6024793784527985,0.7060529101089809,0.8096264417651632,0.9131999734213457,1.016773505077528,1.4912714914090162,1.9657694777405041,2.4402674640719924,2.9147654504034803,3.6846018562989733,3.625451009699354,3.5218774780431716,3.418303946386989,3.314730414730807,3.2111568830746244,3.1075833514184423,2.633085365086954,2.158587378755466,1.6840893924239777,1.2095914060924897
2731,0.286284866305672,0.32479265405806435,0.39222005033488544,0.4596474466117065,0.5270748428885276,0.5945022391653487,0.6619296354421698,0.9708325302776295,1.2797354251130895,1.5886383199485492,1.8975412147840094,2.22844041223525,2.1899326244828576,2.1225052282060366,2.0550778319292156,1.9876504356523945,1.9202230393755735,1.8527956430987524,1.5438927482632927,1.2349898534278327,0.926086958592373,0.6171840637569128
2732,0.1600000684787465,0.18152145994052682,0.21920556165659857,0.25688966337267033,0.2945737650887421,0.33225786680481384,0.3699419685208856,0.5425828942000834,0.7152238198792811,0.887864745558479,1.0605056712376768,1.3303544742870113,1.308833082825231,1.2711489811091592,1.2334648793930874,1.1957807776770155,1.1580966759609437,1.1204125742448718,0.947771648565674,0.7751307228864763,0.6024897972072784,0.4298488715280806
2733,0.0966650333943288,0.10966731548161278,0.1324343991801003,0.15520148287858784,0.17796856657707538,0.20073565027556292,0.2235027339740505,0.3278048196211218,0.432106905268193,0.5364089909152644,0.6407110765623357,0.8750441895076194,0.8620419074203355,0.8392748237218479,0.8165077400233604,0.7937406563248728,0.7709735726263852,0.7482064889278977,0.6439044032808263,0.5396023176337551,0.4353002319866837,0.3309981463396124
2734,0.060485888935644626,0.06862176353916513,0.08286773488598757,0.09711370623281,0.11135967757963244,0.1256056489264549,0.13985162027327736,0.2051162164429092,0.27038081261254104,0.33564540878217297,0.40091000495180484,0.6530761972950729,0.6449403226915524,0.63069435134473,0.6164483799979075,0.602202408651085,0.5879564373042625,0.57371046595744,0.5084458697878081,0.4431812736181763,0.37791667744854435,0.3126520812789125
2735,0.04326251605801909,0.04908169821561838,0.059271125452270715,0.06946055268892304,0.07964997992557539,0.08983940716222773,0.10002883439888008,0.1467093195416705,0.19338980468446088,0.24007028982725132,0.28675077497004176,0.499578441059629,0.4937592589020297,0.48356983166537737,0.47338040442872503,0.4631909771920727,0.45300154995542036,0.442812122718768,0.3961316375759776,0.3494511524331872,0.30277066729039676,0.2560901821476063
2736,0.031367184720614005,0.03558634204876214,0.04297411500909338,0.050361887969424625,0.057749660929755864,0.0651374338900871,0.07252520685041834,0.10637056615310214,0.14021592545578596,0.17406128475846977,0.20790664406115364,0.38513873965896495,0.3809195823308168,0.3735318093704856,0.36614403641015436,0.35875626344982314,0.3513684904894919,0.3439807175291607,0.3101353582264769,0.27628999892379313,0.24244463962110932,0.20859928031842545
2737,0.027541528392130105,0.031246101893993974,0.037732835101129916,0.04421956830826585,0.05070630151540179,0.057193034722537735,0.06367976792967367,0.09339722368731823,0.1231146794449628,0.15283213520260736,0.18254959096025195,0.2947264391013124,0.29102186559944854,0.2845351323923126,0.27804839918517665,0.2715616659780407,0.26507493277090477,0.25858819956376883,0.22887074380612427,0.1991532880484797,0.16943583229083514,0.13971837653319055
2738,0.021214760756460276,0.024068329353953997,0.029064947229369295,0.03406156510478459,0.03905818298019989,0.04405480085561519,0.049051418731030486,0.07194225852804301,0.09483309832505553,0.11772393812206808,0.1406147779190806,0.2196416620198345,0.2167880934223408,0.21179147554692548,0.20679485767151018,0.20179823979609487,0.19680162192067957,0.19180500404526427,0.16891416424825173,0.14602332445123922,0.12313248465422667,0.10024164485721414
2739,0.017379901386824617,0.01971764826949346,0.023811058840523276,0.02790446941155309,0.03199787998258291,0.03609129055361272,0.04018470112464254,0.058937707246218926,0.07769071336779533,0.09644371948937172,0.11519672561094813,0.1725522635160582,0.17021451663338938,0.16612110606235955,0.16202769549132973,0.1579342849202999,0.15384087434927007,0.14974746377824025,0.13099445765666387,0.11224145153508747,0.09348844541351108,0.07473543929193467
2740,0.018861538995962508,0.02139857893702769,0.025840952998510806,0.030283327059993915,0.03472570112147703,0.03916807518296014,0.04361044924444325,0.0639621502340575,0.08431385122367176,0.10466555221328604,0.1250172532029003,0.16219714722554288,0.1596601072844777,0.15521773322299456,0.15077535916151147,0.14633298510002835,0.14189061103854522,0.1374482369770621,0.11709653598744785,0.0967448349978336,0.07639313400821932,0.05604143301860505
2741,0.06031042844298219,0.06842270209442457,0.08262734801485494,0.09683199393528533,0.1110366398557157,0.1252412857761461,0.1394459316965765,0.20452120506052845,0.2695964784244804,0.33467175178843245,0.39974702515238447,0.4566317751531136,0.4485195015016712,0.43431485558124083,0.4201102096608105,0.4059055637403801,0.3917009178199497,0.3774962718995193,0.3124209985355673,0.24734572517161535,0.18227045180766333,0.1171951784437113
2742,0.30895518501738617,0.35051232648691727,0.4232791617051753,0.4960459969234333,0.5688128321416914,0.6415796673599494,0.7143465025782075,1.0477107919933368,1.3810750814084662,1.7144393708235957,2.0478036602387255,2.1024107163262697,2.0608535748567385,1.9880867396384805,1.9153199044202225,1.8425530692019643,1.7697862339837063,1.6970193987654483,1.363655109350319,1.0302908199351897,0.6969265305200603,0.3635622411049304
2743,1.1612949269476076,1.3174991271273024,1.5910137359992662,1.8645283448712298,2.1380429537431938,2.4115575626151577,2.685072171487121,3.9381155800368046,5.191158988586489,6.444202397136173,7.697245805685856,8.797592590406415,8.64138839022672,8.367873781354756,8.094359172482793,7.820844563610829,7.547329954738865,7.273815345866902,6.020771937317218,4.767728528767535,3.514685120217851,2.261641711668167
2744,2.8365400828547638,3.218079229059924,3.8861568494030205,4.554234469746118,5.222312090089215,5.890389710432311,6.558467330775408,9.61910918103339,12.679751031291374,15.74039288154936,18.801034731807345,21.40384848736475,21.02230934115959,20.354231720816493,19.686154100473395,19.018076480130297,18.3499988597872,17.6819212394441,14.621279389186117,11.560637538928134,8.499995688670149,5.439353838412163
2745,4.187241305649756,4.750461435119857,5.736663683482037,6.722865931844216,7.709068180206397,8.695270428568575,9.681472676930756,14.199528337297998,18.717583997665233,23.23563965803248,27.75369531839972,32.29130966000392,31.72808953053382,30.74188728217164,29.75568503380946,28.76948278544728,27.7832805370851,26.797078288722922,22.27902262835568,17.760966967988445,13.242911307621199,8.724855647253957
2746,4.1224380187469025,4.6769415462886,5.647880965838258,6.618820385387915,7.5897598049375725,8.56069922448723,9.53163864403689,13.979771212843394,18.427903781649896,22.876036350456406,27.324168919262913,32.91035711924829,32.35585359170659,31.384914172156932,30.413974752607274,29.443035333057615,28.472095913507957,27.501156493958298,23.053023925151795,18.60489135634529,14.15675878753878,9.708626218732274
2747,3.351595880008395,3.8024144805325077,4.591800893015079,5.381187305497649,6.170573717980221,6.959960130462791,7.7493465429453625,11.365736340329079,14.982126137712793,18.59851593509651,22.21490573248023,27.356769827551037,26.905951227026925,26.116564814544354,25.327178402061783,24.537791989579212,23.74840557709664,22.95901916461407,19.34262936723035,15.726239569846637,12.109849772462919,8.493459975079201
2748,2.9910124143164416,3.3933294236000933,4.097789222441407,4.80224902128272,5.506708820124034,6.211168618965348,6.915628417806662,10.142946736074473,13.370265054342282,16.597583372610092,19.82490169087791,24.2284335048095,23.82611649552585,23.121656696684536,22.417196897843223,21.71273709900191,21.008277300160596,20.303817501319283,17.076499183051475,13.849180864783666,10.621862546515855,7.394544228248039
2749,2.7047846416677372,3.0686015427890947,3.7056473923676854,4.342693241946275,4.979739091524866,5.6167849411034565,6.253830790682048,9.172307818474215,12.090784846266383,15.009261874058554,17.92773890185072,22.802692522038395,22.438875620917038,21.801829771338447,21.164783921759856,20.527738072181265,19.890692222602674,19.253646373024083,16.335169345231915,13.416692317439747,10.498215289647575,7.579738261855409
2750,2.20733046474823,2.5042354815337093,3.0241181699939683,3.544000858454227,4.063883546914486,4.583766235374744,5.103648923835004,7.485370246439614,9.867091569044224,12.248812891648836,14.630534214253444,19.724931122724897,19.428026105939416,18.908143417479156,18.388260729018896,17.868378040558635,17.348495352098375,16.828612663638115,14.446891341033504,12.065170018428894,9.683448695824282,7.3017273732196735
2751,1.677916042855984,1.903610246250039,2.298802319798513,2.693994393346985,3.0891864668954585,3.484378540443932,3.879570613992405,5.690050956937462,7.500531299882518,9.311011642827577,11.121491985772634,14.871256559632515,14.645562356238461,14.250370282689987,13.855178209141515,13.459986135593041,13.064794062044568,12.669601988496094,10.859121645551037,9.04864130260598,7.238160959660921,5.427680616715864
2752,1.1172675321315855,1.2675496673528908,1.5306947005095728,1.7938397336662546,2.0569847668229366,2.3201297999796187,2.583274833136301,3.7888124482913326,4.9943500634463645,6.199887678601396,7.405425293756428,10.033161309414842,9.882879174193537,9.619734141036854,9.356589107880172,9.09344407472349,8.830299041566807,8.567154008410125,7.361616393255093,6.156078778100062,4.95054116294503,3.745003547789998
2753,0.6682540838903488,0.7581400312657272,0.9155309318380566,1.0729218324103855,1.2303127329827148,1.3877036335550441,1.5450945341273732,2.2661442482220826,2.987193962316792,3.7082436764115014,4.429293390506211,6.0734388854665,5.983552938091121,5.826162037518792,5.668771136946463,5.5113802363741335,5.3539893358018045,5.196598435229475,4.475548721134766,3.7544990070400566,3.033449292945347,2.3123995788506377
2754,0.4397550001969972,0.4989058467966161,0.6024793784527985,0.7060529101089809,0.8096264417651632,0.9131999734213457,1.016773505077528,1.4912714914090162,1.9657694777405041,2.4402674640719924,2.9147654504034803,3.6846018562989733,3.625451009699354,3.5218774780431716,3.418303946386989,3.314730414730807,3.2111568830746244,3.1075833514184423,2.633085365086954,2.158587378755466,1.6840893924239777,1.2095914060924897
2755,0.286284866305672,0.32479265405806435,0.39222005033488544,0.4596474466117065,0.5270748428885276,0.5945022391653487,0.6619296354421698,0.9708325302776295,1.2797354251130895,1.5886383199485492,1.8975412147840094,2.22844041223525,2.1899326244828576,2.1225052282060366,2.0550778319292156,1.9876504356523945,1.9202230393755735,1.8527956430987524,1.5438927482632927,1.2349898534278327,0.926086958592373,0.6171840637569128
2756,0.1600000684787465,0.18152145994052682,0.21920556165659857,0.25688966337267033,0.2945737650887421,0.33225786680481384,0.3699419685208856,0.5425828942000834,0.7152238198792811,0.887864745558479,1.0605056712376768,1.3303544742870113,1.308833082825231,1.2711489811091592,1.2334648793930874,1.1957807776770155,1.1580966759609437,1.1204125742448718,0.947771648565674,0.7751307228864763,0.6024897972072784,0.4298488715280806
2757,0.0966650333943288,0.10966731548161278,0.1324343991801003,0.15520148287858784,0.17796856657707538,0.20073565027556292,0.2235027339740505,0.3278048196211218,0.432106905268193,0.5364089909152644,0.6407110765623357,0.8750441895076194,0.8620419074203355,0.8392748237218479,0.8165077400233604,0.7937406563248728,0.7709735726263852,0.7482064889278977,0.6439044032808263,0.5396023176337551,0.4353002319866837,0.3309981463396124
2758,0.060485888935644626,0.06862176353916513,0.08286773488598757,0.09711370623281,0.11135967757963244,0.1256056489264549,0.13985162027327736,0.2051162164429092,0.27038081261254104,0.33564540878217297,0.40091000495180484,0.6530761972950729,0.6449403226915524,0.63069435134473,0.6164483799979075,0.602202408651085,0.5879564373042625,0.57371046595744,0.5084458697878081,0.4431812736181763,0.37791667744854435,0.3126520812789125
2759,0.04326251605801909,0.04908169821561838,0.059271125452270715,0.06946055268892304,0.07964997992557539,0.08983940716222773,0.10002883439888008,0.1467093195416705,0.19338980468446088,0.24007028982725132,0.28675077497004176,0.499578441059629,0.4937592589020297,0.48356983166537737,0.47338040442872503,0.4631909771920727,0.45300154995542036,0.442812122718768,0.3961316375759776,0.3494511524331872,0.30277066729039676,0.2560901821476063
2760,0.031367184720614005,0.03558634204876214,0.04297411500909338,0.050361887969424625,0.057749660929755864,0.0651374338900871,0.07252520685041834,0.10637056615310214,0.14021592545578596,0.17406128475846977,0.20790664406115364,0.38513873965896495,0.3809195823308168,0.3735318093704856,0.36614403641015436,0.35875626344982314,0.3513684904894919,0.3439807175291607,0.3101353582264769,0.27628999892379313,0.24244463962110932,0.20859928031842545
2761,0.027541528392130105,0.031246101893993974,0.037732835101129916,0.04421956830826585,0.05070630151540179,0.057193034722537735,0.06367976792967367,0.09339722368731823,0.1231146794449628,0.15283213520260736,0.18254959096025195,0.2947264391013124,0.29102186559944854,0.2845351323923126,0.27804839918517665,0.2715616659780407,0.26507493277090477,0.25858819956376883,0.22887074380612427,0.1991532880484797,0.16943583229083514,0.13971837653319055
2762,0.021214760756460276,0.024068329353953997,0.029064947229369295,0.03406156510478459,0.03905818298019989,0.04405480085561519,0.049051418731030486,0.07194225852804301,0.09483309832505553,0.11772393812206808,0.1406147779190806,0.2196416620198345,0.2167880934223408,0.21179147554692548,0.20679485767151018,0.20179823979609487,0.19680162192067957,0.19180500404526427,0.16891416424825173,0.14602332445123922,0.12313248465422667,0.10024164485721414
2763,0.017379901386824617,0.01971764826949346,0.023811058840523276,0.02790446941155309,0.03199787998258291,0.03609129055361272,0.04018470112464254,0.058937707246218926,0.07769071336779533,0.09644371948937172,0.11519672561094813,0.1725522635160582,0.17021451663338938,0.16612110606235955,0.16202769549132973,0.1579342849202999,0.15384087434927007,0.14974746377824025,0.13099445765666387,0.11224145153508747,0.09348844541351108,0.07473543929193467
2764,0.018861538995962508,0.02139857893702769,0.025840952998510806,0.030283327059993915,0.03472570112147703,0.03916807518296014,0.04361044924444325,0.0639621502340575,0.08431385122367176,0.10466555221328604,0.1250172532029003,0.16219714722554288,0.1596601072844777,0.15521773322299456,0.15077535916151147,0.14633298510002835,0.14189061103854522,0.1374482369770621,0.11709653598744785,0.0967448349978336,0.07639313400821932,0.05604143301860505
2765,0.06031042844298219,0.06842270209442457,0.08262734801485494,0.09683199393528533,0.1110366398557157,0.1252412857761461,0.1394459316965765,0.20452120506052845,0.2695964784244804,0.33467175178843245,0.39974702515238447,0.4566317751531136,0.4485195015016712,0.43431485558124083,0.4201102096608105,0.4059055637403801,0.3917009178199497,0.3774962718995193,0.3124209985355673,0.24734572517161535,0.18227045180766333,0.1171951784437113
2766,0.30895518501738617,0.35051232648691727,0.4232791617051753,0.4960459969234333,0.5688128321416914,0.6415796673599494,0.7143465025782075,1.0477107919933368,1.3810750814084662,1.7144393708235957,2.0478036602387255,2.1024107163262697,2.0608535748567385,1.9880867396384805,1.9153199044202225,1.8425530692019643,1.7697862339837063,1.6970193987654483,1.363655109350319,1.0302908199351897,0.6969265305200603,0.3635622411049304
2767,1.1612949269476076,1.3174991271273024,1.5910137359992662,1.8645283448712298,2.1380429537431938,2.4115575626151577,2.685072171487121,3.9381155800368046,5.191158988586489,6.444202397136173,7.697245805685856,8.797592590406415,8.64138839022672,8.367873781354756,8.094359172482793,7.820844563610829,7.547329954738865,7.273815345866902,6.020771937317218,4.767728528767535,3.514685120217851,2.261641711668167
2768,2.8365400828547638,3.218079229059924,3.8861568494030205,4.554234469746118,5.222312090089215,5.890389710432311,6.558467330775408,9.61910918103339,12.679751031291374,15.74039288154936,18.801034731807345,21.40384848736475,21.02230934115959,20.354231720816493,19.686154100473395,19.018076480130297,18.3499988597872,17.6819212394441,14.621279389186117,11.560637538928134,8.499995688670149,5.439353838412163
2769,4.187241305649756,4.750461435119857,5.736663683482037,6.722865931844216,7.709068180206397,8.695270428568575,9.681472676930756,14.199528337297998,18.717583997665233,23.23563965803248,27.75369531839972,32.29130966000392,31.72808953053382,30.74188728217164,29.75568503380946,28.76948278544728,27.7832805370851,26.797078288722922,22.27902262835568,17.760966967988445,13.242911307621199,8.724855647253957
2770,4.1224380187469025,4.6769415462886,5.647880965838258,6.618820385387915,7.5897598049375725,8.56069922448723,9.53163864403689,13.979771212843394,18.427903781649896,22.876036350456406,27.324168919262913,32.91035711924829,32.35585359170659,31.384914172156932,30.413974752607274,29.443035333057615,28.472095913507957,27.501156493958298,23.053023925151795,18.60489135634529,14.15675878753878,9.708626218732274
2771,3.351595880008395,3.8024144805325077,4.591800893015079,5.381187305497649,6.170573717980221,6.959960130462791,7.7493465429453625,11.365736340329079,14.982126137712793,18.59851593509651,22.21490573248023,27.356769827551037,26.905951227026925,26.116564814544354,25.327178402061783,24.537791989579212,23.74840557709664,22.95901916461407,19.34262936723035,15.726239569846637,12.109849772462919,8.493459975079201
2772,2.9910124143164416,3.3933294236000933,4.097789222441407,4.80224902128272,5.506708820124034,6.211168618965348,6.915628417806662,10.142946736074473,13.370265054342282,16.597583372610092,19.82490169087791,24.2284335048095,23.82611649552585,23.121656696684536,22.417196897843223,21.71273709900191,21.008277300160596,20.303817501319283,17.076499183051475,13.849180864783666,10.621862546515855,7.394544228248039
2773,2.7047846416677372,3.0686015427890947,3.7056473923676854,4.342693241946275,4.979739091524866,5.6167849411034565,6.253830790682048,9.172307818474215,12.090784846266383,15.009261874058554,17.92773890185072,22.802692522038395,22.438875620917038,21.801829771338447,21.164783921759856,20.527738072181265,19.890692222602674,19.253646373024083,16.335169345231915,13.416692317439747,10.498215289647575,7.579738261855409
2774,2.20733046474823,2.5042354815337093,3.0241181699939683,3.544000858454227,4.063883546914486,4.583766235374744,5.103648923835004,7.485370246439614,9.867091569044224,12.248812891648836,14.630534214253444,19.724931122724897,19.428026105939416,18.908143417479156,18.388260729018896,17.868378040558635,17.348495352098375,16.828612663638115,14.446891341033504,12.065170018428894,9.683448695824282,7.3017273732196735
2775,1.677916042855984,1.903610246250039,2.298802319798513,2.693994393346985,3.0891864668954585,3.484378540443932,3.879570613992405,5.690050956937462,7.500531299882518,9.311011642827577,11.121491985772634,14.871256559632515,14.645562356238461,14.250370282689987,13.855178209141515,13.459986135593041,13.064794062044568,12.669601988496094,10.859121645551037,9.04864130260598,7.238160959660921,5.427680616715864
2776,1.1172675321315855,1.2675496673528908,1.5306947005095728,1.7938397336662546,2.0569847668229366,2.3201297999796187,2.583274833136301,3.7888124482913326,4.9943500634463645,6.199887678601396,7.405425293756428,10.033161309414842,9.882879174193537,9.619734141036854,9.356589107880172,9.09344407472349,8.830299041566807,8.567154008410125,7.361616393255093,6.156078778100062,4.95054116294503,3.745003547789998
2777,0.6682540838903488,0.7581400312657272,0.9155309318380566,1.0729218324103855,1.2303127329827148,1.3877036335550441,1.5450945341273732,2.2661442482220826,2.987193962316792,3.7082436764115014,4.429293390506211,6.0734388854665,5.983552938091121,5.826162037518792,5.668771136946463,5.5113802363741335,5.3539893358018045,5.196598435229475,4.475548721134766,3.7544990070400566,3.033449292945347,2.3123995788506377
2778,0.4397550001969972,0.4989058467966161,0.6024793784527985,0.7060529101089809,0.8096264417651632,0.9131999734213457,1.016773505077528,1.4912714914090162,1.9657694777405041,2.4402674640719924,2.9147654504034803,3.6846018562989733,3.625451009699354,3.5218774780431716,3.418303946386989,3.314730414730807,3.2111568830746244,3.1075833514184423,2.633085365086954,2.158587378755466,1.6840893924239777,1.2095914060924897
2779,0.286284866305672,0.32479265405806435,0.39222005033488544,0.4596474466117065,0.5270748428885276,0.5945022391653487,0.6619296354421698,0.9708325302776295,1.2797354251130895,1.5886383199485492,1.8975412147840094,2.22844041223525,2.1899326244828576,2.1225052282060366,2.0550778319292156,1.9876504356523945,1.9202230393755735,1.8527956430987524,1.5438927482632927,1.2349898534278327,0.926086958592373,0.6171840637569128
2780,0.1600000684787465,0.18152145994052682,0.21920556165659857,0.25688966337267033,0.2945737650887421,0.33225786680481384,0.3699419685208856,0.5425828942000834,0.7152238198792811,0.887864745558479,1.0605056712376768,1.3303544742870113,1.308833082825231,1.2711489811091592,1.2334648793930874,1.1957807776770155,1.1580966759609437,1.1204125742448718,0.947771648565674,0.7751307228864763,0.6024897972072784,0.4298488715280806
2781,0.0966650333943288,0.10966731548161278,0.1324343991801003,0.15520148287858784,0.17796856657707538,0.20073565027556292,0.2235027339740505,0.3278048196211218,0.432106905268193,0.5364089909152644,0.6407110765623357,0.8750441895076194,0.8620419074203355,0.8392748237218479,0.8165077400233604,0.7937406563248728,0.7709735726263852,0.7482064889278977,0.6439044032808263,0.5396023176337551,0.4353002319866837,0.3309981463396124
2782,0.060485888935644626,0.06862176353916513,0.08286773488598757,0.09711370623281,0.11135967757963244,0.1256056489264549,0.13985162027327736,0.2051162164429092,0.27038081261254104,0.33564540878217297,0.40091000495180484,0.6530761972950729,0.6449403226915524,0.63069435134473,0.6164483799979075,0.602202408651085,0.5879564373042625,0.57371046595744,0.5084458697878081,0.4431812736181763,0.37791667744854435,0.3126520812789125
2783,0.04326251605801909,0.04908169821561838,0.059271125452270715,0.06946055268892304,0.07964997992557539,0.08983940716222773,0.10002883439888008,0.1467093195416705,0.19338980468446088,0.24007028982725132,0.28675077497004176,0.499578441059629,0.4937592589020297,0.48356983166537737,0.47338040442872503,0.4631909771920727,0.45300154995542036,0.442812122718768,0.3961316375759776,0.3494511524331872,0.30277066729039676,0.2560901821476063
2784,0.031367184720614005,0.03558634204876214,0.04297411500909338,0.050361887969424625,0.057749660929755864,0.0651374338900871,0.07252520685041834,0.10637056615310214,0.14021592545578596,0.17406128475846977,0.20790664406115364,0.38513873965896495,0.3809195823308168,0.3735318093704856,0.36614403641015436,0.35875626344982314,0.3513684904894919,0.3439807175291607,0.3101353582264769,0.27628999892379313,0.24244463962110932,0.20859928031842545
2785,0.027541528392130105,0.031246101893993974,0.037732835101129916,0.04421956830826585,0.05070630151540179,0.057193034722537735,0.06367976792967367,0.09339722368731823,0.1231146794449628,0.15283213520260736,0.18254959096025195,0.2947264391013124,0.29102186559944854,0.2845351323923126,0.27804839918517665,0.2715616659780407,0.26507493277090477,0.25858819956376883,0.22887074380612427,0.1991532880484797,0.16943583229083514,0.13971837653319055
2786,0.021214760756460276,0.024068329353953997,0.029064947229369295,0.03406156510478459,0.03905818298019989,0.04405480085561519,0.049051418731030486,0.07194225852804301,0.09483309832505553,0.11772393812206808,0.1406147779190806,0.2196416620198345,0.2167880934223408,0.21179147554692548,0.20679485767151018,0.20179823979609487,0.19680162192067957,0.19180500404526427,0.16891416424825173,0.14602332445123922,0.12313248465422667,0.10024164485721414
2787,0.017379901386824617,0.01971764826949346,0.023811058840523276,0.02790446941155309,0.03199787998258291,0.03609129055361272,0.04018470112464254,0.058937707246218926,0.07769071336779533,0.09644371948937172,0.11519672561094813,0.1725522635160582,0.17021451663338938,0.16612110606235955,0.16202769549132973,0.1579342849202999,0.15384087434927007,0.14974746377824025,0.13099445765666387,0.11224145153508747,0.09348844541351108,0.07473543929193467
2788,0.018861538995962508,0.02139857893702769,0.025840952998510806,0.030283327059993915,0.03472570112147703,0.03916807518296014,0.04361044924444325,0.0639621502340575,0.08431385122367176,0.10466555221328604,0.1250172532029003,0.16219714722554288,0.1596601072844777,0.15521773322299456,0.15077535916151147,0.14633298510002835,0.14189061103854522,0.1374482369770621,0.11709653598744785,0.0967448349978336,0.07639313400821932,0.05604143301860505
2789,0.06031042844298219,0.06842270209442457,0.08262734801485494,0.09683199393528533,0.1110366398557157,0.1252412857761461,0.1394459316965765,0.20452120506052845,0.2695964784244804,0.33467175178843245,0.39974702515238447,0.4566317751531136,0.4485195015016712,0.43431485558124083,0.4201102096608105,0.4059055637403801,0.3917009178199497,0.3774962718995193,0.3124209985355673,0.24734572517161535,0.18227045180766333,0.1171951784437113
2790,0.30895518501738617,0.35051232648691727,0.4232791617051753,0.4960459969234333,0.5688128321416914,0.6415796673599494,0.7143465025782075,1.0477107919933368,1.3810750814084662,1.7144393708235957,2.0478036602387255,2.1024107163262697,2.0608535748567385,1.9880867396384805,1.9153199044202225,1.8425530692019643,1.7697862339837063,1.6970193987654483,1.363655109350319,1.0302908199351897,0.6969265305200603,0.3635622411049304
2791,1.1612949269476076,1.3174991271273024,1.5910137359992662,1.8645283448712298,2.1380429537431938,2.4115575626151577,2.685072171487121,3.9381155800368046,5.191158988586489,6.444202397136173,7.697245805685856,8.797592590406415,8.64138839022672,8.367873781354756,8.094359172482793,7.820844563610829,7.547329954738865,7.273815345866902,6.020771937317218,4.767728528767535,3.514685120217851,2.261641711668167
2792,2.8365400828547638,3.218079229059924,3.8861568494030205,4.554234469746118,5.222312090089215,5.890389710432311,6.558467330775408,9.61910918103339,12.679751031291374,15.74039288154936,18.801034731807345,21.40384848736475,21.02230934115959,20.354231720816493,19.686154100473395,19.018076480130297,18.3499988597872,17.6819212394441,14.621279389186117,11.560637538928134,8.499995688670149,5.439353838412163
2793,4.187241305649756,4.750461435119857,5.736663683482037,6.722865931844216,7.709068180206397,8.695270428568575,9.681472676930756,14.199528337297998,18.717583997665233,23.23563965803248,27.75369531839972,32.29130966000392,31.72808953053382,30.74188728217164,29.75568503380946,28.76948278544728,27.7832805370851,26.797078288722922,22.27902262835568,17.760966967988445,13.242911307621199,8.724855647253957
2794,4.1224380187469025,4.6769415462886,5.647880965838258,6.618820385387915,7.5897598049375725,8.56069922448723,9.53163864403689,13.979771212843394,18.427903781649896,22.876036350456406,27.324168919262913,32.91035711924829,32.35585359170659,31.384914172156932,30.413974752607274,29.443035333057615,28.472095913507957,27.501156493958298,23.053023925151795,18.60489135634529,14.15675878753878,9.708626218732274
2795,3.351595880008395,3.8024144805325077,4.591800893015079,5.381187305497649,6.170573717980221,6.959960130462791,7.7493465429453625,11.365736340329079,14.982126137712793,18.59851593509651,22.21490573248023,27.356769827551037,26.905951227026925,26.116564814544354,25.327178402061783,24.537791989579212,23.74840557709664,22.95901916461407,19.34262936723035,15.726239569846637,12.109849772462919,8.493459975079201
2796,2.9910124143164416,3.3933294236000933,4.097789222441407,4.80224902128272,5.506708820124034,6.211168618965348,6.915628417806662,10.142946736074473,13.370265054342282,16.597583372610092,19.82490169087791,24.2284335048095,23.82611649552585,23.121656696684536,22.417196897843223,21.71273709900191,21.008277300160596,20.303817501319283,17.076499183051475,13.849180864783666,10.621862546515855,7.394544228248039
2797,2.7047846416677372,3.0686015427890947,3.7056473923676854,4.342693241946275,4.979739091524866,5.6167849411034565,6.253830790682048,9.172307818474215,12.090784846266383,15.009261874058554,17.92773890185072,22.802692522038395,22.438875620917038,21.801829771338447,21.164783921759856,20.527738072181265,19.890692222602674,19.253646373024083,16.335169345231915,13.416692317439747,10.498215289647575,7.579738261855409
2798,2.20733046474823,2.5042354815337093,3.0241181699939683,3.544000858454227,4.063883546914486,4.583766235374744,5.103648923835004,7.485370246439614,9.867091569044224,12.248812891648836,14.630534214253444,19.724931122724897,19.428026105939416,18.908143417479156,18.388260729018896,17.868378040558635,17.348495352098375,16.828612663638115,14.446891341033504,12.065170018428894,9.683448695824282,7.3017273732196735
2799,1.677916042855984,1.903610246250039,2.298802319798513,2.693994393346985,3.0891864668954585,3.484378540443932,3.879570613992405,5.690050956937462,7.500531299882518,9.311011642827577,11.121491985772634,14.871256559632515,14.645562356238461,14.250370282689987,13.855178209141515,13.459986135593041,13.064794062044568,12.669601988496094,10.859121645551037,9.04864130260598,7.238160959660921,5.427680616715864
2800,1.1172675321315855,1.2675496673528908,1.5306947005095728,1.7938397336662546,2.0569847668229366,2.3201297999796187,2.583274833136301,3.7888124482913326,4.9943500634463645,6.199887678601396,7.405425293756428,10.033161309414842,9.882879174193537,9.619734141036854,9.356589107880172,9.09344407472349,8.830299041566807,8.567154008410125,7.361616393255093,6.156078778100062,4.95054116294503,3.745003547789998
2801,0.6682540838903488,0.7581400312657272,0.9155309318380566,1.0729218324103855,1.2303127329827148,1.3877036335550441,1.5450945341273732,2.2661442482220826,2.987193962316792,3.7082436764115014,4.429293390506211,6.0734388854665,5.983552938091121,5.826162037518792,5.668771136946463,5.5113802363741335,5.3539893358018045,5.196598435229475,4.475548721134766,3.7544990070400566,3.033449292945347,2.3123995788506377
2802,0.4397550001969972,0.4989058467966161,0.6024793784527985,0.7060529101089809,0.8096264417651632,0.9131999734213457,1.016773505077528,1.4912714914090162,1.9657694777405041,2.4402674640719924,2.9147654504034803,3.6846018562989733,3.625451009699354,3.5218774780431716,3.418303946386989,3.314730414730807,3.2111568830746244,3.1075833514184423,2.633085365086954,2.158587378755466,1.6840893924239777,1.2095914060924897
2803,0.286284866305672,0.32479265405806435,0.39222005033488544,0.4596474466117065,0.5270748428885276,0.5945022391653487,0.6619296354421698,0.9708325302776295,1.2797354251130895,1.5886383199485492,1.8975412147840094,2.22844041223525,2.1899326244828576,2.1225052282060366,2.0550778319292156,1.9876504356523945,1.9202230393755735,1.8527956430987524,1.5438927482632927,1.2349898534278327,0.926086958592373,0.6171840637569128
2804,0.1600000684787465,0.18152145994052682,0.21920556165659857,0.25688966337267033,0.2945737650887421,0.33225786680481384,0.3699419685208856,0.5425828942000834,0.7152238198792811,0.887864745558479,1.0605056712376768,1.3303544742870113,1.308833082825231,1.2711489811091592,1.2334648793930874,1.1957807776770155,1.1580966759609437,1.1204125742448718,0.947771648565674,0.7751307228864763,0.6024897972072784,0.4298488715280806
2805,0.0966650333943288,0.10966731548161278,0.1324343991801003,0.15520148287858784,0.17796856657707538,0.20073565027556292,0.2235027339740505,0.3278048196211218,0.432106905268193,0.5364089909152644,0.6407110765623357,0.8750441895076194,0.8620419074203355,0.8392748237218479,0.8165077400233604,0.7937406563248728,0.7709735726263852,0.7482064889278977,0.6439044032808263,0.5396023176337551,0.4353002319866837,0.3309981463396124
2806,0.060485888935644626,0.06862176353916513,0.08286773488598757,0.09711370623281,0.11135967757963244,0.1256056489264549,0.13985162027327736,0.2051162164429092,0.27038081261254104,0.33564540878217297,0.40091000495180484,0.6530761972950729,0.6449403226915524,0.63069435134473,0.6164483799979075,0.602202408651085,0.5879564373042625,0.57371046595744,0.5084458697878081,0.4431812736181763,0.37791667744854435,0.3126520812789125
2807,0.04326251605801909,0.04908169821561838,0.059271125452270715,0.06946055268892304,0.07964997992557539,0.08983940716222773,0.10002883439888008,0.1467093195416705,0.19338980468446088,0.24007028982725132,0.28675077497004176,0.499578441059629,0.4937592589020297,0.48356983166537737,0.47338040442872503,0.4631909771920727,0.45300154995542036,0.442812122718768,0.3961316375759776,0.3494511524331872,0.30277066729039676,0.2560901821476063
2808,0.06656898268586907,0.07552308595105217,0.09120178120737912,0.10688047646370606,0.12255917172003303,0.13823786697635998,0.1539165622326869,0.2257448489433112,0.29757313565393556,0.36940142236455986,0.44122970907518416,0.4271966781704077,0.4182425749052246,0.4025638796488976,0.3868851843925707,0.3712064891362437,0.35552779387991673,0.3398490986235898,0.2680208119129655,0.19619252520234115,0.12436423849171685,0.05253595178109255
2809,0.056639086305014866,0.06425753272192815,0.07759748382143074,0.09093743492093335,0.10427738602043597,0.11761733711993858,0.1309572882194412,0.19207116387144205,0.25318503952344296,0.31429891517544384,0.3754127908274448,0.3168441383691494,0.3092256919522361,0.2958857408527335,0.28254578975323086,0.26920583865372827,0.2558658875542257,0.24252593645472306,0.1814120608027222,0.1202981851507213,0.05918430949872042,-0.0019295661532805208
2810,0.03392680220936796,0.038490250202461725,0.046480878441028384,0.05447150667959503,0.06246213491816169,0.07045276315672834,0.07844339139529499,0.1150505915949522,0.15165779179460942,0.18826499199426663,0.22487219219392388,0.22601923126692836,0.22145578327383458,0.21346515503526792,0.20547452679670128,0.1974838985581346,0.18949327031956797,0.1815026420810013,0.1448954418813441,0.10828824168168688,0.07168104148202967,0.035073841282372425
2811,0.0236676925723058,0.026851201690074235,0.03242554764354464,0.03799989359701504,0.043574239550485436,0.049148585503955844,0.05472293145742625,0.08026049774238261,0.10579806402733898,0.13133563031229536,0.15687319659725174,0.20284547879051973,0.1996619696727513,0.1940876237192809,0.1885132777658105,0.1829389318123401,0.17736458585886972,0.17179023990539932,0.14625267362044297,0.12071510733548661,0.09517754105053022,0.06963997476557385
2812,0.02469635730095266,0.028018230711428102,0.03383485347536883,0.03965147623930954,0.04546809900325027,0.051284721767191,0.05710134453113172,0.08374884553458932,0.11039634653804692,0.1370438475415045,0.16369134854496212,0.2086410790622131,0.20531920565173767,0.19950258288779693,0.19368596012385622,0.18786933735991548,0.18205271459597477,0.17623609183203404,0.14958859082857645,0.12294108982511885,0.09629358882166127,0.06964608781820365
2813,0.018530992112733714,0.02102357064238779,0.025388092472381524,0.02975261430237525,0.03411713613236898,0.03848165796236271,0.04284617979235644,0.06284121893523797,0.08283625807811949,0.10283129722100104,0.12282633636388257,0.23076451461001737,0.2282719360803633,0.22390741425036959,0.21954289242037586,0.21517837059038214,0.21081384876038842,0.2064493269303947,0.18645428778751316,0.16645924864463163,0.1464642095017501,0.12646917035886857
2814,0.022723898938375474,0.025780459658883387,0.031132518111866028,0.036484576564848666,0.0418366350178313,0.04718869347081395,0.05254075192379659,0.0770599598532782,0.10157916778275981,0.12609837571224142,0.15061758364172306,0.3411068640072945,0.3380503032867866,0.33269824483380395,0.3273461863808213,0.32199412792783866,0.316642069474856,0.31129001102187337,0.2867708030923918,0.2622515951629102,0.2377323872334286,0.21321317930394695
2815,0.05954035988303085,0.0675490526604855,0.08157232777140645,0.0955956028823274,0.10961887799324835,0.12364215310416929,0.13766542821509023,0.20190979350324906,0.2661541587914079,0.33039852407956677,0.3946428893677256,0.5323949645104806,0.524386271733026,0.510362996622105,0.4963397215111841,0.48231644640026317,0.4682931712893422,0.4542698961784213,0.3900255308902625,0.32578116560210363,0.2615368003139448,0.19729243502578592
2816,0.09422208070711786,0.10689576455313886,0.129087470513181,0.15127917647322317,0.17347088243326533,0.1956625883933075,0.21785429435334966,0.31952042104539957,0.42118654773744957,0.5228526744294996,0.6245188011215496,0.7630054397344619,0.7503317558884409,0.7281400499283988,0.7059483439683566,0.6837566380083144,0.6615649320482723,0.6393732260882301,0.5377070993961802,0.4360409727041302,0.33437484601208023,0.23270871932003023
2817,0.11060462621291975,0.12548190395938727,0.1515321177130734,0.17758233146675953,0.2036325452204457,0.22968275897413182,0.255732972727818,0.37507595323620807,0.49441893374459817,0.6137619142529884,0.7331048947613785,1.04243040931092,1.0275531315644524,1.0015029178107662,0.9754527040570801,0.949402490303394,0.9233522765497079,0.8973020627960218,0.7779590822876317,0.6586161017792416,0.5392731212708513,0.41993014076246116
2818,0.14593538259187422,0.16556495229609972,0.19993646134515083,0.23430797039420195,0.2686794794432531,0.3030509884923042,0.3374224975413554,0.4948875522726021,0.6523526070038489,0.8098176617350957,0.9672827164663426,1.3368623237393928,1.3172327540351674,1.2828612449861163,1.2484897359370652,1.2141182268880142,1.1797467178389631,1.145375208789912,0.9879101540586653,0.8304450993274186,0.6729800445961718,0.5155149898649249
2819,0.17412844867806587,0.1975502293326846,0.2385619253527876,0.2795736213728906,0.3205853173929936,0.3615970134130966,0.40260870943319965,0.5904942325625675,0.7783797556919354,0.9662652788213034,1.1541508019506714,1.6963697765134498,1.6729479958588311,1.6319362998387281,1.590924603818625,1.549912907798522,1.508901211778419,1.467889515758316,1.2800039926289482,1.0921184694995802,0.9042329463702122,0.7163474232408442
2820,0.20258246617249245,0.22983155799628885,0.277544901707457,0.32525824541862514,0.3729715891297932,0.4206849328409614,0.46839827655212957,0.6869858360383282,0.9055733955245269,1.1241609550107257,1.3427485144969247,1.9211150761464808,1.8938659843226844,1.8461526406115163,1.7984392969003482,1.7507259531891801,1.7030126094780118,1.6552992657668437,1.4367117062806452,1.2181241467944464,0.9995365873082476,0.7809490278220486
2821,0.22682064156334378,0.25732997737244256,0.31075203030808307,0.3641740832437235,0.4175961361793641,0.4710181891150046,0.5244402420506451,0.769180921820084,1.013921601589523,1.2586622813589619,1.5034029611284008,2.0428941262432594,2.0123847904341607,1.9589627374985201,1.9055406845628797,1.852118631627239,1.7986965786915987,1.745274525755958,1.5005338459865192,1.2557931662170803,1.0110524864476413,0.7663118066782024
2822,0.28713168866453304,0.3257533813399477,0.3933802259058238,0.46100707047169975,0.5286339150375757,0.5962607596034519,0.6638876041693279,0.9737042248382178,1.2835208455071077,1.5933374661759976,1.9031540868448875,2.133676930271694,2.095055237596279,2.027428393030403,1.9598015484645268,1.8921747038986507,1.8245478593327746,1.7569210147668985,1.4471043940980086,1.1372877734291187,0.8274711527602288,0.5176545320913388
2823,0.3067951188581142,0.3480617127682659,0.42031979724889373,0.49257788172952155,0.5648359662101494,0.6370940506907772,0.709352135171405,1.040385701701159,1.3714192682309132,1.7024528347606676,2.0334864012904217,2.1612776545091203,2.120011060598969,2.047752976118341,1.975494891637713,1.9032368071570853,1.8309787226764576,1.7587206381958298,1.427687071666076,1.0966535051363218,0.7656199386065674,0.4345863720768133
2824,0.27598175878396375,0.31310368956544515,0.3781044409318533,0.44310519229826134,0.5081059436646694,0.5731066950310776,0.6381074463974856,0.9358932333664804,1.233679020335475,1.53146480730447,1.829250594273465,1.9097257114610804,1.872603780679599,1.8076030293131908,1.7426022779467827,1.6776015265803745,1.6126007752139664,1.5476000238475582,1.2498142368785634,0.9520284499095688,0.6542426629405738,0.35645687597157893
2825,0.2253108014307007,0.2556170506983482,0.3086834977291007,0.36174994475985317,0.4148163917906057,0.46788283882135817,0.5209492858521106,0.7640608400805081,1.0071723943089055,1.2502839485373032,1.4933955027657007,1.6192575536297766,1.588951304362129,1.5358848573313766,1.4828184103006241,1.4297519632698716,1.3766855162391192,1.3236190692083667,1.0805075149799692,0.8373959607515719,0.5942844065231742,0.3511728522947767
2826,0.181071206183045,0.20542684770103406,0.24807374039633354,0.290720633091633,0.3333675257869325,0.376014418482232,0.41866131117753147,0.6140381066158548,0.809414902054178,1.0047916974925013,1.200168492930825,1.489569188741577,1.4652135472235879,1.4225666545282885,1.379919761832989,1.3372728691376894,1.29462597644239,1.2519790837470905,1.0566022883087673,0.8612254928704441,0.6658486974321208,0.4704719019937972
2827,0.1371027565822645,0.15554426178254532,0.18783546186591396,0.22012666194928254,0.2524178620326512,0.2847090621160198,0.3170002621993884,0.464934866444111,0.6128694706888336,0.7608040749335562,0.9087386791782788,1.2544431595756709,1.23600165437539,1.2037104542920214,1.1714192542086528,1.1391280541252842,1.1068368540419156,1.074545653958547,0.9266110497138245,0.7786764454691019,0.6307418412243793,0.48280723697965666
2828,0.12288693681507708,0.1394162914452449,0.16835930297358676,0.19730231450192862,0.22624532603027048,0.25518833755861237,0.28413134908695425,0.4167270081222759,0.5493226671575976,0.6819183261929194,0.8145139852282411,0.965950353268064,0.9494209986378962,0.9204779871095543,0.8915349755812124,0.8625919640528705,0.8336489525245286,0.8047059409961868,0.6721102819608651,0.5395146229255434,0.40691896389022164,0.27432330485489986
2829,0.10407025709033581,0.11806860573895996,0.14257980870966933,0.16709101168037868,0.19160221465108804,0.2161134176217974,0.24062462059250678,0.3529169820306787,0.4652093434688507,0.5775017049070227,0.6897940663451948,0.756275578156249,0.7422772295076249,0.7177660265369155,0.6932548235662062,0.6687436205954969,0.6442324176247876,0.6197212146540781,0.5074288532159061,0.3951364917777342,0.2828441303395622,0.17055176890139007
2830,0.09174496304809825,0.10408545316899447,0.1256937346673304,0.14730201616566632,0.16891029766400223,0.19051857916233816,0.21212686066067407,0.3111201642112374,0.4101134677618008,0.5091067713123641,0.6081000748629275,0.6380177307790044,0.6256772406581081,0.6040689591597722,0.5824606776614363,0.5608523961631003,0.5392441146647644,0.5176358331664285,0.4186425296158651,0.3196492260653017,0.22065592251473837,0.12166261896417502
2831,0.0756798511426919,0.0858594449247251,0.10368398234795255,0.12150851977117999,0.13933305719440744,0.15715759461763487,0.17498213204086233,0.2566410943198301,0.33830005659879786,0.4199590188777657,0.5016179811567335,0.5589042903878931,0.54872469660586,0.5309001591826326,0.5130756217594051,0.4952510843361777,0.4774265469129503,0.45960200948972285,0.37794304721075506,0.2962840849317873,0.21462512265281947,0.13296616037385167
2832,0.06656898268586907,0.07552308595105217,0.09120178120737912,0.10688047646370606,0.12255917172003303,0.13823786697635998,0.1539165622326869,0.2257448489433112,0.29757313565393556,0.36940142236455986,0.44122970907518416,0.4271966781704077,0.4182425749052246,0.4025638796488976,0.3868851843925707,0.3712064891362437,0.35552779387991673,0.3398490986235898,0.2680208119129655,0.19619252520234115,0.12436423849171685,0.05253595178109255
2833,0.056639086305014866,0.06425753272192815,0.07759748382143074,0.09093743492093335,0.10427738602043597,0.11761733711993858,0.1309572882194412,0.19207116387144205,0.25318503952344296,0.31429891517544384,0.3754127908274448,0.3168441383691494,0.3092256919522361,0.2958857408527335,0.28254578975323086,0.26920583865372827,0.2558658875542257,0.24252593645472306,0.1814120608027222,0.1202981851507213,0.05918430949872042,-0.0019295661532805208
2834,0.03392680220936796,0.038490250202461725,0.046480878441028384,0.05447150667959503,0.06246213491816169,0.07045276315672834,0.07844339139529499,0.1150505915949522,0.15165779179460942,0.18826499199426663,0.22487219219392388,0.22601923126692836,0.22145578327383458,0.21346515503526792,0.20547452679670128,0.1974838985581346,0.18949327031956797,0.1815026420810013,0.1448954418813441,0.10828824168168688,0.07168104148202967,0.035073841282372425
2835,0.0236676925723058,0.026851201690074235,0.03242554764354464,0.03799989359701504,0.043574239550485436,0.049148585503955844,0.05472293145742625,0.08026049774238261,0.10579806402733898,0.13133563031229536,0.15687319659725174,0.20284547879051973,0.1996619696727513,0.1940876237192809,0.1885132777658105,0.1829389318123401,0.17736458585886972,0.17179023990539932,0.14625267362044297,0.12071510733548661,0.09517754105053022,0.06963997476557385
2836,0.02469635730095266,0.028018230711428102,0.03383485347536883,0.03965147623930954,0.04546809900325027,0.051284721767191,0.05710134453113172,0.08374884553458932,0.11039634653804692,0.1370438475415045,0.16369134854496212,0.2086410790622131,0.20531920565173767,0.19950258288779693,0.19368596012385622,0.18786933735991548,0.18205271459597477,0.17623609183203404,0.14958859082857645,0.12294108982511885,0.09629358882166127,0.06964608781820365
2837,0.018530992112733714,0.02102357064238779,0.025388092472381524,0.02975261430237525,0.03411713613236898,0.03848165796236271,0.04284617979235644,0.06284121893523797,0.08283625807811949,0.10283129722100104,0.12282633636388257,0.23076451461001737,0.2282719360803633,0.22390741425036959,0.21954289242037586,0.21517837059038214,0.21081384876038842,0.2064493269303947,0.18645428778751316,0.16645924864463163,0.1464642095017501,0.12646917035886857
2838,0.022723898938375474,0.025780459658883387,0.031132518111866028,0.036484576564848666,0.0418366350178313,0.04718869347081395,0.05254075192379659,0.0770599598532782,0.10157916778275981,0.12609837571224142,0.15061758364172306,0.3411068640072945,0.3380503032867866,0.33269824483380395,0.3273461863808213,0.32199412792783866,0.316642069474856,0.31129001102187337,0.2867708030923918,0.2622515951629102,0.2377323872334286,0.21321317930394695
2839,0.05954035988303085,0.0675490526604855,0.08157232777140645,0.0955956028823274,0.10961887799324835,0.12364215310416929,0.13766542821509023,0.20190979350324906,0.2661541587914079,0.33039852407956677,0.3946428893677256,0.5323949645104806,0.524386271733026,0.510362996622105,0.4963397215111841,0.48231644640026317,0.4682931712893422,0.4542698961784213,0.3900255308902625,0.32578116560210363,0.2615368003139448,0.19729243502578592
2840,0.09422208070711786,0.10689576455313886,0.129087470513181,0.15127917647322317,0.17347088243326533,0.1956625883933075,0.21785429435334966,0.31952042104539957,0.42118654773744957,0.5228526744294996,0.6245188011215496,0.7630054397344619,0.7503317558884409,0.7281400499283988,0.7059483439683566,0.6837566380083144,0.6615649320482723,0.6393732260882301,0.5377070993961802,0.4360409727041302,0.33437484601208023,0.23270871932003023
2841,0.11060462621291975,0.12548190395938727,0.1515321177130734,0.17758233146675953,0.2036325452204457,0.22968275897413182,0.255732972727818,0.37507595323620807,0.49441893374459817,0.6137619142529884,0.7331048947613785,1.04243040931092,1.0275531315644524,1.0015029178107662,0.9754527040570801,0.949402490303394,0.9233522765497079,0.8973020627960218,0.7779590822876317,0.6586161017792416,0.5392731212708513,0.41993014076246116
2842,0.14593538259187422,0.16556495229609972,0.19993646134515083,0.23430797039420195,0.2686794794432531,0.3030509884923042,0.3374224975413554,0.4948875522726021,0.6523526070038489,0.8098176617350957,0.9672827164663426,1.3368623237393928,1.3172327540351674,1.2828612449861163,1.2484897359370652,1.2141182268880142,1.1797467178389631,1.145375208789912,0.9879101540586653,0.8304450993274186,0.6729800445961718,0.5155149898649249
2843,0.17412844867806587,0.1975502293326846,0.2385619253527876,0.2795736213728906,0.3205853173929936,0.3615970134130966,0.40260870943319965,0.5904942325625675,0.7783797556919354,0.9662652788213034,1.1541508019506714,1.6963697765134498,1.6729479958588311,1.6319362998387281,1.590924603818625,1.549912907798522,1.508901211778419,1.467889515758316,1.2800039926289482,1.0921184694995802,0.9042329463702122,0.7163474232408442
2844,0.20258246617249245,0.22983155799628885,0.277544901707457,0.32525824541862514,0.3729715891297932,0.4206849328409614,0.46839827655212957,0.6869858360383282,0.9055733955245269,1.1241609550107257,1.3427485144969247,1.9211150761464808,1.8938659843226844,1.8461526406115163,1.7984392969003482,1.7507259531891801,1.7030126094780118,1.6552992657668437,1.4367117062806452,1.2181241467944464,0.9995365873082476,0.7809490278220486
2845,0.22682064156334378,0.25732997737244256,0.31075203030808307,0.3641740832437235,0.4175961361793641,0.4710181891150046,0.5244402420506451,0.769180921820084,1.013921601589523,1.2586622813589619,1.5034029611284008,2.0428941262432594,2.0123847904341607,1.9589627374985201,1.9055406845628797,1.852118631627239,1.7986965786915987,1.745274525755958,1.5005338459865192,1.2557931662170803,1.0110524864476413,0.7663118066782024
2846,0.28713168866453304,0.3257533813399477,0.3933802259058238,0.46100707047169975,0.5286339150375757,0.5962607596034519,0.6638876041693279,0.9737042248382178,1.2835208455071077,1.5933374661759976,1.9031540868448875,2.133676930271694,2.095055237596279,2.027428393030403,1.9598015484645268,1.8921747038986507,1.8245478593327746,1.7569210147668985,1.4471043940980086,1.1372877734291187,0.8274711527602288,0.5176545320913388
2847,0.3067951188581142,0.3480617127682659,0.42031979724889373,0.49257788172952155,0.5648359662101494,0.6370940506907772,0.709352135171405,1.040385701701159,1.3714192682309132,1.7024528347606676,2.0334864012904217,2.1612776545091203,2.120011060598969,2.047752976118341,1.975494891637713,1.9032368071570853,1.8309787226764576,1.7587206381958298,1.427687071666076,1.0966535051363218,0.7656199386065674,0.4345863720768133
2848,0.27598175878396375,0.31310368956544515,0.3781044409318533,0.44310519229826134,0.5081059436646694,0.5731066950310776,0.6381074463974856,0.9358932333664804,1.233679020335475,1.53146480730447,1.829250594273465,1.9097257114610804,1.872603780679599,1.8076030293131908,1.7426022779467827,1.6776015265803745,1.6126007752139664,1.5476000238475582,1.2498142368785634,0.9520284499095688,0.6542426629405738,0.35645687597157893
2849,0.2253108014307007,0.2556170506983482,0.3086834977291007,0.36174994475985317,0.4148163917906057,0.46788283882135817,0.5209492858521106,0.7640608400805081,1.0071723943089055,1.2502839485373032,1.4933955027657007,1.6192575536297766,1.588951304362129,1.5358848573313766,1.4828184103006241,1.4297519632698716,1.3766855162391192,1.3236190692083667,1.0805075149799692,0.8373959607515719,0.5942844065231742,0.3511728522947767
2850,0.181071206183045,0.20542684770103406,0.24807374039633354,0.290720633091633,0.3333675257869325,0.376014418482232,0.41866131117753147,0.6140381066158548,0.809414902054178,1.0047916974925013,1.200168492930825,1.489569188741577,1.4652135472235879,1.4225666545282885,1.379919761832989,1.3372728691376894,1.29462597644239,1.2519790837470905,1.0566022883087673,0.8612254928704441,0.6658486974321208,0.4704719019937972
2851,0.1371027565822645,0.15554426178254532,0.18783546186591396,0.22012666194928254,0.2524178620326512,0.2847090621160198,0.3170002621993884,0.464934866444111,0.6128694706888336,0.7608040749335562,0.9087386791782788,1.2544431595756709,1.23600165437539,1.2037104542920214,1.1714192542086528,1.1391280541252842,1.1068368540419156,1.074545653958547,0.9266110497138245,0.7786764454691019,0.6307418412243793,0.48280723697965666
2852,0.12288693681507708,0.1394162914452449,0.16835930297358676,0.19730231450192862,0.22624532603027048,0.25518833755861237,0.28413134908695425,0.4167270081222759,0.5493226671575976,0.6819183261929194,0.8145139852282411,0.965950353268064,0.9494209986378962,0.9204779871095543,0.8915349755812124,0.8625919640528705,0.8336489525245286,0.8047059409961868,0.6721102819608651,0.5395146229255434,0.40691896389022164,0.27432330485489986
2853,0.10407025709033581,0.11806860573895996,0.14257980870966933,0.16709101168037868,0.19160221465108804,0.2161134176217974,0.24062462059250678,0.3529169820306787,0.4652093434688507,0.5775017049070227,0.6897940663451948,0.756275578156249,0.7422772295076249,0.7177660265369155,0.6932548235662062,0.6687436205954969,0.6442324176247876,0.6197212146540781,0.5074288532159061,0.3951364917777342,0.2828441303395622,0.17055176890139007
2854,0.09174496304809825,0.10408545316899447,0.1256937346673304,0.14730201616566632,0.16891029766400223,0.19051857916233816,0.21212686066067407,0.3111201642112374,0.4101134677618008,0.5091067713123641,0.6081000748629275,0.6380177307790044,0.6256772406581081,0.6040689591597722,0.5824606776614363,0.5608523961631003,0.5392441146647644,0.5176358331664285,0.4186425296158651,0.3196492260653017,0.22065592251473837,0.12166261896417502
2855,0.0756798511426919,0.0858594449247251,0.10368398234795255,0.12150851977117999,0.13933305719440744,0.15715759461763487,0.17498213204086233,0.2566410943198301,0.33830005659879786,0.4199590188777657,0.5016179811567335,0.5589042903878931,0.54872469660586,0.5309001591826326,0.5130756217594051,0.4952510843361777,0.4774265469129503,0.45960200948972285,0.37794304721075506,0.2962840849317873,0.21462512265281947,0.13296616037385167
2856,0.031367184720614005,0.03558634204876214,0.04297411500909338,0.050361887969424625,0.057749660929755864,0.0651374338900871,0.07252520685041834,0.10637056615310214,0.14021592545578596,0.17406128475846977,0.20790664406115364,0.38513873965896495,0.3809195823308168,0.3735318093704856,0.36614403641015436,0.35875626344982314,0.3513684904894919,0.3439807175291607,0.3101353582264769,0.27628999892379313,0.24244463962110932,0.20859928031842545
2857,0.027541528392130105,0.031246101893993974,0.037732835101129916,0.04421956830826585,0.05070630151540179,0.057193034722537735,0.06367976792967367,0.09339722368731823,0.1231146794449628,0.15283213520260736,0.18254959096025195,0.2947264391013124,0.29102186559944854,0.2845351323923126,0.27804839918517665,0.2715616659780407,0.26507493277090477,0.25858819956376883,0.22887074380612427,0.1991532880484797,0.16943583229083514,0.13971837653319055
2858,0.021214760756460276,0.024068329353953997,0.029064947229369295,0.03406156510478459,0.03905818298019989,0.04405480085561519,0.049051418731030486,0.07194225852804301,0.09483309832505553,0.11772393812206808,0.1406147779190806,0.2196416620198345,0.2167880934223408,0.21179147554692548,0.20679485767151018,0.20179823979609487,0.19680162192067957,0.19180500404526427,0.16891416424825173,0.14602332445123922,0.12313248465422667,0.10024164485721414
2859,0.017379901386824617,0.01971764826949346,0.023811058840523276,0.02790446941155309,0.03199787998258291,0.03609129055361272,0.04018470112464254,0.058937707246218926,0.07769071336779533,0.09644371948937172,0.11519672561094813,0.1725522635160582,0.17021451663338938,0.16612110606235955,0.16202769549132973,0.1579342849202999,0.15384087434927007,0.14974746377824025,0.13099445765666387,0.11224145153508747,0.09348844541351108,0.07473543929193467
2860,0.018861538995962508,0.02139857893702769,0.025840952998510806,0.030283327059993915,0.03472570112147703,0.03916807518296014,0.04361044924444325,0.0639621502340575,0.08431385122367176,0.10466555221328604,0.1250172532029003,0.16219714722554288,0.1596601072844777,0.15521773322299456,0.15077535916151147,0.14633298510002835,0.14189061103854522,0.1374482369770621,0.11709653598744785,0.0967448349978336,0.07639313400821932,0.05604143301860505
2861,0.06031042844298219,0.06842270209442457,0.08262734801485494,0.09683199393528533,0.1110366398557157,0.1252412857761461,0.1394459316965765,0.20452120506052845,0.2695964784244804,0.33467175178843245,0.39974702515238447,0.4566317751531136,0.4485195015016712,0.43431485558124083,0.4201102096608105,0.4059055637403801,0.3917009178199497,0.3774962718995193,0.3124209985355673,0.24734572517161535,0.18227045180766333,0.1171951784437113
2862,0.30895518501738617,0.35051232648691727,0.4232791617051753,0.4960459969234333,0.5688128321416914,0.6415796673599494,0.7143465025782075,1.0477107919933368,1.3810750814084662,1.7144393708235957,2.0478036602387255,2.1024107163262697,2.0608535748567385,1.9880867396384805,1.9153199044202225,1.8425530692019643,1.7697862339837063,1.6970193987654483,1.363655109350319,1.0302908199351897,0.6969265305200603,0.3635622411049304
2863,1.1612949269476076,1.3174991271273024,1.5910137359992662,1.8645283448712298,2.1380429537431938,2.4115575626151577,2.685072171487121,3.9381155800368046,5.191158988586489,6.444202397136173,7.697245805685856,8.797592590406415,8.64138839022672,8.367873781354756,8.094359172482793,7.820844563610829,7.547329954738865,7.273815345866902,6.020771937317218,4.767728528767535,3.514685120217851,2.261641711668167
2864,2.8365400828547638,3.218079229059924,3.8861568494030205,4.554234469746118,5.222312090089215,5.890389710432311,6.558467330775408,9.61910918103339,12.679751031291374,15.74039288154936,18.801034731807345,21.40384848736475,21.02230934115959,20.354231720816493,19.686154100473395,19.018076480130297,18.3499988597872,17.6819212394441,14.621279389186117,11.560637538928134,8.499995688670149,5.439353838412163
2865,4.187241305649756,4.750461435119857,5.736663683482037,6.722865931844216,7.709068180206397,8.695270428568575,9.681472676930756,14.199528337297998,18.717583997665233,23.23563965803248,27.75369531839972,32.29130966000392,31.72808953053382,30.74188728217164,29.75568503380946,28.76948278544728,27.7832805370851,26.797078288722922,22.27902262835568,17.760966967988445,13.242911307621199,8.724855647253957
2866,4.1224380187469025,4.6769415462886,5.647880965838258,6.618820385387915,7.5897598049375725,8.56069922448723,9.53163864403689,13.979771212843394,18.427903781649896,22.876036350456406,27.324168919262913,32.91035711924829,32.35585359170659,31.384914172156932,30.413974752607274,29.443035333057615,28.472095913507957,27.501156493958298,23.053023925151795,18.60489135634529,14.15675878753878,9.708626218732274
2867,3.351595880008395,3.8024144805325077,4.591800893015079,5.381187305497649,6.170573717980221,6.959960130462791,7.7493465429453625,11.365736340329079,14.982126137712793,18.59851593509651,22.21490573248023,27.356769827551037,26.905951227026925,26.116564814544354,25.327178402061783,24.537791989579212,23.74840557709664,22.95901916461407,19.34262936723035,15.726239569846637,12.109849772462919,8.493459975079201
2868,2.9910124143164416,3.3933294236000933,4.097789222441407,4.80224902128272,5.506708820124034,6.211168618965348,6.915628417806662,10.142946736074473,13.370265054342282,16.597583372610092,19.82490169087791,24.2284335048095,23.82611649552585,23.121656696684536,22.417196897843223,21.71273709900191,21.008277300160596,20.303817501319283,17.076499183051475,13.849180864783666,10.621862546515855,7.394544228248039
2869,2.7047846416677372,3.0686015427890947,3.7056473923676854,4.342693241946275,4.979739091524866,5.6167849411034565,6.253830790682048,9.172307818474215,12.090784846266383,15.009261874058554,17.92773890185072,22.802692522038395,22.438875620917038,21.801829771338447,21.164783921759856,20.527738072181265,19.890692222602674,19.253646373024083,16.335169345231915,13.416692317439747,10.498215289647575,7.579738261855409
2870,2.20733046474823,2.5042354815337093,3.0241181699939683,3.544000858454227,4.063883546914486,4.583766235374744,5.103648923835004,7.485370246439614,9.867091569044224,12.248812891648836,14.630534214253444,19.724931122724897,19.428026105939416,18.908143417479156,18.388260729018896,17.868378040558635,17.348495352098375,16.828612663638115,14.446891341033504,12.065170018428894,9.683448695824282,7.3017273732196735
2871,1.677916042855984,1.903610246250039,2.298802319798513,2.693994393346985,3.0891864668954585,3.484378540443932,3.879570613992405,5.690050956937462,7.500531299882518,9.311011642827577,11.121491985772634,14.871256559632515,14.645562356238461,14.250370282689987,13.855178209141515,13.459986135593041,13.064794062044568,12.669601988496094,10.859121645551037,9.04864130260598,7.238160959660921,5.427680616715864
2872,1.1172675321315855,1.2675496673528908,1.5306947005095728,1.7938397336662546,2.0569847668229366,2.3201297999796187,2.583274833136301,3.7888124482913326,4.9943500634463645,6.199887678601396,7.405425293756428,10.033161309414842,9.882879174193537,9.619734141036854,9.356589107880172,9.09344407472349,8.830299041566807,8.567154008410125,7.361616393255093,6.156078778100062,4.95054116294503,3.745003547789998
2873,0.6682540838903488,0.7581400312657272,0.9155309318380566,1.0729218324103855,1.2303127329827148,1.3877036335550441,1.5450945341273732,2.2661442482220826,2.987193962316792,3.7082436764115014,4.429293390506211,6.0734388854665,5.983552938091121,5.826162037518792,5.668771136946463,5.5113802363741335,5.3539893358018045,5.196598435229475,4.475548721134766,3.7544990070400566,3.033449292945347,2.3123995788506377
2874,0.4397550001969972,0.4989058467966161,0.6024793784527985,0.7060529101089809,0.8096264417651632,0.9131999734213457,1.016773505077528,1.4912714914090162,1.9657694777405041,2.4402674640719924,2.9147654504034803,3.6846018562989733,3.625451009699354,3.5218774780431716,3.418303946386989,3.314730414730807,3.2111568830746244,3.1075833514184423,2.633085365086954,2.158587378755466,1.6840893924239777,1.2095914060924897
2875,0.286284866305672,0.32479265405806435,0.39222005033488544,0.4596474466117065,0.5270748428885276,0.5945022391653487,0.6619296354421698,0.9708325302776295,1.2797354251130895,1.5886383199485492,1.8975412147840094,2.22844041223525,2.1899326244828576,2.1225052282060366,2.0550778319292156,1.9876504356523945,1.9202230393755735,1.8527956430987524,1.5438927482632927,1.2349898534278327,0.926086958592373,0.6171840637569128
2876,0.1600000684787465,0.18152145994052682,0.21920556165659857,0.25688966337267033,0.2945737650887421,0.33225786680481384,0.3699419685208856,0.5425828942000834,0.7152238198792811,0.887864745558479,1.0605056712376768,1.3303544742870113,1.308833082825231,1.2711489811091592,1.2334648793930874,1.1957807776770155,1.1580966759609437,1.1204125742448718,0.947771648565674,0.7751307228864763,0.6024897972072784,0.4298488715280806
2877,0.0966650333943288,0.10966731548161278,0.1324343991801003,0.15520148287858784,0.17796856657707538,0.20073565027556292,0.2235027339740505,0.3278048196211218,0.432106905268193,0.5364089909152644,0.6407110765623357,0.8750441895076194,0.8620419074203355,0.8392748237218479,0.8165077400233604,0.7937406563248728,0.7709735726263852,0.7482064889278977,0.6439044032808263,0.5396023176337551,0.4353002319866837,0.3309981463396124
2878,0.060485888935644626,0.06862176353916513,0.08286773488598757,0.09711370623281,0.11135967757963244,0.1256056489264549,0.13985162027327736,0.2051162164429092,0.27038081261254104,0.33564540878217297,0.40091000495180484,0.6530761972950729,0.6449403226915524,0.63069435134473,0.6164483799979075,0.602202408651085,0.5879564373042625,0.57371046595744,0.5084458697878081,0.4431812736181763,0.37791667744854435,0.3126520812789125
2879,0.04326251605801909,0.04908169821561838,0.059271125452270715,0.06946055268892304,0.07964997992557539,0.08983940716222773,0.10002883439888008,0.1467093195416705,0.19338980468446088,0.24007028982725132,0.28675077497004176,0.499578441059629,0.4937592589020297,0.48356983166537737,0.47338040442872503,0.4631909771920727,0.45300154995542036,0.442812122718768,0.3961316375759776,0.3494511524331872,0.30277066729039676,0.2560901821476063
2880,0.031367184720614005,0.03558634204876214,0.04297411500909338,0.050361887969424625,0.057749660929755864,0.0651374338900871,0.07252520685041834,0.10637056615310214,0.14021592545578596,0.17406128475846977,0.20790664406115364,0.38513873965896495,0.3809195823308168,0.3735318093704856,0.36614403641015436,0.35875626344982314,0.3513684904894919,0.3439807175291607,0.3101353582264769,0.27628999892379313,0.24244463962110932,0.20859928031842545
2881,0.027541528392130105,0.031246101893993974,0.037732835101129916,0.04421956830826585,0.05070630151540179,0.057193034722537735,0.06367976792967367,0.09339722368731823,0.1231146794449628,0.15283213520260736,0.18254959096025195,0.2947264391013124,0.29102186559944854,0.2845351323923126,0.27804839918517665,0.2715616659780407,0.26507493277090477,0.25858819956376883,0.22887074380612427,0.1991532880484797,0.16943583229083514,0.13971837653319055
2882,0.021214760756460276,0.024068329353953997,0.029064947229369295,0.03406156510478459,0.03905818298019989,0.04405480085561519,0.049051418731030486,0.07194225852804301,0.09483309832505553,0.11772393812206808,0.1406147779190806,0.2196416620198345,0.2167880934223408,0.21179147554692548,0.20679485767151018,0.20179823979609487,0.19680162192067957,0.19180500404526427,0.16891416424825173,0.14602332445123922,0.12313248465422667,0.10024164485721414
2883,0.017379901386824617,0.01971764826949346,0.023811058840523276,0.02790446941155309,0.03199787998258291,0.03609129055361272,0.04018470112464254,0.058937707246218926,0.07769071336779533,0.09644371948937172,0.11519672561094813,0.1725522635160582,0.17021451663338938,0.16612110606235955,0.16202769549132973,0.1579342849202999,0.15384087434927007,0.14974746377824025,0.13099445765666387,0.11224145153508747,0.09348844541351108,0.07473543929193467
2884,0.018861538995962508,0.02139857893702769,0.025840952998510806,0.030283327059993915,0.03472570112147703,0.03916807518296014,0.04361044924444325,0.0639621502340575,0.08431385122367176,0.10466555221328604,0.1250172532029003,0.16219714722554288,0.1596601072844777,0.15521773322299456,0.15077535916151147,0.14633298510002835,0.14189061103854522,0.1374482369770621,0.11709653598744785,0.0967448349978336,0.07639313400821932,0.05604143301860505
2885,0.06031042844298219,0.06842270209442457,0.08262734801485494,0.09683199393528533,0.1110366398557157,0.1252412857761461,0.1394459316965765,0.20452120506052845,0.2695964784244804,0.33467175178843245,0.39974702515238447,0.4566317751531136,0.4485195015016712,0.43431485558124083,0.4201102096608105,0.4059055637403801,0.3917009178199497,0.3774962718995193,0.3124209985355673,0.24734572517161535,0.18227045180766333,0.1171951784437113
2886,0.30895518501738617,0.35051232648691727,0.4232791617051753,0.4960459969234333,0.5688128321416914,0.6415796673599494,0.7143465025782075,1.0477107919933368,1.3810750814084662,1.7144393708235957,2.0478036602387255,2.1024107163262697,2.0608535748567385,1.9880867396384805,1.9153199044202225,1.8425530692019643,1.7697862339837063,1.6970193987654483,1.363655109350319,1.0302908199351897,0.6969265305200603,0.3635622411049304
2887,1.1612949269476076,1.3174991271273024,1.5910137359992662,1.8645283448712298,2.1380429537431938,2.4115575626151577,2.685072171487121,3.9381155800368046,5.191158988586489,6.444202397136173,7.697245805685856,8.797592590406415,8.64138839022672,8.367873781354756,8.094359172482793,7.820844563610829,7.547329954738865,7.273815345866902,6.020771937317218,4.767728528767535,3.514685120217851,2.261641711668167
2888,2.8365400828547638,3.218079229059924,3.8861568494030205,4.554234469746118,5.222312090089215,5.890389710432311,6.558467330775408,9.61910918103339,12.679751031291374,15.74039288154936,18.801034731807345,21.40384848736475,21.02230934115959,20.354231720816493,19.686154100473395,19.018076480130297,18.3499988597872,17.6819212394441,14.621279389186117,11.560637538928134,8.499995688670149,5.439353838412163
2889,4.187241305649756,4.750461435119857,5.736663683482037,6.722865931844216,7.709068180206397,8.695270428568575,9.681472676930756,14.199528337297998,18.717583997665233,23.23563965803248,27.75369531839972,32.29130966000392,31.72808953053382,30.74188728217164,29.75568503380946,28.76948278544728,27.7832805370851,26.797078288722922,22.27902262835568,17.760966967988445,13.242911307621199,8.724855647253957
2890,4.1224380187469025,4.6769415462886,5.647880965838258,6.618820385387915,7.5897598049375725,8.56069922448723,9.53163864403689,13.979771212843394,18.427903781649896,22.876036350456406,27.324168919262913,32.91035711924829,32.35585359170659,31.384914172156932,30.413974752607274,29.443035333057615,28.472095913507957,27.501156493958298,23.053023925151795,18.60489135634529,14.15675878753878,9.708626218732274
2891,3.351595880008395,3.8024144805325077,4.591800893015079,5.381187305497649,6.170573717980221,6.959960130462791,7.7493465429453625,11.365736340329079,14.982126137712793,18.59851593509651,22.21490573248023,27.356769827551037,26.905951227026925,26.116564814544354,25.327178402061783,24.537791989579212,23.74840557709664,22.95901916461407,19.34262936723035,15.726239569846637,12.109849772462919,8.493459975079201
2892,2.9910124143164416,3.3933294236000933,4.097789222441407,4.80224902128272,5.506708820124034,6.211168618965348,6.915628417806662,10.142946736074473,13.370265054342282,16.597583372610092,19.82490169087791,24.2284335048095,23.82611649552585,23.121656696684536,22.417196897843223,21.71273709900191,21.008277300160596,20.303817501319283,17.076499183051475,13.849180864783666,10.621862546515855,7.394544228248039
2893,2.7047846416677372,3.0686015427890947,3.7056473923676854,4.342693241946275,4.979739091524866,5.6167849411034565,6.253830790682048,9.172307818474215,12.090784846266383,15.009261874058554,17.92773890185072,22.802692522038395,22.438875620917038,21.801829771338447,21.164783921759856,20.527738072181265,19.890692222602674,19.253646373024083,16.335169345231915,13.416692317439747,10.498215289647575,7.579738261855409
2894,2.20733046474823,2.5042354815337093,3.0241181699939683,3.544000858454227,4.063883546914486,4.583766235374744,5.103648923835004,7.485370246439614,9.867091569044224,12.248812891648836,14.630534214253444,19.724931122724897,19.428026105939416,18.908143417479156,18.388260729018896,17.868378040558635,17.348495352098375,16.828612663638115,14.446891341033504,12.065170018428894,9.683448695824282,7.3017273732196735
2895,1.677916042855984,1.903610246250039,2.298802319798513,2.693994393346985,3.0891864668954585,3.484378540443932,3.879570613992405,5.690050956937462,7.500531299882518,9.311011642827577,11.121491985772634,14.871256559632515,14.645562356238461,14.250370282689987,13.855178209141515,13.459986135593041,13.064794062044568,12.669601988496094,10.859121645551037,9.04864130260598,7.238160959660921,5.427680616715864
2896,1.1172675321315855,1.2675496673528908,1.5306947005095728,1.7938397336662546,2.0569847668229366,2.3201297999796187,2.583274833136301,3.7888124482913326,4.9943500634463645,6.199887678601396,7.405425293756428,10.033161309414842,9.882879174193537,9.619734141036854,9.356589107880172,9.09344407472349,8.830299041566807,8.567154008410125,7.361616393255093,6.156078778100062,4.95054116294503,3.745003547789998
2897,0.6682540838903488,0.7581400312657272,0.9155309318380566,1.0729218324103855,1.2303127329827148,1.3877036335550441,1.5450945341273732,2.2661442482220826,2.987193962316792,3.7082436764115014,4.429293390506211,6.0734388854665,5.983552938091121,5.826162037518792,5.668771136946463,5.5113802363741335,5.3539893358018045,5.196598435229475,4.475548721134766,3.7544990070400566,3.033449292945347,2.3123995788506377
2898,0.4397550001969972,0.4989058467966161,0.6024793784527985,0.7060529101089809,0.8096264417651632,0.9131999734213457,1.016773505077528,1.4912714914090162,1.9657694777405041,2.4402674640719924,2.9147654504034803,3.6846018562989733,3.625451009699354,3.5218774780431716,3.418303946386989,3.314730414730807,3.2111568830746244,3.1075833514184423,2.633085365086954,2.158587378755466,1.6840893924239777,1.2095914060924897
2899,0.286284866305672,0.32479265405806435,0.39222005033488544,0.4596474466117065,0.5270748428885276,0.5945022391653487,0.6619296354421698,0.9708325302776295,1.2797354251130895,1.5886383199485492,1.8975412147840094,2.22844041223525,2.1899326244828576,2.1225052282060366,2.0550778319292156,1.9876504356523945,1.9202230393755735,1.8527956430987524,1.5438927482632927,1.2349898534278327,0.926086958592373,0.6171840637569128
2900,0.1600000684787465,0.18152145994052682,0.21920556165659857,0.25688966337267033,0.2945737650887421,0.33225786680481384,0.3699419685208856,0.5425828942000834,0.7152238198792811,0.887864745558479,1.0605056712376768,1.3303544742870113,1.308833082825231,1.2711489811091592,1.2334648793930874,1.1957807776770155,1.1580966759609437,1.1204125742448718,0.947771648565674,0.7751307228864763,0.6024897972072784,0.4298488715280806
2901,0.0966650333943288,0.10966731548161278,0.1324343991801003,0.15520148287858784,0.17796856657707538,0.20073565027556292,0.2235027339740505,0.3278048196211218,0.432106905268193,0.5364089909152644,0.6407110765623357,0.8750441895076194,0.8620419074203355,0.8392748237218479,0.8165077400233604,0.7937406563248728,0.7709735726263852,0.7482064889278977,0.6439044032808263,0.5396023176337551,0.4353002319866837,0.3309981463396124
2902,0.060485888935644626,0.06862176353916513,0.08286773488598757,0.09711370623281,0.11135967757963244,0.1256056489264549,0.13985162027327736,0.2051162164429092,0.27038081261254104,0.33564540878217297,0.40091000495180484,0.6530761972950729,0.6449403226915524,0.63069435134473,0.6164483799979075,0.602202408651085,0.5879564373042625,0.57371046595744,0.5084458697878081,0.4431812736181763,0.37791667744854435,0.3126520812789125
2903,0.04326251605801909,0.04908169821561838,0.059271125452270715,0.06946055268892304,0.07964997992557539,0.08983940716222773,0.10002883439888008,0.1467093195416705,0.19338980468446088,0.24007028982725132,0.28675077497004176,0.499578441059629,0.4937592589020297,0.48356983166537737,0.47338040442872503,0.4631909771920727,0.45300154995542036,0.442812122718768,0.3961316375759776,0.3494511524331872,0.30277066729039676,0.2560901821476063
2904,0.031367184720614005,0.03558634204876214,0.04297411500909338,0.050361887969424625,0.057749660929755864,0.0651374338900871,0.07252520685041834,0.10637056615310214,0.14021592545578596,0.17406128475846977,0.20790664406115364,0.38513873965896495,0.3809195823308168,0.3735318093704856,0.36614403641015436,0.35875626344982314,0.3513684904894919,0.3439807175291607,0.3101353582264769,0.27628999892379313,0.24244463962110932,0.20859928031842545
2905,0.027541528392130105,0.031246101893993974,0.037732835101129916,0.04421956830826585,0.05070630151540179,0.057193034722537735,0.06367976792967367,0.09339722368731823,0.1231146794449628,0.15283213520260736,0.18254959096025195,0.2947264391013124,0.29102186559944854,0.2845351323923126,0.27804839918517665,0.2715616659780407,0.26507493277090477,0.25858819956376883,0.22887074380612427,0.1991532880484797,0.16943583229083514,0.13971837653319055
2906,0.021214760756460276,0.024068329353953997,0.029064947229369295,0.03406156510478459,0.03905818298019989,0.04405480085561519,0.049051418731030486,0.07194225852804301,0.09483309832505553,0.11772393812206808,0.1406147779190806,0.2196416620198345,0.2167880934223408,0.21179147554692548,0.20679485767151018,0.20179823979609487,0.19680162192067957,0.19180500404526427,0.16891416424825173,0.14602332445123922,0.12313248465422667,0.10024164485721414
2907,0.017379901386824617,0.01971764826949346,0.023811058840523276,0.02790446941155309,0.03199787998258291,0.03609129055361272,0.04018470112464254,0.058937707246218926,0.07769071336779533,0.09644371948937172,0.11519672561094813,0.1725522635160582,0.17021451663338938,0.16612110606235955,0.16202769549132973,0.1579342849202999,0.15384087434927007,0.14974746377824025,0.13099445765666387,0.11224145153508747,0.09348844541351108,0.07473543929193467
2908,0.018861538995962508,0.02139857893702769,0.025840952998510806,0.030283327059993915,0.03472570112147703,0.03916807518296014,0.04361044924444325,0.0639621502340575,0.08431385122367176,0.10466555221328604,0.1250172532029003,0.16219714722554288,0.1596601072844777,0.15521773322299456,0.15077535916151147,0.14633298510002835,0.14189061103854522,0.1374482369770621,0.11709653598744785,0.0967448349978336,0.07639313400821932,0.05604143301860505
2909,0.06031042844298219,0.06842270209442457,0.08262734801485494,0.09683199393528533,0.1110366398557157,0.1252412857761461,0.1394459316965765,0.20452120506052845,0.2695964784244804,0.33467175178843245,0.39974702515238447,0.4566317751531136,0.4485195015016712,0.43431485558124083,0.4201102096608105,0.4059055637403801,0.3917009178199497,0.3774962718995193,0.3124209985355673,0.24734572517161535,0.18227045180766333,0.1171951784437113
2910,0.30895518501738617,0.35051232648691727,0.4232791617051753,0.4960459969234333,0.5688128321416914,0.6415796673599494,0.7143465025782075,1.0477107919933368,1.3810750814084662,1.7144393708235957,2.0478036602387255,2.1024107163262697,2.0608535748567385,1.9880867396384805,1.9153199044202225,1.8425530692019643,1.7697862339837063,1.6970193987654483,1.363655109350319,1.0302908199351897,0.6969265305200603,0.3635622411049304
2911,1.1612949269476076,1.3174991271273024,1.5910137359992662,1.8645283448712298,2.1380429537431938,2.4115575626151577,2.685072171487121,3.9381155800368046,5.191158988586489,6.444202397136173,7.697245805685856,8.797592590406415,8.64138839022672,8.367873781354756,8.094359172482793,7.820844563610829,7.547329954738865,7.273815345866902,6.020771937317218,4.767728528767535,3.514685120217851,2.261641711668167
2912,2.8365400828547638,3.218079229059924,3.8861568494030205,4.554234469746118,5.222312090089215,5.890389710432311,6.558467330775408,9.61910918103339,12.679751031291374,15.74039288154936,18.801034731807345,21.40384848736475,21.02230934115959,20.354231720816493,19.686154100473395,19.018076480130297,18.3499988597872,17.6819212394441,14.621279389186117,11.560637538928134,8.499995688670149,5.439353838412163
2913,4.187241305649756,4.750461435119857,5.736663683482037,6.722865931844216,7.709068180206397,8.695270428568575,9.681472676930756,14.199528337297998,18.717583997665233,23.23563965803248,27.75369531839972,32.29130966000392,31.72808953053382,30.74188728217164,29.75568503380946,28.76948278544728,27.7832805370851,26.797078288722922,22.27902262835568,17.760966967988445,13.242911307621199,8.724855647253957
2914,4.1224380187469025,4.6769415462886,5.647880965838258,6.618820385387915,7.5897598049375725,8.56069922448723,9.53163864403689,13.979771212843394,18.427903781649896,22.876036350456406,27.324168919262913,32.91035711924829,32.35585359170659,31.384914172156932,30.413974752607274,29.443035333057615,28.472095913507957,27.501156493958298,23.053023925151795,18.60489135634529,14.15675878753878,9.708626218732274
2915,3.351595880008395,3.8024144805325077,4.591800893015079,5.381187305497649,6.170573717980221,6.959960130462791,7.7493465429453625,11.365736340329079,14.982126137712793,18.59851593509651,22.21490573248023,27.356769827551037,26.905951227026925,26.116564814544354,25.327178402061783,24.537791989579212,23.74840557709664,22.95901916461407,19.34262936723035,15.726239569846637,12.109849772462919,8.493459975079201
2916,2.9910124143164416,3.3933294236000933,4.097789222441407,4.80224902128272,5.506708820124034,6.211168618965348,6.915628417806662,10.142946736074473,13.370265054342282,16.597583372610092,19.82490169087791,24.2284335048095,23.82611649552585,23.121656696684536,22.417196897843223,21.71273709900191,21.008277300160596,20.303817501319283,17.076499183051475,13.849180864783666,10.621862546515855,7.394544228248039
2917,2.7047846416677372,3.0686015427890947,3.7056473923676854,4.342693241946275,4.979739091524866,5.6167849411034565,6.253830790682048,9.172307818474215,12.090784846266383,15.009261874058554,17.92773890185072,22.802692522038395,22.438875620917038,21.801829771338447,21.164783921759856,20.527738072181265,19.890692222602674,19.253646373024083,16.335169345231915,13.416692317439747,10.498215289647575,7.579738261855409
2918,2.20733046474823,2.5042354815337093,3.0241181699939683,3.544000858454227,4.063883546914486,4.583766235374744,5.103648923835004,7.485370246439614,9.867091569044224,12.248812891648836,14.630534214253444,19.724931122724897,19.428026105939416,18.908143417479156,18.388260729018896,17.868378040558635,17.348495352098375,16.828612663638115,14.446891341033504,12.065170018428894,9.683448695824282,7.3017273732196735
2919,1.677916042855984,1.903610246250039,2.298802319798513,2.693994393346985,3.0891864668954585,3.484378540443932,3.879570613992405,5.690050956937462,7.500531299882518,9.311011642827577,11.121491985772634,14.871256559632515,14.645562356238461,14.250370282689987,13.855178209141515,13.459986135593041,13.064794062044568,12.669601988496094,10.859121645551037,9.04864130260598,7.238160959660921,5.427680616715864
2920,1.1172675321315855,1.2675496673528908,1.5306947005095728,1.7938397336662546,2.0569847668229366,2.3201297999796187,2.583274833136301,3.7888124482913326,4.9943500634463645,6.199887678601396,7.405425293756428,10.033161309414842,9.882879174193537,9.619734141036854,9.356589107880172,9.09344407472349,8.830299041566807,8.567154008410125,7.361616393255093,6.156078778100062,4.95054116294503,3.745003547789998
2921,0.6682540838903488,0.7581400312657272,0.9155309318380566,1.0729218324103855,1.2303127329827148,1.3877036335550441,1.5450945341273732,2.2661442482220826,2.987193962316792,3.7082436764115014,4.429293390506211,6.0734388854665,5.983552938091121,5.826162037518792,5.668771136946463,5.5113802363741335,5.3539893358018045,5.196598435229475,4.475548721134766,3.7544990070400566,3.033449292945347,2.3123995788506377
2922,0.4397550001969972,0.4989058467966161,0.6024793784527985,0.7060529101089809,0.8096264417651632,0.9131999734213457,1.016773505077528,1.4912714914090162,1.9657694777405041,2.4402674640719924,2.9147654504034803,3.6846018562989733,3.625451009699354,3.5218774780431716,3.418303946386989,3.314730414730807,3.2111568830746244,3.1075833514184423,2.633085365086954,2.158587378755466,1.6840893924239777,1.2095914060924897
2923,0.286284866305672,0.32479265405806435,0.39222005033488544,0.4596474466117065,0.5270748428885276,0.5945022391653487,0.6619296354421698,0.9708325302776295,1.2797354251130895,1.5886383199485492,1.8975412147840094,2.22844041223525,2.1899326244828576,2.1225052282060366,2.0550778319292156,1.9876504356523945,1.9202230393755735,1.8527956430987524,1.5438927482632927,1.2349898534278327,0.926086958592373,0.6171840637569128
2924,0.1600000684787465,0.18152145994052682,0.21920556165659857,0.25688966337267033,0.2945737650887421,0.33225786680481384,0.3699419685208856,0.5425828942000834,0.7152238198792811,0.887864745558479,1.0605056712376768,1.3303544742870113,1.308833082825231,1.2711489811091592,1.2334648793930874,1.1957807776770155,1.1580966759609437,1.1204125742448718,0.947771648565674,0.7751307228864763,0.6024897972072784,0.4298488715280806
2925,0.0966650333943288,0.10966731548161278,0.1324343991801003,0.15520148287858784,0.17796856657707538,0.20073565027556292,0.2235027339740505,0.3278048196211218,0.432106905268193,0.5364089909152644,0.6407110765623357,0.8750441895076194,0.8620419074203355,0.8392748237218479,0.8165077400233604,0.7937406563248728,0.7709735726263852,0.7482064889278977,0.6439044032808263,0.5396023176337551,0.4353002319866837,0.3309981463396124
2926,0.060485888935644626,0.06862176353916513,0.08286773488598757,0.09711370623281,0.11135967757963244,0.1256056489264549,0.13985162027327736,0.2051162164429092,0.27038081261254104,0.33564540878217297,0.40091000495180484,0.6530761972950729,0.6449403226915524,0.63069435134473,0.6164483799979075,0.602202408651085,0.5879564373042625,0.57371046595744,0.5084458697878081,0.4431812736181763,0.37791667744854435,0.3126520812789125
2927,0.04326251605801909,0.04908169821561838,0.059271125452270715,0.06946055268892304,0.07964997992557539,0.08983940716222773,0.10002883439888008,0.1467093195416705,0.19338980468446088,0.24007028982725132,0.28675077497004176,0.499578441059629,0.4937592589020297,0.48356983166537737,0.47338040442872503,0.4631909771920727,0.45300154995542036,0.442812122718768,0.3961316375759776,0.3494511524331872,0.30277066729039676,0.2560901821476063
2928,0.031367184720614005,0.03558634204876214,0.04297411500909338,0.050361887969424625,0.057749660929755864,0.0651374338900871,0.07252520685041834,0.10637056615310214,0.14021592545578596,0.17406128475846977,0.20790664406115364,0.38513873965896495,0.3809195823308168,0.3735318093704856,0.36614403641015436,0.35875626344982314,0.3513684904894919,0.3439807175291607,0.3101353582264769,0.27628999892379313,0.24244463962110932,0.20859928031842545
2929,0.027541528392130105,0.031246101893993974,0.037732835101129916,0.04421956830826585,0.05070630151540179,0.057193034722537735,0.06367976792967367,0.09339722368731823,0.1231146794449628,0.15283213520260736,0.18254959096025195,0.2947264391013124,0.29102186559944854,0.2845351323923126,0.27804839918517665,0.2715616659780407,0.26507493277090477,0.25858819956376883,0.22887074380612427,0.1991532880484797,0.16943583229083514,0.13971837653319055
2930,0.021214760756460276,0.024068329353953997,0.029064947229369295,0.03406156510478459,0.03905818298019989,0.04405480085561519,0.049051418731030486,0.07194225852804301,0.09483309832505553,0.11772393812206808,0.1406147779190806,0.2196416620198345,0.2167880934223408,0.21179147554692548,0.20679485767151018,0.20179823979609487,0.19680162192067957,0.19180500404526427,0.16891416424825173,0.14602332445123922,0.12313248465422667,0.10024164485721414
2931,0.017379901386824617,0.01971764826949346,0.023811058840523276,0.02790446941155309,0.03199787998258291,0.03609129055361272,0.04018470112464254,0.058937707246218926,0.07769071336779533,0.09644371948937172,0.11519672561094813,0.1725522635160582,0.17021451663338938,0.16612110606235955,0.16202769549132973,0.1579342849202999,0.15384087434927007,0.14974746377824025,0.13099445765666387,0.11224145153508747,0.09348844541351108,0.07473543929193467
2932,0.018861538995962508,0.02139857893702769,0.025840952998510806,0.030283327059993915,0.03472570112147703,0.03916807518296014,0.04361044924444325,0.0639621502340575,0.08431385122367176,0.10466555221328604,0.1250172532029003,0.16219714722554288,0.1596601072844777,0.15521773322299456,0.15077535916151147,0.14633298510002835,0.14189061103854522,0.1374482369770621,0.11709653598744785,0.0967448349978336,0.07639313400821932,0.05604143301860505
2933,0.06031042844298219,0.06842270209442457,0.08262734801485494,0.09683199393528533,0.1110366398557157,0.1252412857761461,0.1394459316965765,0.20452120506052845,0.2695964784244804,0.33467175178843245,0.39974702515238447,0.4566317751531136,0.4485195015016712,0.43431485558124083,0.4201102096608105,0.4059055637403801,0.3917009178199497,0.3774962718995193,0.3124209985355673,0.24734572517161535,0.18227045180766333,0.1171951784437113
2934,0.30895518501738617,0.35051232648691727,0.4232791617051753,0.4960459969234333,0.5688128321416914,0.6415796673599494,0.7143465025782075,1.0477107919933368,1.3810750814084662,1.7144393708235957,2.0478036602387255,2.1024107163262697,2.0608535748567385,1.9880867396384805,1.9153199044202225,1.8425530692019643,1.7697862339837063,1.6970193987654483,1.363655109350319,1.0302908199351897,0.6969265305200603,0.3635622411049304
2935,1.1612949269476076,1.3174991271273024,1.5910137359992662,1.8645283448712298,2.1380429537431938,2.4115575626151577,2.685072171487121,3.9381155800368046,5.191158988586489,6.444202397136173,7.697245805685856,8.797592590406415,8.64138839022672,8.367873781354756,8.094359172482793,7.820844563610829,7.547329954738865,7.273815345866902,6.020771937317218,4.767728528767535,3.514685120217851,2.261641711668167
2936,2.8365400828547638,3.218079229059924,3.8861568494030205,4.554234469746118,5.222312090089215,5.890389710432311,6.558467330775408,9.61910918103339,12.679751031291374,15.74039288154936,18.801034731807345,21.40384848736475,21.02230934115959,20.354231720816493,19.686154100473395,19.018076480130297,18.3499988597872,17.6819212394441,14.621279389186117,11.560637538928134,8.499995688670149,5.439353838412163
2937,4.187241305649756,4.750461435119857,5.736663683482037,6.722865931844216,7.709068180206397,8.695270428568575,9.681472676930756,14.199528337297998,18.717583997665233,23.23563965803248,27.75369531839972,32.29130966000392,31.72808953053382,30.74188728217164,29.75568503380946,28.76948278544728,27.7832805370851,26.797078288722922,22.27902262835568,17.760966967988445,13.242911307621199,8.724855647253957
2938,4.1224380187469025,4.6769415462886,5.647880965838258,6.618820385387915,7.5897598049375725,8.56069922448723,9.53163864403689,13.979771212843394,18.427903781649896,22.876036350456406,27.324168919262913,32.91035711924829,32.35585359170659,31.384914172156932,30.413974752607274,29.443035333057615,28.472095913507957,27.501156493958298,23.053023925151795,18.60489135634529,14.15675878753878,9.708626218732274
2939,3.351595880008395,3.8024144805325077,4.591800893015079,5.381187305497649,6.170573717980221,6.959960130462791,7.7493465429453625,11.365736340329079,14.982126137712793,18.59851593509651,22.21490573248023,27.356769827551037,26.905951227026925,26.116564814544354,25.327178402061783,24.537791989579212,23.74840557709664,22.95901916461407,19.34262936723035,15.726239569846637,12.109849772462919,8.493459975079201
2940,2.9910124143164416,3.3933294236000933,4.097789222441407,4.80224902128272,5.506708820124034,6.211168618965348,6.915628417806662,10.142946736074473,13.370265054342282,16.597583372610092,19.82490169087791,24.2284335048095,23.82611649552585,23.121656696684536,22.417196897843223,21.71273709900191,21.008277300160596,20.303817501319283,17.076499183051475,13.849180864783666,10.621862546515855,7.394544228248039
2941,2.7047846416677372,3.0686015427890947,3.7056473923676854,4.342693241946275,4.979739091524866,5.6167849411034565,6.253830790682048,9.172307818474215,12.090784846266383,15.009261874058554,17.92773890185072,22.802692522038395,22.438875620917038,21.801829771338447,21.164783921759856,20.527738072181265,19.890692222602674,19.253646373024083,16.335169345231915,13.416692317439747,10.498215289647575,7.579738261855409
2942,2.20733046474823,2.5042354815337093,3.0241181699939683,3.544000858454227,4.063883546914486,4.583766235374744,5.103648923835004,7.485370246439614,9.867091569044224,12.248812891648836,14.630534214253444,19.724931122724897,19.428026105939416,18.908143417479156,18.388260729018896,17.868378040558635,17.348495352098375,16.828612663638115,14.446891341033504,12.065170018428894,9.683448695824282,7.3017273732196735
2943,1.677916042855984,1.903610246250039,2.298802319798513,2.693994393346985,3.0891864668954585,3.484378540443932,3.879570613992405,5.690050956937462,7.500531299882518,9.311011642827577,11.121491985772634,14.871256559632515,14.645562356238461,14.250370282689987,13.855178209141515,13.459986135593041,13.064794062044568,12.669601988496094,10.859121645551037,9.04864130260598,7.238160959660921,5.427680616715864
2944,1.1172675321315855,1.2675496673528908,1.5306947005095728,1.7938397336662546,2.0569847668229366,2.3201297999796187,2.583274833136301,3.7888124482913326,4.9943500634463645,6.199887678601396,7.405425293756428,10.033161309414842,9.882879174193537,9.619734141036854,9.356589107880172,9.09344407472349,8.830299041566807,8.567154008410125,7.361616393255093,6.156078778100062,4.95054116294503,3.745003547789998
2945,0.6682540838903488,0.7581400312657272,0.9155309318380566,1.0729218324103855,1.2303127329827148,1.3877036335550441,1.5450945341273732,2.2661442482220826,2.987193962316792,3.7082436764115014,4.429293390506211,6.0734388854665,5.983552938091121,5.826162037518792,5.668771136946463,5.5113802363741335,5.3539893358018045,5.196598435229475,4.475548721134766,3.7544990070400566,3.033449292945347,2.3123995788506377
2946,0.4397550001969972,0.4989058467966161,0.6024793784527985,0.7060529101089809,0.8096264417651632,0.9131999734213457,1.016773505077528,1.4912714914090162,1.9657694777405041,2.4402674640719924,2.9147654504034803,3.6846018562989733,3.625451009699354,3.5218774780431716,3.418303946386989,3.314730414730807,3.2111568830746244,3.1075833514184423,2.633085365086954,2.158587378755466,1.6840893924239777,1.2095914060924897
2947,0.286284866305672,0.32479265405806435,0.39222005033488544,0.4596474466117065,0.5270748428885276,0.5945022391653487,0.6619296354421698,0.9708325302776295,1.2797354251130895,1.5886383199485492,1.8975412147840094,2.22844041223525,2.1899326244828576,2.1225052282060366,2.0550778319292156,1.9876504356523945,1.9202230393755735,1.8527956430987524,1.5438927482632927,1.2349898534278327,0.926086958592373,0.6171840637569128
2948,0.1600000684787465,0.18152145994052682,0.21920556165659857,0.25688966337267033,0.2945737650887421,0.33225786680481384,0.3699419685208856,0.5425828942000834,0.7152238198792811,0.887864745558479,1.0605056712376768,1.3303544742870113,1.308833082825231,1.2711489811091592,1.2334648793930874,1.1957807776770155,1.1580966759609437,1.1204125742448718,0.947771648565674,0.7751307228864763,0.6024897972072784,0.4298488715280806
2949,0.0966650333943288,0.10966731548161278,0.1324343991801003,0.15520148287858784,0.17796856657707538,0.20073565027556292,0.2235027339740505,0.3278048196211218,0.432106905268193,0.5364089909152644,0.6407110765623357,0.8750441895076194,0.8620419074203355,0.8392748237218479,0.8165077400233604,0.7937406563248728,0.7709735726263852,0.7482064889278977,0.6439044032808263,0.5396023176337551,0.4353002319866837,0.3309981463396124
2950,0.060485888935644626,0.06862176353916513,0.08286773488598757,0.09711370623281,0.11135967757963244,0.1256056489264549,0.13985162027327736,0.2051162164429092,0.27038081261254104,0.33564540878217297,0.40091000495180484,0.6530761972950729,0.6449403226915524,0.63069435134473,0.6164483799979075,0.602202408651085,0.5879564373042625,0.57371046595744,0.5084458697878081,0.4431812736181763,0.37791667744854435,0.3126520812789125
2951,0.04326251605801909,0.04908169821561838,0.059271125452270715,0.06946055268892304,0.07964997992557539,0.08983940716222773,0.10002883439888008,0.1467093195416705,0.19338980468446088,0.24007028982725132,0.28675077497004176,0.499578441059629,0.4937592589020297,0.48356983166537737,0.47338040442872503,0.4631909771920727,0.45300154995542036,0.442812122718768,0.3961316375759776,0.3494511524331872,0.30277066729039676,0.2560901821476063
2952,0.031367184720614005,0.03558634204876214,0.04297411500909338,0.050361887969424625,0.057749660929755864,0.0651374338900871,0.07252520685041834,0.10637056615310214,0.14021592545578596,0.17406128475846977,0.20790664406115364,0.38513873965896495,0.3809195823308168,0.3735318093704856,0.36614403641015436,0.35875626344982314,0.3513684904894919,0.3439807175291607,0.3101353582264769,0.27628999892379313,0.24244463962110932,0.20859928031842545
2953,0.027541528392130105,0.031246101893993974,0.037732835101129916,0.04421956830826585,0.05070630151540179,0.057193034722537735,0.06367976792967367,0.09339722368731823,0.1231146794449628,0.15283213520260736,0.18254959096025195,0.2947264391013124,0.29102186559944854,0.2845351323923126,0.27804839918517665,0.2715616659780407,0.26507493277090477,0.25858819956376883,0.22887074380612427,0.1991532880484797,0.16943583229083514,0.13971837653319055
2954,0.021214760756460276,0.024068329353953997,0.029064947229369295,0.03406156510478459,0.03905818298019989,0.04405480085561519,0.049051418731030486,0.07194225852804301,0.09483309832505553,0.11772393812206808,0.1406147779190806,0.2196416620198345,0.2167880934223408,0.21179147554692548,0.20679485767151018,0.20179823979609487,0.19680162192067957,0.19180500404526427,0.16891416424825173,0.14602332445123922,0.12313248465422667,0.10024164485721414
2955,0.017379901386824617,0.01971764826949346,0.023811058840523276,0.02790446941155309,0.03199787998258291,0.03609129055361272,0.04018470112464254,0.058937707246218926,0.07769071336779533,0.09644371948937172,0.11519672561094813,0.1725522635160582,0.17021451663338938,0.16612110606235955,0.16202769549132973,0.1579342849202999,0.15384087434927007,0.14974746377824025,0.13099445765666387,0.11224145153508747,0.09348844541351108,0.07473543929193467
2956,0.018861538995962508,0.02139857893702769,0.025840952998510806,0.030283327059993915,0.03472570112147703,0.03916807518296014,0.04361044924444325,0.0639621502340575,0.08431385122367176,0.10466555221328604,0.1250172532029003,0.16219714722554288,0.1596601072844777,0.15521773322299456,0.15077535916151147,0.14633298510002835,0.14189061103854522,0.1374482369770621,0.11709653598744785,0.0967448349978336,0.07639313400821932,0.05604143301860505
2957,0.06031042844298219,0.06842270209442457,0.08262734801485494,0.09683199393528533,0.1110366398557157,0.1252412857761461,0.1394459316965765,0.20452120506052845,0.2695964784244804,0.33467175178843245,0.39974702515238447,0.4566317751531136,0.4485195015016712,0.43431485558124083,0.4201102096608105,0.4059055637403801,0.3917009178199497,0.3774962718995193,0.3124209985355673,0.24734572517161535,0.18227045180766333,0.1171951784437113
2958,0.30895518501738617,0.35051232648691727,0.4232791617051753,0.4960459969234333,0.5688128321416914,0.6415796673599494,0.7143465025782075,1.0477107919933368,1.3810750814084662,1.7144393708235957,2.0478036602387255,2.1024107163262697,2.0608535748567385,1.9880867396384805,1.9153199044202225,1.8425530692019643,1.7697862339837063,1.6970193987654483,1.363655109350319,1.0302908199351897,0.6969265305200603,0.3635622411049304
2959,1.1612949269476076,1.3174991271273024,1.5910137359992662,1.8645283448712298,2.1380429537431938,2.4115575626151577,2.685072171487121,3.9381155800368046,5.191158988586489,6.444202397136173,7.697245805685856,8.797592590406415,8.64138839022672,8.367873781354756,8.094359172482793,7.820844563610829,7.547329954738865,7.273815345866902,6.020771937317218,4.767728528767535,3.514685120217851,2.261641711668167
2960,2.8365400828547638,3.218079229059924,3.8861568494030205,4.554234469746118,5.222312090089215,5.890389710432311,6.558467330775408,9.61910918103339,12.679751031291374,15.74039288154936,18.801034731807345,21.40384848736475,21.02230934115959,20.354231720816493,19.686154100473395,19.018076480130297,18.3499988597872,17.6819212394441,14.621279389186117,11.560637538928134,8.499995688670149,5.439353838412163
2961,4.187241305649756,4.750461435119857,5.736663683482037,6.722865931844216,7.709068180206397,8.695270428568575,9.681472676930756,14.199528337297998,18.717583997665233,23.23563965803248,27.75369531839972,32.29130966000392,31.72808953053382,30.74188728217164,29.75568503380946,28.76948278544728,27.7832805370851,26.797078288722922,22.27902262835568,17.760966967988445,13.242911307621199,8.724855647253957
2962,4.1224380187469025,4.6769415462886,5.647880965838258,6.618820385387915,7.5897598049375725,8.56069922448723,9.53163864403689,13.979771212843394,18.427903781649896,22.876036350456406,27.324168919262913,32.91035711924829,32.35585359170659,31.384914172156932,30.413974752607274,29.443035333057615,28.472095913507957,27.501156493958298,23.053023925151795,18.60489135634529,14.15675878753878,9.708626218732274
2963,3.351595880008395,3.8024144805325077,4.591800893015079,5.381187305497649,6.170573717980221,6.959960130462791,7.7493465429453625,11.365736340329079,14.982126137712793,18.59851593509651,22.21490573248023,27.356769827551037,26.905951227026925,26.116564814544354,25.327178402061783,24.537791989579212,23.74840557709664,22.95901916461407,19.34262936723035,15.726239569846637,12.109849772462919,8.493459975079201
2964,2.9910124143164416,3.3933294236000933,4.097789222441407,4.80224902128272,5.506708820124034,6.211168618965348,6.915628417806662,10.142946736074473,13.370265054342282,16.597583372610092,19.82490169087791,24.2284335048095,23.82611649552585,23.121656696684536,22.417196897843223,21.71273709900191,21.008277300160596,20.303817501319283,17.076499183051475,13.849180864783666,10.621862546515855,7.394544228248039
2965,2.7047846416677372,3.0686015427890947,3.7056473923676854,4.342693241946275,4.979739091524866,5.6167849411034565,6.253830790682048,9.172307818474215,12.090784846266383,15.009261874058554,17.92773890185072,22.802692522038395,22.438875620917038,21.801829771338447,21.164783921759856,20.527738072181265,19.890692222602674,19.253646373024083,16.335169345231915,13.416692317439747,10.498215289647575,7.579738261855409
2966,2.20733046474823,2.5042354815337093,3.0241181699939683,3.544000858454227,4.063883546914486,4.583766235374744,5.103648923835004,7.485370246439614,9.867091569044224,12.248812891648836,14.630534214253444,19.724931122724897,19.428026105939416,18.908143417479156,18.388260729018896,17.868378040558635,17.348495352098375,16.828612663638115,14.446891341033504,12.065170018428894,9.683448695824282,7.3017273732196735
2967,1.677916042855984,1.903610246250039,2.298802319798513,2.693994393346985,3.0891864668954585,3.484378540443932,3.879570613992405,5.690050956937462,7.500531299882518,9.311011642827577,11.121491985772634,14.871256559632515,14.645562356238461,14.250370282689987,13.855178209141515,13.459986135593041,13.064794062044568,12.669601988496094,10.859121645551037,9.04864130260598,7.238160959660921,5.427680616715864
2968,1.1172675321315855,1.2675496673528908,1.5306947005095728,1.7938397336662546,2.0569847668229366,2.3201297999796187,2.583274833136301,3.7888124482913326,4.9943500634463645,6.199887678601396,7.405425293756428,10.033161309414842,9.882879174193537,9.619734141036854,9.356589107880172,9.09344407472349,8.830299041566807,8.567154008410125,7.361616393255093,6.156078778100062,4.95054116294503,3.745003547789998
2969,0.6682540838903488,0.7581400312657272,0.9155309318380566,1.0729218324103855,1.2303127329827148,1.3877036335550441,1.5450945341273732,2.2661442482220826,2.987193962316792,3.7082436764115014,4.429293390506211,6.0734388854665,5.983552938091121,5.826162037518792,5.668771136946463,5.5113802363741335,5.3539893358018045,5.196598435229475,4.475548721134766,3.7544990070400566,3.033449292945347,2.3123995788506377
2970,0.4397550001969972,0.4989058467966161,0.6024793784527985,0.7060529101089809,0.8096264417651632,0.9131999734213457,1.016773505077528,1.4912714914090162,1.9657694777405041,2.4402674640719924,2.9147654504034803,3.6846018562989733,3.625451009699354,3.5218774780431716,3.418303946386989,3.314730414730807,3.2111568830746244,3.1075833514184423,2.633085365086954,2.158587378755466,1.6840893924239777,1.2095914060924897
2971,0.286284866305672,0.32479265405806435,0.39222005033488544,0.4596474466117065,0.5270748428885276,0.5945022391653487,0.6619296354421698,0.9708325302776295,1.2797354251130895,1.5886383199485492,1.8975412147840094,2.22844041223525,2.1899326244828576,2.1225052282060366,2.0550778319292156,1.9876504356523945,1.9202230393755735,1.8527956430987524,1.5438927482632927,1.2349898534278327,0.926086958592373,0.6171840637569128
2972,0.1600000684787465,0.18152145994052682,0.21920556165659857,0.25688966337267033,0.2945737650887421,0.33225786680481384,0.3699419685208856,0.5425828942000834,0.7152238198792811,0.887864745558479,1.0605056712376768,1.3303544742870113,1.308833082825231,1.2711489811091592,1.2334648793930874,1.1957807776770155,1.1580966759609437,1.1204125742448718,0.947771648565674,0.7751307228864763,0.6024897972072784,0.4298488715280806
2973,0.0966650333943288,0.10966731548161278,0.1324343991801003,0.15520148287858784,0.17796856657707538,0.20073565027556292,0.2235027339740505,0.3278048196211218,0.432106905268193,0.5364089909152644,0.6407110765623357,0.8750441895076194,0.8620419074203355,0.8392748237218479,0.8165077400233604,0.7937406563248728,0.7709735726263852,0.7482064889278977,0.6439044032808263,0.5396023176337551,0.4353002319866837,0.3309981463396124
2974,0.060485888935644626,0.06862176353916513,0.08286773488598757,0.09711370623281,0.11135967757963244,0.1256056489264549,0.13985162027327736,0.2051162164429092,0.27038081261254104,0.33564540878217297,0.40091000495180484,0.6530761972950729,0.6449403226915524,0.63069435134473,0.6164483799979075,0.602202408651085,0.5879564373042625,0.57371046595744,0.5084458697878081,0.4431812736181763,0.37791667744854435,0.3126520812789125
2975,0.04326251605801909,0.04908169821561838,0.059271125452270715,0.06946055268892304,0.07964997992557539,0.08983940716222773,0.10002883439888008,0.1467093195416705,0.19338980468446088,0.24007028982725132,0.28675077497004176,0.499578441059629,0.4937592589020297,0.48356983166537737,0.47338040442872503,0.4631909771920727,0.45300154995542036,0.442812122718768,0.3961316375759776,0.3494511524331872,0.30277066729039676,0.2560901821476063
2976,0.06656898268586907,0.07552308595105217,0.09120178120737912,0.10688047646370606,0.12255917172003303,0.13823786697635998,0.1539165622326869,0.2257448489433112,0.29757313565393556,0.36940142236455986,0.44122970907518416,0.4271966781704077,0.4182425749052246,0.4025638796488976,0.3868851843925707,0.3712064891362437,0.35552779387991673,0.3398490986235898,0.2680208119129655,0.19619252520234115,0.12436423849171685,0.05253595178109255
2977,0.056639086305014866,0.06425753272192815,0.07759748382143074,0.09093743492093335,0.10427738602043597,0.11761733711993858,0.1309572882194412,0.19207116387144205,0.25318503952344296,0.31429891517544384,0.3754127908274448,0.3168441383691494,0.3092256919522361,0.2958857408527335,0.28254578975323086,0.26920583865372827,0.2558658875542257,0.24252593645472306,0.1814120608027222,0.1202981851507213,0.05918430949872042,-0.0019295661532805208
2978,0.03392680220936796,0.038490250202461725,0.046480878441028384,0.05447150667959503,0.06246213491816169,0.07045276315672834,0.07844339139529499,0.1150505915949522,0.15165779179460942,0.18826499199426663,0.22487219219392388,0.22601923126692836,0.22145578327383458,0.21346515503526792,0.20547452679670128,0.1974838985581346,0.18949327031956797,0.1815026420810013,0.1448954418813441,0.10828824168168688,0.07168104148202967,0.035073841282372425
2979,0.0236676925723058,0.026851201690074235,0.03242554764354464,0.03799989359701504,0.043574239550485436,0.049148585503955844,0.05472293145742625,0.08026049774238261,0.10579806402733898,0.13133563031229536,0.15687319659725174,0.20284547879051973,0.1996619696727513,0.1940876237192809,0.1885132777658105,0.1829389318123401,0.17736458585886972,0.17179023990539932,0.14625267362044297,0.12071510733548661,0.09517754105053022,0.06963997476557385
2980,0.02469635730095266,0.028018230711428102,0.03383485347536883,0.03965147623930954,0.04546809900325027,0.051284721767191,0.05710134453113172,0.08374884553458932,0.11039634653804692,0.1370438475415045,0.16369134854496212,0.2086410790622131,0.20531920565173767,0.19950258288779693,0.19368596012385622,0.18786933735991548,0.18205271459597477,0.17623609183203404,0.14958859082857645,0.12294108982511885,0.09629358882166127,0.06964608781820365
2981,0.018530992112733714,0.02102357064238779,0.025388092472381524,0.02975261430237525,0.03411713613236898,0.03848165796236271,0.04284617979235644,0.06284121893523797,0.08283625807811949,0.10283129722100104,0.12282633636388257,0.23076451461001737,0.2282719360803633,0.22390741425036959,0.21954289242037586,0.21517837059038214,0.21081384876038842,0.2064493269303947,0.18645428778751316,0.16645924864463163,0.1464642095017501,0.12646917035886857
2982,0.022723898938375474,0.025780459658883387,0.031132518111866028,0.036484576564848666,0.0418366350178313,0.04718869347081395,0.05254075192379659,0.0770599598532782,0.10157916778275981,0.12609837571224142,0.15061758364172306,0.3411068640072945,0.3380503032867866,0.33269824483380395,0.3273461863808213,0.32199412792783866,0.316642069474856,0.31129001102187337,0.2867708030923918,0.2622515951629102,0.2377323872334286,0.21321317930394695
2983,0.05954035988303085,0.0675490526604855,0.08157232777140645,0.0955956028823274,0.10961887799324835,0.12364215310416929,0.13766542821509023,0.20190979350324906,0.2661541587914079,0.33039852407956677,0.3946428893677256,0.5323949645104806,0.524386271733026,0.510362996622105,0.4963397215111841,0.48231644640026317,0.4682931712893422,0.4542698961784213,0.3900255308902625,0.32578116560210363,0.2615368003139448,0.19729243502578592
2984,0.09422208070711786,0.10689576455313886,0.129087470513181,0.15127917647322317,0.17347088243326533,0.1956625883933075,0.21785429435334966,0.31952042104539957,0.42118654773744957,0.5228526744294996,0.6245188011215496,0.7630054397344619,0.7503317558884409,0.7281400499283988,0.7059483439683566,0.6837566380083144,0.6615649320482723,0.6393732260882301,0.5377070993961802,0.4360409727041302,0.33437484601208023,0.23270871932003023
2985,0.11060462621291975,0.12548190395938727,0.1515321177130734,0.17758233146675953,0.2036325452204457,0.22968275897413182,0.255732972727818,0.37507595323620807,0.49441893374459817,0.6137619142529884,0.7331048947613785,1.04243040931092,1.0275531315644524,1.0015029178107662,0.9754527040570801,0.949402490303394,0.9233522765497079,0.8973020627960218,0.7779590822876317,0.6586161017792416,0.5392731212708513,0.41993014076246116
2986,0.14593538259187422,0.16556495229609972,0.19993646134515083,0.23430797039420195,0.2686794794432531,0.3030509884923042,0.3374224975413554,0.4948875522726021,0.6523526070038489,0.8098176617350957,0.9672827164663426,1.3368623237393928,1.3172327540351674,1.2828612449861163,1.2484897359370652,1.2141182268880142,1.1797467178389631,1.145375208789912,0.9879101540586653,0.8304450993274186,0.6729800445961718,0.5155149898649249
2987,0.17412844867806587,0.1975502293326846,0.2385619253527876,0.2795736213728906,0.3205853173929936,0.3615970134130966,0.40260870943319965,0.5904942325625675,0.7783797556919354,0.9662652788213034,1.1541508019506714,1.6963697765134498,1.6729479958588311,1.6319362998387281,1.590924603818625,1.549912907798522,1.508901211778419,1.467889515758316,1.2800039926289482,1.0921184694995802,0.9042329463702122,0.7163474232408442
2988,0.20258246617249245,0.22983155799628885,0.277544901707457,0.32525824541862514,0.3729715891297932,0.4206849328409614,0.46839827655212957,0.6869858360383282,0.9055733955245269,1.1241609550107257,1.3427485144969247,1.9211150761464808,1.8938659843226844,1.8461526406115163,1.7984392969003482,1.7507259531891801,1.7030126094780118,1.6552992657668437,1.4367117062806452,1.2181241467944464,0.9995365873082476,0.7809490278220486
2989,0.22682064156334378,0.25732997737244256,0.31075203030808307,0.3641740832437235,0.4175961361793641,0.4710181891150046,0.5244402420506451,0.769180921820084,1.013921601589523,1.2586622813589619,1.5034029611284008,2.0428941262432594,2.0123847904341607,1.9589627374985201,1.9055406845628797,1.852118631627239,1.7986965786915987,1.745274525755958,1.5005338459865192,1.2557931662170803,1.0110524864476413,0.7663118066782024
2990,0.28713168866453304,0.3257533813399477,0.3933802259058238,0.46100707047169975,0.5286339150375757,0.5962607596034519,0.6638876041693279,0.9737042248382178,1.2835208455071077,1.5933374661759976,1.9031540868448875,2.133676930271694,2.095055237596279,2.027428393030403,1.9598015484645268,1.8921747038986507,1.8245478593327746,1.7569210147668985,1.4471043940980086,1.1372877734291187,0.8274711527602288,0.5176545320913388
2991,0.3067951188581142,0.3480617127682659,0.42031979724889373,0.49257788172952155,0.5648359662101494,0.6370940506907772,0.709352135171405,1.040385701701159,1.3714192682309132,1.7024528347606676,2.0334864012904217,2.1612776545091203,2.120011060598969,2.047752976118341,1.975494891637713,1.9032368071570853,1.8309787226764576,1.7587206381958298,1.427687071666076,1.0966535051363218,0.7656199386065674,0.4345863720768133
2992,0.27598175878396375,0.31310368956544515,0.3781044409318533,0.44310519229826134,0.5081059436646694,0.5731066950310776,0.6381074463974856,0.9358932333664804,1.233679020335475,1.53146480730447,1.829250594273465,1.9097257114610804,1.872603780679599,1.8076030293131908,1.7426022779467827,1.6776015265803745,1.6126007752139664,1.5476000238475582,1.2498142368785634,0.9520284499095688,0.6542426629405738,0.35645687597157893
2993,0.2253108014307007,0.2556170506983482,0.3086834977291007,0.36174994475985317,0.4148163917906057,0.46788283882135817,0.5209492858521106,0.7640608400805081,1.0071723943089055,1.2502839485373032,1.4933955027657007,1.6192575536297766,1.588951304362129,1.5358848573313766,1.4828184103006241,1.4297519632698716,1.3766855162391192,1.3236190692083667,1.0805075149799692,0.8373959607515719,0.5942844065231742,0.3511728522947767
2994,0.181071206183045,0.20542684770103406,0.24807374039633354,0.290720633091633,0.3333675257869325,0.376014418482232,0.41866131117753147,0.6140381066158548,0.809414902054178,1.0047916974925013,1.200168492930825,1.489569188741577,1.4652135472235879,1.4225666545282885,1.379919761832989,1.3372728691376894,1.29462597644239,1.2519790837470905,1.0566022883087673,0.8612254928704441,0.6658486974321208,0.4704719019937972
2995,0.1371027565822645,0.15554426178254532,0.18783546186591396,0.22012666194928254,0.2524178620326512,0.2847090621160198,0.3170002621993884,0.464934866444111,0.6128694706888336,0.7608040749335562,0.9087386791782788,1.2544431595756709,1.23600165437539,1.2037104542920214,1.1714192542086528,1.1391280541252842,1.1068368540419156,1.074545653958547,0.9266110497138245,0.7786764454691019,0.6307418412243793,0.48280723697965666
2996,0.12288693681507708,0.1394162914452449,0.16835930297358676,0.19730231450192862,0.22624532603027048,0.25518833755861237,0.28413134908695425,0.4167270081222759,0.5493226671575976,0.6819183261929194,0.8145139852282411,0.965950353268064,0.9494209986378962,0.9204779871095543,0.8915349755812124,0.8625919640528705,0.8336489525245286,0.8047059409961868,0.6721102819608651,0.5395146229255434,0.40691896389022164,0.27432330485489986
2997,0.10407025709033581,0.11806860573895996,0.14257980870966933,0.16709101168037868,0.19160221465108804,0.2161134176217974,0.24062462059250678,0.3529169820306787,0.4652093434688507,0.5775017049070227,0.6897940663451948,0.756275578156249,0.7422772295076249,0.7177660265369155,0.6932548235662062,0.6687436205954969,0.6442324176247876,0.6197212146540781,0.5074288532159061,0.3951364917777342,0.2828441303395622,0.17055176890139007
2998,0.09174496304809825,0.10408545316899447,0.1256937346673304,0.14730201616566632,0.16891029766400223,0.19051857916233816,0.21212686066067407,0.3111201642112374,0.4101134677618008,0.5091067713123641,0.6081000748629275,0.6380177307790044,0.6256772406581081,0.6040689591597722,0.5824606776614363,0.5608523961631003,0.5392441146647644,0.5176358331664285,0.4186425296158651,0.3196492260653017,0.22065592251473837,0.12166261896417502
2999,0.0756798511426919,0.0858594449247251,0.10368398234795255,0.12150851977117999,0.13933305719440744,0.15715759461763487,0.17498213204086233,0.2566410943198301,0.33830005659879786,0.4199590188777657,0.5016179811567335,0.5589042903878931,0.54872469660586,0.5309001591826326,0.5130756217594051,0.4952510843361777,0.4774265469129503,0.45960200948972285,0.37794304721075506,0.2962840849317873,0.21462512265281947,0.13296616037385167
3000,0.06656898268586907,0.07552308595105217,0.09120178120737912,0.10688047646370606,0.12255917172003303,0.13823786697635998,0.1539165622326869,0.2257448489433112,0.29757313565393556,0.36940142236455986,0.44122970907518416,0.4271966781704077,0.4182425749052246,0.4025638796488976,0.3868851843925707,0.3712064891362437,0.35552779387991673,0.3398490986235898,0.2680208119129655,0.19619252520234115,0.12436423849171685,0.05253595178109255
3001,0.056639086305014866,0.06425753272192815,0.07759748382143074,0.09093743492093335,0.10427738602043597,0.11761733711993858,0.1309572882194412,0.19207116387144205,0.25318503952344296,0.31429891517544384,0.3754127908274448,0.3168441383691494,0.3092256919522361,0.2958857408527335,0.28254578975323086,0.26920583865372827,0.2558658875542257,0.24252593645472306,0.1814120608027222,0.1202981851507213,0.05918430949872042,-0.0019295661532805208
3002,0.03392680220936796,0.038490250202461725,0.046480878441028384,0.05447150667959503,0.06246213491816169,0.07045276315672834,0.07844339139529499,0.1150505915949522,0.15165779179460942,0.18826499199426663,0.22487219219392388,0.22601923126692836,0.22145578327383458,0.21346515503526792,0.20547452679670128,0.1974838985581346,0.18949327031956797,0.1815026420810013,0.1448954418813441,0.10828824168168688,0.07168104148202967,0.035073841282372425
3003,0.0236676925723058,0.026851201690074235,0.03242554764354464,0.03799989359701504,0.043574239550485436,0.049148585503955844,0.05472293145742625,0.08026049774238261,0.10579806402733898,0.13133563031229536,0.15687319659725174,0.20284547879051973,0.1996619696727513,0.1940876237192809,0.1885132777658105,0.1829389318123401,0.17736458585886972,0.17179023990539932,0.14625267362044297,0.12071510733548661,0.09517754105053022,0.06963997476557385
3004,0.02469635730095266,0.028018230711428102,0.03383485347536883,0.03965147623930954,0.04546809900325027,0.051284721767191,0.05710134453113172,0.08374884553458932,0.11039634653804692,0.1370438475415045,0.16369134854496212,0.2086410790622131,0.20531920565173767,0.19950258288779693,0.19368596012385622,0.18786933735991548,0.18205271459597477,0.17623609183203404,0.14958859082857645,0.12294108982511885,0.09629358882166127,0.06964608781820365
3005,0.018530992112733714,0.02102357064238779,0.025388092472381524,0.02975261430237525,0.03411713613236898,0.03848165796236271,0.04284617979235644,0.06284121893523797,0.08283625807811949,0.10283129722100104,0.12282633636388257,0.23076451461001737,0.2282719360803633,0.22390741425036959,0.21954289242037586,0.21517837059038214,0.21081384876038842,0.2064493269303947,0.18645428778751316,0.16645924864463163,0.1464642095017501,0.12646917035886857
3006,0.022723898938375474,0.025780459658883387,0.031132518111866028,0.036484576564848666,0.0418366350178313,0.04718869347081395,0.05254075192379659,0.0770599598532782,0.10157916778275981,0.12609837571224142,0.15061758364172306,0.3411068640072945,0.3380503032867866,0.33269824483380395,0.3273461863808213,0.32199412792783866,0.316642069474856,0.31129001102187337,0.2867708030923918,0.2622515951629102,0.2377323872334286,0.21321317930394695
3007,0.05954035988303085,0.0675490526604855,0.08157232777140645,0.0955956028823274,0.10961887799324835,0.12364215310416929,0.13766542821509023,0.20190979350324906,0.2661541587914079,0.33039852407956677,0.3946428893677256,0.5323949645104806,0.524386271733026,0.510362996622105,0.4963397215111841,0.48231644640026317,0.4682931712893422,0.4542698961784213,0.3900255308902625,0.32578116560210363,0.2615368003139448,0.19729243502578592
3008,0.09422208070711786,0.10689576455313886,0.129087470513181,0.15127917647322317,0.17347088243326533,0.1956625883933075,0.21785429435334966,0.31952042104539957,0.42118654773744957,0.5228526744294996,0.6245188011215496,0.7630054397344619,0.7503317558884409,0.7281400499283988,0.7059483439683566,0.6837566380083144,0.6615649320482723,0.6393732260882301,0.5377070993961802,0.4360409727041302,0.33437484601208023,0.23270871932003023
3009,0.11060462621291975,0.12548190395938727,0.1515321177130734,0.17758233146675953,0.2036325452204457,0.22968275897413182,0.255732972727818,0.37507595323620807,0.49441893374459817,0.6137619142529884,0.7331048947613785,1.04243040931092,1.0275531315644524,1.0015029178107662,0.9754527040570801,0.949402490303394,0.9233522765497079,0.8973020627960218,0.7779590822876317,0.6586161017792416,0.5392731212708513,0.41993014076246116
3010,0.14593538259187422,0.16556495229609972,0.19993646134515083,0.23430797039420195,0.2686794794432531,0.3030509884923042,0.3374224975413554,0.4948875522726021,0.6523526070038489,0.8098176617350957,0.9672827164663426,1.3368623237393928,1.3172327540351674,1.2828612449861163,1.2484897359370652,1.2141182268880142,1.1797467178389631,1.145375208789912,0.9879101540586653,0.8304450993274186,0.6729800445961718,0.5155149898649249
3011,0.17412844867806587,0.1975502293326846,0.2385619253527876,0.2795736213728906,0.3205853173929936,0.3615970134130966,0.40260870943319965,0.5904942325625675,0.7783797556919354,0.9662652788213034,1.1541508019506714,1.6963697765134498,1.6729479958588311,1.6319362998387281,1.590924603818625,1.549912907798522,1.508901211778419,1.467889515758316,1.2800039926289482,1.0921184694995802,0.9042329463702122,0.7163474232408442
3012,0.20258246617249245,0.22983155799628885,0.277544901707457,0.32525824541862514,0.3729715891297932,0.4206849328409614,0.46839827655212957,0.6869858360383282,0.9055733955245269,1.1241609550107257,1.3427485144969247,1.9211150761464808,1.8938659843226844,1.8461526406115163,1.7984392969003482,1.7507259531891801,1.7030126094780118,1.6552992657668437,1.4367117062806452,1.2181241467944464,0.9995365873082476,0.7809490278220486
3013,0.22682064156334378,0.25732997737244256,0.31075203030808307,0.3641740832437235,0.4175961361793641,0.4710181891150046,0.5244402420506451,0.769180921820084,1.013921601589523,1.2586622813589619,1.5034029611284008,2.0428941262432594,2.0123847904341607,1.9589627374985201,1.9055406845628797,1.852118631627239,1.7986965786915987,1.745274525755958,1.5005338459865192,1.2557931662170803,1.0110524864476413,0.7663118066782024
3014,0.28713168866453304,0.3257533813399477,0.3933802259058238,0.46100707047169975,0.5286339150375757,0.5962607596034519,0.6638876041693279,0.9737042248382178,1.2835208455071077,1.5933374661759976,1.9031540868448875,2.133676930271694,2.095055237596279,2.027428393030403,1.9598015484645268,1.8921747038986507,1.8245478593327746,1.7569210147668985,1.4471043940980086,1.1372877734291187,0.8274711527602288,0.5176545320913388
3015,0.3067951188581142,0.3480617127682659,0.42031979724889373,0.49257788172952155,0.5648359662101494,0.6370940506907772,0.709352135171405,1.040385701701159,1.3714192682309132,1.7024528347606676,2.0334864012904217,2.1612776545091203,2.120011060598969,2.047752976118341,1.975494891637713,1.9032368071570853,1.8309787226764576,1.7587206381958298,1.427687071666076,1.0966535051363218,0.7656199386065674,0.4345863720768133
3016,0.27598175878396375,0.31310368956544515,0.3781044409318533,0.44310519229826134,0.5081059436646694,0.5731066950310776,0.6381074463974856,0.9358932333664804,1.233679020335475,1.53146480730447,1.829250594273465,1.9097257114610804,1.872603780679599,1.8076030293131908,1.7426022779467827,1.6776015265803745,1.6126007752139664,1.5476000238475582,1.2498142368785634,0.9520284499095688,0.6542426629405738,0.35645687597157893
3017,0.2253108014307007,0.2556170506983482,0.3086834977291007,0.36174994475985317,0.4148163917906057,0.46788283882135817,0.5209492858521106,0.7640608400805081,1.0071723943089055,1.2502839485373032,1.4933955027657007,1.6192575536297766,1.588951304362129,1.5358848573313766,1.4828184103006241,1.4297519632698716,1.3766855162391192,1.3236190692083667,1.0805075149799692,0.8373959607515719,0.5942844065231742,0.3511728522947767
3018,0.181071206183045,0.20542684770103406,0.24807374039633354,0.290720633091633,0.3333675257869325,0.376014418482232,0.41866131117753147,0.6140381066158548,0.809414902054178,1.0047916974925013,1.200168492930825,1.489569188741577,1.4652135472235879,1.4225666545282885,1.379919761832989,1.3372728691376894,1.29462597644239,1.2519790837470905,1.0566022883087673,0.8612254928704441,0.6658486974321208,0.4704719019937972
3019,0.1371027565822645,0.15554426178254532,0.18783546186591396,0.22012666194928254,0.2524178620326512,0.2847090621160198,0.3170002621993884,0.464934866444111,0.6128694706888336,0.7608040749335562,0.9087386791782788,1.2544431595756709,1.23600165437539,1.2037104542920214,1.1714192542086528,1.1391280541252842,1.1068368540419156,1.074545653958547,0.9266110497138245,0.7786764454691019,0.6307418412243793,0.48280723697965666
3020,0.12288693681507708,0.1394162914452449,0.16835930297358676,0.19730231450192862,0.22624532603027048,0.25518833755861237,0.28413134908695425,0.4167270081222759,0.5493226671575976,0.6819183261929194,0.8145139852282411,0.965950353268064,0.9494209986378962,0.9204779871095543,0.8915349755812124,0.8625919640528705,0.8336489525245286,0.8047059409961868,0.6721102819608651,0.5395146229255434,0.40691896389022164,0.27432330485489986
3021,0.10407025709033581,0.11806860573895996,0.14257980870966933,0.16709101168037868,0.19160221465108804,0.2161134176217974,0.24062462059250678,0.3529169820306787,0.4652093434688507,0.5775017049070227,0.6897940663451948,0.756275578156249,0.7422772295076249,0.7177660265369155,0.6932548235662062,0.6687436205954969,0.6442324176247876,0.6197212146540781,0.5074288532159061,0.3951364917777342,0.2828441303395622,0.17055176890139007
3022,0.09174496304809825,0.10408545316899447,0.1256937346673304,0.14730201616566632,0.16891029766400223,0.19051857916233816,0.21212686066067407,0.3111201642112374,0.4101134677618008,0.5091067713123641,0.6081000748629275,0.6380177307790044,0.6256772406581081,0.6040689591597722,0.5824606776614363,0.5608523961631003,0.5392441146647644,0.5176358331664285,0.4186425296158651,0.3196492260653017,0.22065592251473837,0.12166261896417502
3023,0.0756798511426919,0.0858594449247251,0.10368398234795255,0.12150851977117999,0.13933305719440744,0.15715759461763487,0.17498213204086233,0.2566410943198301,0.33830005659879786,0.4199590188777657,0.5016179811567335,0.5589042903878931,0.54872469660586,0.5309001591826326,0.5130756217594051,0.4952510843361777,0.4774265469129503,0.45960200948972285,0.37794304721075506,0.2962840849317873,0.21462512265281947,0.13296616037385167
3024,0.031367184720614005,0.03558634204876214,0.04297411500909338,0.050361887969424625,0.057749660929755864,0.0651374338900871,0.07252520685041834,0.10637056615310214,0.14021592545578596,0.17406128475846977,0.20790664406115364,0.38513873965896495,0.3809195823308168,0.3735318093704856,0.36614403641015436,0.35875626344982314,0.3513684904894919,0.3439807175291607,0.3101353582264769,0.27628999892379313,0.24244463962110932,0.20859928031842545
3025,0.027541528392130105,0.031246101893993974,0.037732835101129916,0.04421956830826585,0.05070630151540179,0.057193034722537735,0.06367976792967367,0.09339722368731823,0.1231146794449628,0.15283213520260736,0.18254959096025195,0.2947264391013124,0.29102186559944854,0.2845351323923126,0.27804839918517665,0.2715616659780407,0.26507493277090477,0.25858819956376883,0.22887074380612427,0.1991532880484797,0.16943583229083514,0.13971837653319055
3026,0.021214760756460276,0.024068329353953997,0.029064947229369295,0.03406156510478459,0.03905818298019989,0.04405480085561519,0.049051418731030486,0.07194225852804301,0.09483309832505553,0.11772393812206808,0.1406147779190806,0.2196416620198345,0.2167880934223408,0.21179147554692548,0.20679485767151018,0.20179823979609487,0.19680162192067957,0.19180500404526427,0.16891416424825173,0.14602332445123922,0.12313248465422667,0.10024164485721414
3027,0.017379901386824617,0.01971764826949346,0.023811058840523276,0.02790446941155309,0.03199787998258291,0.03609129055361272,0.04018470112464254,0.058937707246218926,0.07769071336779533,0.09644371948937172,0.11519672561094813,0.1725522635160582,0.17021451663338938,0.16612110606235955,0.16202769549132973,0.1579342849202999,0.15384087434927007,0.14974746377824025,0.13099445765666387,0.11224145153508747,0.09348844541351108,0.07473543929193467
3028,0.018861538995962508,0.02139857893702769,0.025840952998510806,0.030283327059993915,0.03472570112147703,0.03916807518296014,0.04361044924444325,0.0639621502340575,0.08431385122367176,0.10466555221328604,0.1250172532029003,0.16219714722554288,0.1596601072844777,0.15521773322299456,0.15077535916151147,0.14633298510002835,0.14189061103854522,0.1374482369770621,0.11709653598744785,0.0967448349978336,0.07639313400821932,0.05604143301860505
3029,0.06031042844298219,0.06842270209442457,0.08262734801485494,0.09683199393528533,0.1110366398557157,0.1252412857761461,0.1394459316965765,0.20452120506052845,0.2695964784244804,0.33467175178843245,0.39974702515238447,0.4566317751531136,0.4485195015016712,0.43431485558124083,0.4201102096608105,0.4059055637403801,0.3917009178199497,0.3774962718995193,0.3124209985355673,0.24734572517161535,0.18227045180766333,0.1171951784437113
3030,0.30895518501738617,0.35051232648691727,0.4232791617051753,0.4960459969234333,0.5688128321416914,0.6415796673599494,0.7143465025782075,1.0477107919933368,1.3810750814084662,1.7144393708235957,2.0478036602387255,2.1024107163262697,2.0608535748567385,1.9880867396384805,1.9153199044202225,1.8425530692019643,1.7697862339837063,1.6970193987654483,1.363655109350319,1.0302908199351897,0.6969265305200603,0.3635622411049304
3031,1.1612949269476076,1.3174991271273024,1.5910137359992662,1.8645283448712298,2.1380429537431938,2.4115575626151577,2.685072171487121,3.9381155800368046,5.191158988586489,6.444202397136173,7.697245805685856,8.797592590406415,8.64138839022672,8.367873781354756,8.094359172482793,7.820844563610829,7.547329954738865,7.273815345866902,6.020771937317218,4.767728528767535,3.514685120217851,2.261641711668167
3032,2.8365400828547638,3.218079229059924,3.8861568494030205,4.554234469746118,5.222312090089215,5.890389710432311,6.558467330775408,9.61910918103339,12.679751031291374,15.74039288154936,18.801034731807345,21.40384848736475,21.02230934115959,20.354231720816493,19.686154100473395,19.018076480130297,18.3499988597872,17.6819212394441,14.621279389186117,11.560637538928134,8.499995688670149,5.439353838412163
3033,4.187241305649756,4.750461435119857,5.736663683482037,6.722865931844216,7.709068180206397,8.695270428568575,9.681472676930756,14.199528337297998,18.717583997665233,23.23563965803248,27.75369531839972,32.29130966000392,31.72808953053382,30.74188728217164,29.75568503380946,28.76948278544728,27.7832805370851,26.797078288722922,22.27902262835568,17.760966967988445,13.242911307621199,8.724855647253957
3034,4.1224380187469025,4.6769415462886,5.647880965838258,6.618820385387915,7.5897598049375725,8.56069922448723,9.53163864403689,13.979771212843394,18.427903781649896,22.876036350456406,27.324168919262913,32.91035711924829,32.35585359170659,31.384914172156932,30.413974752607274,29.443035333057615,28.472095913507957,27.501156493958298,23.053023925151795,18.60489135634529,14.15675878753878,9.708626218732274
3035,3.351595880008395,3.8024144805325077,4.591800893015079,5.381187305497649,6.170573717980221,6.959960130462791,7.7493465429453625,11.365736340329079,14.982126137712793,18.59851593509651,22.21490573248023,27.356769827551037,26.905951227026925,26.116564814544354,25.327178402061783,24.537791989579212,23.74840557709664,22.95901916461407,19.34262936723035,15.726239569846637,12.109849772462919,8.493459975079201
3036,2.9910124143164416,3.3933294236000933,4.097789222441407,4.80224902128272,5.506708820124034,6.211168618965348,6.915628417806662,10.142946736074473,13.370265054342282,16.597583372610092,19.82490169087791,24.2284335048095,23.82611649552585,23.121656696684536,22.417196897843223,21.71273709900191,21.008277300160596,20.303817501319283,17.076499183051475,13.849180864783666,10.621862546515855,7.394544228248039
3037,2.7047846416677372,3.0686015427890947,3.7056473923676854,4.342693241946275,4.979739091524866,5.6167849411034565,6.253830790682048,9.172307818474215,12.090784846266383,15.009261874058554,17.92773890185072,22.802692522038395,22.438875620917038,21.801829771338447,21.164783921759856,20.527738072181265,19.890692222602674,19.253646373024083,16.335169345231915,13.416692317439747,10.498215289647575,7.579738261855409
3038,2.20733046474823,2.5042354815337093,3.0241181699939683,3.544000858454227,4.063883546914486,4.583766235374744,5.103648923835004,7.485370246439614,9.867091569044224,12.248812891648836,14.630534214253444,19.724931122724897,19.428026105939416,18.908143417479156,18.388260729018896,17.868378040558635,17.348495352098375,16.828612663638115,14.446891341033504,12.065170018428894,9.683448695824282,7.3017273732196735
3039,1.677916042855984,1.903610246250039,2.298802319798513,2.693994393346985,3.0891864668954585,3.484378540443932,3.879570613992405,5.690050956937462,7.500531299882518,9.311011642827577,11.121491985772634,14.871256559632515,14.645562356238461,14.250370282689987,13.855178209141515,13.459986135593041,13.064794062044568,12.669601988496094,10.859121645551037,9.04864130260598,7.238160959660921,5.427680616715864
3040,1.1172675321315855,1.2675496673528908,1.5306947005095728,1.7938397336662546,2.0569847668229366,2.3201297999796187,2.583274833136301,3.7888124482913326,4.9943500634463645,6.199887678601396,7.405425293756428,10.033161309414842,9.882879174193537,9.619734141036854,9.356589107880172,9.09344407472349,8.830299041566807,8.567154008410125,7.361616393255093,6.156078778100062,4.95054116294503,3.745003547789998
3041,0.6682540838903488,0.7581400312657272,0.9155309318380566,1.0729218324103855,1.2303127329827148,1.3877036335550441,1.5450945341273732,2.2661442482220826,2.987193962316792,3.7082436764115014,4.429293390506211,6.0734388854665,5.983552938091121,5.826162037518792,5.668771136946463,5.5113802363741335,5.3539893358018045,5.196598435229475,4.475548721134766,3.7544990070400566,3.033449292945347,2.3123995788506377
3042,0.4397550001969972,0.4989058467966161,0.6024793784527985,0.7060529101089809,0.8096264417651632,0.9131999734213457,1.016773505077528,1.4912714914090162,1.9657694777405041,2.4402674640719924,2.9147654504034803,3.6846018562989733,3.625451009699354,3.5218774780431716,3.418303946386989,3.314730414730807,3.2111568830746244,3.1075833514184423,2.633085365086954,2.158587378755466,1.6840893924239777,1.2095914060924897
3043,0.286284866305672,0.32479265405806435,0.39222005033488544,0.4596474466117065,0.5270748428885276,0.5945022391653487,0.6619296354421698,0.9708325302776295,1.2797354251130895,1.5886383199485492,1.8975412147840094,2.22844041223525,2.1899326244828576,2.1225052282060366,2.0550778319292156,1.9876504356523945,1.9202230393755735,1.8527956430987524,1.5438927482632927,1.2349898534278327,0.926086958592373,0.6171840637569128
3044,0.1600000684787465,0.18152145994052682,0.21920556165659857,0.25688966337267033,0.2945737650887421,0.33225786680481384,0.3699419685208856,0.5425828942000834,0.7152238198792811,0.887864745558479,1.0605056712376768,1.3303544742870113,1.308833082825231,1.2711489811091592,1.2334648793930874,1.1957807776770155,1.1580966759609437,1.1204125742448718,0.947771648565674,0.7751307228864763,0.6024897972072784,0.4298488715280806
3045,0.0966650333943288,0.10966731548161278,0.1324343991801003,0.15520148287858784,0.17796856657707538,0.20073565027556292,0.2235027339740505,0.3278048196211218,0.432106905268193,0.5364089909152644,0.6407110765623357,0.8750441895076194,0.8620419074203355,0.8392748237218479,0.8165077400233604,0.7937406563248728,0.7709735726263852,0.7482064889278977,0.6439044032808263,0.5396023176337551,0.4353002319866837,0.3309981463396124
3046,0.060485888935644626,0.06862176353916513,0.08286773488598757,0.09711370623281,0.11135967757963244,0.1256056489264549,0.13985162027327736,0.2051162164429092,0.27038081261254104,0.33564540878217297,0.40091000495180484,0.6530761972950729,0.6449403226915524,0.63069435134473,0.6164483799979075,0.602202408651085,0.5879564373042625,0.57371046595744,0.5084458697878081,0.4431812736181763,0.37791667744854435,0.3126520812789125
3047,0.04326251605801909,0.04908169821561838,0.059271125452270715,0.06946055268892304,0.07964997992557539,0.08983940716222773,0.10002883439888008,0.1467093195416705,0.19338980468446088,0.24007028982725132,0.28675077497004176,0.499578441059629,0.4937592589020297,0.48356983166537737,0.47338040442872503,0.4631909771920727,0.45300154995542036,0.442812122718768,0.3961316375759776,0.3494511524331872,0.30277066729039676,0.2560901821476063
3048,0.031367184720614005,0.03558634204876214,0.04297411500909338,0.050361887969424625,0.057749660929755864,0.0651374338900871,0.07252520685041834,0.10637056615310214,0.14021592545578596,0.17406128475846977,0.20790664406115364,0.38513873965896495,0.3809195823308168,0.3735318093704856,0.36614403641015436,0.35875626344982314,0.3513684904894919,0.3439807175291607,0.3101353582264769,0.27628999892379313,0.24244463962110932,0.20859928031842545
3049,0.027541528392130105,0.031246101893993974,0.037732835101129916,0.04421956830826585,0.05070630151540179,0.057193034722537735,0.06367976792967367,0.09339722368731823,0.1231146794449628,0.15283213520260736,0.18254959096025195,0.2947264391013124,0.29102186559944854,0.2845351323923126,0.27804839918517665,0.2715616659780407,0.26507493277090477,0.25858819956376883,0.22887074380612427,0.1991532880484797,0.16943583229083514,0.13971837653319055
3050,0.021214760756460276,0.024068329353953997,0.029064947229369295,0.03406156510478459,0.03905818298019989,0.04405480085561519,0.049051418731030486,0.07194225852804301,0.09483309832505553,0.11772393812206808,0.1406147779190806,0.2196416620198345,0.2167880934223408,0.21179147554692548,0.20679485767151018,0.20179823979609487,0.19680162192067957,0.19180500404526427,0.16891416424825173,0.14602332445123922,0.12313248465422667,0.10024164485721414
3051,0.017379901386824617,0.01971764826949346,0.023811058840523276,0.02790446941155309,0.03199787998258291,0.03609129055361272,0.04018470112464254,0.058937707246218926,0.07769071336779533,0.09644371948937172,0.11519672561094813,0.1725522635160582,0.17021451663338938,0.16612110606235955,0.16202769549132973,0.1579342849202999,0.15384087434927007,0.14974746377824025,0.13099445765666387,0.11224145153508747,0.09348844541351108,0.07473543929193467
3052,0.018861538995962508,0.02139857893702769,0.025840952998510806,0.030283327059993915,0.03472570112147703,0.03916807518296014,0.04361044924444325,0.0639621502340575,0.08431385122367176,0.10466555221328604,0.1250172532029003,0.16219714722554288,0.1596601072844777,0.15521773322299456,0.15077535916151147,0.14633298510002835,0.14189061103854522,0.1374482369770621,0.11709653598744785,0.0967448349978336,0.07639313400821932,0.05604143301860505
3053,0.06031042844298219,0.06842270209442457,0.08262734801485494,0.09683199393528533,0.1110366398557157,0.1252412857761461,0.1394459316965765,0.20452120506052845,0.2695964784244804,0.33467175178843245,0.39974702515238447,0.4566317751531136,0.4485195015016712,0.43431485558124083,0.4201102096608105,0.4059055637403801,0.3917009178199497,0.3774962718995193,0.3124209985355673,0.24734572517161535,0.18227045180766333,0.1171951784437113
3054,0.30895518501738617,0.35051232648691727,0.4232791617051753,0.4960459969234333,0.5688128321416914,0.6415796673599494,0.7143465025782075,1.0477107919933368,1.3810750814084662,1.7144393708235957,2.0478036602387255,2.1024107163262697,2.0608535748567385,1.9880867396384805,1.9153199044202225,1.8425530692019643,1.7697862339837063,1.6970193987654483,1.363655109350319,1.0302908199351897,0.6969265305200603,0.3635622411049304
3055,1.1612949269476076,1.3174991271273024,1.5910137359992662,1.8645283448712298,2.1380429537431938,2.4115575626151577,2.685072171487121,3.9381155800368046,5.191158988586489,6.444202397136173,7.697245805685856,8.797592590406415,8.64138839022672,8.367873781354756,8.094359172482793,7.820844563610829,7.547329954738865,7.273815345866902,6.020771937317218,4.767728528767535,3.514685120217851,2.261641711668167
3056,2.8365400828547638,3.218079229059924,3.8861568494030205,4.554234469746118,5.222312090089215,5.890389710432311,6.558467330775408,9.61910918103339,12.679751031291374,15.74039288154936,18.801034731807345,21.40384848736475,21.02230934115959,20.354231720816493,19.686154100473395,19.018076480130297,18.3499988597872,17.6819212394441,14.621279389186117,11.560637538928134,8.499995688670149,5.439353838412163
3057,4.187241305649756,4.750461435119857,5.736663683482037,6.722865931844216,7.709068180206397,8.695270428568575,9.681472676930756,14.199528337297998,18.717583997665233,23.23563965803248,27.75369531839972,32.29130966000392,31.72808953053382,30.74188728217164,29.75568503380946,28.76948278544728,27.7832805370851,26.797078288722922,22.27902262835568,17.760966967988445,13.242911307621199,8.724855647253957
3058,4.1224380187469025,4.6769415462886,5.647880965838258,6.618820385387915,7.5897598049375725,8.56069922448723,9.53163864403689,13.979771212843394,18.427903781649896,22.876036350456406,27.324168919262913,32.91035711924829,32.35585359170659,31.384914172156932,30.413974752607274,29.443035333057615,28.472095913507957,27.501156493958298,23.053023925151795,18.60489135634529,14.15675878753878,9.708626218732274
3059,3.351595880008395,3.8024144805325077,4.591800893015079,5.381187305497649,6.170573717980221,6.959960130462791,7.7493465429453625,11.365736340329079,14.982126137712793,18.59851593509651,22.21490573248023,27.356769827551037,26.905951227026925,26.116564814544354,25.327178402061783,24.537791989579212,23.74840557709664,22.95901916461407,19.34262936723035,15.726239569846637,12.109849772462919,8.493459975079201
3060,2.9910124143164416,3.3933294236000933,4.097789222441407,4.80224902128272,5.506708820124034,6.211168618965348,6.915628417806662,10.142946736074473,13.370265054342282,16.597583372610092,19.82490169087791,24.2284335048095,23.82611649552585,23.121656696684536,22.417196897843223,21.71273709900191,21.008277300160596,20.303817501319283,17.076499183051475,13.849180864783666,10.621862546515855,7.394544228248039
3061,2.7047846416677372,3.0686015427890947,3.7056473923676854,4.342693241946275,4.979739091524866,5.6167849411034565,6.253830790682048,9.172307818474215,12.090784846266383,15.009261874058554,17.92773890185072,22.802692522038395,22.438875620917038,21.801829771338447,21.164783921759856,20.527738072181265,19.890692222602674,19.253646373024083,16.335169345231915,13.416692317439747,10.498215289647575,7.579738261855409
3062,2.20733046474823,2.5042354815337093,3.0241181699939683,3.544000858454227,4.063883546914486,4.583766235374744,5.103648923835004,7.485370246439614,9.867091569044224,12.248812891648836,14.630534214253444,19.724931122724897,19.428026105939416,18.908143417479156,18.388260729018896,17.868378040558635,17.348495352098375,16.828612663638115,14.446891341033504,12.065170018428894,9.683448695824282,7.3017273732196735
3063,1.677916042855984,1.903610246250039,2.298802319798513,2.693994393346985,3.0891864668954585,3.484378540443932,3.879570613992405,5.690050956937462,7.500531299882518,9.311011642827577,11.121491985772634,14.871256559632515,14.645562356238461,14.250370282689987,13.855178209141515,13.459986135593041,13.064794062044568,12.669601988496094,10.859121645551037,9.04864130260598,7.238160959660921,5.427680616715864
3064,1.1172675321315855,1.2675496673528908,1.5306947005095728,1.7938397336662546,2.0569847668229366,2.3201297999796187,2.583274833136301,3.7888124482913326,4.9943500634463645,6.199887678601396,7.405425293756428,10.033161309414842,9.882879174193537,9.619734141036854,9.356589107880172,9.09344407472349,8.830299041566807,8.567154008410125,7.361616393255093,6.156078778100062,4.95054116294503,3.745003547789998
3065,0.6682540838903488,0.7581400312657272,0.9155309318380566,1.0729218324103855,1.2303127329827148,1.3877036335550441,1.5450945341273732,2.2661442482220826,2.987193962316792,3.7082436764115014,4.429293390506211,6.0734388854665,5.983552938091121,5.826162037518792,5.668771136946463,5.5113802363741335,5.3539893358018045,5.196598435229475,4.475548721134766,3.7544990070400566,3.033449292945347,2.3123995788506377
3066,0.4397550001969972,0.4989058467966161,0.6024793784527985,0.7060529101089809,0.8096264417651632,0.9131999734213457,1.016773505077528,1.4912714914090162,1.9657694777405041,2.4402674640719924,2.9147654504034803,3.6846018562989733,3.625451009699354,3.5218774780431716,3.418303946386989,3.314730414730807,3.2111568830746244,3.1075833514184423,2.633085365086954,2.158587378755466,1.6840893924239777,1.2095914060924897
3067,0.286284866305672,0.32479265405806435,0.39222005033488544,0.4596474466117065,0.5270748428885276,0.5945022391653487,0.6619296354421698,0.9708325302776295,1.2797354251130895,1.5886383199485492,1.8975412147840094,2.22844041223525,2.1899326244828576,2.1225052282060366,2.0550778319292156,1.9876504356523945,1.9202230393755735,1.8527956430987524,1.5438927482632927,1.2349898534278327,0.926086958592373,0.6171840637569128
3068,0.1600000684787465,0.18152145994052682,0.21920556165659857,0.25688966337267033,0.2945737650887421,0.33225786680481384,0.3699419685208856,0.5425828942000834,0.7152238198792811,0.887864745558479,1.0605056712376768,1.3303544742870113,1.308833082825231,1.2711489811091592,1.2334648793930874,1.1957807776770155,1.1580966759609437,1.1204125742448718,0.947771648565674,0.7751307228864763,0.6024897972072784,0.4298488715280806
3069,0.0966650333943288,0.10966731548161278,0.1324343991801003,0.15520148287858784,0.17796856657707538,0.20073565027556292,0.2235027339740505,0.3278048196211218,0.432106905268193,0.5364089909152644,0.6407110765623357,0.8750441895076194,0.8620419074203355,0.8392748237218479,0.8165077400233604,0.7937406563248728,0.7709735726263852,0.7482064889278977,0.6439044032808263,0.5396023176337551,0.4353002319866837,0.3309981463396124
3070,0.060485888935644626,0.06862176353916513,0.08286773488598757,0.09711370623281,0.11135967757963244,0.1256056489264549,0.13985162027327736,0.2051162164429092,0.27038081261254104,0.33564540878217297,0.40091000495180484,0.6530761972950729,0.6449403226915524,0.63069435134473,0.6164483799979075,0.602202408651085,0.5879564373042625,0.57371046595744,0.5084458697878081,0.4431812736181763,0.37791667744854435,0.3126520812789125
3071,0.04326251605801909,0.04908169821561838,0.059271125452270715,0.06946055268892304,0.07964997992557539,0.08983940716222773,0.10002883439888008,0.1467093195416705,0.19338980468446088,0.24007028982725132,0.28675077497004176,0.499578441059629,0.4937592589020297,0.48356983166537737,0.47338040442872503,0.4631909771920727,0.45300154995542036,0.442812122718768,0.3961316375759776,0.3494511524331872,0.30277066729039676,0.2560901821476063
3072,0.031367184720614005,0.03558634204876214,0.04297411500909338,0.050361887969424625,0.057749660929755864,0.0651374338900871,0.07252520685041834,0.10637056615310214,0.14021592545578596,0.17406128475846977,0.20790664406115364,0.38513873965896495,0.3809195823308168,0.3735318093704856,0.36614403641015436,0.35875626344982314,0.3513684904894919,0.3439807175291607,0.3101353582264769,0.27628999892379313,0.24244463962110932,0.20859928031842545
3073,0.027541528392130105,0.031246101893993974,0.037732835101129916,0.04421956830826585,0.05070630151540179,0.057193034722537735,0.06367976792967367,0.09339722368731823,0.1231146794449628,0.15283213520260736,0.18254959096025195,0.2947264391013124,0.29102186559944854,0.2845351323923126,0.27804839918517665,0.2715616659780407,0.26507493277090477,0.25858819956376883,0.22887074380612427,0.1991532880484797,0.16943583229083514,0.13971837653319055
3074,0.021214760756460276,0.024068329353953997,0.029064947229369295,0.03406156510478459,0.03905818298019989,0.04405480085561519,0.049051418731030486,0.07194225852804301,0.09483309832505553,0.11772393812206808,0.1406147779190806,0.2196416620198345,0.2167880934223408,0.21179147554692548,0.20679485767151018,0.20179823979609487,0.19680162192067957,0.19180500404526427,0.16891416424825173,0.14602332445123922,0.12313248465422667,0.10024164485721414
3075,0.017379901386824617,0.01971764826949346,0.023811058840523276,0.02790446941155309,0.03199787998258291,0.03609129055361272,0.04018470112464254,0.058937707246218926,0.07769071336779533,0.09644371948937172,0.11519672561094813,0.1725522635160582,0.17021451663338938,0.16612110606235955,0.16202769549132973,0.1579342849202999,0.15384087434927007,0.14974746377824025,0.13099445765666387,0.11224145153508747,0.09348844541351108,0.07473543929193467
3076,0.018861538995962508,0.02139857893702769,0.025840952998510806,0.030283327059993915,0.03472570112147703,0.03916807518296014,0.04361044924444325,0.0639621502340575,0.08431385122367176,0.10466555221328604,0.1250172532029003,0.16219714722554288,0.1596601072844777,0.15521773322299456,0.15077535916151147,0.14633298510002835,0.14189061103854522,0.1374482369770621,0.11709653598744785,0.0967448349978336,0.07639313400821932,0.05604143301860505
3077,0.06031042844298219,0.06842270209442457,0.08262734801485494,0.09683199393528533,0.1110366398557157,0.1252412857761461,0.1394459316965765,0.20452120506052845,0.2695964784244804,0.33467175178843245,0.39974702515238447,0.4566317751531136,0.4485195015016712,0.43431485558124083,0.4201102096608105,0.4059055637403801,0.3917009178199497,0.3774962718995193,0.3124209985355673,0.24734572517161535,0.18227045180766333,0.1171951784437113
3078,0.30895518501738617,0.35051232648691727,0.4232791617051753,0.4960459969234333,0.5688128321416914,0.6415796673599494,0.7143465025782075,1.0477107919933368,1.3810750814084662,1.7144393708235957,2.0478036602387255,2.1024107163262697,2.0608535748567385,1.9880867396384805,1.9153199044202225,1.8425530692019643,1.7697862339837063,1.6970193987654483,1.363655109350319,1.0302908199351897,0.6969265305200603,0.3635622411049304
3079,1.1612949269476076,1.3174991271273024,1.5910137359992662,1.8645283448712298,2.1380429537431938,2.4115575626151577,2.685072171487121,3.9381155800368046,5.191158988586489,6.444202397136173,7.697245805685856,8.797592590406415,8.64138839022672,8.367873781354756,8.094359172482793,7.820844563610829,7.547329954738865,7.273815345866902,6.020771937317218,4.767728528767535,3.514685120217851,2.261641711668167
3080,2.8365400828547638,3.218079229059924,3.8861568494030205,4.554234469746118,5.222312090089215,5.890389710432311,6.558467330775408,9.61910918103339,12.679751031291374,15.74039288154936,18.801034731807345,21.40384848736475,21.02230934115959,20.354231720816493,19.686154100473395,19.018076480130297,18.3499988597872,17.6819212394441,14.621279389186117,11.560637538928134,8.499995688670149,5.439353838412163
3081,4.187241305649756,4.750461435119857,5.736663683482037,6.722865931844216,7.709068180206397,8.695270428568575,9.681472676930756,14.199528337297998,18.717583997665233,23.23563965803248,27.75369531839972,32.29130966000392,31.72808953053382,30.74188728217164,29.75568503380946,28.76948278544728,27.7832805370851,26.797078288722922,22.27902262835568,17.760966967988445,13.242911307621199,8.724855647253957
3082,4.1224380187469025,4.6769415462886,5.647880965838258,6.618820385387915,7.5897598049375725,8.56069922448723,9.53163864403689,13.979771212843394,18.427903781649896,22.876036350456406,27.324168919262913,32.91035711924829,32.35585359170659,31.384914172156932,30.413974752607274,29.443035333057615,28.472095913507957,27.501156493958298,23.053023925151795,18.60489135634529,14.15675878753878,9.708626218732274
3083,3.351595880008395,3.8024144805325077,4.591800893015079,5.381187305497649,6.170573717980221,6.959960130462791,7.7493465429453625,11.365736340329079,14.982126137712793,18.59851593509651,22.21490573248023,27.356769827551037,26.905951227026925,26.116564814544354,25.327178402061783,24.537791989579212,23.74840557709664,22.95901916461407,19.34262936723035,15.726239569846637,12.109849772462919,8.493459975079201
3084,2.9910124143164416,3.3933294236000933,4.097789222441407,4.80224902128272,5.506708820124034,6.211168618965348,6.915628417806662,10.142946736074473,13.370265054342282,16.597583372610092,19.82490169087791,24.2284335048095,23.82611649552585,23.121656696684536,22.417196897843223,21.71273709900191,21.008277300160596,20.303817501319283,17.076499183051475,13.849180864783666,10.621862546515855,7.394544228248039
3085,2.7047846416677372,3.0686015427890947,3.7056473923676854,4.342693241946275,4.979739091524866,5.6167849411034565,6.253830790682048,9.172307818474215,12.090784846266383,15.009261874058554,17.92773890185072,22.802692522038395,22.438875620917038,21.801829771338447,21.164783921759856,20.527738072181265,19.890692222602674,19.253646373024083,16.335169345231915,13.416692317439747,10.498215289647575,7.579738261855409
3086,2.20733046474823,2.5042354815337093,3.0241181699939683,3.544000858454227,4.063883546914486,4.583766235374744,5.103648923835004,7.485370246439614,9.867091569044224,12.248812891648836,14.630534214253444,19.724931122724897,19.428026105939416,18.908143417479156,18.388260729018896,17.868378040558635,17.348495352098375,16.828612663638115,14.446891341033504,12.065170018428894,9.683448695824282,7.3017273732196735
3087,1.677916042855984,1.903610246250039,2.298802319798513,2.693994393346985,3.0891864668954585,3.484378540443932,3.879570613992405,5.690050956937462,7.500531299882518,9.311011642827577,11.121491985772634,14.871256559632515,14.645562356238461,14.250370282689987,13.855178209141515,13.459986135593041,13.064794062044568,12.669601988496094,10.859121645551037,9.04864130260598,7.238160959660921,5.427680616715864
3088,1.1172675321315855,1.2675496673528908,1.5306947005095728,1.7938397336662546,2.0569847668229366,2.3201297999796187,2.583274833136301,3.7888124482913326,4.9943500634463645,6.199887678601396,7.405425293756428,10.033161309414842,9.882879174193537,9.619734141036854,9.356589107880172,9.09344407472349,8.830299041566807,8.567154008410125,7.361616393255093,6.156078778100062,4.95054116294503,3.745003547789998
3089,0.6682540838903488,0.7581400312657272,0.9155309318380566,1.0729218324103855,1.2303127329827148,1.3877036335550441,1.5450945341273732,2.2661442482220826,2.987193962316792,3.7082436764115014,4.429293390506211,6.0734388854665,5.983552938091121,5.826162037518792,5.668771136946463,5.5113802363741335,5.3539893358018045,5.196598435229475,4.475548721134766,3.7544990070400566,3.033449292945347,2.3123995788506377
3090,0.4397550001969972,0.4989058467966161,0.6024793784527985,0.7060529101089809,0.8096264417651632,0.9131999734213457,1.016773505077528,1.4912714914090162,1.9657694777405041,2.4402674640719924,2.9147654504034803,3.6846018562989733,3.625451009699354,3.5218774780431716,3.418303946386989,3.314730414730807,3.2111568830746244,3.1075833514184423,2.633085365086954,2.158587378755466,1.6840893924239777,1.2095914060924897
3091,0.286284866305672,0.32479265405806435,0.39222005033488544,0.4596474466117065,0.5270748428885276,0.5945022391653487,0.6619296354421698,0.9708325302776295,1.2797354251130895,1.5886383199485492,1.8975412147840094,2.22844041223525,2.1899326244828576,2.1225052282060366,2.0550778319292156,1.9876504356523945,1.9202230393755735,1.8527956430987524,1.5438927482632927,1.2349898534278327,0.926086958592373,0.6171840637569128
3092,0.1600000684787465,0.18152145994052682,0.21920556165659857,0.25688966337267033,0.2945737650887421,0.33225786680481384,0.3699419685208856,0.5425828942000834,0.7152238198792811,0.887864745558479,1.0605056712376768,1.3303544742870113,1.308833082825231,1.2711489811091592,1.2334648793930874,1.1957807776770155,1.1580966759609437,1.1204125742448718,0.947771648565674,0.7751307228864763,0.6024897972072784,0.4298488715280806
3093,0.0966650333943288,0.10966731548161278,0.1324343991801003,0.15520148287858784,0.17796856657707538,0.20073565027556292,0.2235027339740505,0.3278048196211218,0.432106905268193,0.5364089909152644,0.6407110765623357,0.8750441895076194,0.8620419074203355,0.8392748237218479,0.8165077400233604,0.7937406563248728,0.7709735726263852,0.7482064889278977,0.6439044032808263,0.5396023176337551,0.4353002319866837,0.3309981463396124
3094,0.060485888935644626,0.06862176353916513,0.08286773488598757,0.09711370623281,0.11135967757963244,0.1256056489264549,0.13985162027327736,0.2051162164429092,0.27038081261254104,0.33564540878217297,0.40091000495180484,0.6530761972950729,0.6449403226915524,0.63069435134473,0.6164483799979075,0.602202408651085,0.5879564373042625,0.57371046595744,0.5084458697878081,0.4431812736181763,0.37791667744854435,0.3126520812789125
3095,0.04326251605801909,0.04908169821561838,0.059271125452270715,0.06946055268892304,0.07964997992557539,0.08983940716222773,0.10002883439888008,0.1467093195416705,0.19338980468446088,0.24007028982725132,0.28675077497004176,0.499578441059629,0.4937592589020297,0.48356983166537737,0.47338040442872503,0.4631909771920727,0.45300154995542036,0.442812122718768,0.3961316375759776,0.3494511524331872,0.30277066729039676,0.2560901821476063
3096,0.031367184720614005,0.03558634204876214,0.04297411500909338,0.050361887969424625,0.057749660929755864,0.0651374338900871,0.07252520685041834,0.10637056615310214,0.14021592545578596,0.17406128475846977,0.20790664406115364,0.38513873965896495,0.3809195823308168,0.3735318093704856,0.36614403641015436,0.35875626344982314,0.3513684904894919,0.3439807175291607,0.3101353582264769,0.27628999892379313,0.24244463962110932,0.20859928031842545
3097,0.027541528392130105,0.031246101893993974,0.037732835101129916,0.04421956830826585,0.05070630151540179,0.057193034722537735,0.06367976792967367,0.09339722368731823,0.1231146794449628,0.15283213520260736,0.18254959096025195,0.2947264391013124,0.29102186559944854,0.2845351323923126,0.27804839918517665,0.2715616659780407,0.26507493277090477,0.25858819956376883,0.22887074380612427,0.1991532880484797,0.16943583229083514,0.13971837653319055
3098,0.021214760756460276,0.024068329353953997,0.029064947229369295,0.03406156510478459,0.03905818298019989,0.04405480085561519,0.049051418731030486,0.07194225852804301,0.09483309832505553,0.11772393812206808,0.1406147779190806,0.2196416620198345,0.2167880934223408,0.21179147554692548,0.20679485767151018,0.20179823979609487,0.19680162192067957,0.19180500404526427,0.16891416424825173,0.14602332445123922,0.12313248465422667,0.10024164485721414
3099,0.017379901386824617,0.01971764826949346,0.023811058840523276,0.02790446941155309,0.03199787998258291,0.03609129055361272,0.04018470112464254,0.058937707246218926,0.07769071336779533,0.09644371948937172,0.11519672561094813,0.1725522635160582,0.17021451663338938,0.16612110606235955,0.16202769549132973,0.1579342849202999,0.15384087434927007,0.14974746377824025,0.13099445765666387,0.11224145153508747,0.09348844541351108,0.07473543929193467
3100,0.018861538995962508,0.02139857893702769,0.025840952998510806,0.030283327059993915,0.03472570112147703,0.03916807518296014,0.04361044924444325,0.0639621502340575,0.08431385122367176,0.10466555221328604,0.1250172532029003,0.16219714722554288,0.1596601072844777,0.15521773322299456,0.15077535916151147,0.14633298510002835,0.14189061103854522,0.1374482369770621,0.11709653598744785,0.0967448349978336,0.07639313400821932,0.05604143301860505
3101,0.06031042844298219,0.06842270209442457,0.08262734801485494,0.09683199393528533,0.1110366398557157,0.1252412857761461,0.1394459316965765,0.20452120506052845,0.2695964784244804,0.33467175178843245,0.39974702515238447,0.4566317751531136,0.4485195015016712,0.43431485558124083,0.4201102096608105,0.4059055637403801,0.3917009178199497,0.3774962718995193,0.3124209985355673,0.24734572517161535,0.18227045180766333,0.1171951784437113
3102,0.30895518501738617,0.35051232648691727,0.4232791617051753,0.4960459969234333,0.5688128321416914,0.6415796673599494,0.7143465025782075,1.0477107919933368,1.3810750814084662,1.7144393708235957,2.0478036602387255,2.1024107163262697,2.0608535748567385,1.9880867396384805,1.9153199044202225,1.8425530692019643,1.7697862339837063,1.6970193987654483,1.363655109350319,1.0302908199351897,0.6969265305200603,0.3635622411049304
3103,1.1612949269476076,1.3174991271273024,1.5910137359992662,1.8645283448712298,2.1380429537431938,2.4115575626151577,2.685072171487121,3.9381155800368046,5.191158988586489,6.444202397136173,7.697245805685856,8.797592590406415,8.64138839022672,8.367873781354756,8.094359172482793,7.820844563610829,7.547329954738865,7.273815345866902,6.020771937317218,4.767728528767535,3.514685120217851,2.261641711668167
3104,2.8365400828547638,3.218079229059924,3.8861568494030205,4.554234469746118,5.222312090089215,5.890389710432311,6.558467330775408,9.61910918103339,12.679751031291374,15.74039288154936,18.801034731807345,21.40384848736475,21.02230934115959,20.354231720816493,19.686154100473395,19.018076480130297,18.3499988597872,17.6819212394441,14.621279389186117,11.560637538928134,8.499995688670149,5.439353838412163
3105,4.187241305649756,4.750461435119857,5.736663683482037,6.722865931844216,7.709068180206397,8.695270428568575,9.681472676930756,14.199528337297998,18.717583997665233,23.23563965803248,27.75369531839972,32.29130966000392,31.72808953053382,30.74188728217164,29.75568503380946,28.76948278544728,27.7832805370851,26.797078288722922,22.27902262835568,17.760966967988445,13.242911307621199,8.724855647253957
3106,4.1224380187469025,4.6769415462886,5.647880965838258,6.618820385387915,7.5897598049375725,8.56069922448723,9.53163864403689,13.979771212843394,18.427903781649896,22.876036350456406,27.324168919262913,32.91035711924829,32.35585359170659,31.384914172156932,30.413974752607274,29.443035333057615,28.472095913507957,27.501156493958298,23.053023925151795,18.60489135634529,14.15675878753878,9.708626218732274
3107,3.351595880008395,3.8024144805325077,4.591800893015079,5.381187305497649,6.170573717980221,6.959960130462791,7.7493465429453625,11.365736340329079,14.982126137712793,18.59851593509651,22.21490573248023,27.356769827551037,26.905951227026925,26.116564814544354,25.327178402061783,24.537791989579212,23.74840557709664,22.95901916461407,19.34262936723035,15.726239569846637,12.109849772462919,8.493459975079201
3108,2.9910124143164416,3.3933294236000933,4.097789222441407,4.80224902128272,5.506708820124034,6.211168618965348,6.915628417806662,10.142946736074473,13.370265054342282,16.597583372610092,19.82490169087791,24.2284335048095,23.82611649552585,23.121656696684536,22.417196897843223,21.71273709900191,21.008277300160596,20.303817501319283,17.076499183051475,13.849180864783666,10.621862546515855,7.394544228248039
3109,2.7047846416677372,3.0686015427890947,3.7056473923676854,4.342693241946275,4.979739091524866,5.6167849411034565,6.253830790682048,9.172307818474215,12.090784846266383,15.009261874058554,17.92773890185072,22.802692522038395,22.438875620917038,21.801829771338447,21.164783921759856,20.527738072181265,19.890692222602674,19.253646373024083,16.335169345231915,13.416692317439747,10.498215289647575,7.579738261855409
3110,2.20733046474823,2.5042354815337093,3.0241181699939683,3.544000858454227,4.063883546914486,4.583766235374744,5.103648923835004,7.485370246439614,9.867091569044224,12.248812891648836,14.630534214253444,19.724931122724897,19.428026105939416,18.908143417479156,18.388260729018896,17.868378040558635,17.348495352098375,16.828612663638115,14.446891341033504,12.065170018428894,9.683448695824282,7.3017273732196735
3111,1.677916042855984,1.903610246250039,2.298802319798513,2.693994393346985,3.0891864668954585,3.484378540443932,3.879570613992405,5.690050956937462,7.500531299882518,9.311011642827577,11.121491985772634,14.871256559632515,14.645562356238461,14.250370282689987,13.855178209141515,13.459986135593041,13.064794062044568,12.669601988496094,10.859121645551037,9.04864130260598,7.238160959660921,5.427680616715864
3112,1.1172675321315855,1.2675496673528908,1.5306947005095728,1.7938397336662546,2.0569847668229366,2.3201297999796187,2.583274833136301,3.7888124482913326,4.9943500634463645,6.199887678601396,7.405425293756428,10.033161309414842,9.882879174193537,9.619734141036854,9.356589107880172,9.09344407472349,8.830299041566807,8.567154008410125,7.361616393255093,6.156078778100062,4.95054116294503,3.745003547789998
3113,0.6682540838903488,0.7581400312657272,0.9155309318380566,1.0729218324103855,1.2303127329827148,1.3877036335550441,1.5450945341273732,2.2661442482220826,2.987193962316792,3.7082436764115014,4.429293390506211,6.0734388854665,5.983552938091121,5.826162037518792,5.668771136946463,5.5113802363741335,5.3539893358018045,5.196598435229475,4.475548721134766,3.7544990070400566,3.033449292945347,2.3123995788506377
3114,0.4397550001969972,0.4989058467966161,0.6024793784527985,0.7060529101089809,0.8096264417651632,0.9131999734213457,1.016773505077528,1.4912714914090162,1.9657694777405041,2.4402674640719924,2.9147654504034803,3.6846018562989733,3.625451009699354,3.5218774780431716,3.418303946386989,3.314730414730807,3.2111568830746244,3.1075833514184423,2.633085365086954,2.158587378755466,1.6840893924239777,1.2095914060924897
3115,0.286284866305672,0.32479265405806435,0.39222005033488544,0.4596474466117065,0.5270748428885276,0.5945022391653487,0.6619296354421698,0.9708325302776295,1.2797354251130895,1.5886383199485492,1.8975412147840094,2.22844041223525,2.1899326244828576,2.1225052282060366,2.0550778319292156,1.9876504356523945,1.9202230393755735,1.8527956430987524,1.5438927482632927,1.2349898534278327,0.926086958592373,0.6171840637569128
3116,0.1600000684787465,0.18152145994052682,0.21920556165659857,0.25688966337267033,0.2945737650887421,0.33225786680481384,0.3699419685208856,0.5425828942000834,0.7152238198792811,0.887864745558479,1.0605056712376768,1.3303544742870113,1.308833082825231,1.2711489811091592,1.2334648793930874,1.1957807776770155,1.1580966759609437,1.1204125742448718,0.947771648565674,0.7751307228864763,0.6024897972072784,0.4298488715280806
3117,0.0966650333943288,0.10966731548161278,0.1324343991801003,0.15520148287858784,0.17796856657707538,0.20073565027556292,0.2235027339740505,0.3278048196211218,0.432106905268193,0.5364089909152644,0.6407110765623357,0.8750441895076194,0.8620419074203355,0.8392748237218479,0.8165077400233604,0.7937406563248728,0.7709735726263852,0.7482064889278977,0.6439044032808263,0.5396023176337551,0.4353002319866837,0.3309981463396124
3118,0.060485888935644626,0.06862176353916513,0.08286773488598757,0.09711370623281,0.11135967757963244,0.1256056489264549,0.13985162027327736,0.2051162164429092,0.27038081261254104,0.33564540878217297,0.40091000495180484,0.6530761972950729,0.6449403226915524,0.63069435134473,0.6164483799979075,0.602202408651085,0.5879564373042625,0.57371046595744,0.5084458697878081,0.4431812736181763,0.37791667744854435,0.3126520812789125
3119,0.04326251605801909,0.04908169821561838,0.059271125452270715,0.06946055268892304,0.07964997992557539,0.08983940716222773,0.10002883439888008,0.1467093195416705,0.19338980468446088,0.24007028982725132,0.28675077497004176,0.499578441059629,0.4937592589020297,0.48356983166537737,0.47338040442872503,0.4631909771920727,0.45300154995542036,0.442812122718768,0.3961316375759776,0.3494511524331872,0.30277066729039676,0.2560901821476063
3120,0.031367184720614005,0.03558634204876214,0.04297411500909338,0.050361887969424625,0.057749660929755864,0.0651374338900871,0.07252520685041834,0.10637056615310214,0.14021592545578596,0.17406128475846977,0.20790664406115364,0.38513873965896495,0.3809195823308168,0.3735318093704856,0.36614403641015436,0.35875626344982314,0.3513684904894919,0.3439807175291607,0.3101353582264769,0.27628999892379313,0.24244463962110932,0.20859928031842545
3121,0.027541528392130105,0.031246101893993974,0.037732835101129916,0.04421956830826585,0.05070630151540179,0.057193034722537735,0.06367976792967367,0.09339722368731823,0.1231146794449628,0.15283213520260736,0.18254959096025195,0.2947264391013124,0.29102186559944854,0.2845351323923126,0.27804839918517665,0.2715616659780407,0.26507493277090477,0.25858819956376883,0.22887074380612427,0.1991532880484797,0.16943583229083514,0.13971837653319055
3122,0.021214760756460276,0.024068329353953997,0.029064947229369295,0.03406156510478459,0.03905818298019989,0.04405480085561519,0.049051418731030486,0.07194225852804301,0.09483309832505553,0.11772393812206808,0.1406147779190806,0.2196416620198345,0.2167880934223408,0.21179147554692548,0.20679485767151018,0.20179823979609487,0.19680162192067957,0.19180500404526427,0.16891416424825173,0.14602332445123922,0.12313248465422667,0.10024164485721414
3123,0.017379901386824617,0.01971764826949346,0.023811058840523276,0.02790446941155309,0.03199787998258291,0.03609129055361272,0.04018470112464254,0.058937707246218926,0.07769071336779533,0.09644371948937172,0.11519672561094813,0.1725522635160582,0.17021451663338938,0.16612110606235955,0.16202769549132973,0.1579342849202999,0.15384087434927007,0.14974746377824025,0.13099445765666387,0.11224145153508747,0.09348844541351108,0.07473543929193467
3124,0.018861538995962508,0.02139857893702769,0.025840952998510806,0.030283327059993915,0.03472570112147703,0.03916807518296014,0.04361044924444325,0.0639621502340575,0.08431385122367176,0.10466555221328604,0.1250172532029003,0.16219714722554288,0.1596601072844777,0.15521773322299456,0.15077535916151147,0.14633298510002835,0.14189061103854522,0.1374482369770621,0.11709653598744785,0.0967448349978336,0.07639313400821932,0.05604143301860505
3125,0.06031042844298219,0.06842270209442457,0.08262734801485494,0.09683199393528533,0.1110366398557157,0.1252412857761461,0.1394459316965765,0.20452120506052845,0.2695964784244804,0.33467175178843245,0.39974702515238447,0.4566317751531136,0.4485195015016712,0.43431485558124083,0.4201102096608105,0.4059055637403801,0.3917009178199497,0.3774962718995193,0.3124209985355673,0.24734572517161535,0.18227045180766333,0.1171951784437113
3126,0.30895518501738617,0.35051232648691727,0.4232791617051753,0.4960459969234333,0.5688128321416914,0.6415796673599494,0.7143465025782075,1.0477107919933368,1.3810750814084662,1.7144393708235957,2.0478036602387255,2.1024107163262697,2.0608535748567385,1.9880867396384805,1.9153199044202225,1.8425530692019643,1.7697862339837063,1.6970193987654483,1.363655109350319,1.0302908199351897,0.6969265305200603,0.3635622411049304
3127,1.1612949269476076,1.3174991271273024,1.5910137359992662,1.8645283448712298,2.1380429537431938,2.4115575626151577,2.685072171487121,3.9381155800368046,5.191158988586489,6.444202397136173,7.697245805685856,8.797592590406415,8.64138839022672,8.367873781354756,8.094359172482793,7.820844563610829,7.547329954738865,7.273815345866902,6.020771937317218,4.767728528767535,3.514685120217851,2.261641711668167
3128,2.8365400828547638,3.218079229059924,3.8861568494030205,4.554234469746118,5.222312090089215,5.890389710432311,6.558467330775408,9.61910918103339,12.679751031291374,15.74039288154936,18.801034731807345,21.40384848736475,21.02230934115959,20.354231720816493,19.686154100473395,19.018076480130297,18.3499988597872,17.6819212394441,14.621279389186117,11.560637538928134,8.499995688670149,5.439353838412163
3129,4.187241305649756,4.750461435119857,5.736663683482037,6.722865931844216,7.709068180206397,8.695270428568575,9.681472676930756,14.199528337297998,18.717583997665233,23.23563965803248,27.75369531839972,32.29130966000392,31.72808953053382,30.74188728217164,29.75568503380946,28.76948278544728,27.7832805370851,26.797078288722922,22.27902262835568,17.760966967988445,13.242911307621199,8.724855647253957
3130,4.1224380187469025,4.6769415462886,5.647880965838258,6.618820385387915,7.5897598049375725,8.56069922448723,9.53163864403689,13.979771212843394,18.427903781649896,22.876036350456406,27.324168919262913,32.91035711924829,32.35585359170659,31.384914172156932,30.413974752607274,29.443035333057615,28.472095913507957,27.501156493958298,23.053023925151795,18.60489135634529,14.15675878753878,9.708626218732274
3131,3.351595880008395,3.8024144805325077,4.591800893015079,5.381187305497649,6.170573717980221,6.959960130462791,7.7493465429453625,11.365736340329079,14.982126137712793,18.59851593509651,22.21490573248023,27.356769827551037,26.905951227026925,26.116564814544354,25.327178402061783,24.537791989579212,23.74840557709664,22.95901916461407,19.34262936723035,15.726239569846637,12.109849772462919,8.493459975079201
3132,2.9910124143164416,3.3933294236000933,4.097789222441407,4.80224902128272,5.506708820124034,6.211168618965348,6.915628417806662,10.142946736074473,13.370265054342282,16.597583372610092,19.82490169087791,24.2284335048095,23.82611649552585,23.121656696684536,22.417196897843223,21.71273709900191,21.008277300160596,20.303817501319283,17.076499183051475,13.849180864783666,10.621862546515855,7.394544228248039
3133,2.7047846416677372,3.0686015427890947,3.7056473923676854,4.342693241946275,4.979739091524866,5.6167849411034565,6.253830790682048,9.172307818474215,12.090784846266383,15.009261874058554,17.92773890185072,22.802692522038395,22.438875620917038,21.801829771338447,21.164783921759856,20.527738072181265,19.890692222602674,19.253646373024083,16.335169345231915,13.416692317439747,10.498215289647575,7.579738261855409
3134,2.20733046474823,2.5042354815337093,3.0241181699939683,3.544000858454227,4.063883546914486,4.583766235374744,5.103648923835004,7.485370246439614,9.867091569044224,12.248812891648836,14.630534214253444,19.724931122724897,19.428026105939416,18.908143417479156,18.388260729018896,17.868378040558635,17.348495352098375,16.828612663638115,14.446891341033504,12.065170018428894,9.683448695824282,7.3017273732196735
3135,1.677916042855984,1.903610246250039,2.298802319798513,2.693994393346985,3.0891864668954585,3.484378540443932,3.879570613992405,5.690050956937462,7.500531299882518,9.311011642827577,11.121491985772634,14.871256559632515,14.645562356238461,14.250370282689987,13.855178209141515,13.459986135593041,13.064794062044568,12.669601988496094,10.859121645551037,9.04864130260598,7.238160959660921,5.427680616715864
3136,1.1172675321315855,1.2675496673528908,1.5306947005095728,1.7938397336662546,2.0569847668229366,2.3201297999796187,2.583274833136301,3.7888124482913326,4.9943500634463645,6.199887678601396,7.405425293756428,10.033161309414842,9.882879174193537,9.619734141036854,9.356589107880172,9.09344407472349,8.830299041566807,8.567154008410125,7.361616393255093,6.156078778100062,4.95054116294503,3.745003547789998
3137,0.6682540838903488,0.7581400312657272,0.9155309318380566,1.0729218324103855,1.2303127329827148,1.3877036335550441,1.5450945341273732,2.2661442482220826,2.987193962316792,3.7082436764115014,4.429293390506211,6.0734388854665,5.983552938091121,5.826162037518792,5.668771136946463,5.5113802363741335,5.3539893358018045,5.196598435229475,4.475548721134766,3.7544990070400566,3.033449292945347,2.3123995788506377
3138,0.4397550001969972,0.4989058467966161,0.6024793784527985,0.7060529101089809,0.8096264417651632,0.9131999734213457,1.016773505077528,1.4912714914090162,1.9657694777405041,2.4402674640719924,2.9147654504034803,3.6846018562989733,3.625451009699354,3.5218774780431716,3.418303946386989,3.314730414730807,3.2111568830746244,3.1075833514184423,2.633085365086954,2.158587378755466,1.6840893924239777,1.2095914060924897
3139,0.286284866305672,0.32479265405806435,0.39222005033488544,0.4596474466117065,0.5270748428885276,0.5945022391653487,0.6619296354421698,0.9708325302776295,1.2797354251130895,1.5886383199485492,1.8975412147840094,2.22844041223525,2.1899326244828576,2.1225052282060366,2.0550778319292156,1.9876504356523945,1.9202230393755735,1.8527956430987524,1.5438927482632927,1.2349898534278327,0.926086958592373,0.6171840637569128
3140,0.1600000684787465,0.18152145994052682,0.21920556165659857,0.25688966337267033,0.2945737650887421,0.33225786680481384,0.3699419685208856,0.5425828942000834,0.7152238198792811,0.887864745558479,1.0605056712376768,1.3303544742870113,1.308833082825231,1.2711489811091592,1.2334648793930874,1.1957807776770155,1.1580966759609437,1.1204125742448718,0.947771648565674,0.7751307228864763,0.6024897972072784,0.4298488715280806
3141,0.0966650333943288,0.10966731548161278,0.1324343991801003,0.15520148287858784,0.17796856657707538,0.20073565027556292,0.2235027339740505,0.3278048196211218,0.432106905268193,0.5364089909152644,0.6407110765623357,0.8750441895076194,0.8620419074203355,0.8392748237218479,0.8165077400233604,0.7937406563248728,0.7709735726263852,0.7482064889278977,0.6439044032808263,0.5396023176337551,0.4353002319866837,0.3309981463396124
3142,0.060485888935644626,0.06862176353916513,0.08286773488598757,0.09711370623281,0.11135967757963244,0.1256056489264549,0.13985162027327736,0.2051162164429092,0.27038081261254104,0.33564540878217297,0.40091000495180484,0.6530761972950729,0.6449403226915524,0.63069435134473,0.6164483799979075,0.602202408651085,0.5879564373042625,0.57371046595744,0.5084458697878081,0.4431812736181763,0.37791667744854435,0.3126520812789125
3143,0.04326251605801909,0.04908169821561838,0.059271125452270715,0.06946055268892304,0.07964997992557539,0.08983940716222773,0.10002883439888008,0.1467093195416705,0.19338980468446088,0.24007028982725132,0.28675077497004176,0.499578441059629,0.4937592589020297,0.48356983166537737,0.47338040442872503,0.4631909771920727,0.45300154995542036,0.442812122718768,0.3961316375759776,0.3494511524331872,0.30277066729039676,0.2560901821476063
3144,0.06656898268586907,0.07552308595105217,0.09120178120737912,0.10688047646370606,0.12255917172003303,0.13823786697635998,0.1539165622326869,0.2257448489433112,0.29757313565393556,0.36940142236455986,0.44122970907518416,0.4271966781704077,0.4182425749052246,0.4025638796488976,0.3868851843925707,0.3712064891362437,0.35552779387991673,0.3398490986235898,0.2680208119129655,0.19619252520234115,0.12436423849171685,0.05253595178109255
3145,0.056639086305014866,0.06425753272192815,0.07759748382143074,0.09093743492093335,0.10427738602043597,0.11761733711993858,0.1309572882194412,0.19207116387144205,0.25318503952344296,0.31429891517544384,0.3754127908274448,0.3168441383691494,0.3092256919522361,0.2958857408527335,0.28254578975323086,0.26920583865372827,0.2558658875542257,0.24252593645472306,0.1814120608027222,0.1202981851507213,0.05918430949872042,-0.0019295661532805208
3146,0.03392680220936796,0.038490250202461725,0.046480878441028384,0.05447150667959503,0.06246213491816169,0.07045276315672834,0.07844339139529499,0.1150505915949522,0.15165779179460942,0.18826499199426663,0.22487219219392388,0.22601923126692836,0.22145578327383458,0.21346515503526792,0.20547452679670128,0.1974838985581346,0.18949327031956797,0.1815026420810013,0.1448954418813441,0.10828824168168688,0.07168104148202967,0.035073841282372425
3147,0.0236676925723058,0.026851201690074235,0.03242554764354464,0.03799989359701504,0.043574239550485436,0.049148585503955844,0.05472293145742625,0.08026049774238261,0.10579806402733898,0.13133563031229536,0.15687319659725174,0.20284547879051973,0.1996619696727513,0.1940876237192809,0.1885132777658105,0.1829389318123401,0.17736458585886972,0.17179023990539932,0.14625267362044297,0.12071510733548661,0.09517754105053022,0.06963997476557385
3148,0.02469635730095266,0.028018230711428102,0.03383485347536883,0.03965147623930954,0.04546809900325027,0.051284721767191,0.05710134453113172,0.08374884553458932,0.11039634653804692,0.1370438475415045,0.16369134854496212,0.2086410790622131,0.20531920565173767,0.19950258288779693,0.19368596012385622,0.18786933735991548,0.18205271459597477,0.17623609183203404,0.14958859082857645,0.12294108982511885,0.09629358882166127,0.06964608781820365
3149,0.018530992112733714,0.02102357064238779,0.025388092472381524,0.02975261430237525,0.03411713613236898,0.03848165796236271,0.04284617979235644,0.06284121893523797,0.08283625807811949,0.10283129722100104,0.12282633636388257,0.23076451461001737,0.2282719360803633,0.22390741425036959,0.21954289242037586,0.21517837059038214,0.21081384876038842,0.2064493269303947,0.18645428778751316,0.16645924864463163,0.1464642095017501,0.12646917035886857
3150,0.022723898938375474,0.025780459658883387,0.031132518111866028,0.036484576564848666,0.0418366350178313,0.04718869347081395,0.05254075192379659,0.0770599598532782,0.10157916778275981,0.12609837571224142,0.15061758364172306,0.3411068640072945,0.3380503032867866,0.33269824483380395,0.3273461863808213,0.32199412792783866,0.316642069474856,0.31129001102187337,0.2867708030923918,0.2622515951629102,0.2377323872334286,0.21321317930394695
3151,0.05954035988303085,0.0675490526604855,0.08157232777140645,0.0955956028823274,0.10961887799324835,0.12364215310416929,0.13766542821509023,0.20190979350324906,0.2661541587914079,0.33039852407956677,0.3946428893677256,0.5323949645104806,0.524386271733026,0.510362996622105,0.4963397215111841,0.48231644640026317,0.4682931712893422,0.4542698961784213,0.3900255308902625,0.32578116560210363,0.2615368003139448,0.19729243502578592
3152,0.09422208070711786,0.10689576455313886,0.129087470513181,0.15127917647322317,0.17347088243326533,0.1956625883933075,0.21785429435334966,0.31952042104539957,0.42118654773744957,0.5228526744294996,0.6245188011215496,0.7630054397344619,0.7503317558884409,0.7281400499283988,0.7059483439683566,0.6837566380083144,0.6615649320482723,0.6393732260882301,0.5377070993961802,0.4360409727041302,0.33437484601208023,0.23270871932003023
3153,0.11060462621291975,0.12548190395938727,0.1515321177130734,0.17758233146675953,0.2036325452204457,0.22968275897413182,0.255732972727818,0.37507595323620807,0.49441893374459817,0.6137619142529884,0.7331048947613785,1.04243040931092,1.0275531315644524,1.0015029178107662,0.9754527040570801,0.949402490303394,0.9233522765497079,0.8973020627960218,0.7779590822876317,0.6586161017792416,0.5392731212708513,0.41993014076246116
3154,0.14593538259187422,0.16556495229609972,0.19993646134515083,0.23430797039420195,0.2686794794432531,0.3030509884923042,0.3374224975413554,0.4948875522726021,0.6523526070038489,0.8098176617350957,0.9672827164663426,1.3368623237393928,1.3172327540351674,1.2828612449861163,1.2484897359370652,1.2141182268880142,1.1797467178389631,1.145375208789912,0.9879101540586653,0.8304450993274186,0.6729800445961718,0.5155149898649249
3155,0.17412844867806587,0.1975502293326846,0.2385619253527876,0.2795736213728906,0.3205853173929936,0.3615970134130966,0.40260870943319965,0.5904942325625675,0.7783797556919354,0.9662652788213034,1.1541508019506714,1.6963697765134498,1.6729479958588311,1.6319362998387281,1.590924603818625,1.549912907798522,1.508901211778419,1.467889515758316,1.2800039926289482,1.0921184694995802,0.9042329463702122,0.7163474232408442
3156,0.20258246617249245,0.22983155799628885,0.277544901707457,0.32525824541862514,0.3729715891297932,0.4206849328409614,0.46839827655212957,0.6869858360383282,0.9055733955245269,1.1241609550107257,1.3427485144969247,1.9211150761464808,1.8938659843226844,1.8461526406115163,1.7984392969003482,1.7507259531891801,1.7030126094780118,1.6552992657668437,1.4367117062806452,1.2181241467944464,0.9995365873082476,0.7809490278220486
3157,0.22682064156334378,0.25732997737244256,0.31075203030808307,0.3641740832437235,0.4175961361793641,0.4710181891150046,0.5244402420506451,0.769180921820084,1.013921601589523,1.2586622813589619,1.5034029611284008,2.0428941262432594,2.0123847904341607,1.9589627374985201,1.9055406845628797,1.852118631627239,1.7986965786915987,1.745274525755958,1.5005338459865192,1.2557931662170803,1.0110524864476413,0.7663118066782024
3158,0.28713168866453304,0.3257533813399477,0.3933802259058238,0.46100707047169975,0.5286339150375757,0.5962607596034519,0.6638876041693279,0.9737042248382178,1.2835208455071077,1.5933374661759976,1.9031540868448875,2.133676930271694,2.095055237596279,2.027428393030403,1.9598015484645268,1.8921747038986507,1.8245478593327746,1.7569210147668985,1.4471043940980086,1.1372877734291187,0.8274711527602288,0.5176545320913388
3159,0.3067951188581142,0.3480617127682659,0.42031979724889373,0.49257788172952155,0.5648359662101494,0.6370940506907772,0.709352135171405,1.040385701701159,1.3714192682309132,1.7024528347606676,2.0334864012904217,2.1612776545091203,2.120011060598969,2.047752976118341,1.975494891637713,1.9032368071570853,1.8309787226764576,1.7587206381958298,1.427687071666076,1.0966535051363218,0.7656199386065674,0.4345863720768133
3160,0.27598175878396375,0.31310368956544515,0.3781044409318533,0.44310519229826134,0.5081059436646694,0.5731066950310776,0.6381074463974856,0.9358932333664804,1.233679020335475,1.53146480730447,1.829250594273465,1.9097257114610804,1.872603780679599,1.8076030293131908,1.7426022779467827,1.6776015265803745,1.6126007752139664,1.5476000238475582,1.2498142368785634,0.9520284499095688,0.6542426629405738,0.35645687597157893
3161,0.2253108014307007,0.2556170506983482,0.3086834977291007,0.36174994475985317,0.4148163917906057,0.46788283882135817,0.5209492858521106,0.7640608400805081,1.0071723943089055,1.2502839485373032,1.4933955027657007,1.6192575536297766,1.588951304362129,1.5358848573313766,1.4828184103006241,1.4297519632698716,1.3766855162391192,1.3236190692083667,1.0805075149799692,0.8373959607515719,0.5942844065231742,0.3511728522947767
3162,0.181071206183045,0.20542684770103406,0.24807374039633354,0.290720633091633,0.3333675257869325,0.376014418482232,0.41866131117753147,0.6140381066158548,0.809414902054178,1.0047916974925013,1.200168492930825,1.489569188741577,1.4652135472235879,1.4225666545282885,1.379919761832989,1.3372728691376894,1.29462597644239,1.2519790837470905,1.0566022883087673,0.8612254928704441,0.6658486974321208,0.4704719019937972
3163,0.1371027565822645,0.15554426178254532,0.18783546186591396,0.22012666194928254,0.2524178620326512,0.2847090621160198,0.3170002621993884,0.464934866444111,0.6128694706888336,0.7608040749335562,0.9087386791782788,1.2544431595756709,1.23600165437539,1.2037104542920214,1.1714192542086528,1.1391280541252842,1.1068368540419156,1.074545653958547,0.9266110497138245,0.7786764454691019,0.6307418412243793,0.48280723697965666
3164,0.12288693681507708,0.1394162914452449,0.16835930297358676,0.19730231450192862,0.22624532603027048,0.25518833755861237,0.28413134908695425,0.4167270081222759,0.5493226671575976,0.6819183261929194,0.8145139852282411,0.965950353268064,0.9494209986378962,0.9204779871095543,0.8915349755812124,0.8625919640528705,0.8336489525245286,0.8047059409961868,0.6721102819608651,0.5395146229255434,0.40691896389022164,0.27432330485489986
3165,0.10407025709033581,0.11806860573895996,0.14257980870966933,0.16709101168037868,0.19160221465108804,0.2161134176217974,0.24062462059250678,0.3529169820306787,0.4652093434688507,0.5775017049070227,0.6897940663451948,0.756275578156249,0.7422772295076249,0.7177660265369155,0.6932548235662062,0.6687436205954969,0.6442324176247876,0.6197212146540781,0.5074288532159061,0.3951364917777342,0.2828441303395622,0.17055176890139007
3166,0.09174496304809825,0.10408545316899447,0.1256937346673304,0.14730201616566632,0.16891029766400223,0.19051857916233816,0.21212686066067407,0.3111201642112374,0.4101134677618008,0.5091067713123641,0.6081000748629275,0.6380177307790044,0.6256772406581081,0.6040689591597722,0.5824606776614363,0.5608523961631003,0.5392441146647644,0.5176358331664285,0.4186425296158651,0.3196492260653017,0.22065592251473837,0.12166261896417502
3167,0.0756798511426919,0.0858594449247251,0.10368398234795255,0.12150851977117999,0.13933305719440744,0.15715759461763487,0.17498213204086233,0.2566410943198301,0.33830005659879786,0.4199590188777657,0.5016179811567335,0.5589042903878931,0.54872469660586,0.5309001591826326,0.5130756217594051,0.4952510843361777,0.4774265469129503,0.45960200948972285,0.37794304721075506,0.2962840849317873,0.21462512265281947,0.13296616037385167
3168,0.06656898268586907,0.07552308595105217,0.09120178120737912,0.10688047646370606,0.12255917172003303,0.13823786697635998,0.1539165622326869,0.2257448489433112,0.29757313565393556,0.36940142236455986,0.44122970907518416,0.4271966781704077,0.4182425749052246,0.4025638796488976,0.3868851843925707,0.3712064891362437,0.35552779387991673,0.3398490986235898,0.2680208119129655,0.19619252520234115,0.12436423849171685,0.05253595178109255
3169,0.056639086305014866,0.06425753272192815,0.07759748382143074,0.09093743492093335,0.10427738602043597,0.11761733711993858,0.1309572882194412,0.19207116387144205,0.25318503952344296,0.31429891517544384,0.3754127908274448,0.3168441383691494,0.3092256919522361,0.2958857408527335,0.28254578975323086,0.26920583865372827,0.2558658875542257,0.24252593645472306,0.1814120608027222,0.1202981851507213,0.05918430949872042,-0.0019295661532805208
3170,0.03392680220936796,0.038490250202461725,0.046480878441028384,0.05447150667959503,0.06246213491816169,0.07045276315672834,0.07844339139529499,0.1150505915949522,0.15165779179460942,0.18826499199426663,0.22487219219392388,0.22601923126692836,0.22145578327383458,0.21346515503526792,0.20547452679670128,0.1974838985581346,0.18949327031956797,0.1815026420810013,0.1448954418813441,0.10828824168168688,0.07168104148202967,0.035073841282372425
3171,0.0236676925723058,0.026851201690074235,0.03242554764354464,0.03799989359701504,0.043574239550485436,0.049148585503955844,0.05472293145742625,0.08026049774238261,0.10579806402733898,0.13133563031229536,0.15687319659725174,0.20284547879051973,0.1996619696727513,0.1940876237192809,0.1885132777658105,0.1829389318123401,0.17736458585886972,0.17179023990539932,0.14625267362044297,0.12071510733548661,0.09517754105053022,0.06963997476557385
3172,0.02469635730095266,0.028018230711428102,0.03383485347536883,0.03965147623930954,0.04546809900325027,0.051284721767191,0.05710134453113172,0.08374884553458932,0.11039634653804692,0.1370438475415045,0.16369134854496212,0.2086410790622131,0.20531920565173767,0.19950258288779693,0.19368596012385622,0.18786933735991548,0.18205271459597477,0.17623609183203404,0.14958859082857645,0.12294108982511885,0.09629358882166127,0.06964608781820365
3173,0.018530992112733714,0.02102357064238779,0.025388092472381524,0.02975261430237525,0.03411713613236898,0.03848165796236271,0.04284617979235644,0.06284121893523797,0.08283625807811949,0.10283129722100104,0.12282633636388257,0.23076451461001737,0.2282719360803633,0.22390741425036959,0.21954289242037586,0.21517837059038214,0.21081384876038842,0.2064493269303947,0.18645428778751316,0.16645924864463163,0.1464642095017501,0.12646917035886857
3174,0.022723898938375474,0.025780459658883387,0.031132518111866028,0.036484576564848666,0.0418366350178313,0.04718869347081395,0.05254075192379659,0.0770599598532782,0.10157916778275981,0.12609837571224142,0.15061758364172306,0.3411068640072945,0.3380503032867866,0.33269824483380395,0.3273461863808213,0.32199412792783866,0.316642069474856,0.31129001102187337,0.2867708030923918,0.2622515951629102,0.2377323872334286,0.21321317930394695
3175,0.05954035988303085,0.0675490526604855,0.08157232777140645,0.0955956028823274,0.10961887799324835,0.12364215310416929,0.13766542821509023,0.20190979350324906,0.2661541587914079,0.33039852407956677,0.3946428893677256,0.5323949645104806,0.524386271733026,0.510362996622105,0.4963397215111841,0.48231644640026317,0.4682931712893422,0.4542698961784213,0.3900255308902625,0.32578116560210363,0.2615368003139448,0.19729243502578592
3176,0.09422208070711786,0.10689576455313886,0.129087470513181,0.15127917647322317,0.17347088243326533,0.1956625883933075,0.21785429435334966,0.31952042104539957,0.42118654773744957,0.5228526744294996,0.6245188011215496,0.7630054397344619,0.7503317558884409,0.7281400499283988,0.7059483439683566,0.6837566380083144,0.6615649320482723,0.6393732260882301,0.5377070993961802,0.4360409727041302,0.33437484601208023,0.23270871932003023
3177,0.11060462621291975,0.12548190395938727,0.1515321177130734,0.17758233146675953,0.2036325452204457,0.22968275897413182,0.255732972727818,0.37507595323620807,0.49441893374459817,0.6137619142529884,0.7331048947613785,1.04243040931092,1.0275531315644524,1.0015029178107662,0.9754527040570801,0.949402490303394,0.9233522765497079,0.8973020627960218,0.7779590822876317,0.6586161017792416,0.5392731212708513,0.41993014076246116
3178,0.14593538259187422,0.16556495229609972,0.19993646134515083,0.23430797039420195,0.2686794794432531,0.3030509884923042,0.3374224975413554,0.4948875522726021,0.6523526070038489,0.8098176617350957,0.9672827164663426,1.3368623237393928,1.3172327540351674,1.2828612449861163,1.2484897359370652,1.2141182268880142,1.1797467178389631,1.145375208789912,0.9879101540586653,0.8304450993274186,0.6729800445961718,0.5155149898649249
3179,0.17412844867806587,0.1975502293326846,0.2385619253527876,0.2795736213728906,0.3205853173929936,0.3615970134130966,0.40260870943319965,0.5904942325625675,0.7783797556919354,0.9662652788213034,1.1541508019506714,1.6963697765134498,1.6729479958588311,1.6319362998387281,1.590924603818625,1.549912907798522,1.508901211778419,1.467889515758316,1.2800039926289482,1.0921184694995802,0.9042329463702122,0.7163474232408442
3180,0.20258246617249245,0.22983155799628885,0.277544901707457,0.32525824541862514,0.3729715891297932,0.4206849328409614,0.46839827655212957,0.6869858360383282,0.9055733955245269,1.1241609550107257,1.3427485144969247,1.9211150761464808,1.8938659843226844,1.8461526406115163,1.7984392969003482,1.7507259531891801,1.7030126094780118,1.6552992657668437,1.4367117062806452,1.2181241467944464,0.9995365873082476,0.7809490278220486
3181,0.22682064156334378,0.25732997737244256,0.31075203030808307,0.3641740832437235,0.4175961361793641,0.4710181891150046,0.5244402420506451,0.769180921820084,1.013921601589523,1.2586622813589619,1.5034029611284008,2.0428941262432594,2.0123847904341607,1.9589627374985201,1.9055406845628797,1.852118631627239,1.7986965786915987,1.745274525755958,1.5005338459865192,1.2557931662170803,1.0110524864476413,0.7663118066782024
3182,0.28713168866453304,0.3257533813399477,0.3933802259058238,0.46100707047169975,0.5286339150375757,0.5962607596034519,0.6638876041693279,0.9737042248382178,1.2835208455071077,1.5933374661759976,1.9031540868448875,2.133676930271694,2.095055237596279,2.027428393030403,1.9598015484645268,1.8921747038986507,1.8245478593327746,1.7569210147668985,1.4471043940980086,1.1372877734291187,0.8274711527602288,0.5176545320913388
3183,0.3067951188581142,0.3480617127682659,0.42031979724889373,0.49257788172952155,0.5648359662101494,0.6370940506907772,0.709352135171405,1.040385701701159,1.3714192682309132,1.7024528347606676,2.0334864012904217,2.1612776545091203,2.120011060598969,2.047752976118341,1.975494891637713,1.9032368071570853,1.8309787226764576,1.7587206381958298,1.427687071666076,1.0966535051363218,0.7656199386065674,0.4345863720768133
3184,0.27598175878396375,0.31310368956544515,0.3781044409318533,0.44310519229826134,0.5081059436646694,0.5731066950310776,0.6381074463974856,0.9358932333664804,1.233679020335475,1.53146480730447,1.829250594273465,1.9097257114610804,1.872603780679599,1.8076030293131908,1.7426022779467827,1.6776015265803745,1.6126007752139664,1.5476000238475582,1.2498142368785634,0.9520284499095688,0.6542426629405738,0.35645687597157893
3185,0.2253108014307007,0.2556170506983482,0.3086834977291007,0.36174994475985317,0.4148163917906057,0.46788283882135817,0.5209492858521106,0.7640608400805081,1.0071723943089055,1.2502839485373032,1.4933955027657007,1.6192575536297766,1.588951304362129,1.5358848573313766,1.4828184103006241,1.4297519632698716,1.3766855162391192,1.3236190692083667,1.0805075149799692,0.8373959607515719,0.5942844065231742,0.3511728522947767
3186,0.181071206183045,0.20542684770103406,0.24807374039633354,0.290720633091633,0.3333675257869325,0.376014418482232,0.41866131117753147,0.6140381066158548,0.809414902054178,1.0047916974925013,1.200168492930825,1.489569188741577,1.4652135472235879,1.4225666545282885,1.379919761832989,1.3372728691376894,1.29462597644239,1.2519790837470905,1.0566022883087673,0.8612254928704441,0.6658486974321208,0.4704719019937972
3187,0.1371027565822645,0.15554426178254532,0.18783546186591396,0.22012666194928254,0.2524178620326512,0.2847090621160198,0.3170002621993884,0.464934866444111,0.6128694706888336,0.7608040749335562,0.9087386791782788,1.2544431595756709,1.23600165437539,1.2037104542920214,1.1714192542086528,1.1391280541252842,1.1068368540419156,1.074545653958547,0.9266110497138245,0.7786764454691019,0.6307418412243793,0.48280723697965666
3188,0.12288693681507708,0.1394162914452449,0.16835930297358676,0.19730231450192862,0.22624532603027048,0.25518833755861237,0.28413134908695425,0.4167270081222759,0.5493226671575976,0.6819183261929194,0.8145139852282411,0.965950353268064,0.9494209986378962,0.9204779871095543,0.8915349755812124,0.8625919640528705,0.8336489525245286,0.8047059409961868,0.6721102819608651,0.5395146229255434,0.40691896389022164,0.27432330485489986
3189,0.10407025709033581,0.11806860573895996,0.14257980870966933,0.16709101168037868,0.19160221465108804,0.2161134176217974,0.24062462059250678,0.3529169820306787,0.4652093434688507,0.5775017049070227,0.6897940663451948,0.756275578156249,0.7422772295076249,0.7177660265369155,0.6932548235662062,0.6687436205954969,0.6442324176247876,0.6197212146540781,0.5074288532159061,0.3951364917777342,0.2828441303395622,0.17055176890139007
3190,0.09174496304809825,0.10408545316899447,0.1256937346673304,0.14730201616566632,0.16891029766400223,0.19051857916233816,0.21212686066067407,0.3111201642112374,0.4101134677618008,0.5091067713123641,0.6081000748629275,0.6380177307790044,0.6256772406581081,0.6040689591597722,0.5824606776614363,0.5608523961631003,0.5392441146647644,0.5176358331664285,0.4186425296158651,0.3196492260653017,0.22065592251473837,0.12166261896417502
3191,0.0756798511426919,0.0858594449247251,0.10368398234795255,0.12150851977117999,0.13933305719440744,0.15715759461763487,0.17498213204086233,0.2566410943198301,0.33830005659879786,0.4199590188777657,0.5016179811567335,0.5589042903878931,0.54872469660586,0.5309001591826326,0.5130756217594051,0.4952510843361777,0.4774265469129503,0.45960200948972285,0.37794304721075506,0.2962840849317873,0.21462512265281947,0.13296616037385167
3192,0.031367184720614005,0.03558634204876214,0.04297411500909338,0.050361887969424625,0.057749660929755864,0.0651374338900871,0.07252520685041834,0.10637056615310214,0.14021592545578596,0.17406128475846977,0.20790664406115364,0.38513873965896495,0.3809195823308168,0.3735318093704856,0.36614403641015436,0.35875626344982314,0.3513684904894919,0.3439807175291607,0.3101353582264769,0.27628999892379313,0.24244463962110932,0.20859928031842545
3193,0.027541528392130105,0.031246101893993974,0.037732835101129916,0.04421956830826585,0.05070630151540179,0.057193034722537735,0.06367976792967367,0.09339722368731823,0.1231146794449628,0.15283213520260736,0.18254959096025195,0.2947264391013124,0.29102186559944854,0.2845351323923126,0.27804839918517665,0.2715616659780407,0.26507493277090477,0.25858819956376883,0.22887074380612427,0.1991532880484797,0.16943583229083514,0.13971837653319055
3194,0.021214760756460276,0.024068329353953997,0.029064947229369295,0.03406156510478459,0.03905818298019989,0.04405480085561519,0.049051418731030486,0.07194225852804301,0.09483309832505553,0.11772393812206808,0.1406147779190806,0.2196416620198345,0.2167880934223408,0.21179147554692548,0.20679485767151018,0.20179823979609487,0.19680162192067957,0.19180500404526427,0.16891416424825173,0.14602332445123922,0.12313248465422667,0.10024164485721414
3195,0.017379901386824617,0.01971764826949346,0.023811058840523276,0.02790446941155309,0.03199787998258291,0.03609129055361272,0.04018470112464254,0.058937707246218926,0.07769071336779533,0.09644371948937172,0.11519672561094813,0.1725522635160582,0.17021451663338938,0.16612110606235955,0.16202769549132973,0.1579342849202999,0.15384087434927007,0.14974746377824025,0.13099445765666387,0.11224145153508747,0.09348844541351108,0.07473543929193467
3196,0.018861538995962508,0.02139857893702769,0.025840952998510806,0.030283327059993915,0.03472570112147703,0.03916807518296014,0.04361044924444325,0.0639621502340575,0.08431385122367176,0.10466555221328604,0.1250172532029003,0.16219714722554288,0.1596601072844777,0.15521773322299456,0.15077535916151147,0.14633298510002835,0.14189061103854522,0.1374482369770621,0.11709653598744785,0.0967448349978336,0.07639313400821932,0.05604143301860505
3197,0.06031042844298219,0.06842270209442457,0.08262734801485494,0.09683199393528533,0.1110366398557157,0.1252412857761461,0.1394459316965765,0.20452120506052845,0.2695964784244804,0.33467175178843245,0.39974702515238447,0.4566317751531136,0.4485195015016712,0.43431485558124083,0.4201102096608105,0.4059055637403801,0.3917009178199497,0.3774962718995193,0.3124209985355673,0.24734572517161535,0.18227045180766333,0.1171951784437113
3198,0.30895518501738617,0.35051232648691727,0.4232791617051753,0.4960459969234333,0.5688128321416914,0.6415796673599494,0.7143465025782075,1.0477107919933368,1.3810750814084662,1.7144393708235957,2.0478036602387255,2.1024107163262697,2.0608535748567385,1.9880867396384805,1.9153199044202225,1.8425530692019643,1.7697862339837063,1.6970193987654483,1.363655109350319,1.0302908199351897,0.6969265305200603,0.3635622411049304
3199,1.1612949269476076,1.3174991271273024,1.5910137359992662,1.8645283448712298,2.1380429537431938,2.4115575626151577,2.685072171487121,3.9381155800368046,5.191158988586489,6.444202397136173,7.697245805685856,8.797592590406415,8.64138839022672,8.367873781354756,8.094359172482793,7.820844563610829,7.547329954738865,7.273815345866902,6.020771937317218,4.767728528767535,3.514685120217851,2.261641711668167
3200,2.8365400828547638,3.218079229059924,3.8861568494030205,4.554234469746118,5.222312090089215,5.890389710432311,6.558467330775408,9.61910918103339,12.679751031291374,15.74039288154936,18.801034731807345,21.40384848736475,21.02230934115959,20.354231720816493,19.686154100473395,19.018076480130297,18.3499988597872,17.6819212394441,14.621279389186117,11.560637538928134,8.499995688670149,5.439353838412163
3201,4.187241305649756,4.750461435119857,5.736663683482037,6.722865931844216,7.709068180206397,8.695270428568575,9.681472676930756,14.199528337297998,18.717583997665233,23.23563965803248,27.75369531839972,32.29130966000392,31.72808953053382,30.74188728217164,29.75568503380946,28.76948278544728,27.7832805370851,26.797078288722922,22.27902262835568,17.760966967988445,13.242911307621199,8.724855647253957
3202,4.1224380187469025,4.6769415462886,5.647880965838258,6.618820385387915,7.5897598049375725,8.56069922448723,9.53163864403689,13.979771212843394,18.427903781649896,22.876036350456406,27.324168919262913,32.91035711924829,32.35585359170659,31.384914172156932,30.413974752607274,29.443035333057615,28.472095913507957,27.501156493958298,23.053023925151795,18.60489135634529,14.15675878753878,9.708626218732274
3203,3.351595880008395,3.8024144805325077,4.591800893015079,5.381187305497649,6.170573717980221,6.959960130462791,7.7493465429453625,11.365736340329079,14.982126137712793,18.59851593509651,22.21490573248023,27.356769827551037,26.905951227026925,26.116564814544354,25.327178402061783,24.537791989579212,23.74840557709664,22.95901916461407,19.34262936723035,15.726239569846637,12.109849772462919,8.493459975079201
3204,2.9910124143164416,3.3933294236000933,4.097789222441407,4.80224902128272,5.506708820124034,6.211168618965348,6.915628417806662,10.142946736074473,13.370265054342282,16.597583372610092,19.82490169087791,24.2284335048095,23.82611649552585,23.121656696684536,22.417196897843223,21.71273709900191,21.008277300160596,20.303817501319283,17.076499183051475,13.849180864783666,10.621862546515855,7.394544228248039
3205,2.7047846416677372,3.0686015427890947,3.7056473923676854,4.342693241946275,4.979739091524866,5.6167849411034565,6.253830790682048,9.172307818474215,12.090784846266383,15.009261874058554,17.92773890185072,22.802692522038395,22.438875620917038,21.801829771338447,21.164783921759856,20.527738072181265,19.890692222602674,19.253646373024083,16.335169345231915,13.416692317439747,10.498215289647575,7.579738261855409
3206,2.20733046474823,2.5042354815337093,3.0241181699939683,3.544000858454227,4.063883546914486,4.583766235374744,5.103648923835004,7.485370246439614,9.867091569044224,12.248812891648836,14.630534214253444,19.724931122724897,19.428026105939416,18.908143417479156,18.388260729018896,17.868378040558635,17.348495352098375,16.828612663638115,14.446891341033504,12.065170018428894,9.683448695824282,7.3017273732196735
3207,1.677916042855984,1.903610246250039,2.298802319798513,2.693994393346985,3.0891864668954585,3.484378540443932,3.879570613992405,5.690050956937462,7.500531299882518,9.311011642827577,11.121491985772634,14.871256559632515,14.645562356238461,14.250370282689987,13.855178209141515,13.459986135593041,13.064794062044568,12.669601988496094,10.859121645551037,9.04864130260598,7.238160959660921,5.427680616715864
3208,1.1172675321315855,1.2675496673528908,1.5306947005095728,1.7938397336662546,2.0569847668229366,2.3201297999796187,2.583274833136301,3.7888124482913326,4.9943500634463645,6.199887678601396,7.405425293756428,10.033161309414842,9.882879174193537,9.619734141036854,9.356589107880172,9.09344407472349,8.830299041566807,8.567154008410125,7.361616393255093,6.156078778100062,4.95054116294503,3.745003547789998
3209,0.6682540838903488,0.7581400312657272,0.9155309318380566,1.0729218324103855,1.2303127329827148,1.3877036335550441,1.5450945341273732,2.2661442482220826,2.987193962316792,3.7082436764115014,4.429293390506211,6.0734388854665,5.983552938091121,5.826162037518792,5.668771136946463,5.5113802363741335,5.3539893358018045,5.196598435229475,4.475548721134766,3.7544990070400566,3.033449292945347,2.3123995788506377
3210,0.4397550001969972,0.4989058467966161,0.6024793784527985,0.7060529101089809,0.8096264417651632,0.9131999734213457,1.016773505077528,1.4912714914090162,1.9657694777405041,2.4402674640719924,2.9147654504034803,3.6846018562989733,3.625451009699354,3.5218774780431716,3.418303946386989,3.314730414730807,3.2111568830746244,3.1075833514184423,2.633085365086954,2.158587378755466,1.6840893924239777,1.2095914060924897
3211,0.286284866305672,0.32479265405806435,0.39222005033488544,0.4596474466117065,0.5270748428885276,0.5945022391653487,0.6619296354421698,0.9708325302776295,1.2797354251130895,1.5886383199485492,1.8975412147840094,2.22844041223525,2.1899326244828576,2.1225052282060366,2.0550778319292156,1.9876504356523945,1.9202230393755735,1.8527956430987524,1.5438927482632927,1.2349898534278327,0.926086958592373,0.6171840637569128
3212,0.1600000684787465,0.18152145994052682,0.21920556165659857,0.25688966337267033,0.2945737650887421,0.33225786680481384,0.3699419685208856,0.5425828942000834,0.7152238198792811,0.887864745558479,1.0605056712376768,1.3303544742870113,1.308833082825231,1.2711489811091592,1.2334648793930874,1.1957807776770155,1.1580966759609437,1.1204125742448718,0.947771648565674,0.7751307228864763,0.6024897972072784,0.4298488715280806
3213,0.0966650333943288,0.10966731548161278,0.1324343991801003,0.15520148287858784,0.17796856657707538,0.20073565027556292,0.2235027339740505,0.3278048196211218,0.432106905268193,0.5364089909152644,0.6407110765623357,0.8750441895076194,0.8620419074203355,0.8392748237218479,0.8165077400233604,0.7937406563248728,0.7709735726263852,0.7482064889278977,0.6439044032808263,0.5396023176337551,0.4353002319866837,0.3309981463396124
3214,0.060485888935644626,0.06862176353916513,0.08286773488598757,0.09711370623281,0.11135967757963244,0.1256056489264549,0.13985162027327736,0.2051162164429092,0.27038081261254104,0.33564540878217297,0.40091000495180484,0.6530761972950729,0.6449403226915524,0.63069435134473,0.6164483799979075,0.602202408651085,0.5879564373042625,0.57371046595744,0.5084458697878081,0.4431812736181763,0.37791667744854435,0.3126520812789125
3215,0.04326251605801909,0.04908169821561838,0.059271125452270715,0.06946055268892304,0.07964997992557539,0.08983940716222773,0.10002883439888008,0.1467093195416705,0.19338980468446088,0.24007028982725132,0.28675077497004176,0.499578441059629,0.4937592589020297,0.48356983166537737,0.47338040442872503,0.4631909771920727,0.45300154995542036,0.442812122718768,0.3961316375759776,0.3494511524331872,0.30277066729039676,0.2560901821476063
3216,0.031367184720614005,0.03558634204876214,0.04297411500909338,0.050361887969424625,0.057749660929755864,0.0651374338900871,0.07252520685041834,0.10637056615310214,0.14021592545578596,0.17406128475846977,0.20790664406115364,0.38513873965896495,0.3809195823308168,0.3735318093704856,0.36614403641015436,0.35875626344982314,0.3513684904894919,0.3439807175291607,0.3101353582264769,0.27628999892379313,0.24244463962110932,0.20859928031842545
3217,0.027541528392130105,0.031246101893993974,0.037732835101129916,0.04421956830826585,0.05070630151540179,0.057193034722537735,0.06367976792967367,0.09339722368731823,0.1231146794449628,0.15283213520260736,0.18254959096025195,0.2947264391013124,0.29102186559944854,0.2845351323923126,0.27804839918517665,0.2715616659780407,0.26507493277090477,0.25858819956376883,0.22887074380612427,0.1991532880484797,0.16943583229083514,0.13971837653319055
3218,0.021214760756460276,0.024068329353953997,0.029064947229369295,0.03406156510478459,0.03905818298019989,0.04405480085561519,0.049051418731030486,0.07194225852804301,0.09483309832505553,0.11772393812206808,0.1406147779190806,0.2196416620198345,0.2167880934223408,0.21179147554692548,0.20679485767151018,0.20179823979609487,0.19680162192067957,0.19180500404526427,0.16891416424825173,0.14602332445123922,0.12313248465422667,0.10024164485721414
3219,0.017379901386824617,0.01971764826949346,0.023811058840523276,0.02790446941155309,0.03199787998258291,0.03609129055361272,0.04018470112464254,0.058937707246218926,0.07769071336779533,0.09644371948937172,0.11519672561094813,0.1725522635160582,0.17021451663338938,0.16612110606235955,0.16202769549132973,0.1579342849202999,0.15384087434927007,0.14974746377824025,0.13099445765666387,0.11224145153508747,0.09348844541351108,0.07473543929193467
3220,0.018861538995962508,0.02139857893702769,0.025840952998510806,0.030283327059993915,0.03472570112147703,0.03916807518296014,0.04361044924444325,0.0639621502340575,0.08431385122367176,0.10466555221328604,0.1250172532029003,0.16219714722554288,0.1596601072844777,0.15521773322299456,0.15077535916151147,0.14633298510002835,0.14189061103854522,0.1374482369770621,0.11709653598744785,0.0967448349978336,0.07639313400821932,0.05604143301860505
3221,0.06031042844298219,0.06842270209442457,0.08262734801485494,0.09683199393528533,0.1110366398557157,0.1252412857761461,0.1394459316965765,0.20452120506052845,0.2695964784244804,0.33467175178843245,0.39974702515238447,0.4566317751531136,0.4485195015016712,0.43431485558124083,0.4201102096608105,0.4059055637403801,0.3917009178199497,0.3774962718995193,0.3124209985355673,0.24734572517161535,0.18227045180766333,0.1171951784437113
3222,0.30895518501738617,0.35051232648691727,0.4232791617051753,0.4960459969234333,0.5688128321416914,0.6415796673599494,0.7143465025782075,1.0477107919933368,1.3810750814084662,1.7144393708235957,2.0478036602387255,2.1024107163262697,2.0608535748567385,1.9880867396384805,1.9153199044202225,1.8425530692019643,1.7697862339837063,1.6970193987654483,1.363655109350319,1.0302908199351897,0.6969265305200603,0.3635622411049304
3223,1.1612949269476076,1.3174991271273024,1.5910137359992662,1.8645283448712298,2.1380429537431938,2.4115575626151577,2.685072171487121,3.9381155800368046,5.191158988586489,6.444202397136173,7.697245805685856,8.797592590406415,8.64138839022672,8.367873781354756,8.094359172482793,7.820844563610829,7.547329954738865,7.273815345866902,6.020771937317218,4.767728528767535,3.514685120217851,2.261641711668167
3224,2.8365400828547638,3.218079229059924,3.8861568494030205,4.554234469746118,5.222312090089215,5.890389710432311,6.558467330775408,9.61910918103339,12.679751031291374,15.74039288154936,18.801034731807345,21.40384848736475,21.02230934115959,20.354231720816493,19.686154100473395,19.018076480130297,18.3499988597872,17.6819212394441,14.621279389186117,11.560637538928134,8.499995688670149,5.439353838412163
3225,4.187241305649756,4.750461435119857,5.736663683482037,6.722865931844216,7.709068180206397,8.695270428568575,9.681472676930756,14.199528337297998,18.717583997665233,23.23563965803248,27.75369531839972,32.29130966000392,31.72808953053382,30.74188728217164,29.75568503380946,28.76948278544728,27.7832805370851,26.797078288722922,22.27902262835568,17.760966967988445,13.242911307621199,8.724855647253957
3226,4.1224380187469025,4.6769415462886,5.647880965838258,6.618820385387915,7.5897598049375725,8.56069922448723,9.53163864403689,13.979771212843394,18.427903781649896,22.876036350456406,27.324168919262913,32.91035711924829,32.35585359170659,31.384914172156932,30.413974752607274,29.443035333057615,28.472095913507957,27.501156493958298,23.053023925151795,18.60489135634529,14.15675878753878,9.708626218732274
3227,3.351595880008395,3.8024144805325077,4.591800893015079,5.381187305497649,6.170573717980221,6.959960130462791,7.7493465429453625,11.365736340329079,14.982126137712793,18.59851593509651,22.21490573248023,27.356769827551037,26.905951227026925,26.116564814544354,25.327178402061783,24.537791989579212,23.74840557709664,22.95901916461407,19.34262936723035,15.726239569846637,12.109849772462919,8.493459975079201
3228,2.9910124143164416,3.3933294236000933,4.097789222441407,4.80224902128272,5.506708820124034,6.211168618965348,6.915628417806662,10.142946736074473,13.370265054342282,16.597583372610092,19.82490169087791,24.2284335048095,23.82611649552585,23.121656696684536,22.417196897843223,21.71273709900191,21.008277300160596,20.303817501319283,17.076499183051475,13.849180864783666,10.621862546515855,7.394544228248039
3229,2.7047846416677372,3.0686015427890947,3.7056473923676854,4.342693241946275,4.979739091524866,5.6167849411034565,6.253830790682048,9.172307818474215,12.090784846266383,15.009261874058554,17.92773890185072,22.802692522038395,22.438875620917038,21.801829771338447,21.164783921759856,20.527738072181265,19.890692222602674,19.253646373024083,16.335169345231915,13.416692317439747,10.498215289647575,7.579738261855409
3230,2.20733046474823,2.5042354815337093,3.0241181699939683,3.544000858454227,4.063883546914486,4.583766235374744,5.103648923835004,7.485370246439614,9.867091569044224,12.248812891648836,14.630534214253444,19.724931122724897,19.428026105939416,18.908143417479156,18.388260729018896,17.868378040558635,17.348495352098375,16.828612663638115,14.446891341033504,12.065170018428894,9.683448695824282,7.3017273732196735
3231,1.677916042855984,1.903610246250039,2.298802319798513,2.693994393346985,3.0891864668954585,3.484378540443932,3.879570613992405,5.690050956937462,7.500531299882518,9.311011642827577,11.121491985772634,14.871256559632515,14.645562356238461,14.250370282689987,13.855178209141515,13.459986135593041,13.064794062044568,12.669601988496094,10.859121645551037,9.04864130260598,7.238160959660921,5.427680616715864
3232,1.1172675321315855,1.2675496673528908,1.5306947005095728,1.7938397336662546,2.0569847668229366,2.3201297999796187,2.583274833136301,3.7888124482913326,4.9943500634463645,6.199887678601396,7.405425293756428,10.033161309414842,9.882879174193537,9.619734141036854,9.356589107880172,9.09344407472349,8.830299041566807,8.567154008410125,7.361616393255093,6.156078778100062,4.95054116294503,3.745003547789998
3233,0.6682540838903488,0.7581400312657272,0.9155309318380566,1.0729218324103855,1.2303127329827148,1.3877036335550441,1.5450945341273732,2.2661442482220826,2.987193962316792,3.7082436764115014,4.429293390506211,6.0734388854665,5.983552938091121,5.826162037518792,5.668771136946463,5.5113802363741335,5.3539893358018045,5.196598435229475,4.475548721134766,3.7544990070400566,3.033449292945347,2.3123995788506377
3234,0.4397550001969972,0.4989058467966161,0.6024793784527985,0.7060529101089809,0.8096264417651632,0.9131999734213457,1.016773505077528,1.4912714914090162,1.9657694777405041,2.4402674640719924,2.9147654504034803,3.6846018562989733,3.625451009699354,3.5218774780431716,3.418303946386989,3.314730414730807,3.2111568830746244,3.1075833514184423,2.633085365086954,2.158587378755466,1.6840893924239777,1.2095914060924897
3235,0.286284866305672,0.32479265405806435,0.39222005033488544,0.4596474466117065,0.5270748428885276,0.5945022391653487,0.6619296354421698,0.9708325302776295,1.2797354251130895,1.5886383199485492,1.8975412147840094,2.22844041223525,2.1899326244828576,2.1225052282060366,2.0550778319292156,1.9876504356523945,1.9202230393755735,1.8527956430987524,1.5438927482632927,1.2349898534278327,0.926086958592373,0.6171840637569128
3236,0.1600000684787465,0.18152145994052682,0.21920556165659857,0.25688966337267033,0.2945737650887421,0.33225786680481384,0.3699419685208856,0.5425828942000834,0.7152238198792811,0.887864745558479,1.0605056712376768,1.3303544742870113,1.308833082825231,1.2711489811091592,1.2334648793930874,1.1957807776770155,1.1580966759609437,1.1204125742448718,0.947771648565674,0.7751307228864763,0.6024897972072784,0.4298488715280806
3237,0.0966650333943288,0.10966731548161278,0.1324343991801003,0.15520148287858784,0.17796856657707538,0.20073565027556292,0.2235027339740505,0.3278048196211218,0.432106905268193,0.5364089909152644,0.6407110765623357,0.8750441895076194,0.8620419074203355,0.8392748237218479,0.8165077400233604,0.7937406563248728,0.7709735726263852,0.7482064889278977,0.6439044032808263,0.5396023176337551,0.4353002319866837,0.3309981463396124
3238,0.060485888935644626,0.06862176353916513,0.08286773488598757,0.09711370623281,0.11135967757963244,0.1256056489264549,0.13985162027327736,0.2051162164429092,0.27038081261254104,0.33564540878217297,0.40091000495180484,0.6530761972950729,0.6449403226915524,0.63069435134473,0.6164483799979075,0.602202408651085,0.5879564373042625,0.57371046595744,0.5084458697878081,0.4431812736181763,0.37791667744854435,0.3126520812789125
3239,0.04326251605801909,0.04908169821561838,0.059271125452270715,0.06946055268892304,0.07964997992557539,0.08983940716222773,0.10002883439888008,0.1467093195416705,0.19338980468446088,0.24007028982725132,0.28675077497004176,0.499578441059629,0.4937592589020297,0.48356983166537737,0.47338040442872503,0.4631909771920727,0.45300154995542036,0.442812122718768,0.3961316375759776,0.3494511524331872,0.30277066729039676,0.2560901821476063
3240,0.031367184720614005,0.03558634204876214,0.04297411500909338,0.050361887969424625,0.057749660929755864,0.0651374338900871,0.07252520685041834,0.10637056615310214,0.14021592545578596,0.17406128475846977,0.20790664406115364,0.38513873965896495,0.3809195823308168,0.3735318093704856,0.36614403641015436,0.35875626344982314,0.3513684904894919,0.3439807175291607,0.3101353582264769,0.27628999892379313,0.24244463962110932,0.20859928031842545
3241,0.027541528392130105,0.031246101893993974,0.037732835101129916,0.04421956830826585,0.05070630151540179,0.057193034722537735,0.06367976792967367,0.09339722368731823,0.1231146794449628,0.15283213520260736,0.18254959096025195,0.2947264391013124,0.29102186559944854,0.2845351323923126,0.27804839918517665,0.2715616659780407,0.26507493277090477,0.25858819956376883,0.22887074380612427,0.1991532880484797,0.16943583229083514,0.13971837653319055
3242,0.021214760756460276,0.024068329353953997,0.029064947229369295,0.03406156510478459,0.03905818298019989,0.04405480085561519,0.049051418731030486,0.07194225852804301,0.09483309832505553,0.11772393812206808,0.1406147779190806,0.2196416620198345,0.2167880934223408,0.21179147554692548,0.20679485767151018,0.20179823979609487,0.19680162192067957,0.19180500404526427,0.16891416424825173,0.14602332445123922,0.12313248465422667,0.10024164485721414
3243,0.017379901386824617,0.01971764826949346,0.023811058840523276,0.02790446941155309,0.03199787998258291,0.03609129055361272,0.04018470112464254,0.058937707246218926,0.07769071336779533,0.09644371948937172,0.11519672561094813,0.1725522635160582,0.17021451663338938,0.16612110606235955,0.16202769549132973,0.1579342849202999,0.15384087434927007,0.14974746377824025,0.13099445765666387,0.11224145153508747,0.09348844541351108,0.07473543929193467
3244,0.018861538995962508,0.02139857893702769,0.025840952998510806,0.030283327059993915,0.03472570112147703,0.03916807518296014,0.04361044924444325,0.0639621502340575,0.08431385122367176,0.10466555221328604,0.1250172532029003,0.16219714722554288,0.1596601072844777,0.15521773322299456,0.15077535916151147,0.14633298510002835,0.14189061103854522,0.1374482369770621,0.11709653598744785,0.0967448349978336,0.07639313400821932,0.05604143301860505
3245,0.06031042844298219,0.06842270209442457,0.08262734801485494,0.09683199393528533,0.1110366398557157,0.1252412857761461,0.1394459316965765,0.20452120506052845,0.2695964784244804,0.33467175178843245,0.39974702515238447,0.4566317751531136,0.4485195015016712,0.43431485558124083,0.4201102096608105,0.4059055637403801,0.3917009178199497,0.3774962718995193,0.3124209985355673,0.24734572517161535,0.18227045180766333,0.1171951784437113
3246,0.30895518501738617,0.35051232648691727,0.4232791617051753,0.4960459969234333,0.5688128321416914,0.6415796673599494,0.7143465025782075,1.0477107919933368,1.3810750814084662,1.7144393708235957,2.0478036602387255,2.1024107163262697,2.0608535748567385,1.9880867396384805,1.9153199044202225,1.8425530692019643,1.7697862339837063,1.6970193987654483,1.363655109350319,1.0302908199351897,0.6969265305200603,0.3635622411049304
3247,1.1612949269476076,1.3174991271273024,1.5910137359992662,1.8645283448712298,2.1380429537431938,2.4115575626151577,2.685072171487121,3.9381155800368046,5.191158988586489,6.444202397136173,7.697245805685856,8.797592590406415,8.64138839022672,8.367873781354756,8.094359172482793,7.820844563610829,7.547329954738865,7.273815345866902,6.020771937317218,4.767728528767535,3.514685120217851,2.261641711668167
3248,2.8365400828547638,3.218079229059924,3.8861568494030205,4.554234469746118,5.222312090089215,5.890389710432311,6.558467330775408,9.61910918103339,12.679751031291374,15.74039288154936,18.801034731807345,21.40384848736475,21.02230934115959,20.354231720816493,19.686154100473395,19.018076480130297,18.3499988597872,17.6819212394441,14.621279389186117,11.560637538928134,8.499995688670149,5.439353838412163
3249,4.187241305649756,4.750461435119857,5.736663683482037,6.722865931844216,7.709068180206397,8.695270428568575,9.681472676930756,14.199528337297998,18.717583997665233,23.23563965803248,27.75369531839972,32.29130966000392,31.72808953053382,30.74188728217164,29.75568503380946,28.76948278544728,27.7832805370851,26.797078288722922,22.27902262835568,17.760966967988445,13.242911307621199,8.724855647253957
3250,4.1224380187469025,4.6769415462886,5.647880965838258,6.618820385387915,7.5897598049375725,8.56069922448723,9.53163864403689,13.979771212843394,18.427903781649896,22.876036350456406,27.324168919262913,32.91035711924829,32.35585359170659,31.384914172156932,30.413974752607274,29.443035333057615,28.472095913507957,27.501156493958298,23.053023925151795,18.60489135634529,14.15675878753878,9.708626218732274
3251,3.351595880008395,3.8024144805325077,4.591800893015079,5.381187305497649,6.170573717980221,6.959960130462791,7.7493465429453625,11.365736340329079,14.982126137712793,18.59851593509651,22.21490573248023,27.356769827551037,26.905951227026925,26.116564814544354,25.327178402061783,24.537791989579212,23.74840557709664,22.95901916461407,19.34262936723035,15.726239569846637,12.109849772462919,8.493459975079201
3252,2.9910124143164416,3.3933294236000933,4.097789222441407,4.80224902128272,5.506708820124034,6.211168618965348,6.915628417806662,10.142946736074473,13.370265054342282,16.597583372610092,19.82490169087791,24.2284335048095,23.82611649552585,23.121656696684536,22.417196897843223,21.71273709900191,21.008277300160596,20.303817501319283,17.076499183051475,13.849180864783666,10.621862546515855,7.394544228248039
3253,2.7047846416677372,3.0686015427890947,3.7056473923676854,4.342693241946275,4.979739091524866,5.6167849411034565,6.253830790682048,9.172307818474215,12.090784846266383,15.009261874058554,17.92773890185072,22.802692522038395,22.438875620917038,21.801829771338447,21.164783921759856,20.527738072181265,19.890692222602674,19.253646373024083,16.335169345231915,13.416692317439747,10.498215289647575,7.579738261855409
3254,2.20733046474823,2.5042354815337093,3.0241181699939683,3.544000858454227,4.063883546914486,4.583766235374744,5.103648923835004,7.485370246439614,9.867091569044224,12.248812891648836,14.630534214253444,19.724931122724897,19.428026105939416,18.908143417479156,18.388260729018896,17.868378040558635,17.348495352098375,16.828612663638115,14.446891341033504,12.065170018428894,9.683448695824282,7.3017273732196735
3255,1.677916042855984,1.903610246250039,2.298802319798513,2.693994393346985,3.0891864668954585,3.484378540443932,3.879570613992405,5.690050956937462,7.500531299882518,9.311011642827577,11.121491985772634,14.871256559632515,14.645562356238461,14.250370282689987,13.855178209141515,13.459986135593041,13.064794062044568,12.669601988496094,10.859121645551037,9.04864130260598,7.238160959660921,5.427680616715864
3256,1.1172675321315855,1.2675496673528908,1.5306947005095728,1.7938397336662546,2.0569847668229366,2.3201297999796187,2.583274833136301,3.7888124482913326,4.9943500634463645,6.199887678601396,7.405425293756428,10.033161309414842,9.882879174193537,9.619734141036854,9.356589107880172,9.09344407472349,8.830299041566807,8.567154008410125,7.361616393255093,6.156078778100062,4.95054116294503,3.745003547789998
3257,0.6682540838903488,0.7581400312657272,0.9155309318380566,1.0729218324103855,1.2303127329827148,1.3877036335550441,1.5450945341273732,2.2661442482220826,2.987193962316792,3.7082436764115014,4.429293390506211,6.0734388854665,5.983552938091121,5.826162037518792,5.668771136946463,5.5113802363741335,5.3539893358018045,5.196598435229475,4.475548721134766,3.7544990070400566,3.033449292945347,2.3123995788506377
3258,0.4397550001969972,0.4989058467966161,0.6024793784527985,0.7060529101089809,0.8096264417651632,0.9131999734213457,1.016773505077528,1.4912714914090162,1.9657694777405041,2.4402674640719924,2.9147654504034803,3.6846018562989733,3.625451009699354,3.5218774780431716,3.418303946386989,3.314730414730807,3.2111568830746244,3.1075833514184423,2.633085365086954,2.158587378755466,1.6840893924239777,1.2095914060924897
3259,0.286284866305672,0.32479265405806435,0.39222005033488544,0.4596474466117065,0.5270748428885276,0.5945022391653487,0.6619296354421698,0.9708325302776295,1.2797354251130895,1.5886383199485492,1.8975412147840094,2.22844041223525,2.1899326244828576,2.1225052282060366,2.0550778319292156,1.9876504356523945,1.9202230393755735,1.8527956430987524,1.5438927482632927,1.2349898534278327,0.926086958592373,0.6171840637569128
3260,0.1600000684787465,0.18152145994052682,0.21920556165659857,0.25688966337267033,0.2945737650887421,0.33225786680481384,0.3699419685208856,0.5425828942000834,0.7152238198792811,0.887864745558479,1.0605056712376768,1.3303544742870113,1.308833082825231,1.2711489811091592,1.2334648793930874,1.1957807776770155,1.1580966759609437,1.1204125742448718,0.947771648565674,0.7751307228864763,0.6024897972072784,0.4298488715280806
3261,0.0966650333943288,0.10966731548161278,0.1324343991801003,0.15520148287858784,0.17796856657707538,0.20073565027556292,0.2235027339740505,0.3278048196211218,0.432106905268193,0.5364089909152644,0.6407110765623357,0.8750441895076194,0.8620419074203355,0.8392748237218479,0.8165077400233604,0.7937406563248728,0.7709735726263852,0.7482064889278977,0.6439044032808263,0.5396023176337551,0.4353002319866837,0.3309981463396124
3262,0.060485888935644626,0.06862176353916513,0.08286773488598757,0.09711370623281,0.11135967757963244,0.1256056489264549,0.13985162027327736,0.2051162164429092,0.27038081261254104,0.33564540878217297,0.40091000495180484,0.6530761972950729,0.6449403226915524,0.63069435134473,0.6164483799979075,0.602202408651085,0.5879564373042625,0.57371046595744,0.5084458697878081,0.4431812736181763,0.37791667744854435,0.3126520812789125
3263,0.04326251605801909,0.04908169821561838,0.059271125452270715,0.06946055268892304,0.07964997992557539,0.08983940716222773,0.10002883439888008,0.1467093195416705,0.19338980468446088,0.24007028982725132,0.28675077497004176,0.499578441059629,0.4937592589020297,0.48356983166537737,0.47338040442872503,0.4631909771920727,0.45300154995542036,0.442812122718768,0.3961316375759776,0.3494511524331872,0.30277066729039676,0.2560901821476063
3264,0.031367184720614005,0.03558634204876214,0.04297411500909338,0.050361887969424625,0.057749660929755864,0.0651374338900871,0.07252520685041834,0.10637056615310214,0.14021592545578596,0.17406128475846977,0.20790664406115364,0.38513873965896495,0.3809195823308168,0.3735318093704856,0.36614403641015436,0.35875626344982314,0.3513684904894919,0.3439807175291607,0.3101353582264769,0.27628999892379313,0.24244463962110932,0.20859928031842545
3265,0.027541528392130105,0.031246101893993974,0.037732835101129916,0.04421956830826585,0.05070630151540179,0.057193034722537735,0.06367976792967367,0.09339722368731823,0.1231146794449628,0.15283213520260736,0.18254959096025195,0.2947264391013124,0.29102186559944854,0.2845351323923126,0.27804839918517665,0.2715616659780407,0.26507493277090477,0.25858819956376883,0.22887074380612427,0.1991532880484797,0.16943583229083514,0.13971837653319055
3266,0.021214760756460276,0.024068329353953997,0.029064947229369295,0.03406156510478459,0.03905818298019989,0.04405480085561519,0.049051418731030486,0.07194225852804301,0.09483309832505553,0.11772393812206808,0.1406147779190806,0.2196416620198345,0.2167880934223408,0.21179147554692548,0.20679485767151018,0.20179823979609487,0.19680162192067957,0.19180500404526427,0.16891416424825173,0.14602332445123922,0.12313248465422667,0.10024164485721414
3267,0.017379901386824617,0.01971764826949346,0.023811058840523276,0.02790446941155309,0.03199787998258291,0.03609129055361272,0.04018470112464254,0.058937707246218926,0.07769071336779533,0.09644371948937172,0.11519672561094813,0.1725522635160582,0.17021451663338938,0.16612110606235955,0.16202769549132973,0.1579342849202999,0.15384087434927007,0.14974746377824025,0.13099445765666387,0.11224145153508747,0.09348844541351108,0.07473543929193467
3268,0.018861538995962508,0.02139857893702769,0.025840952998510806,0.030283327059993915,0.03472570112147703,0.03916807518296014,0.04361044924444325,0.0639621502340575,0.08431385122367176,0.10466555221328604,0.1250172532029003,0.16219714722554288,0.1596601072844777,0.15521773322299456,0.15077535916151147,0.14633298510002835,0.14189061103854522,0.1374482369770621,0.11709653598744785,0.0967448349978336,0.07639313400821932,0.05604143301860505
3269,0.06031042844298219,0.06842270209442457,0.08262734801485494,0.09683199393528533,0.1110366398557157,0.1252412857761461,0.1394459316965765,0.20452120506052845,0.2695964784244804,0.33467175178843245,0.39974702515238447,0.4566317751531136,0.4485195015016712,0.43431485558124083,0.4201102096608105,0.4059055637403801,0.3917009178199497,0.3774962718995193,0.3124209985355673,0.24734572517161535,0.18227045180766333,0.1171951784437113
3270,0.30895518501738617,0.35051232648691727,0.4232791617051753,0.4960459969234333,0.5688128321416914,0.6415796673599494,0.7143465025782075,1.0477107919933368,1.3810750814084662,1.7144393708235957,2.0478036602387255,2.1024107163262697,2.0608535748567385,1.9880867396384805,1.9153199044202225,1.8425530692019643,1.7697862339837063,1.6970193987654483,1.363655109350319,1.0302908199351897,0.6969265305200603,0.3635622411049304
3271,1.1612949269476076,1.3174991271273024,1.5910137359992662,1.8645283448712298,2.1380429537431938,2.4115575626151577,2.685072171487121,3.9381155800368046,5.191158988586489,6.444202397136173,7.697245805685856,8.797592590406415,8.64138839022672,8.367873781354756,8.094359172482793,7.820844563610829,7.547329954738865,7.273815345866902,6.020771937317218,4.767728528767535,3.514685120217851,2.261641711668167
3272,2.8365400828547638,3.218079229059924,3.8861568494030205,4.554234469746118,5.222312090089215,5.890389710432311,6.558467330775408,9.61910918103339,12.679751031291374,15.74039288154936,18.801034731807345,21.40384848736475,21.02230934115959,20.354231720816493,19.686154100473395,19.018076480130297,18.3499988597872,17.6819212394441,14.621279389186117,11.560637538928134,8.499995688670149,5.439353838412163
3273,4.187241305649756,4.750461435119857,5.736663683482037,6.722865931844216,7.709068180206397,8.695270428568575,9.681472676930756,14.199528337297998,18.717583997665233,23.23563965803248,27.75369531839972,32.29130966000392,31.72808953053382,30.74188728217164,29.75568503380946,28.76948278544728,27.7832805370851,26.797078288722922,22.27902262835568,17.760966967988445,13.242911307621199,8.724855647253957
3274,4.1224380187469025,4.6769415462886,5.647880965838258,6.618820385387915,7.5897598049375725,8.56069922448723,9.53163864403689,13.979771212843394,18.427903781649896,22.876036350456406,27.324168919262913,32.91035711924829,32.35585359170659,31.384914172156932,30.413974752607274,29.443035333057615,28.472095913507957,27.501156493958298,23.053023925151795,18.60489135634529,14.15675878753878,9.708626218732274
3275,3.351595880008395,3.8024144805325077,4.591800893015079,5.381187305497649,6.170573717980221,6.959960130462791,7.7493465429453625,11.365736340329079,14.982126137712793,18.59851593509651,22.21490573248023,27.356769827551037,26.905951227026925,26.116564814544354,25.327178402061783,24.537791989579212,23.74840557709664,22.95901916461407,19.34262936723035,15.726239569846637,12.109849772462919,8.493459975079201
3276,2.9910124143164416,3.3933294236000933,4.097789222441407,4.80224902128272,5.506708820124034,6.211168618965348,6.915628417806662,10.142946736074473,13.370265054342282,16.597583372610092,19.82490169087791,24.2284335048095,23.82611649552585,23.121656696684536,22.417196897843223,21.71273709900191,21.008277300160596,20.303817501319283,17.076499183051475,13.849180864783666,10.621862546515855,7.394544228248039
3277,2.7047846416677372,3.0686015427890947,3.7056473923676854,4.342693241946275,4.979739091524866,5.6167849411034565,6.253830790682048,9.172307818474215,12.090784846266383,15.009261874058554,17.92773890185072,22.802692522038395,22.438875620917038,21.801829771338447,21.164783921759856,20.527738072181265,19.890692222602674,19.253646373024083,16.335169345231915,13.416692317439747,10.498215289647575,7.579738261855409
3278,2.20733046474823,2.5042354815337093,3.0241181699939683,3.544000858454227,4.063883546914486,4.583766235374744,5.103648923835004,7.485370246439614,9.867091569044224,12.248812891648836,14.630534214253444,19.724931122724897,19.428026105939416,18.908143417479156,18.388260729018896,17.868378040558635,17.348495352098375,16.828612663638115,14.446891341033504,12.065170018428894,9.683448695824282,7.3017273732196735
3279,1.677916042855984,1.903610246250039,2.298802319798513,2.693994393346985,3.0891864668954585,3.484378540443932,3.879570613992405,5.690050956937462,7.500531299882518,9.311011642827577,11.121491985772634,14.871256559632515,14.645562356238461,14.250370282689987,13.855178209141515,13.459986135593041,13.064794062044568,12.669601988496094,10.859121645551037,9.04864130260598,7.238160959660921,5.427680616715864
3280,1.1172675321315855,1.2675496673528908,1.5306947005095728,1.7938397336662546,2.0569847668229366,2.3201297999796187,2.583274833136301,3.7888124482913326,4.9943500634463645,6.199887678601396,7.405425293756428,10.033161309414842,9.882879174193537,9.619734141036854,9.356589107880172,9.09344407472349,8.830299041566807,8.567154008410125,7.361616393255093,6.156078778100062,4.95054116294503,3.745003547789998
3281,0.6682540838903488,0.7581400312657272,0.9155309318380566,1.0729218324103855,1.2303127329827148,1.3877036335550441,1.5450945341273732,2.2661442482220826,2.987193962316792,3.7082436764115014,4.429293390506211,6.0734388854665,5.983552938091121,5.826162037518792,5.668771136946463,5.5113802363741335,5.3539893358018045,5.196598435229475,4.475548721134766,3.7544990070400566,3.033449292945347,2.3123995788506377
3282,0.4397550001969972,0.4989058467966161,0.6024793784527985,0.7060529101089809,0.8096264417651632,0.9131999734213457,1.016773505077528,1.4912714914090162,1.9657694777405041,2.4402674640719924,2.9147654504034803,3.6846018562989733,3.625451009699354,3.5218774780431716,3.418303946386989,3.314730414730807,3.2111568830746244,3.1075833514184423,2.633085365086954,2.158587378755466,1.6840893924239777,1.2095914060924897
3283,0.286284866305672,0.32479265405806435,0.39222005033488544,0.4596474466117065,0.5270748428885276,0.5945022391653487,0.6619296354421698,0.9708325302776295,1.2797354251130895,1.5886383199485492,1.8975412147840094,2.22844041223525,2.1899326244828576,2.1225052282060366,2.0550778319292156,1.9876504356523945,1.9202230393755735,1.8527956430987524,1.5438927482632927,1.2349898534278327,0.926086958592373,0.6171840637569128
3284,0.1600000684787465,0.18152145994052682,0.21920556165659857,0.25688966337267033,0.2945737650887421,0.33225786680481384,0.3699419685208856,0.5425828942000834,0.7152238198792811,0.887864745558479,1.0605056712376768,1.3303544742870113,1.308833082825231,1.2711489811091592,1.2334648793930874,1.1957807776770155,1.1580966759609437,1.1204125742448718,0.947771648565674,0.7751307228864763,0.6024897972072784,0.4298488715280806
3285,0.0966650333943288,0.10966731548161278,0.1324343991801003,0.15520148287858784,0.17796856657707538,0.20073565027556292,0.2235027339740505,0.3278048196211218,0.432106905268193,0.5364089909152644,0.6407110765623357,0.8750441895076194,0.8620419074203355,0.8392748237218479,0.8165077400233604,0.7937406563248728,0.7709735726263852,0.7482064889278977,0.6439044032808263,0.5396023176337551,0.4353002319866837,0.3309981463396124
3286,0.060485888935644626,0.06862176353916513,0.08286773488598757,0.09711370623281,0.11135967757963244,0.1256056489264549,0.13985162027327736,0.2051162164429092,0.27038081261254104,0.33564540878217297,0.40091000495180484,0.6530761972950729,0.6449403226915524,0.63069435134473,0.6164483799979075,0.602202408651085,0.5879564373042625,0.57371046595744,0.5084458697878081,0.4431812736181763,0.37791667744854435,0.3126520812789125
3287,0.04326251605801909,0.04908169821561838,0.059271125452270715,0.06946055268892304,0.07964997992557539,0.08983940716222773,0.10002883439888008,0.1467093195416705,0.19338980468446088,0.24007028982725132,0.28675077497004176,0.499578441059629,0.4937592589020297,0.48356983166537737,0.47338040442872503,0.4631909771920727,0.45300154995542036,0.442812122718768,0.3961316375759776,0.3494511524331872,0.30277066729039676,0.2560901821476063
3288,0.031367184720614005,0.03558634204876214,0.04297411500909338,0.050361887969424625,0.057749660929755864,0.0651374338900871,0.07252520685041834,0.10637056615310214,0.14021592545578596,0.17406128475846977,0.20790664406115364,0.38513873965896495,0.3809195823308168,0.3735318093704856,0.36614403641015436,0.35875626344982314,0.3513684904894919,0.3439807175291607,0.3101353582264769,0.27628999892379313,0.24244463962110932,0.20859928031842545
3289,0.027541528392130105,0.031246101893993974,0.037732835101129916,0.04421956830826585,0.05070630151540179,0.057193034722537735,0.06367976792967367,0.09339722368731823,0.1231146794449628,0.15283213520260736,0.18254959096025195,0.2947264391013124,0.29102186559944854,0.2845351323923126,0.27804839918517665,0.2715616659780407,0.26507493277090477,0.25858819956376883,0.22887074380612427,0.1991532880484797,0.16943583229083514,0.13971837653319055
3290,0.021214760756460276,0.024068329353953997,0.029064947229369295,0.03406156510478459,0.03905818298019989,0.04405480085561519,0.049051418731030486,0.07194225852804301,0.09483309832505553,0.11772393812206808,0.1406147779190806,0.2196416620198345,0.2167880934223408,0.21179147554692548,0.20679485767151018,0.20179823979609487,0.19680162192067957,0.19180500404526427,0.16891416424825173,0.14602332445123922,0.12313248465422667,0.10024164485721414
3291,0.017379901386824617,0.01971764826949346,0.023811058840523276,0.02790446941155309,0.03199787998258291,0.03609129055361272,0.04018470112464254,0.058937707246218926,0.07769071336779533,0.09644371948937172,0.11519672561094813,0.1725522635160582,0.17021451663338938,0.16612110606235955,0.16202769549132973,0.1579342849202999,0.15384087434927007,0.14974746377824025,0.13099445765666387,0.11224145153508747,0.09348844541351108,0.07473543929193467
3292,0.018861538995962508,0.02139857893702769,0.025840952998510806,0.030283327059993915,0.03472570112147703,0.03916807518296014,0.04361044924444325,0.0639621502340575,0.08431385122367176,0.10466555221328604,0.1250172532029003,0.16219714722554288,0.1596601072844777,0.15521773322299456,0.15077535916151147,0.14633298510002835,0.14189061103854522,0.1374482369770621,0.11709653598744785,0.0967448349978336,0.07639313400821932,0.05604143301860505
3293,0.06031042844298219,0.06842270209442457,0.08262734801485494,0.09683199393528533,0.1110366398557157,0.1252412857761461,0.1394459316965765,0.20452120506052845,0.2695964784244804,0.33467175178843245,0.39974702515238447,0.4566317751531136,0.4485195015016712,0.43431485558124083,0.4201102096608105,0.4059055637403801,0.3917009178199497,0.3774962718995193,0.3124209985355673,0.24734572517161535,0.18227045180766333,0.1171951784437113
3294,0.30895518501738617,0.35051232648691727,0.4232791617051753,0.4960459969234333,0.5688128321416914,0.6415796673599494,0.7143465025782075,1.0477107919933368,1.3810750814084662,1.7144393708235957,2.0478036602387255,2.1024107163262697,2.0608535748567385,1.9880867396384805,1.9153199044202225,1.8425530692019643,1.7697862339837063,1.6970193987654483,1.363655109350319,1.0302908199351897,0.6969265305200603,0.3635622411049304
3295,1.1612949269476076,1.3174991271273024,1.5910137359992662,1.8645283448712298,2.1380429537431938,2.4115575626151577,2.685072171487121,3.9381155800368046,5.191158988586489,6.444202397136173,7.697245805685856,8.797592590406415,8.64138839022672,8.367873781354756,8.094359172482793,7.820844563610829,7.547329954738865,7.273815345866902,6.020771937317218,4.767728528767535,3.514685120217851,2.261641711668167
3296,2.8365400828547638,3.218079229059924,3.8861568494030205,4.554234469746118,5.222312090089215,5.890389710432311,6.558467330775408,9.61910918103339,12.679751031291374,15.74039288154936,18.801034731807345,21.40384848736475,21.02230934115959,20.354231720816493,19.686154100473395,19.018076480130297,18.3499988597872,17.6819212394441,14.621279389186117,11.560637538928134,8.499995688670149,5.439353838412163
3297,4.187241305649756,4.750461435119857,5.736663683482037,6.722865931844216,7.709068180206397,8.695270428568575,9.681472676930756,14.199528337297998,18.717583997665233,23.23563965803248,27.75369531839972,32.29130966000392,31.72808953053382,30.74188728217164,29.75568503380946,28.76948278544728,27.7832805370851,26.797078288722922,22.27902262835568,17.760966967988445,13.242911307621199,8.724855647253957
3298,4.1224380187469025,4.6769415462886,5.647880965838258,6.618820385387915,7.5897598049375725,8.56069922448723,9.53163864403689,13.979771212843394,18.427903781649896,22.876036350456406,27.324168919262913,32.91035711924829,32.35585359170659,31.384914172156932,30.413974752607274,29.443035333057615,28.472095913507957,27.501156493958298,23.053023925151795,18.60489135634529,14.15675878753878,9.708626218732274
3299,3.351595880008395,3.8024144805325077,4.591800893015079,5.381187305497649,6.170573717980221,6.959960130462791,7.7493465429453625,11.365736340329079,14.982126137712793,18.59851593509651,22.21490573248023,27.356769827551037,26.905951227026925,26.116564814544354,25.327178402061783,24.537791989579212,23.74840557709664,22.95901916461407,19.34262936723035,15.726239569846637,12.109849772462919,8.493459975079201
3300,2.9910124143164416,3.3933294236000933,4.097789222441407,4.80224902128272,5.506708820124034,6.211168618965348,6.915628417806662,10.142946736074473,13.370265054342282,16.597583372610092,19.82490169087791,24.2284335048095,23.82611649552585,23.121656696684536,22.417196897843223,21.71273709900191,21.008277300160596,20.303817501319283,17.076499183051475,13.849180864783666,10.621862546515855,7.394544228248039
3301,2.7047846416677372,3.0686015427890947,3.7056473923676854,4.342693241946275,4.979739091524866,5.6167849411034565,6.253830790682048,9.172307818474215,12.090784846266383,15.009261874058554,17.92773890185072,22.802692522038395,22.438875620917038,21.801829771338447,21.164783921759856,20.527738072181265,19.890692222602674,19.253646373024083,16.335169345231915,13.416692317439747,10.498215289647575,7.579738261855409
3302,2.20733046474823,2.5042354815337093,3.0241181699939683,3.544000858454227,4.063883546914486,4.583766235374744,5.103648923835004,7.485370246439614,9.867091569044224,12.248812891648836,14.630534214253444,19.724931122724897,19.428026105939416,18.908143417479156,18.388260729018896,17.868378040558635,17.348495352098375,16.828612663638115,14.446891341033504,12.065170018428894,9.683448695824282,7.3017273732196735
3303,1.677916042855984,1.903610246250039,2.298802319798513,2.693994393346985,3.0891864668954585,3.484378540443932,3.879570613992405,5.690050956937462,7.500531299882518,9.311011642827577,11.121491985772634,14.871256559632515,14.645562356238461,14.250370282689987,13.855178209141515,13.459986135593041,13.064794062044568,12.669601988496094,10.859121645551037,9.04864130260598,7.238160959660921,5.427680616715864
3304,1.1172675321315855,1.2675496673528908,1.5306947005095728,1.7938397336662546,2.0569847668229366,2.3201297999796187,2.583274833136301,3.7888124482913326,4.9943500634463645,6.199887678601396,7.405425293756428,10.033161309414842,9.882879174193537,9.619734141036854,9.356589107880172,9.09344407472349,8.830299041566807,8.567154008410125,7.361616393255093,6.156078778100062,4.95054116294503,3.745003547789998
3305,0.6682540838903488,0.7581400312657272,0.9155309318380566,1.0729218324103855,1.2303127329827148,1.3877036335550441,1.5450945341273732,2.2661442482220826,2.987193962316792,3.7082436764115014,4.429293390506211,6.0734388854665,5.983552938091121,5.826162037518792,5.668771136946463,5.5113802363741335,5.3539893358018045,5.196598435229475,4.475548721134766,3.7544990070400566,3.033449292945347,2.3123995788506377
3306,0.4397550001969972,0.4989058467966161,0.6024793784527985,0.7060529101089809,0.8096264417651632,0.9131999734213457,1.016773505077528,1.4912714914090162,1.9657694777405041,2.4402674640719924,2.9147654504034803,3.6846018562989733,3.625451009699354,3.5218774780431716,3.418303946386989,3.314730414730807,3.2111568830746244,3.1075833514184423,2.633085365086954,2.158587378755466,1.6840893924239777,1.2095914060924897
3307,0.286284866305672,0.32479265405806435,0.39222005033488544,0.4596474466117065,0.5270748428885276,0.5945022391653487,0.6619296354421698,0.9708325302776295,1.2797354251130895,1.5886383199485492,1.8975412147840094,2.22844041223525,2.1899326244828576,2.1225052282060366,2.0550778319292156,1.9876504356523945,1.9202230393755735,1.8527956430987524,1.5438927482632927,1.2349898534278327,0.926086958592373,0.6171840637569128
3308,0.1600000684787465,0.18152145994052682,0.21920556165659857,0.25688966337267033,0.2945737650887421,0.33225786680481384,0.3699419685208856,0.5425828942000834,0.7152238198792811,0.887864745558479,1.0605056712376768,1.3303544742870113,1.308833082825231,1.2711489811091592,1.2334648793930874,1.1957807776770155,1.1580966759609437,1.1204125742448718,0.947771648565674,0.7751307228864763,0.6024897972072784,0.4298488715280806
3309,0.0966650333943288,0.10966731548161278,0.1324343991801003,0.15520148287858784,0.17796856657707538,0.20073565027556292,0.2235027339740505,0.3278048196211218,0.432106905268193,0.5364089909152644,0.6407110765623357,0.8750441895076194,0.8620419074203355,0.8392748237218479,0.8165077400233604,0.7937406563248728,0.7709735726263852,0.7482064889278977,0.6439044032808263,0.5396023176337551,0.4353002319866837,0.3309981463396124
3310,0.060485888935644626,0.06862176353916513,0.08286773488598757,0.09711370623281,0.11135967757963244,0.1256056489264549,0.13985162027327736,0.2051162164429092,0.27038081261254104,0.33564540878217297,0.40091000495180484,0.6530761972950729,0.6449403226915524,0.63069435134473,0.6164483799979075,0.602202408651085,0.5879564373042625,0.57371046595744,0.5084458697878081,0.4431812736181763,0.37791667744854435,0.3126520812789125
3311,0.04326251605801909,0.04908169821561838,0.059271125452270715,0.06946055268892304,0.07964997992557539,0.08983940716222773,0.10002883439888008,0.1467093195416705,0.19338980468446088,0.24007028982725132,0.28675077497004176,0.499578441059629,0.4937592589020297,0.48356983166537737,0.47338040442872503,0.4631909771920727,0.45300154995542036,0.442812122718768,0.3961316375759776,0.3494511524331872,0.30277066729039676,0.2560901821476063
3312,0.06656898268586907,0.07552308595105217,0.09120178120737912,0.10688047646370606,0.12255917172003303,0.13823786697635998,0.1539165622326869,0.2257448489433112,0.29757313565393556,0.36940142236455986,0.44122970907518416,0.4271966781704077,0.4182425749052246,0.4025638796488976,0.3868851843925707,0.3712064891362437,0.35552779387991673,0.3398490986235898,0.2680208119129655,0.19619252520234115,0.12436423849171685,0.05253595178109255
3313,0.056639086305014866,0.06425753272192815,0.07759748382143074,0.09093743492093335,0.10427738602043597,0.11761733711993858,0.1309572882194412,0.19207116387144205,0.25318503952344296,0.31429891517544384,0.3754127908274448,0.3168441383691494,0.3092256919522361,0.2958857408527335,0.28254578975323086,0.26920583865372827,0.2558658875542257,0.24252593645472306,0.1814120608027222,0.1202981851507213,0.05918430949872042,-0.0019295661532805208
3314,0.03392680220936796,0.038490250202461725,0.046480878441028384,0.05447150667959503,0.06246213491816169,0.07045276315672834,0.07844339139529499,0.1150505915949522,0.15165779179460942,0.18826499199426663,0.22487219219392388,0.22601923126692836,0.22145578327383458,0.21346515503526792,0.20547452679670128,0.1974838985581346,0.18949327031956797,0.1815026420810013,0.1448954418813441,0.10828824168168688,0.07168104148202967,0.035073841282372425
3315,0.0236676925723058,0.026851201690074235,0.03242554764354464,0.03799989359701504,0.043574239550485436,0.049148585503955844,0.05472293145742625,0.08026049774238261,0.10579806402733898,0.13133563031229536,0.15687319659725174,0.20284547879051973,0.1996619696727513,0.1940876237192809,0.1885132777658105,0.1829389318123401,0.17736458585886972,0.17179023990539932,0.14625267362044297,0.12071510733548661,0.09517754105053022,0.06963997476557385
3316,0.02469635730095266,0.028018230711428102,0.03383485347536883,0.03965147623930954,0.04546809900325027,0.051284721767191,0.05710134453113172,0.08374884553458932,0.11039634653804692,0.1370438475415045,0.16369134854496212,0.2086410790622131,0.20531920565173767,0.19950258288779693,0.19368596012385622,0.18786933735991548,0.18205271459597477,0.17623609183203404,0.14958859082857645,0.12294108982511885,0.09629358882166127,0.06964608781820365
3317,0.018530992112733714,0.02102357064238779,0.025388092472381524,0.02975261430237525,0.03411713613236898,0.03848165796236271,0.04284617979235644,0.06284121893523797,0.08283625807811949,0.10283129722100104,0.12282633636388257,0.23076451461001737,0.2282719360803633,0.22390741425036959,0.21954289242037586,0.21517837059038214,0.21081384876038842,0.2064493269303947,0.18645428778751316,0.16645924864463163,0.1464642095017501,0.12646917035886857
3318,0.022723898938375474,0.025780459658883387,0.031132518111866028,0.036484576564848666,0.0418366350178313,0.04718869347081395,0.05254075192379659,0.0770599598532782,0.10157916778275981,0.12609837571224142,0.15061758364172306,0.3411068640072945,0.3380503032867866,0.33269824483380395,0.3273461863808213,0.32199412792783866,0.316642069474856,0.31129001102187337,0.2867708030923918,0.2622515951629102,0.2377323872334286,0.21321317930394695
3319,0.05954035988303085,0.0675490526604855,0.08157232777140645,0.0955956028823274,0.10961887799324835,0.12364215310416929,0.13766542821509023,0.20190979350324906,0.2661541587914079,0.33039852407956677,0.3946428893677256,0.5323949645104806,0.524386271733026,0.510362996622105,0.4963397215111841,0.48231644640026317,0.4682931712893422,0.4542698961784213,0.3900255308902625,0.32578116560210363,0.2615368003139448,0.19729243502578592
3320,0.09422208070711786,0.10689576455313886,0.129087470513181,0.15127917647322317,0.17347088243326533,0.1956625883933075,0.21785429435334966,0.31952042104539957,0.42118654773744957,0.5228526744294996,0.6245188011215496,0.7630054397344619,0.7503317558884409,0.7281400499283988,0.7059483439683566,0.6837566380083144,0.6615649320482723,0.6393732260882301,0.5377070993961802,0.4360409727041302,0.33437484601208023,0.23270871932003023
3321,0.11060462621291975,0.12548190395938727,0.1515321177130734,0.17758233146675953,0.2036325452204457,0.22968275897413182,0.255732972727818,0.37507595323620807,0.49441893374459817,0.6137619142529884,0.7331048947613785,1.04243040931092,1.0275531315644524,1.0015029178107662,0.9754527040570801,0.949402490303394,0.9233522765497079,0.8973020627960218,0.7779590822876317,0.6586161017792416,0.5392731212708513,0.41993014076246116
3322,0.14593538259187422,0.16556495229609972,0.19993646134515083,0.23430797039420195,0.2686794794432531,0.3030509884923042,0.3374224975413554,0.4948875522726021,0.6523526070038489,0.8098176617350957,0.9672827164663426,1.3368623237393928,1.3172327540351674,1.2828612449861163,1.2484897359370652,1.2141182268880142,1.1797467178389631,1.145375208789912,0.9879101540586653,0.8304450993274186,0.6729800445961718,0.5155149898649249
3323,0.17412844867806587,0.1975502293326846,0.2385619253527876,0.2795736213728906,0.3205853173929936,0.3615970134130966,0.40260870943319965,0.5904942325625675,0.7783797556919354,0.9662652788213034,1.1541508019506714,1.6963697765134498,1.6729479958588311,1.6319362998387281,1.590924603818625,1.549912907798522,1.508901211778419,1.467889515758316,1.2800039926289482,1.0921184694995802,0.9042329463702122,0.7163474232408442
3324,0.20258246617249245,0.22983155799628885,0.277544901707457,0.32525824541862514,0.3729715891297932,0.4206849328409614,0.46839827655212957,0.6869858360383282,0.9055733955245269,1.1241609550107257,1.3427485144969247,1.9211150761464808,1.8938659843226844,1.8461526406115163,1.7984392969003482,1.7507259531891801,1.7030126094780118,1.6552992657668437,1.4367117062806452,1.2181241467944464,0.9995365873082476,0.7809490278220486
3325,0.22682064156334378,0.25732997737244256,0.31075203030808307,0.3641740832437235,0.4175961361793641,0.4710181891150046,0.5244402420506451,0.769180921820084,1.013921601589523,1.2586622813589619,1.5034029611284008,2.0428941262432594,2.0123847904341607,1.9589627374985201,1.9055406845628797,1.852118631627239,1.7986965786915987,1.745274525755958,1.5005338459865192,1.2557931662170803,1.0110524864476413,0.7663118066782024
3326,0.28713168866453304,0.3257533813399477,0.3933802259058238,0.46100707047169975,0.5286339150375757,0.5962607596034519,0.6638876041693279,0.9737042248382178,1.2835208455071077,1.5933374661759976,1.9031540868448875,2.133676930271694,2.095055237596279,2.027428393030403,1.9598015484645268,1.8921747038986507,1.8245478593327746,1.7569210147668985,1.4471043940980086,1.1372877734291187,0.8274711527602288,0.5176545320913388
3327,0.3067951188581142,0.3480617127682659,0.42031979724889373,0.49257788172952155,0.5648359662101494,0.6370940506907772,0.709352135171405,1.040385701701159,1.3714192682309132,1.7024528347606676,2.0334864012904217,2.1612776545091203,2.120011060598969,2.047752976118341,1.975494891637713,1.9032368071570853,1.8309787226764576,1.7587206381958298,1.427687071666076,1.0966535051363218,0.7656199386065674,0.4345863720768133
3328,0.27598175878396375,0.31310368956544515,0.3781044409318533,0.44310519229826134,0.5081059436646694,0.5731066950310776,0.6381074463974856,0.9358932333664804,1.233679020335475,1.53146480730447,1.829250594273465,1.9097257114610804,1.872603780679599,1.8076030293131908,1.7426022779467827,1.6776015265803745,1.6126007752139664,1.5476000238475582,1.2498142368785634,0.9520284499095688,0.6542426629405738,0.35645687597157893
3329,0.2253108014307007,0.2556170506983482,0.3086834977291007,0.36174994475985317,0.4148163917906057,0.46788283882135817,0.5209492858521106,0.7640608400805081,1.0071723943089055,1.2502839485373032,1.4933955027657007,1.6192575536297766,1.588951304362129,1.5358848573313766,1.4828184103006241,1.4297519632698716,1.3766855162391192,1.3236190692083667,1.0805075149799692,0.8373959607515719,0.5942844065231742,0.3511728522947767
3330,0.181071206183045,0.20542684770103406,0.24807374039633354,0.290720633091633,0.3333675257869325,0.376014418482232,0.41866131117753147,0.6140381066158548,0.809414902054178,1.0047916974925013,1.200168492930825,1.489569188741577,1.4652135472235879,1.4225666545282885,1.379919761832989,1.3372728691376894,1.29462597644239,1.2519790837470905,1.0566022883087673,0.8612254928704441,0.6658486974321208,0.4704719019937972
3331,0.1371027565822645,0.15554426178254532,0.18783546186591396,0.22012666194928254,0.2524178620326512,0.2847090621160198,0.3170002621993884,0.464934866444111,0.6128694706888336,0.7608040749335562,0.9087386791782788,1.2544431595756709,1.23600165437539,1.2037104542920214,1.1714192542086528,1.1391280541252842,1.1068368540419156,1.074545653958547,0.9266110497138245,0.7786764454691019,0.6307418412243793,0.48280723697965666
3332,0.12288693681507708,0.1394162914452449,0.16835930297358676,0.19730231450192862,0.22624532603027048,0.25518833755861237,0.28413134908695425,0.4167270081222759,0.5493226671575976,0.6819183261929194,0.8145139852282411,0.965950353268064,0.9494209986378962,0.9204779871095543,0.8915349755812124,0.8625919640528705,0.8336489525245286,0.8047059409961868,0.6721102819608651,0.5395146229255434,0.40691896389022164,0.27432330485489986
3333,0.10407025709033581,0.11806860573895996,0.14257980870966933,0.16709101168037868,0.19160221465108804,0.2161134176217974,0.24062462059250678,0.3529169820306787,0.4652093434688507,0.5775017049070227,0.6897940663451948,0.756275578156249,0.7422772295076249,0.7177660265369155,0.6932548235662062,0.6687436205954969,0.6442324176247876,0.6197212146540781,0.5074288532159061,0.3951364917777342,0.2828441303395622,0.17055176890139007
3334,0.09174496304809825,0.10408545316899447,0.1256937346673304,0.14730201616566632,0.16891029766400223,0.19051857916233816,0.21212686066067407,0.3111201642112374,0.4101134677618008,0.5091067713123641,0.6081000748629275,0.6380177307790044,0.6256772406581081,0.6040689591597722,0.5824606776614363,0.5608523961631003,0.5392441146647644,0.5176358331664285,0.4186425296158651,0.3196492260653017,0.22065592251473837,0.12166261896417502
3335,0.0756798511426919,0.0858594449247251,0.10368398234795255,0.12150851977117999,0.13933305719440744,0.15715759461763487,0.17498213204086233,0.2566410943198301,0.33830005659879786,0.4199590188777657,0.5016179811567335,0.5589042903878931,0.54872469660586,0.5309001591826326,0.5130756217594051,0.4952510843361777,0.4774265469129503,0.45960200948972285,0.37794304721075506,0.2962840849317873,0.21462512265281947,0.13296616037385167
3336,0.06656898268586907,0.07552308595105217,0.09120178120737912,0.10688047646370606,0.12255917172003303,0.13823786697635998,0.1539165622326869,0.2257448489433112,0.29757313565393556,0.36940142236455986,0.44122970907518416,0.4271966781704077,0.4182425749052246,0.4025638796488976,0.3868851843925707,0.3712064891362437,0.35552779387991673,0.3398490986235898,0.2680208119129655,0.19619252520234115,0.12436423849171685,0.05253595178109255
3337,0.056639086305014866,0.06425753272192815,0.07759748382143074,0.09093743492093335,0.10427738602043597,0.11761733711993858,0.1309572882194412,0.19207116387144205,0.25318503952344296,0.31429891517544384,0.3754127908274448,0.3168441383691494,0.3092256919522361,0.2958857408527335,0.28254578975323086,0.26920583865372827,0.2558658875542257,0.24252593645472306,0.1814120608027222,0.1202981851507213,0.05918430949872042,-0.0019295661532805208
3338,0.03392680220936796,0.038490250202461725,0.046480878441028384,0.05447150667959503,0.06246213491816169,0.07045276315672834,0.07844339139529499,0.1150505915949522,0.15165779179460942,0.18826499199426663,0.22487219219392388,0.22601923126692836,0.22145578327383458,0.21346515503526792,0.20547452679670128,0.1974838985581346,0.18949327031956797,0.1815026420810013,0.1448954418813441,0.10828824168168688,0.07168104148202967,0.035073841282372425
3339,0.0236676925723058,0.026851201690074235,0.03242554764354464,0.03799989359701504,0.043574239550485436,0.049148585503955844,0.05472293145742625,0.08026049774238261,0.10579806402733898,0.13133563031229536,0.15687319659725174,0.20284547879051973,0.1996619696727513,0.1940876237192809,0.1885132777658105,0.1829389318123401,0.17736458585886972,0.17179023990539932,0.14625267362044297,0.12071510733548661,0.09517754105053022,0.06963997476557385
3340,0.02469635730095266,0.028018230711428102,0.03383485347536883,0.03965147623930954,0.04546809900325027,0.051284721767191,0.05710134453113172,0.08374884553458932,0.11039634653804692,0.1370438475415045,0.16369134854496212,0.2086410790622131,0.20531920565173767,0.19950258288779693,0.19368596012385622,0.18786933735991548,0.18205271459597477,0.17623609183203404,0.14958859082857645,0.12294108982511885,0.09629358882166127,0.06964608781820365
3341,0.018530992112733714,0.02102357064238779,0.025388092472381524,0.02975261430237525,0.03411713613236898,0.03848165796236271,0.04284617979235644,0.06284121893523797,0.08283625807811949,0.10283129722100104,0.12282633636388257,0.23076451461001737,0.2282719360803633,0.22390741425036959,0.21954289242037586,0.21517837059038214,0.21081384876038842,0.2064493269303947,0.18645428778751316,0.16645924864463163,0.1464642095017501,0.12646917035886857
3342,0.022723898938375474,0.025780459658883387,0.031132518111866028,0.036484576564848666,0.0418366350178313,0.04718869347081395,0.05254075192379659,0.0770599598532782,0.10157916778275981,0.12609837571224142,0.15061758364172306,0.3411068640072945,0.3380503032867866,0.33269824483380395,0.3273461863808213,0.32199412792783866,0.316642069474856,0.31129001102187337,0.2867708030923918,0.2622515951629102,0.2377323872334286,0.21321317930394695
3343,0.05954035988303085,0.0675490526604855,0.08157232777140645,0.0955956028823274,0.10961887799324835,0.12364215310416929,0.13766542821509023,0.20190979350324906,0.2661541587914079,0.33039852407956677,0.3946428893677256,0.5323949645104806,0.524386271733026,0.510362996622105,0.4963397215111841,0.48231644640026317,0.4682931712893422,0.4542698961784213,0.3900255308902625,0.32578116560210363,0.2615368003139448,0.19729243502578592
3344,0.09422208070711786,0.10689576455313886,0.129087470513181,0.15127917647322317,0.17347088243326533,0.1956625883933075,0.21785429435334966,0.31952042104539957,0.42118654773744957,0.5228526744294996,0.6245188011215496,0.7630054397344619,0.7503317558884409,0.7281400499283988,0.7059483439683566,0.6837566380083144,0.6615649320482723,0.6393732260882301,0.5377070993961802,0.4360409727041302,0.33437484601208023,0.23270871932003023
3345,0.11060462621291975,0.12548190395938727,0.1515321177130734,0.17758233146675953,0.2036325452204457,0.22968275897413182,0.255732972727818,0.37507595323620807,0.49441893374459817,0.6137619142529884,0.7331048947613785,1.04243040931092,1.0275531315644524,1.0015029178107662,0.9754527040570801,0.949402490303394,0.9233522765497079,0.8973020627960218,0.7779590822876317,0.6586161017792416,0.5392731212708513,0.41993014076246116
3346,0.14593538259187422,0.16556495229609972,0.19993646134515083,0.23430797039420195,0.2686794794432531,0.3030509884923042,0.3374224975413554,0.4948875522726021,0.6523526070038489,0.8098176617350957,0.9672827164663426,1.3368623237393928,1.3172327540351674,1.2828612449861163,1.2484897359370652,1.2141182268880142,1.1797467178389631,1.145375208789912,0.9879101540586653,0.8304450993274186,0.6729800445961718,0.5155149898649249
3347,0.17412844867806587,0.1975502293326846,0.2385619253527876,0.2795736213728906,0.3205853173929936,0.3615970134130966,0.40260870943319965,0.5904942325625675,0.7783797556919354,0.9662652788213034,1.1541508019506714,1.6963697765134498,1.6729479958588311,1.6319362998387281,1.590924603818625,1.549912907798522,1.508901211778419,1.467889515758316,1.2800039926289482,1.0921184694995802,0.9042329463702122,0.7163474232408442
3348,0.20258246617249245,0.22983155799628885,0.277544901707457,0.32525824541862514,0.3729715891297932,0.4206849328409614,0.46839827655212957,0.6869858360383282,0.9055733955245269,1.1241609550107257,1.3427485144969247,1.9211150761464808,1.8938659843226844,1.8461526406115163,1.7984392969003482,1.7507259531891801,1.7030126094780118,1.6552992657668437,1.4367117062806452,1.2181241467944464,0.9995365873082476,0.7809490278220486
3349,0.22682064156334378,0.25732997737244256,0.31075203030808307,0.3641740832437235,0.4175961361793641,0.4710181891150046,0.5244402420506451,0.769180921820084,1.013921601589523,1.2586622813589619,1.5034029611284008,2.0428941262432594,2.0123847904341607,1.9589627374985201,1.9055406845628797,1.852118631627239,1.7986965786915987,1.745274525755958,1.5005338459865192,1.2557931662170803,1.0110524864476413,0.7663118066782024
3350,0.28713168866453304,0.3257533813399477,0.3933802259058238,0.46100707047169975,0.5286339150375757,0.5962607596034519,0.6638876041693279,0.9737042248382178,1.2835208455071077,1.5933374661759976,1.9031540868448875,2.133676930271694,2.095055237596279,2.027428393030403,1.9598015484645268,1.8921747038986507,1.8245478593327746,1.7569210147668985,1.4471043940980086,1.1372877734291187,0.8274711527602288,0.5176545320913388
3351,0.3067951188581142,0.3480617127682659,0.42031979724889373,0.49257788172952155,0.5648359662101494,0.6370940506907772,0.709352135171405,1.040385701701159,1.3714192682309132,1.7024528347606676,2.0334864012904217,2.1612776545091203,2.120011060598969,2.047752976118341,1.975494891637713,1.9032368071570853,1.8309787226764576,1.7587206381958298,1.427687071666076,1.0966535051363218,0.7656199386065674,0.4345863720768133
3352,0.27598175878396375,0.31310368956544515,0.3781044409318533,0.44310519229826134,0.5081059436646694,0.5731066950310776,0.6381074463974856,0.9358932333664804,1.233679020335475,1.53146480730447,1.829250594273465,1.9097257114610804,1.872603780679599,1.8076030293131908,1.7426022779467827,1.6776015265803745,1.6126007752139664,1.5476000238475582,1.2498142368785634,0.9520284499095688,0.6542426629405738,0.35645687597157893
3353,0.2253108014307007,0.2556170506983482,0.3086834977291007,0.36174994475985317,0.4148163917906057,0.46788283882135817,0.5209492858521106,0.7640608400805081,1.0071723943089055,1.2502839485373032,1.4933955027657007,1.6192575536297766,1.588951304362129,1.5358848573313766,1.4828184103006241,1.4297519632698716,1.3766855162391192,1.3236190692083667,1.0805075149799692,0.8373959607515719,0.5942844065231742,0.3511728522947767
3354,0.181071206183045,0.20542684770103406,0.24807374039633354,0.290720633091633,0.3333675257869325,0.376014418482232,0.41866131117753147,0.6140381066158548,0.809414902054178,1.0047916974925013,1.200168492930825,1.489569188741577,1.4652135472235879,1.4225666545282885,1.379919761832989,1.3372728691376894,1.29462597644239,1.2519790837470905,1.0566022883087673,0.8612254928704441,0.6658486974321208,0.4704719019937972
3355,0.1371027565822645,0.15554426178254532,0.18783546186591396,0.22012666194928254,0.2524178620326512,0.2847090621160198,0.3170002621993884,0.464934866444111,0.6128694706888336,0.7608040749335562,0.9087386791782788,1.2544431595756709,1.23600165437539,1.2037104542920214,1.1714192542086528,1.1391280541252842,1.1068368540419156,1.074545653958547,0.9266110497138245,0.7786764454691019,0.6307418412243793,0.48280723697965666
3356,0.12288693681507708,0.1394162914452449,0.16835930297358676,0.19730231450192862,0.22624532603027048,0.25518833755861237,0.28413134908695425,0.4167270081222759,0.5493226671575976,0.6819183261929194,0.8145139852282411,0.965950353268064,0.9494209986378962,0.9204779871095543,0.8915349755812124,0.8625919640528705,0.8336489525245286,0.8047059409961868,0.6721102819608651,0.5395146229255434,0.40691896389022164,0.27432330485489986
3357,0.10407025709033581,0.11806860573895996,0.14257980870966933,0.16709101168037868,0.19160221465108804,0.2161134176217974,0.24062462059250678,0.3529169820306787,0.4652093434688507,0.5775017049070227,0.6897940663451948,0.756275578156249,0.7422772295076249,0.7177660265369155,0.6932548235662062,0.6687436205954969,0.6442324176247876,0.6197212146540781,0.5074288532159061,0.3951364917777342,0.2828441303395622,0.17055176890139007
3358,0.09174496304809825,0.10408545316899447,0.1256937346673304,0.14730201616566632,0.16891029766400223,0.19051857916233816,0.21212686066067407,0.3111201642112374,0.4101134677618008,0.5091067713123641,0.6081000748629275,0.6380177307790044,0.6256772406581081,0.6040689591597722,0.5824606776614363,0.5608523961631003,0.5392441146647644,0.5176358331664285,0.4186425296158651,0.3196492260653017,0.22065592251473837,0.12166261896417502
3359,0.0756798511426919,0.0858594449247251,0.10368398234795255,0.12150851977117999,0.13933305719440744,0.15715759461763487,0.17498213204086233,0.2566410943198301,0.33830005659879786,0.4199590188777657,0.5016179811567335,0.5589042903878931,0.54872469660586,0.5309001591826326,0.5130756217594051,0.4952510843361777,0.4774265469129503,0.45960200948972285,0.37794304721075506,0.2962840849317873,0.21462512265281947,0.13296616037385167
3360,0.031367184720614005,0.03558634204876214,0.04297411500909338,0.050361887969424625,0.057749660929755864,0.0651374338900871,0.07252520685041834,0.10637056615310214,0.14021592545578596,0.17406128475846977,0.20790664406115364,0.38513873965896495,0.3809195823308168,0.3735318093704856,0.36614403641015436,0.35875626344982314,0.3513684904894919,0.3439807175291607,0.3101353582264769,0.27628999892379313,0.24244463962110932,0.20859928031842545
3361,0.027541528392130105,0.031246101893993974,0.037732835101129916,0.04421956830826585,0.05070630151540179,0.057193034722537735,0.06367976792967367,0.09339722368731823,0.1231146794449628,0.15283213520260736,0.18254959096025195,0.2947264391013124,0.29102186559944854,0.2845351323923126,0.27804839918517665,0.2715616659780407,0.26507493277090477,0.25858819956376883,0.22887074380612427,0.1991532880484797,0.16943583229083514,0.13971837653319055
3362,0.021214760756460276,0.024068329353953997,0.029064947229369295,0.03406156510478459,0.03905818298019989,0.04405480085561519,0.049051418731030486,0.07194225852804301,0.09483309832505553,0.11772393812206808,0.1406147779190806,0.2196416620198345,0.2167880934223408,0.21179147554692548,0.20679485767151018,0.20179823979609487,0.19680162192067957,0.19180500404526427,0.16891416424825173,0.14602332445123922,0.12313248465422667,0.10024164485721414
3363,0.017379901386824617,0.01971764826949346,0.023811058840523276,0.02790446941155309,0.03199787998258291,0.03609129055361272,0.04018470112464254,0.058937707246218926,0.07769071336779533,0.09644371948937172,0.11519672561094813,0.1725522635160582,0.17021451663338938,0.16612110606235955,0.16202769549132973,0.1579342849202999,0.15384087434927007,0.14974746377824025,0.13099445765666387,0.11224145153508747,0.09348844541351108,0.07473543929193467
3364,0.018861538995962508,0.02139857893702769,0.025840952998510806,0.030283327059993915,0.03472570112147703,0.03916807518296014,0.04361044924444325,0.0639621502340575,0.08431385122367176,0.10466555221328604,0.1250172532029003,0.16219714722554288,0.1596601072844777,0.15521773322299456,0.15077535916151147,0.14633298510002835,0.14189061103854522,0.1374482369770621,0.11709653598744785,0.0967448349978336,0.07639313400821932,0.05604143301860505
3365,0.06031042844298219,0.06842270209442457,0.08262734801485494,0.09683199393528533,0.1110366398557157,0.1252412857761461,0.1394459316965765,0.20452120506052845,0.2695964784244804,0.33467175178843245,0.39974702515238447,0.4566317751531136,0.4485195015016712,0.43431485558124083,0.4201102096608105,0.4059055637403801,0.3917009178199497,0.3774962718995193,0.3124209985355673,0.24734572517161535,0.18227045180766333,0.1171951784437113
3366,0.30895518501738617,0.35051232648691727,0.4232791617051753,0.4960459969234333,0.5688128321416914,0.6415796673599494,0.7143465025782075,1.0477107919933368,1.3810750814084662,1.7144393708235957,2.0478036602387255,2.1024107163262697,2.0608535748567385,1.9880867396384805,1.9153199044202225,1.8425530692019643,1.7697862339837063,1.6970193987654483,1.363655109350319,1.0302908199351897,0.6969265305200603,0.3635622411049304
3367,1.1612949269476076,1.3174991271273024,1.5910137359992662,1.8645283448712298,2.1380429537431938,2.4115575626151577,2.685072171487121,3.9381155800368046,5.191158988586489,6.444202397136173,7.697245805685856,8.797592590406415,8.64138839022672,8.367873781354756,8.094359172482793,7.820844563610829,7.547329954738865,7.273815345866902,6.020771937317218,4.767728528767535,3.514685120217851,2.261641711668167
3368,2.8365400828547638,3.218079229059924,3.8861568494030205,4.554234469746118,5.222312090089215,5.890389710432311,6.558467330775408,9.61910918103339,12.679751031291374,15.74039288154936,18.801034731807345,21.40384848736475,21.02230934115959,20.354231720816493,19.686154100473395,19.018076480130297,18.3499988597872,17.6819212394441,14.621279389186117,11.560637538928134,8.499995688670149,5.439353838412163
3369,4.187241305649756,4.750461435119857,5.736663683482037,6.722865931844216,7.709068180206397,8.695270428568575,9.681472676930756,14.199528337297998,18.717583997665233,23.23563965803248,27.75369531839972,32.29130966000392,31.72808953053382,30.74188728217164,29.75568503380946,28.76948278544728,27.7832805370851,26.797078288722922,22.27902262835568,17.760966967988445,13.242911307621199,8.724855647253957
3370,4.1224380187469025,4.6769415462886,5.647880965838258,6.618820385387915,7.5897598049375725,8.56069922448723,9.53163864403689,13.979771212843394,18.427903781649896,22.876036350456406,27.324168919262913,32.91035711924829,32.35585359170659,31.384914172156932,30.413974752607274,29.443035333057615,28.472095913507957,27.501156493958298,23.053023925151795,18.60489135634529,14.15675878753878,9.708626218732274
3371,3.351595880008395,3.8024144805325077,4.591800893015079,5.381187305497649,6.170573717980221,6.959960130462791,7.7493465429453625,11.365736340329079,14.982126137712793,18.59851593509651,22.21490573248023,27.356769827551037,26.905951227026925,26.116564814544354,25.327178402061783,24.537791989579212,23.74840557709664,22.95901916461407,19.34262936723035,15.726239569846637,12.109849772462919,8.493459975079201
3372,2.9910124143164416,3.3933294236000933,4.097789222441407,4.80224902128272,5.506708820124034,6.211168618965348,6.915628417806662,10.142946736074473,13.370265054342282,16.597583372610092,19.82490169087791,24.2284335048095,23.82611649552585,23.121656696684536,22.417196897843223,21.71273709900191,21.008277300160596,20.303817501319283,17.076499183051475,13.849180864783666,10.621862546515855,7.394544228248039
3373,2.7047846416677372,3.0686015427890947,3.7056473923676854,4.342693241946275,4.979739091524866,5.6167849411034565,6.253830790682048,9.172307818474215,12.090784846266383,15.009261874058554,17.92773890185072,22.802692522038395,22.438875620917038,21.801829771338447,21.164783921759856,20.527738072181265,19.890692222602674,19.253646373024083,16.335169345231915,13.416692317439747,10.498215289647575,7.579738261855409
3374,2.20733046474823,2.5042354815337093,3.0241181699939683,3.544000858454227,4.063883546914486,4.583766235374744,5.103648923835004,7.485370246439614,9.867091569044224,12.248812891648836,14.630534214253444,19.724931122724897,19.428026105939416,18.908143417479156,18.388260729018896,17.868378040558635,17.348495352098375,16.828612663638115,14.446891341033504,12.065170018428894,9.683448695824282,7.3017273732196735
3375,1.677916042855984,1.903610246250039,2.298802319798513,2.693994393346985,3.0891864668954585,3.484378540443932,3.879570613992405,5.690050956937462,7.500531299882518,9.311011642827577,11.121491985772634,14.871256559632515,14.645562356238461,14.250370282689987,13.855178209141515,13.459986135593041,13.064794062044568,12.669601988496094,10.859121645551037,9.04864130260598,7.238160959660921,5.427680616715864
3376,1.1172675321315855,1.2675496673528908,1.5306947005095728,1.7938397336662546,2.0569847668229366,2.3201297999796187,2.583274833136301,3.7888124482913326,4.9943500634463645,6.199887678601396,7.405425293756428,10.033161309414842,9.882879174193537,9.619734141036854,9.356589107880172,9.09344407472349,8.830299041566807,8.567154008410125,7.361616393255093,6.156078778100062,4.95054116294503,3.745003547789998
3377,0.6682540838903488,0.7581400312657272,0.9155309318380566,1.0729218324103855,1.2303127329827148,1.3877036335550441,1.5450945341273732,2.2661442482220826,2.987193962316792,3.7082436764115014,4.429293390506211,6.0734388854665,5.983552938091121,5.826162037518792,5.668771136946463,5.5113802363741335,5.3539893358018045,5.196598435229475,4.475548721134766,3.7544990070400566,3.033449292945347,2.3123995788506377
3378,0.4397550001969972,0.4989058467966161,0.6024793784527985,0.7060529101089809,0.8096264417651632,0.9131999734213457,1.016773505077528,1.4912714914090162,1.9657694777405041,2.4402674640719924,2.9147654504034803,3.6846018562989733,3.625451009699354,3.5218774780431716,3.418303946386989,3.314730414730807,3.2111568830746244,3.1075833514184423,2.633085365086954,2.158587378755466,1.6840893924239777,1.2095914060924897
3379,0.286284866305672,0.32479265405806435,0.39222005033488544,0.4596474466117065,0.5270748428885276,0.5945022391653487,0.6619296354421698,0.9708325302776295,1.2797354251130895,1.5886383199485492,1.8975412147840094,2.22844041223525,2.1899326244828576,2.1225052282060366,2.0550778319292156,1.9876504356523945,1.9202230393755735,1.8527956430987524,1.5438927482632927,1.2349898534278327,0.926086958592373,0.6171840637569128
3380,0.1600000684787465,0.18152145994052682,0.21920556165659857,0.25688966337267033,0.2945737650887421,0.33225786680481384,0.3699419685208856,0.5425828942000834,0.7152238198792811,0.887864745558479,1.0605056712376768,1.3303544742870113,1.308833082825231,1.2711489811091592,1.2334648793930874,1.1957807776770155,1.1580966759609437,1.1204125742448718,0.947771648565674,0.7751307228864763,0.6024897972072784,0.4298488715280806
3381,0.0966650333943288,0.10966731548161278,0.1324343991801003,0.15520148287858784,0.17796856657707538,0.20073565027556292,0.2235027339740505,0.3278048196211218,0.432106905268193,0.5364089909152644,0.6407110765623357,0.8750441895076194,0.8620419074203355,0.8392748237218479,0.8165077400233604,0.7937406563248728,0.7709735726263852,0.7482064889278977,0.6439044032808263,0.5396023176337551,0.4353002319866837,0.3309981463396124
3382,0.060485888935644626,0.06862176353916513,0.08286773488598757,0.09711370623281,0.11135967757963244,0.1256056489264549,0.13985162027327736,0.2051162164429092,0.27038081261254104,0.33564540878217297,0.40091000495180484,0.6530761972950729,0.6449403226915524,0.63069435134473,0.6164483799979075,0.602202408651085,0.5879564373042625,0.57371046595744,0.5084458697878081,0.4431812736181763,0.37791667744854435,0.3126520812789125
3383,0.04326251605801909,0.04908169821561838,0.059271125452270715,0.06946055268892304,0.07964997992557539,0.08983940716222773,0.10002883439888008,0.1467093195416705,0.19338980468446088,0.24007028982725132,0.28675077497004176,0.499578441059629,0.4937592589020297,0.48356983166537737,0.47338040442872503,0.4631909771920727,0.45300154995542036,0.442812122718768,0.3961316375759776,0.3494511524331872,0.30277066729039676,0.2560901821476063
3384,0.031367184720614005,0.03558634204876214,0.04297411500909338,0.050361887969424625,0.057749660929755864,0.0651374338900871,0.07252520685041834,0.10637056615310214,0.14021592545578596,0.17406128475846977,0.20790664406115364,0.38513873965896495,0.3809195823308168,0.3735318093704856,0.36614403641015436,0.35875626344982314,0.3513684904894919,0.3439807175291607,0.3101353582264769,0.27628999892379313,0.24244463962110932,0.20859928031842545
3385,0.027541528392130105,0.031246101893993974,0.037732835101129916,0.04421956830826585,0.05070630151540179,0.057193034722537735,0.06367976792967367,0.09339722368731823,0.1231146794449628,0.15283213520260736,0.18254959096025195,0.2947264391013124,0.29102186559944854,0.2845351323923126,0.27804839918517665,0.2715616659780407,0.26507493277090477,0.25858819956376883,0.22887074380612427,0.1991532880484797,0.16943583229083514,0.13971837653319055
3386,0.021214760756460276,0.024068329353953997,0.029064947229369295,0.03406156510478459,0.03905818298019989,0.04405480085561519,0.049051418731030486,0.07194225852804301,0.09483309832505553,0.11772393812206808,0.1406147779190806,0.2196416620198345,0.2167880934223408,0.21179147554692548,0.20679485767151018,0.20179823979609487,0.19680162192067957,0.19180500404526427,0.16891416424825173,0.14602332445123922,0.12313248465422667,0.10024164485721414
3387,0.017379901386824617,0.01971764826949346,0.023811058840523276,0.02790446941155309,0.03199787998258291,0.03609129055361272,0.04018470112464254,0.058937707246218926,0.07769071336779533,0.09644371948937172,0.11519672561094813,0.1725522635160582,0.17021451663338938,0.16612110606235955,0.16202769549132973,0.1579342849202999,0.15384087434927007,0.14974746377824025,0.13099445765666387,0.11224145153508747,0.09348844541351108,0.07473543929193467
3388,0.018861538995962508,0.02139857893702769,0.025840952998510806,0.030283327059993915,0.03472570112147703,0.03916807518296014,0.04361044924444325,0.0639621502340575,0.08431385122367176,0.10466555221328604,0.1250172532029003,0.16219714722554288,0.1596601072844777,0.15521773322299456,0.15077535916151147,0.14633298510002835,0.14189061103854522,0.1374482369770621,0.11709653598744785,0.0967448349978336,0.07639313400821932,0.05604143301860505
3389,0.06031042844298219,0.06842270209442457,0.08262734801485494,0.09683199393528533,0.1110366398557157,0.1252412857761461,0.1394459316965765,0.20452120506052845,0.2695964784244804,0.33467175178843245,0.39974702515238447,0.4566317751531136,0.4485195015016712,0.43431485558124083,0.4201102096608105,0.4059055637403801,0.3917009178199497,0.3774962718995193,0.3124209985355673,0.24734572517161535,0.18227045180766333,0.1171951784437113
3390,0.30895518501738617,0.35051232648691727,0.4232791617051753,0.4960459969234333,0.5688128321416914,0.6415796673599494,0.7143465025782075,1.0477107919933368,1.3810750814084662,1.7144393708235957,2.0478036602387255,2.1024107163262697,2.0608535748567385,1.9880867396384805,1.9153199044202225,1.8425530692019643,1.7697862339837063,1.6970193987654483,1.363655109350319,1.0302908199351897,0.6969265305200603,0.3635622411049304
3391,1.1612949269476076,1.3174991271273024,1.5910137359992662,1.8645283448712298,2.1380429537431938,2.4115575626151577,2.685072171487121,3.9381155800368046,5.191158988586489,6.444202397136173,7.697245805685856,8.797592590406415,8.64138839022672,8.367873781354756,8.094359172482793,7.820844563610829,7.547329954738865,7.273815345866902,6.020771937317218,4.767728528767535,3.514685120217851,2.261641711668167
3392,2.8365400828547638,3.218079229059924,3.8861568494030205,4.554234469746118,5.222312090089215,5.890389710432311,6.558467330775408,9.61910918103339,12.679751031291374,15.74039288154936,18.801034731807345,21.40384848736475,21.02230934115959,20.354231720816493,19.686154100473395,19.018076480130297,18.3499988597872,17.6819212394441,14.621279389186117,11.560637538928134,8.499995688670149,5.439353838412163
3393,4.187241305649756,4.750461435119857,5.736663683482037,6.722865931844216,7.709068180206397,8.695270428568575,9.681472676930756,14.199528337297998,18.717583997665233,23.23563965803248,27.75369531839972,32.29130966000392,31.72808953053382,30.74188728217164,29.75568503380946,28.76948278544728,27.7832805370851,26.797078288722922,22.27902262835568,17.760966967988445,13.242911307621199,8.724855647253957
3394,4.1224380187469025,4.6769415462886,5.647880965838258,6.618820385387915,7.5897598049375725,8.56069922448723,9.53163864403689,13.979771212843394,18.427903781649896,22.876036350456406,27.324168919262913,32.91035711924829,32.35585359170659,31.384914172156932,30.413974752607274,29.443035333057615,28.472095913507957,27.501156493958298,23.053023925151795,18.60489135634529,14.15675878753878,9.708626218732274
3395,3.351595880008395,3.8024144805325077,4.591800893015079,5.381187305497649,6.170573717980221,6.959960130462791,7.7493465429453625,11.365736340329079,14.982126137712793,18.59851593509651,22.21490573248023,27.356769827551037,26.905951227026925,26.116564814544354,25.327178402061783,24.537791989579212,23.74840557709664,22.95901916461407,19.34262936723035,15.726239569846637,12.109849772462919,8.493459975079201
3396,2.9910124143164416,3.3933294236000933,4.097789222441407,4.80224902128272,5.506708820124034,6.211168618965348,6.915628417806662,10.142946736074473,13.370265054342282,16.597583372610092,19.82490169087791,24.2284335048095,23.82611649552585,23.121656696684536,22.417196897843223,21.71273709900191,21.008277300160596,20.303817501319283,17.076499183051475,13.849180864783666,10.621862546515855,7.394544228248039
3397,2.7047846416677372,3.0686015427890947,3.7056473923676854,4.342693241946275,4.979739091524866,5.6167849411034565,6.253830790682048,9.172307818474215,12.090784846266383,15.009261874058554,17.92773890185072,22.802692522038395,22.438875620917038,21.801829771338447,21.164783921759856,20.527738072181265,19.890692222602674,19.253646373024083,16.335169345231915,13.416692317439747,10.498215289647575,7.579738261855409
3398,2.20733046474823,2.5042354815337093,3.0241181699939683,3.544000858454227,4.063883546914486,4.583766235374744,5.103648923835004,7.485370246439614,9.867091569044224,12.248812891648836,14.630534214253444,19.724931122724897,19.428026105939416,18.908143417479156,18.388260729018896,17.868378040558635,17.348495352098375,16.828612663638115,14.446891341033504,12.065170018428894,9.683448695824282,7.3017273732196735
3399,1.677916042855984,1.903610246250039,2.298802319798513,2.693994393346985,3.0891864668954585,3.484378540443932,3.879570613992405,5.690050956937462,7.500531299882518,9.311011642827577,11.121491985772634,14.871256559632515,14.645562356238461,14.250370282689987,13.855178209141515,13.459986135593041,13.064794062044568,12.669601988496094,10.859121645551037,9.04864130260598,7.238160959660921,5.427680616715864
3400,1.1172675321315855,1.2675496673528908,1.5306947005095728,1.7938397336662546,2.0569847668229366,2.3201297999796187,2.583274833136301,3.7888124482913326,4.9943500634463645,6.199887678601396,7.405425293756428,10.033161309414842,9.882879174193537,9.619734141036854,9.356589107880172,9.09344407472349,8.830299041566807,8.567154008410125,7.361616393255093,6.156078778100062,4.95054116294503,3.745003547789998
3401,0.6682540838903488,0.7581400312657272,0.9155309318380566,1.0729218324103855,1.2303127329827148,1.3877036335550441,1.5450945341273732,2.2661442482220826,2.987193962316792,3.7082436764115014,4.429293390506211,6.0734388854665,5.983552938091121,5.826162037518792,5.668771136946463,5.5113802363741335,5.3539893358018045,5.196598435229475,4.475548721134766,3.7544990070400566,3.033449292945347,2.3123995788506377
3402,0.4397550001969972,0.4989058467966161,0.6024793784527985,0.7060529101089809,0.8096264417651632,0.9131999734213457,1.016773505077528,1.4912714914090162,1.9657694777405041,2.4402674640719924,2.9147654504034803,3.6846018562989733,3.625451009699354,3.5218774780431716,3.418303946386989,3.314730414730807,3.2111568830746244,3.1075833514184423,2.633085365086954,2.158587378755466,1.6840893924239777,1.2095914060924897
3403,0.286284866305672,0.32479265405806435,0.39222005033488544,0.4596474466117065,0.5270748428885276,0.5945022391653487,0.6619296354421698,0.9708325302776295,1.2797354251130895,1.5886383199485492,1.8975412147840094,2.22844041223525,2.1899326244828576,2.1225052282060366,2.0550778319292156,1.9876504356523945,1.9202230393755735,1.8527956430987524,1.5438927482632927,1.2349898534278327,0.926086958592373,0.6171840637569128
3404,0.1600000684787465,0.18152145994052682,0.21920556165659857,0.25688966337267033,0.2945737650887421,0.33225786680481384,0.3699419685208856,0.5425828942000834,0.7152238198792811,0.887864745558479,1.0605056712376768,1.3303544742870113,1.308833082825231,1.2711489811091592,1.2334648793930874,1.1957807776770155,1.1580966759609437,1.1204125742448718,0.947771648565674,0.7751307228864763,0.6024897972072784,0.4298488715280806
3405,0.0966650333943288,0.10966731548161278,0.1324343991801003,0.15520148287858784,0.17796856657707538,0.20073565027556292,0.2235027339740505,0.3278048196211218,0.432106905268193,0.5364089909152644,0.6407110765623357,0.8750441895076194,0.8620419074203355,0.8392748237218479,0.8165077400233604,0.7937406563248728,0.7709735726263852,0.7482064889278977,0.6439044032808263,0.5396023176337551,0.4353002319866837,0.3309981463396124
3406,0.060485888935644626,0.06862176353916513,0.08286773488598757,0.09711370623281,0.11135967757963244,0.1256056489264549,0.13985162027327736,0.2051162164429092,0.27038081261254104,0.33564540878217297,0.40091000495180484,0.6530761972950729,0.6449403226915524,0.63069435134473,0.6164483799979075,0.602202408651085,0.5879564373042625,0.57371046595744,0.5084458697878081,0.4431812736181763,0.37791667744854435,0.3126520812789125
3407,0.04326251605801909,0.04908169821561838,0.059271125452270715,0.06946055268892304,0.07964997992557539,0.08983940716222773,0.10002883439888008,0.1467093195416705,0.19338980468446088,0.24007028982725132,0.28675077497004176,0.499578441059629,0.4937592589020297,0.48356983166537737,0.47338040442872503,0.4631909771920727,0.45300154995542036,0.442812122718768,0.3961316375759776,0.3494511524331872,0.30277066729039676,0.2560901821476063
3408,0.031367184720614005,0.03558634204876214,0.04297411500909338,0.050361887969424625,0.057749660929755864,0.0651374338900871,0.07252520685041834,0.10637056615310214,0.14021592545578596,0.17406128475846977,0.20790664406115364,0.38513873965896495,0.3809195823308168,0.3735318093704856,0.36614403641015436,0.35875626344982314,0.3513684904894919,0.3439807175291607,0.3101353582264769,0.27628999892379313,0.24244463962110932,0.20859928031842545
3409,0.027541528392130105,0.031246101893993974,0.037732835101129916,0.04421956830826585,0.05070630151540179,0.057193034722537735,0.06367976792967367,0.09339722368731823,0.1231146794449628,0.15283213520260736,0.18254959096025195,0.2947264391013124,0.29102186559944854,0.2845351323923126,0.27804839918517665,0.2715616659780407,0.26507493277090477,0.25858819956376883,0.22887074380612427,0.1991532880484797,0.16943583229083514,0.13971837653319055
3410,0.021214760756460276,0.024068329353953997,0.029064947229369295,0.03406156510478459,0.03905818298019989,0.04405480085561519,0.049051418731030486,0.07194225852804301,0.09483309832505553,0.11772393812206808,0.1406147779190806,0.2196416620198345,0.2167880934223408,0.21179147554692548,0.20679485767151018,0.20179823979609487,0.19680162192067957,0.19180500404526427,0.16891416424825173,0.14602332445123922,0.12313248465422667,0.10024164485721414
3411,0.017379901386824617,0.01971764826949346,0.023811058840523276,0.02790446941155309,0.03199787998258291,0.03609129055361272,0.04018470112464254,0.058937707246218926,0.07769071336779533,0.09644371948937172,0.11519672561094813,0.1725522635160582,0.17021451663338938,0.16612110606235955,0.16202769549132973,0.1579342849202999,0.15384087434927007,0.14974746377824025,0.13099445765666387,0.11224145153508747,0.09348844541351108,0.07473543929193467
3412,0.018861538995962508,0.02139857893702769,0.025840952998510806,0.030283327059993915,0.03472570112147703,0.03916807518296014,0.04361044924444325,0.0639621502340575,0.08431385122367176,0.10466555221328604,0.1250172532029003,0.16219714722554288,0.1596601072844777,0.15521773322299456,0.15077535916151147,0.14633298510002835,0.14189061103854522,0.1374482369770621,0.11709653598744785,0.0967448349978336,0.07639313400821932,0.05604143301860505
3413,0.06031042844298219,0.06842270209442457,0.08262734801485494,0.09683199393528533,0.1110366398557157,0.1252412857761461,0.1394459316965765,0.20452120506052845,0.2695964784244804,0.33467175178843245,0.39974702515238447,0.4566317751531136,0.4485195015016712,0.43431485558124083,0.4201102096608105,0.4059055637403801,0.3917009178199497,0.3774962718995193,0.3124209985355673,0.24734572517161535,0.18227045180766333,0.1171951784437113
3414,0.30895518501738617,0.35051232648691727,0.4232791617051753,0.4960459969234333,0.5688128321416914,0.6415796673599494,0.7143465025782075,1.0477107919933368,1.3810750814084662,1.7144393708235957,2.0478036602387255,2.1024107163262697,2.0608535748567385,1.9880867396384805,1.9153199044202225,1.8425530692019643,1.7697862339837063,1.6970193987654483,1.363655109350319,1.0302908199351897,0.6969265305200603,0.3635622411049304
3415,1.1612949269476076,1.3174991271273024,1.5910137359992662,1.8645283448712298,2.1380429537431938,2.4115575626151577,2.685072171487121,3.9381155800368046,5.191158988586489,6.444202397136173,7.697245805685856,8.797592590406415,8.64138839022672,8.367873781354756,8.094359172482793,7.820844563610829,7.547329954738865,7.273815345866902,6.020771937317218,4.767728528767535,3.514685120217851,2.261641711668167
3416,2.8365400828547638,3.218079229059924,3.8861568494030205,4.554234469746118,5.222312090089215,5.890389710432311,6.558467330775408,9.61910918103339,12.679751031291374,15.74039288154936,18.801034731807345,21.40384848736475,21.02230934115959,20.354231720816493,19.686154100473395,19.018076480130297,18.3499988597872,17.6819212394441,14.621279389186117,11.560637538928134,8.499995688670149,5.439353838412163
3417,4.187241305649756,4.750461435119857,5.736663683482037,6.722865931844216,7.709068180206397,8.695270428568575,9.681472676930756,14.199528337297998,18.717583997665233,23.23563965803248,27.75369531839972,32.29130966000392,31.72808953053382,30.74188728217164,29.75568503380946,28.76948278544728,27.7832805370851,26.797078288722922,22.27902262835568,17.760966967988445,13.242911307621199,8.724855647253957
3418,4.1224380187469025,4.6769415462886,5.647880965838258,6.618820385387915,7.5897598049375725,8.56069922448723,9.53163864403689,13.979771212843394,18.427903781649896,22.876036350456406,27.324168919262913,32.91035711924829,32.35585359170659,31.384914172156932,30.413974752607274,29.443035333057615,28.472095913507957,27.501156493958298,23.053023925151795,18.60489135634529,14.15675878753878,9.708626218732274
3419,3.351595880008395,3.8024144805325077,4.591800893015079,5.381187305497649,6.170573717980221,6.959960130462791,7.7493465429453625,11.365736340329079,14.982126137712793,18.59851593509651,22.21490573248023,27.356769827551037,26.905951227026925,26.116564814544354,25.327178402061783,24.537791989579212,23.74840557709664,22.95901916461407,19.34262936723035,15.726239569846637,12.109849772462919,8.493459975079201
3420,2.9910124143164416,3.3933294236000933,4.097789222441407,4.80224902128272,5.506708820124034,6.211168618965348,6.915628417806662,10.142946736074473,13.370265054342282,16.597583372610092,19.82490169087791,24.2284335048095,23.82611649552585,23.121656696684536,22.417196897843223,21.71273709900191,21.008277300160596,20.303817501319283,17.076499183051475,13.849180864783666,10.621862546515855,7.394544228248039
3421,2.7047846416677372,3.0686015427890947,3.7056473923676854,4.342693241946275,4.979739091524866,5.6167849411034565,6.253830790682048,9.172307818474215,12.090784846266383,15.009261874058554,17.92773890185072,22.802692522038395,22.438875620917038,21.801829771338447,21.164783921759856,20.527738072181265,19.890692222602674,19.253646373024083,16.335169345231915,13.416692317439747,10.498215289647575,7.579738261855409
3422,2.20733046474823,2.5042354815337093,3.0241181699939683,3.544000858454227,4.063883546914486,4.583766235374744,5.103648923835004,7.485370246439614,9.867091569044224,12.248812891648836,14.630534214253444,19.724931122724897,19.428026105939416,18.908143417479156,18.388260729018896,17.868378040558635,17.348495352098375,16.828612663638115,14.446891341033504,12.065170018428894,9.683448695824282,7.3017273732196735
3423,1.677916042855984,1.903610246250039,2.298802319798513,2.693994393346985,3.0891864668954585,3.484378540443932,3.879570613992405,5.690050956937462,7.500531299882518,9.311011642827577,11.121491985772634,14.871256559632515,14.645562356238461,14.250370282689987,13.855178209141515,13.459986135593041,13.064794062044568,12.669601988496094,10.859121645551037,9.04864130260598,7.238160959660921,5.427680616715864
3424,1.1172675321315855,1.2675496673528908,1.5306947005095728,1.7938397336662546,2.0569847668229366,2.3201297999796187,2.583274833136301,3.7888124482913326,4.9943500634463645,6.199887678601396,7.405425293756428,10.033161309414842,9.882879174193537,9.619734141036854,9.356589107880172,9.09344407472349,8.830299041566807,8.567154008410125,7.361616393255093,6.156078778100062,4.95054116294503,3.745003547789998
3425,0.6682540838903488,0.7581400312657272,0.9155309318380566,1.0729218324103855,1.2303127329827148,1.3877036335550441,1.5450945341273732,2.2661442482220826,2.987193962316792,3.7082436764115014,4.429293390506211,6.0734388854665,5.983552938091121,5.826162037518792,5.668771136946463,5.5113802363741335,5.3539893358018045,5.196598435229475,4.475548721134766,3.7544990070400566,3.033449292945347,2.3123995788506377
3426,0.4397550001969972,0.4989058467966161,0.6024793784527985,0.7060529101089809,0.8096264417651632,0.9131999734213457,1.016773505077528,1.4912714914090162,1.9657694777405041,2.4402674640719924,2.9147654504034803,3.6846018562989733,3.625451009699354,3.5218774780431716,3.418303946386989,3.314730414730807,3.2111568830746244,3.1075833514184423,2.633085365086954,2.158587378755466,1.6840893924239777,1.2095914060924897
3427,0.286284866305672,0.32479265405806435,0.39222005033488544,0.4596474466117065,0.5270748428885276,0.5945022391653487,0.6619296354421698,0.9708325302776295,1.2797354251130895,1.5886383199485492,1.8975412147840094,2.22844041223525,2.1899326244828576,2.1225052282060366,2.0550778319292156,1.9876504356523945,1.9202230393755735,1.8527956430987524,1.5438927482632927,1.2349898534278327,0.926086958592373,0.6171840637569128
3428,0.1600000684787465,0.18152145994052682,0.21920556165659857,0.25688966337267033,0.2945737650887421,0.33225786680481384,0.3699419685208856,0.5425828942000834,0.7152238198792811,0.887864745558479,1.0605056712376768,1.3303544742870113,1.308833082825231,1.2711489811091592,1.2334648793930874,1.1957807776770155,1.1580966759609437,1.1204125742448718,0.947771648565674,0.7751307228864763,0.6024897972072784,0.4298488715280806
3429,0.0966650333943288,0.10966731548161278,0.1324343991801003,0.15520148287858784,0.17796856657707538,0.20073565027556292,0.2235027339740505,0.3278048196211218,0.432106905268193,0.5364089909152644,0.6407110765623357,0.8750441895076194,0.8620419074203355,0.8392748237218479,0.8165077400233604,0.7937406563248728,0.7709735726263852,0.7482064889278977,0.6439044032808263,0.5396023176337551,0.4353002319866837,0.3309981463396124
3430,0.060485888935644626,0.06862176353916513,0.08286773488598757,0.09711370623281,0.11135967757963244,0.1256056489264549,0.13985162027327736,0.2051162164429092,0.27038081261254104,0.33564540878217297,0.40091000495180484,0.6530761972950729,0.6449403226915524,0.63069435134473,0.6164483799979075,0.602202408651085,0.5879564373042625,0.57371046595744,0.5084458697878081,0.4431812736181763,0.37791667744854435,0.3126520812789125
3431,0.04326251605801909,0.04908169821561838,0.059271125452270715,0.06946055268892304,0.07964997992557539,0.08983940716222773,0.10002883439888008,0.1467093195416705,0.19338980468446088,0.24007028982725132,0.28675077497004176,0.499578441059629,0.4937592589020297,0.48356983166537737,0.47338040442872503,0.4631909771920727,0.45300154995542036,0.442812122718768,0.3961316375759776,0.3494511524331872,0.30277066729039676,0.2560901821476063
3432,0.031367184720614005,0.03558634204876214,0.04297411500909338,0.050361887969424625,0.057749660929755864,0.0651374338900871,0.07252520685041834,0.10637056615310214,0.14021592545578596,0.17406128475846977,0.20790664406115364,0.38513873965896495,0.3809195823308168,0.3735318093704856,0.36614403641015436,0.35875626344982314,0.3513684904894919,0.3439807175291607,0.3101353582264769,0.27628999892379313,0.24244463962110932,0.20859928031842545
3433,0.027541528392130105,0.031246101893993974,0.037732835101129916,0.04421956830826585,0.05070630151540179,0.057193034722537735,0.06367976792967367,0.09339722368731823,0.1231146794449628,0.15283213520260736,0.18254959096025195,0.2947264391013124,0.29102186559944854,0.2845351323923126,0.27804839918517665,0.2715616659780407,0.26507493277090477,0.25858819956376883,0.22887074380612427,0.1991532880484797,0.16943583229083514,0.13971837653319055
3434,0.021214760756460276,0.024068329353953997,0.029064947229369295,0.03406156510478459,0.03905818298019989,0.04405480085561519,0.049051418731030486,0.07194225852804301,0.09483309832505553,0.11772393812206808,0.1406147779190806,0.2196416620198345,0.2167880934223408,0.21179147554692548,0.20679485767151018,0.20179823979609487,0.19680162192067957,0.19180500404526427,0.16891416424825173,0.14602332445123922,0.12313248465422667,0.10024164485721414
3435,0.017379901386824617,0.01971764826949346,0.023811058840523276,0.02790446941155309,0.03199787998258291,0.03609129055361272,0.04018470112464254,0.058937707246218926,0.07769071336779533,0.09644371948937172,0.11519672561094813,0.1725522635160582,0.17021451663338938,0.16612110606235955,0.16202769549132973,0.1579342849202999,0.15384087434927007,0.14974746377824025,0.13099445765666387,0.11224145153508747,0.09348844541351108,0.07473543929193467
3436,0.018861538995962508,0.02139857893702769,0.025840952998510806,0.030283327059993915,0.03472570112147703,0.03916807518296014,0.04361044924444325,0.0639621502340575,0.08431385122367176,0.10466555221328604,0.1250172532029003,0.16219714722554288,0.1596601072844777,0.15521773322299456,0.15077535916151147,0.14633298510002835,0.14189061103854522,0.1374482369770621,0.11709653598744785,0.0967448349978336,0.07639313400821932,0.05604143301860505
3437,0.06031042844298219,0.06842270209442457,0.08262734801485494,0.09683199393528533,0.1110366398557157,0.1252412857761461,0.1394459316965765,0.20452120506052845,0.2695964784244804,0.33467175178843245,0.39974702515238447,0.4566317751531136,0.4485195015016712,0.43431485558124083,0.4201102096608105,0.4059055637403801,0.3917009178199497,0.3774962718995193,0.3124209985355673,0.24734572517161535,0.18227045180766333,0.1171951784437113
3438,0.30895518501738617,0.35051232648691727,0.4232791617051753,0.4960459969234333,0.5688128321416914,0.6415796673599494,0.7143465025782075,1.0477107919933368,1.3810750814084662,1.7144393708235957,2.0478036602387255,2.1024107163262697,2.0608535748567385,1.9880867396384805,1.9153199044202225,1.8425530692019643,1.7697862339837063,1.6970193987654483,1.363655109350319,1.0302908199351897,0.6969265305200603,0.3635622411049304
3439,1.1612949269476076,1.3174991271273024,1.5910137359992662,1.8645283448712298,2.1380429537431938,2.4115575626151577,2.685072171487121,3.9381155800368046,5.191158988586489,6.444202397136173,7.697245805685856,8.797592590406415,8.64138839022672,8.367873781354756,8.094359172482793,7.820844563610829,7.547329954738865,7.273815345866902,6.020771937317218,4.767728528767535,3.514685120217851,2.261641711668167
3440,2.8365400828547638,3.218079229059924,3.8861568494030205,4.554234469746118,5.222312090089215,5.890389710432311,6.558467330775408,9.61910918103339,12.679751031291374,15.74039288154936,18.801034731807345,21.40384848736475,21.02230934115959,20.354231720816493,19.686154100473395,19.018076480130297,18.3499988597872,17.6819212394441,14.621279389186117,11.560637538928134,8.499995688670149,5.439353838412163
3441,4.187241305649756,4.750461435119857,5.736663683482037,6.722865931844216,7.709068180206397,8.695270428568575,9.681472676930756,14.199528337297998,18.717583997665233,23.23563965803248,27.75369531839972,32.29130966000392,31.72808953053382,30.74188728217164,29.75568503380946,28.76948278544728,27.7832805370851,26.797078288722922,22.27902262835568,17.760966967988445,13.242911307621199,8.724855647253957
3442,4.1224380187469025,4.6769415462886,5.647880965838258,6.618820385387915,7.5897598049375725,8.56069922448723,9.53163864403689,13.979771212843394,18.427903781649896,22.876036350456406,27.324168919262913,32.91035711924829,32.35585359170659,31.384914172156932,30.413974752607274,29.443035333057615,28.472095913507957,27.501156493958298,23.053023925151795,18.60489135634529,14.15675878753878,9.708626218732274
3443,3.351595880008395,3.8024144805325077,4.591800893015079,5.381187305497649,6.170573717980221,6.959960130462791,7.7493465429453625,11.365736340329079,14.982126137712793,18.59851593509651,22.21490573248023,27.356769827551037,26.905951227026925,26.116564814544354,25.327178402061783,24.537791989579212,23.74840557709664,22.95901916461407,19.34262936723035,15.726239569846637,12.109849772462919,8.493459975079201
3444,2.9910124143164416,3.3933294236000933,4.097789222441407,4.80224902128272,5.506708820124034,6.211168618965348,6.915628417806662,10.142946736074473,13.370265054342282,16.597583372610092,19.82490169087791,24.2284335048095,23.82611649552585,23.121656696684536,22.417196897843223,21.71273709900191,21.008277300160596,20.303817501319283,17.076499183051475,13.849180864783666,10.621862546515855,7.394544228248039
3445,2.7047846416677372,3.0686015427890947,3.7056473923676854,4.342693241946275,4.979739091524866,5.6167849411034565,6.253830790682048,9.172307818474215,12.090784846266383,15.009261874058554,17.92773890185072,22.802692522038395,22.438875620917038,21.801829771338447,21.164783921759856,20.527738072181265,19.890692222602674,19.253646373024083,16.335169345231915,13.416692317439747,10.498215289647575,7.579738261855409
3446,2.20733046474823,2.5042354815337093,3.0241181699939683,3.544000858454227,4.063883546914486,4.583766235374744,5.103648923835004,7.485370246439614,9.867091569044224,12.248812891648836,14.630534214253444,19.724931122724897,19.428026105939416,18.908143417479156,18.388260729018896,17.868378040558635,17.348495352098375,16.828612663638115,14.446891341033504,12.065170018428894,9.683448695824282,7.3017273732196735
3447,1.677916042855984,1.903610246250039,2.298802319798513,2.693994393346985,3.0891864668954585,3.484378540443932,3.879570613992405,5.690050956937462,7.500531299882518,9.311011642827577,11.121491985772634,14.871256559632515,14.645562356238461,14.250370282689987,13.855178209141515,13.459986135593041,13.064794062044568,12.669601988496094,10.859121645551037,9.04864130260598,7.238160959660921,5.427680616715864
3448,1.1172675321315855,1.2675496673528908,1.5306947005095728,1.7938397336662546,2.0569847668229366,2.3201297999796187,2.583274833136301,3.7888124482913326,4.9943500634463645,6.199887678601396,7.405425293756428,10.033161309414842,9.882879174193537,9.619734141036854,9.356589107880172,9.09344407472349,8.830299041566807,8.567154008410125,7.361616393255093,6.156078778100062,4.95054116294503,3.745003547789998
3449,0.6682540838903488,0.7581400312657272,0.9155309318380566,1.0729218324103855,1.2303127329827148,1.3877036335550441,1.5450945341273732,2.2661442482220826,2.987193962316792,3.7082436764115014,4.429293390506211,6.0734388854665,5.983552938091121,5.826162037518792,5.668771136946463,5.5113802363741335,5.3539893358018045,5.196598435229475,4.475548721134766,3.7544990070400566,3.033449292945347,2.3123995788506377
3450,0.4397550001969972,0.4989058467966161,0.6024793784527985,0.7060529101089809,0.8096264417651632,0.9131999734213457,1.016773505077528,1.4912714914090162,1.9657694777405041,2.4402674640719924,2.9147654504034803,3.6846018562989733,3.625451009699354,3.5218774780431716,3.418303946386989,3.314730414730807,3.2111568830746244,3.1075833514184423,2.633085365086954,2.158587378755466,1.6840893924239777,1.2095914060924897
3451,0.286284866305672,0.32479265405806435,0.39222005033488544,0.4596474466117065,0.5270748428885276,0.5945022391653487,0.6619296354421698,0.9708325302776295,1.2797354251130895,1.5886383199485492,1.8975412147840094,2.22844041223525,2.1899326244828576,2.1225052282060366,2.0550778319292156,1.9876504356523945,1.9202230393755735,1.8527956430987524,1.5438927482632927,1.2349898534278327,0.926086958592373,0.6171840637569128
3452,0.1600000684787465,0.18152145994052682,0.21920556165659857,0.25688966337267033,0.2945737650887421,0.33225786680481384,0.3699419685208856,0.5425828942000834,0.7152238198792811,0.887864745558479,1.0605056712376768,1.3303544742870113,1.308833082825231,1.2711489811091592,1.2334648793930874,1.1957807776770155,1.1580966759609437,1.1204125742448718,0.947771648565674,0.7751307228864763,0.6024897972072784,0.4298488715280806
3453,0.0966650333943288,0.10966731548161278,0.1324343991801003,0.15520148287858784,0.17796856657707538,0.20073565027556292,0.2235027339740505,0.3278048196211218,0.432106905268193,0.5364089909152644,0.6407110765623357,0.8750441895076194,0.8620419074203355,0.8392748237218479,0.8165077400233604,0.7937406563248728,0.7709735726263852,0.7482064889278977,0.6439044032808263,0.5396023176337551,0.4353002319866837,0.3309981463396124
3454,0.060485888935644626,0.06862176353916513,0.08286773488598757,0.09711370623281,0.11135967757963244,0.1256056489264549,0.13985162027327736,0.2051162164429092,0.27038081261254104,0.33564540878217297,0.40091000495180484,0.6530761972950729,0.6449403226915524,0.63069435134473,0.6164483799979075,0.602202408651085,0.5879564373042625,0.57371046595744,0.5084458697878081,0.4431812736181763,0.37791667744854435,0.3126520812789125
3455,0.04326251605801909,0.04908169821561838,0.059271125452270715,0.06946055268892304,0.07964997992557539,0.08983940716222773,0.10002883439888008,0.1467093195416705,0.19338980468446088,0.24007028982725132,0.28675077497004176,0.499578441059629,0.4937592589020297,0.48356983166537737,0.47338040442872503,0.4631909771920727,0.45300154995542036,0.442812122718768,0.3961316375759776,0.3494511524331872,0.30277066729039676,0.2560901821476063
3456,0.031367184720614005,0.03558634204876214,0.04297411500909338,0.050361887969424625,0.057749660929755864,0.0651374338900871,0.07252520685041834,0.10637056615310214,0.14021592545578596,0.17406128475846977,0.20790664406115364,0.38513873965896495,0.3809195823308168,0.3735318093704856,0.36614403641015436,0.35875626344982314,0.3513684904894919,0.3439807175291607,0.3101353582264769,0.27628999892379313,0.24244463962110932,0.20859928031842545
3457,0.027541528392130105,0.031246101893993974,0.037732835101129916,0.04421956830826585,0.05070630151540179,0.057193034722537735,0.06367976792967367,0.09339722368731823,0.1231146794449628,0.15283213520260736,0.18254959096025195,0.2947264391013124,0.29102186559944854,0.2845351323923126,0.27804839918517665,0.2715616659780407,0.26507493277090477,0.25858819956376883,0.22887074380612427,0.1991532880484797,0.16943583229083514,0.13971837653319055
3458,0.021214760756460276,0.024068329353953997,0.029064947229369295,0.03406156510478459,0.03905818298019989,0.04405480085561519,0.049051418731030486,0.07194225852804301,0.09483309832505553,0.11772393812206808,0.1406147779190806,0.2196416620198345,0.2167880934223408,0.21179147554692548,0.20679485767151018,0.20179823979609487,0.19680162192067957,0.19180500404526427,0.16891416424825173,0.14602332445123922,0.12313248465422667,0.10024164485721414
3459,0.017379901386824617,0.01971764826949346,0.023811058840523276,0.02790446941155309,0.03199787998258291,0.03609129055361272,0.04018470112464254,0.058937707246218926,0.07769071336779533,0.09644371948937172,0.11519672561094813,0.1725522635160582,0.17021451663338938,0.16612110606235955,0.16202769549132973,0.1579342849202999,0.15384087434927007,0.14974746377824025,0.13099445765666387,0.11224145153508747,0.09348844541351108,0.07473543929193467
3460,0.018861538995962508,0.02139857893702769,0.025840952998510806,0.030283327059993915,0.03472570112147703,0.03916807518296014,0.04361044924444325,0.0639621502340575,0.08431385122367176,0.10466555221328604,0.1250172532029003,0.16219714722554288,0.1596601072844777,0.15521773322299456,0.15077535916151147,0.14633298510002835,0.14189061103854522,0.1374482369770621,0.11709653598744785,0.0967448349978336,0.07639313400821932,0.05604143301860505
3461,0.06031042844298219,0.06842270209442457,0.08262734801485494,0.09683199393528533,0.1110366398557157,0.1252412857761461,0.1394459316965765,0.20452120506052845,0.2695964784244804,0.33467175178843245,0.39974702515238447,0.4566317751531136,0.4485195015016712,0.43431485558124083,0.4201102096608105,0.4059055637403801,0.3917009178199497,0.3774962718995193,0.3124209985355673,0.24734572517161535,0.18227045180766333,0.1171951784437113
3462,0.30895518501738617,0.35051232648691727,0.4232791617051753,0.4960459969234333,0.5688128321416914,0.6415796673599494,0.7143465025782075,1.0477107919933368,1.3810750814084662,1.7144393708235957,2.0478036602387255,2.1024107163262697,2.0608535748567385,1.9880867396384805,1.9153199044202225,1.8425530692019643,1.7697862339837063,1.6970193987654483,1.363655109350319,1.0302908199351897,0.6969265305200603,0.3635622411049304
3463,1.1612949269476076,1.3174991271273024,1.5910137359992662,1.8645283448712298,2.1380429537431938,2.4115575626151577,2.685072171487121,3.9381155800368046,5.191158988586489,6.444202397136173,7.697245805685856,8.797592590406415,8.64138839022672,8.367873781354756,8.094359172482793,7.820844563610829,7.547329954738865,7.273815345866902,6.020771937317218,4.767728528767535,3.514685120217851,2.261641711668167
3464,2.8365400828547638,3.218079229059924,3.8861568494030205,4.554234469746118,5.222312090089215,5.890389710432311,6.558467330775408,9.61910918103339,12.679751031291374,15.74039288154936,18.801034731807345,21.40384848736475,21.02230934115959,20.354231720816493,19.686154100473395,19.018076480130297,18.3499988597872,17.6819212394441,14.621279389186117,11.560637538928134,8.499995688670149,5.439353838412163
3465,4.187241305649756,4.750461435119857,5.736663683482037,6.722865931844216,7.709068180206397,8.695270428568575,9.681472676930756,14.199528337297998,18.717583997665233,23.23563965803248,27.75369531839972,32.29130966000392,31.72808953053382,30.74188728217164,29.75568503380946,28.76948278544728,27.7832805370851,26.797078288722922,22.27902262835568,17.760966967988445,13.242911307621199,8.724855647253957
3466,4.1224380187469025,4.6769415462886,5.647880965838258,6.618820385387915,7.5897598049375725,8.56069922448723,9.53163864403689,13.979771212843394,18.427903781649896,22.876036350456406,27.324168919262913,32.91035711924829,32.35585359170659,31.384914172156932,30.413974752607274,29.443035333057615,28.472095913507957,27.501156493958298,23.053023925151795,18.60489135634529,14.15675878753878,9.708626218732274
3467,3.351595880008395,3.8024144805325077,4.591800893015079,5.381187305497649,6.170573717980221,6.959960130462791,7.7493465429453625,11.365736340329079,14.982126137712793,18.59851593509651,22.21490573248023,27.356769827551037,26.905951227026925,26.116564814544354,25.327178402061783,24.537791989579212,23.74840557709664,22.95901916461407,19.34262936723035,15.726239569846637,12.109849772462919,8.493459975079201
3468,2.9910124143164416,3.3933294236000933,4.097789222441407,4.80224902128272,5.506708820124034,6.211168618965348,6.915628417806662,10.142946736074473,13.370265054342282,16.597583372610092,19.82490169087791,24.2284335048095,23.82611649552585,23.121656696684536,22.417196897843223,21.71273709900191,21.008277300160596,20.303817501319283,17.076499183051475,13.849180864783666,10.621862546515855,7.394544228248039
3469,2.7047846416677372,3.0686015427890947,3.7056473923676854,4.342693241946275,4.979739091524866,5.6167849411034565,6.253830790682048,9.172307818474215,12.090784846266383,15.009261874058554,17.92773890185072,22.802692522038395,22.438875620917038,21.801829771338447,21.164783921759856,20.527738072181265,19.890692222602674,19.253646373024083,16.335169345231915,13.416692317439747,10.498215289647575,7.579738261855409
3470,2.20733046474823,2.5042354815337093,3.0241181699939683,3.544000858454227,4.063883546914486,4.583766235374744,5.103648923835004,7.485370246439614,9.867091569044224,12.248812891648836,14.630534214253444,19.724931122724897,19.428026105939416,18.908143417479156,18.388260729018896,17.868378040558635,17.348495352098375,16.828612663638115,14.446891341033504,12.065170018428894,9.683448695824282,7.3017273732196735
3471,1.677916042855984,1.903610246250039,2.298802319798513,2.693994393346985,3.0891864668954585,3.484378540443932,3.879570613992405,5.690050956937462,7.500531299882518,9.311011642827577,11.121491985772634,14.871256559632515,14.645562356238461,14.250370282689987,13.855178209141515,13.459986135593041,13.064794062044568,12.669601988496094,10.859121645551037,9.04864130260598,7.238160959660921,5.427680616715864
3472,1.1172675321315855,1.2675496673528908,1.5306947005095728,1.7938397336662546,2.0569847668229366,2.3201297999796187,2.583274833136301,3.7888124482913326,4.9943500634463645,6.199887678601396,7.405425293756428,10.033161309414842,9.882879174193537,9.619734141036854,9.356589107880172,9.09344407472349,8.830299041566807,8.567154008410125,7.361616393255093,6.156078778100062,4.95054116294503,3.745003547789998
3473,0.6682540838903488,0.7581400312657272,0.9155309318380566,1.0729218324103855,1.2303127329827148,1.3877036335550441,1.5450945341273732,2.2661442482220826,2.987193962316792,3.7082436764115014,4.429293390506211,6.0734388854665,5.983552938091121,5.826162037518792,5.668771136946463,5.5113802363741335,5.3539893358018045,5.196598435229475,4.475548721134766,3.7544990070400566,3.033449292945347,2.3123995788506377
3474,0.4397550001969972,0.4989058467966161,0.6024793784527985,0.7060529101089809,0.8096264417651632,0.9131999734213457,1.016773505077528,1.4912714914090162,1.9657694777405041,2.4402674640719924,2.9147654504034803,3.6846018562989733,3.625451009699354,3.5218774780431716,3.418303946386989,3.314730414730807,3.2111568830746244,3.1075833514184423,2.633085365086954,2.158587378755466,1.6840893924239777,1.2095914060924897
3475,0.286284866305672,0.32479265405806435,0.39222005033488544,0.4596474466117065,0.5270748428885276,0.5945022391653487,0.6619296354421698,0.9708325302776295,1.2797354251130895,1.5886383199485492,1.8975412147840094,2.22844041223525,2.1899326244828576,2.1225052282060366,2.0550778319292156,1.9876504356523945,1.9202230393755735,1.8527956430987524,1.5438927482632927,1.2349898534278327,0.926086958592373,0.6171840637569128
3476,0.1600000684787465,0.18152145994052682,0.21920556165659857,0.25688966337267033,0.2945737650887421,0.33225786680481384,0.3699419685208856,0.5425828942000834,0.7152238198792811,0.887864745558479,1.0605056712376768,1.3303544742870113,1.308833082825231,1.2711489811091592,1.2334648793930874,1.1957807776770155,1.1580966759609437,1.1204125742448718,0.947771648565674,0.7751307228864763,0.6024897972072784,0.4298488715280806
3477,0.0966650333943288,0.10966731548161278,0.1324343991801003,0.15520148287858784,0.17796856657707538,0.20073565027556292,0.2235027339740505,0.3278048196211218,0.432106905268193,0.5364089909152644,0.6407110765623357,0.8750441895076194,0.8620419074203355,0.8392748237218479,0.8165077400233604,0.7937406563248728,0.7709735726263852,0.7482064889278977,0.6439044032808263,0.5396023176337551,0.4353002319866837,0.3309981463396124
3478,0.060485888935644626,0.06862176353916513,0.08286773488598757,0.09711370623281,0.11135967757963244,0.1256056489264549,0.13985162027327736,0.2051162164429092,0.27038081261254104,0.33564540878217297,0.40091000495180484,0.6530761972950729,0.6449403226915524,0.63069435134473,0.6164483799979075,0.602202408651085,0.5879564373042625,0.57371046595744,0.5084458697878081,0.4431812736181763,0.37791667744854435,0.3126520812789125
3479,0.04326251605801909,0.04908169821561838,0.059271125452270715,0.06946055268892304,0.07964997992557539,0.08983940716222773,0.10002883439888008,0.1467093195416705,0.19338980468446088,0.24007028982725132,0.28675077497004176,0.499578441059629,0.4937592589020297,0.48356983166537737,0.47338040442872503,0.4631909771920727,0.45300154995542036,0.442812122718768,0.3961316375759776,0.3494511524331872,0.30277066729039676,0.2560901821476063
3480,0.06656898268586907,0.07552308595105217,0.09120178120737912,0.10688047646370606,0.12255917172003303,0.13823786697635998,0.1539165622326869,0.2257448489433112,0.29757313565393556,0.36940142236455986,0.44122970907518416,0.4271966781704077,0.4182425749052246,0.4025638796488976,0.3868851843925707,0.3712064891362437,0.35552779387991673,0.3398490986235898,0.2680208119129655,0.19619252520234115,0.12436423849171685,0.05253595178109255
3481,0.056639086305014866,0.06425753272192815,0.07759748382143074,0.09093743492093335,0.10427738602043597,0.11761733711993858,0.1309572882194412,0.19207116387144205,0.25318503952344296,0.31429891517544384,0.3754127908274448,0.3168441383691494,0.3092256919522361,0.2958857408527335,0.28254578975323086,0.26920583865372827,0.2558658875542257,0.24252593645472306,0.1814120608027222,0.1202981851507213,0.05918430949872042,-0.0019295661532805208
3482,0.03392680220936796,0.038490250202461725,0.046480878441028384,0.05447150667959503,0.06246213491816169,0.07045276315672834,0.07844339139529499,0.1150505915949522,0.15165779179460942,0.18826499199426663,0.22487219219392388,0.22601923126692836,0.22145578327383458,0.21346515503526792,0.20547452679670128,0.1974838985581346,0.18949327031956797,0.1815026420810013,0.1448954418813441,0.10828824168168688,0.07168104148202967,0.035073841282372425
3483,0.0236676925723058,0.026851201690074235,0.03242554764354464,0.03799989359701504,0.043574239550485436,0.049148585503955844,0.05472293145742625,0.08026049774238261,0.10579806402733898,0.13133563031229536,0.15687319659725174,0.20284547879051973,0.1996619696727513,0.1940876237192809,0.1885132777658105,0.1829389318123401,0.17736458585886972,0.17179023990539932,0.14625267362044297,0.12071510733548661,0.09517754105053022,0.06963997476557385
3484,0.02469635730095266,0.028018230711428102,0.03383485347536883,0.03965147623930954,0.04546809900325027,0.051284721767191,0.05710134453113172,0.08374884553458932,0.11039634653804692,0.1370438475415045,0.16369134854496212,0.2086410790622131,0.20531920565173767,0.19950258288779693,0.19368596012385622,0.18786933735991548,0.18205271459597477,0.17623609183203404,0.14958859082857645,0.12294108982511885,0.09629358882166127,0.06964608781820365
3485,0.018530992112733714,0.02102357064238779,0.025388092472381524,0.02975261430237525,0.03411713613236898,0.03848165796236271,0.04284617979235644,0.06284121893523797,0.08283625807811949,0.10283129722100104,0.12282633636388257,0.23076451461001737,0.2282719360803633,0.22390741425036959,0.21954289242037586,0.21517837059038214,0.21081384876038842,0.2064493269303947,0.18645428778751316,0.16645924864463163,0.1464642095017501,0.12646917035886857
3486,0.022723898938375474,0.025780459658883387,0.031132518111866028,0.036484576564848666,0.0418366350178313,0.04718869347081395,0.05254075192379659,0.0770599598532782,0.10157916778275981,0.12609837571224142,0.15061758364172306,0.3411068640072945,0.3380503032867866,0.33269824483380395,0.3273461863808213,0.32199412792783866,0.316642069474856,0.31129001102187337,0.2867708030923918,0.2622515951629102,0.2377323872334286,0.21321317930394695
3487,0.05954035988303085,0.0675490526604855,0.08157232777140645,0.0955956028823274,0.10961887799324835,0.12364215310416929,0.13766542821509023,0.20190979350324906,0.2661541587914079,0.33039852407956677,0.3946428893677256,0.5323949645104806,0.524386271733026,0.510362996622105,0.4963397215111841,0.48231644640026317,0.4682931712893422,0.4542698961784213,0.3900255308902625,0.32578116560210363,0.2615368003139448,0.19729243502578592
3488,0.09422208070711786,0.10689576455313886,0.129087470513181,0.15127917647322317,0.17347088243326533,0.1956625883933075,0.21785429435334966,0.31952042104539957,0.42118654773744957,0.5228526744294996,0.6245188011215496,0.7630054397344619,0.7503317558884409,0.7281400499283988,0.7059483439683566,0.6837566380083144,0.6615649320482723,0.6393732260882301,0.5377070993961802,0.4360409727041302,0.33437484601208023,0.23270871932003023
3489,0.11060462621291975,0.12548190395938727,0.1515321177130734,0.17758233146675953,0.2036325452204457,0.22968275897413182,0.255732972727818,0.37507595323620807,0.49441893374459817,0.6137619142529884,0.7331048947613785,1.04243040931092,1.0275531315644524,1.0015029178107662,0.9754527040570801,0.949402490303394,0.9233522765497079,0.8973020627960218,0.7779590822876317,0.6586161017792416,0.5392731212708513,0.41993014076246116
3490,0.14593538259187422,0.16556495229609972,0.19993646134515083,0.23430797039420195,0.2686794794432531,0.3030509884923042,0.3374224975413554,0.4948875522726021,0.6523526070038489,0.8098176617350957,0.9672827164663426,1.3368623237393928,1.3172327540351674,1.2828612449861163,1.2484897359370652,1.2141182268880142,1.1797467178389631,1.145375208789912,0.9879101540586653,0.8304450993274186,0.6729800445961718,0.5155149898649249
3491,0.17412844867806587,0.1975502293326846,0.2385619253527876,0.2795736213728906,0.3205853173929936,0.3615970134130966,0.40260870943319965,0.5904942325625675,0.7783797556919354,0.9662652788213034,1.1541508019506714,1.6963697765134498,1.6729479958588311,1.6319362998387281,1.590924603818625,1.549912907798522,1.508901211778419,1.467889515758316,1.2800039926289482,1.0921184694995802,0.9042329463702122,0.7163474232408442
3492,0.20258246617249245,0.22983155799628885,0.277544901707457,0.32525824541862514,0.3729715891297932,0.4206849328409614,0.46839827655212957,0.6869858360383282,0.9055733955245269,1.1241609550107257,1.3427485144969247,1.9211150761464808,1.8938659843226844,1.8461526406115163,1.7984392969003482,1.7507259531891801,1.7030126094780118,1.6552992657668437,1.4367117062806452,1.2181241467944464,0.9995365873082476,0.7809490278220486
3493,0.22682064156334378,0.25732997737244256,0.31075203030808307,0.3641740832437235,0.4175961361793641,0.4710181891150046,0.5244402420506451,0.769180921820084,1.013921601589523,1.2586622813589619,1.5034029611284008,2.0428941262432594,2.0123847904341607,1.9589627374985201,1.9055406845628797,1.852118631627239,1.7986965786915987,1.745274525755958,1.5005338459865192,1.2557931662170803,1.0110524864476413,0.7663118066782024
3494,0.28713168866453304,0.3257533813399477,0.3933802259058238,0.46100707047169975,0.5286339150375757,0.5962607596034519,0.6638876041693279,0.9737042248382178,1.2835208455071077,1.5933374661759976,1.9031540868448875,2.133676930271694,2.095055237596279,2.027428393030403,1.9598015484645268,1.8921747038986507,1.8245478593327746,1.7569210147668985,1.4471043940980086,1.1372877734291187,0.8274711527602288,0.5176545320913388
3495,0.3067951188581142,0.3480617127682659,0.42031979724889373,0.49257788172952155,0.5648359662101494,0.6370940506907772,0.709352135171405,1.040385701701159,1.3714192682309132,1.7024528347606676,2.0334864012904217,2.1612776545091203,2.120011060598969,2.047752976118341,1.975494891637713,1.9032368071570853,1.8309787226764576,1.7587206381958298,1.427687071666076,1.0966535051363218,0.7656199386065674,0.4345863720768133
3496,0.27598175878396375,0.31310368956544515,0.3781044409318533,0.44310519229826134,0.5081059436646694,0.5731066950310776,0.6381074463974856,0.9358932333664804,1.233679020335475,1.53146480730447,1.829250594273465,1.9097257114610804,1.872603780679599,1.8076030293131908,1.7426022779467827,1.6776015265803745,1.6126007752139664,1.5476000238475582,1.2498142368785634,0.9520284499095688,0.6542426629405738,0.35645687597157893
3497,0.2253108014307007,0.2556170506983482,0.3086834977291007,0.36174994475985317,0.4148163917906057,0.46788283882135817,0.5209492858521106,0.7640608400805081,1.0071723943089055,1.2502839485373032,1.4933955027657007,1.6192575536297766,1.588951304362129,1.5358848573313766,1.4828184103006241,1.4297519632698716,1.3766855162391192,1.3236190692083667,1.0805075149799692,0.8373959607515719,0.5942844065231742,0.3511728522947767
3498,0.181071206183045,0.20542684770103406,0.24807374039633354,0.290720633091633,0.3333675257869325,0.376014418482232,0.41866131117753147,0.6140381066158548,0.809414902054178,1.0047916974925013,1.200168492930825,1.489569188741577,1.4652135472235879,1.4225666545282885,1.379919761832989,1.3372728691376894,1.29462597644239,1.2519790837470905,1.0566022883087673,0.8612254928704441,0.6658486974321208,0.4704719019937972
3499,0.1371027565822645,0.15554426178254532,0.18783546186591396,0.22012666194928254,0.2524178620326512,0.2847090621160198,0.3170002621993884,0.464934866444111,0.6128694706888336,0.7608040749335562,0.9087386791782788,1.2544431595756709,1.23600165437539,1.2037104542920214,1.1714192542086528,1.1391280541252842,1.1068368540419156,1.074545653958547,0.9266110497138245,0.7786764454691019,0.6307418412243793,0.48280723697965666
3500,0.12288693681507708,0.1394162914452449,0.16835930297358676,0.19730231450192862,0.22624532603027048,0.25518833755861237,0.28413134908695425,0.4167270081222759,0.5493226671575976,0.6819183261929194,0.8145139852282411,0.965950353268064,0.9494209986378962,0.9204779871095543,0.8915349755812124,0.8625919640528705,0.8336489525245286,0.8047059409961868,0.6721102819608651,0.5395146229255434,0.40691896389022164,0.27432330485489986
3501,0.10407025709033581,0.11806860573895996,0.14257980870966933,0.16709101168037868,0.19160221465108804,0.2161134176217974,0.24062462059250678,0.3529169820306787,0.4652093434688507,0.5775017049070227,0.6897940663451948,0.756275578156249,0.7422772295076249,0.7177660265369155,0.6932548235662062,0.6687436205954969,0.6442324176247876,0.6197212146540781,0.5074288532159061,0.3951364917777342,0.2828441303395622,0.17055176890139007
3502,0.09174496304809825,0.10408545316899447,0.1256937346673304,0.14730201616566632,0.16891029766400223,0.19051857916233816,0.21212686066067407,0.3111201642112374,0.4101134677618008,0.5091067713123641,0.6081000748629275,0.6380177307790044,0.6256772406581081,0.6040689591597722,0.5824606776614363,0.5608523961631003,0.5392441146647644,0.5176358331664285,0.4186425296158651,0.3196492260653017,0.22065592251473837,0.12166261896417502
3503,0.0756798511426919,0.0858594449247251,0.10368398234795255,0.12150851977117999,0.13933305719440744,0.15715759461763487,0.17498213204086233,0.2566410943198301,0.33830005659879786,0.4199590188777657,0.5016179811567335,0.5589042903878931,0.54872469660586,0.5309001591826326,0.5130756217594051,0.4952510843361777,0.4774265469129503,0.45960200948972285,0.37794304721075506,0.2962840849317873,0.21462512265281947,0.13296616037385167
3504,0.06656898268586907,0.07552308595105217,0.09120178120737912,0.10688047646370606,0.12255917172003303,0.13823786697635998,0.1539165622326869,0.2257448489433112,0.29757313565393556,0.36940142236455986,0.44122970907518416,0.4271966781704077,0.4182425749052246,0.4025638796488976,0.3868851843925707,0.3712064891362437,0.35552779387991673,0.3398490986235898,0.2680208119129655,0.19619252520234115,0.12436423849171685,0.05253595178109255
3505,0.056639086305014866,0.06425753272192815,0.07759748382143074,0.09093743492093335,0.10427738602043597,0.11761733711993858,0.1309572882194412,0.19207116387144205,0.25318503952344296,0.31429891517544384,0.3754127908274448,0.3168441383691494,0.3092256919522361,0.2958857408527335,0.28254578975323086,0.26920583865372827,0.2558658875542257,0.24252593645472306,0.1814120608027222,0.1202981851507213,0.05918430949872042,-0.0019295661532805208
3506,0.03392680220936796,0.038490250202461725,0.046480878441028384,0.05447150667959503,0.06246213491816169,0.07045276315672834,0.07844339139529499,0.1150505915949522,0.15165779179460942,0.18826499199426663,0.22487219219392388,0.22601923126692836,0.22145578327383458,0.21346515503526792,0.20547452679670128,0.1974838985581346,0.18949327031956797,0.1815026420810013,0.1448954418813441,0.10828824168168688,0.07168104148202967,0.035073841282372425
3507,0.0236676925723058,0.026851201690074235,0.03242554764354464,0.03799989359701504,0.043574239550485436,0.049148585503955844,0.05472293145742625,0.08026049774238261,0.10579806402733898,0.13133563031229536,0.15687319659725174,0.20284547879051973,0.1996619696727513,0.1940876237192809,0.1885132777658105,0.1829389318123401,0.17736458585886972,0.17179023990539932,0.14625267362044297,0.12071510733548661,0.09517754105053022,0.06963997476557385
3508,0.02469635730095266,0.028018230711428102,0.03383485347536883,0.03965147623930954,0.04546809900325027,0.051284721767191,0.05710134453113172,0.08374884553458932,0.11039634653804692,0.1370438475415045,0.16369134854496212,0.2086410790622131,0.20531920565173767,0.19950258288779693,0.19368596012385622,0.18786933735991548,0.18205271459597477,0.17623609183203404,0.14958859082857645,0.12294108982511885,0.09629358882166127,0.06964608781820365
3509,0.018530992112733714,0.02102357064238779,0.025388092472381524,0.02975261430237525,0.03411713613236898,0.03848165796236271,0.04284617979235644,0.06284121893523797,0.08283625807811949,0.10283129722100104,0.12282633636388257,0.23076451461001737,0.2282719360803633,0.22390741425036959,0.21954289242037586,0.21517837059038214,0.21081384876038842,0.2064493269303947,0.18645428778751316,0.16645924864463163,0.1464642095017501,0.12646917035886857
3510,0.022723898938375474,0.025780459658883387,0.031132518111866028,0.036484576564848666,0.0418366350178313,0.04718869347081395,0.05254075192379659,0.0770599598532782,0.10157916778275981,0.12609837571224142,0.15061758364172306,0.3411068640072945,0.3380503032867866,0.33269824483380395,0.3273461863808213,0.32199412792783866,0.316642069474856,0.31129001102187337,0.2867708030923918,0.2622515951629102,0.2377323872334286,0.21321317930394695
3511,0.05954035988303085,0.0675490526604855,0.08157232777140645,0.0955956028823274,0.10961887799324835,0.12364215310416929,0.13766542821509023,0.20190979350324906,0.2661541587914079,0.33039852407956677,0.3946428893677256,0.5323949645104806,0.524386271733026,0.510362996622105,0.4963397215111841,0.48231644640026317,0.4682931712893422,0.4542698961784213,0.3900255308902625,0.32578116560210363,0.2615368003139448,0.19729243502578592
3512,0.09422208070711786,0.10689576455313886,0.129087470513181,0.15127917647322317,0.17347088243326533,0.1956625883933075,0.21785429435334966,0.31952042104539957,0.42118654773744957,0.5228526744294996,0.6245188011215496,0.7630054397344619,0.7503317558884409,0.7281400499283988,0.7059483439683566,0.6837566380083144,0.6615649320482723,0.6393732260882301,0.5377070993961802,0.4360409727041302,0.33437484601208023,0.23270871932003023
3513,0.11060462621291975,0.12548190395938727,0.1515321177130734,0.17758233146675953,0.2036325452204457,0.22968275897413182,0.255732972727818,0.37507595323620807,0.49441893374459817,0.6137619142529884,0.7331048947613785,1.04243040931092,1.0275531315644524,1.0015029178107662,0.9754527040570801,0.949402490303394,0.9233522765497079,0.8973020627960218,0.7779590822876317,0.6586161017792416,0.5392731212708513,0.41993014076246116
3514,0.14593538259187422,0.16556495229609972,0.19993646134515083,0.23430797039420195,0.2686794794432531,0.3030509884923042,0.3374224975413554,0.4948875522726021,0.6523526070038489,0.8098176617350957,0.9672827164663426,1.3368623237393928,1.3172327540351674,1.2828612449861163,1.2484897359370652,1.2141182268880142,1.1797467178389631,1.145375208789912,0.9879101540586653,0.8304450993274186,0.6729800445961718,0.5155149898649249
3515,0.17412844867806587,0.1975502293326846,0.2385619253527876,0.2795736213728906,0.3205853173929936,0.3615970134130966,0.40260870943319965,0.5904942325625675,0.7783797556919354,0.9662652788213034,1.1541508019506714,1.6963697765134498,1.6729479958588311,1.6319362998387281,1.590924603818625,1.549912907798522,1.508901211778419,1.467889515758316,1.2800039926289482,1.0921184694995802,0.9042329463702122,0.7163474232408442
3516,0.20258246617249245,0.22983155799628885,0.277544901707457,0.32525824541862514,0.3729715891297932,0.4206849328409614,0.46839827655212957,0.6869858360383282,0.9055733955245269,1.1241609550107257,1.3427485144969247,1.9211150761464808,1.8938659843226844,1.8461526406115163,1.7984392969003482,1.7507259531891801,1.7030126094780118,1.6552992657668437,1.4367117062806452,1.2181241467944464,0.9995365873082476,0.7809490278220486
3517,0.22682064156334378,0.25732997737244256,0.31075203030808307,0.3641740832437235,0.4175961361793641,0.4710181891150046,0.5244402420506451,0.769180921820084,1.013921601589523,1.2586622813589619,1.5034029611284008,2.0428941262432594,2.0123847904341607,1.9589627374985201,1.9055406845628797,1.852118631627239,1.7986965786915987,1.745274525755958,1.5005338459865192,1.2557931662170803,1.0110524864476413,0.7663118066782024
3518,0.28713168866453304,0.3257533813399477,0.3933802259058238,0.46100707047169975,0.5286339150375757,0.5962607596034519,0.6638876041693279,0.9737042248382178,1.2835208455071077,1.5933374661759976,1.9031540868448875,2.133676930271694,2.095055237596279,2.027428393030403,1.9598015484645268,1.8921747038986507,1.8245478593327746,1.7569210147668985,1.4471043940980086,1.1372877734291187,0.8274711527602288,0.5176545320913388
3519,0.3067951188581142,0.3480617127682659,0.42031979724889373,0.49257788172952155,0.5648359662101494,0.6370940506907772,0.709352135171405,1.040385701701159,1.3714192682309132,1.7024528347606676,2.0334864012904217,2.1612776545091203,2.120011060598969,2.047752976118341,1.975494891637713,1.9032368071570853,1.8309787226764576,1.7587206381958298,1.427687071666076,1.0966535051363218,0.7656199386065674,0.4345863720768133
3520,0.27598175878396375,0.31310368956544515,0.3781044409318533,0.44310519229826134,0.5081059436646694,0.5731066950310776,0.6381074463974856,0.9358932333664804,1.233679020335475,1.53146480730447,1.829250594273465,1.9097257114610804,1.872603780679599,1.8076030293131908,1.7426022779467827,1.6776015265803745,1.6126007752139664,1.5476000238475582,1.2498142368785634,0.9520284499095688,0.6542426629405738,0.35645687597157893
3521,0.2253108014307007,0.2556170506983482,0.3086834977291007,0.36174994475985317,0.4148163917906057,0.46788283882135817,0.5209492858521106,0.7640608400805081,1.0071723943089055,1.2502839485373032,1.4933955027657007,1.6192575536297766,1.588951304362129,1.5358848573313766,1.4828184103006241,1.4297519632698716,1.3766855162391192,1.3236190692083667,1.0805075149799692,0.8373959607515719,0.5942844065231742,0.3511728522947767
3522,0.181071206183045,0.20542684770103406,0.24807374039633354,0.290720633091633,0.3333675257869325,0.376014418482232,0.41866131117753147,0.6140381066158548,0.809414902054178,1.0047916974925013,1.200168492930825,1.489569188741577,1.4652135472235879,1.4225666545282885,1.379919761832989,1.3372728691376894,1.29462597644239,1.2519790837470905,1.0566022883087673,0.8612254928704441,0.6658486974321208,0.4704719019937972
3523,0.1371027565822645,0.15554426178254532,0.18783546186591396,0.22012666194928254,0.2524178620326512,0.2847090621160198,0.3170002621993884,0.464934866444111,0.6128694706888336,0.7608040749335562,0.9087386791782788,1.2544431595756709,1.23600165437539,1.2037104542920214,1.1714192542086528,1.1391280541252842,1.1068368540419156,1.074545653958547,0.9266110497138245,0.7786764454691019,0.6307418412243793,0.48280723697965666
3524,0.12288693681507708,0.1394162914452449,0.16835930297358676,0.19730231450192862,0.22624532603027048,0.25518833755861237,0.28413134908695425,0.4167270081222759,0.5493226671575976,0.6819183261929194,0.8145139852282411,0.965950353268064,0.9494209986378962,0.9204779871095543,0.8915349755812124,0.8625919640528705,0.8336489525245286,0.8047059409961868,0.6721102819608651,0.5395146229255434,0.40691896389022164,0.27432330485489986
3525,0.10407025709033581,0.11806860573895996,0.14257980870966933,0.16709101168037868,0.19160221465108804,0.2161134176217974,0.24062462059250678,0.3529169820306787,0.4652093434688507,0.5775017049070227,0.6897940663451948,0.756275578156249,0.7422772295076249,0.7177660265369155,0.6932548235662062,0.6687436205954969,0.6442324176247876,0.6197212146540781,0.5074288532159061,0.3951364917777342,0.2828441303395622,0.17055176890139007
3526,0.09174496304809825,0.10408545316899447,0.1256937346673304,0.14730201616566632,0.16891029766400223,0.19051857916233816,0.21212686066067407,0.3111201642112374,0.4101134677618008,0.5091067713123641,0.6081000748629275,0.6380177307790044,0.6256772406581081,0.6040689591597722,0.5824606776614363,0.5608523961631003,0.5392441146647644,0.5176358331664285,0.4186425296158651,0.3196492260653017,0.22065592251473837,0.12166261896417502
3527,0.0756798511426919,0.0858594449247251,0.10368398234795255,0.12150851977117999,0.13933305719440744,0.15715759461763487,0.17498213204086233,0.2566410943198301,0.33830005659879786,0.4199590188777657,0.5016179811567335,0.5589042903878931,0.54872469660586,0.5309001591826326,0.5130756217594051,0.4952510843361777,0.4774265469129503,0.45960200948972285,0.37794304721075506,0.2962840849317873,0.21462512265281947,0.13296616037385167
3528,0.031367184720614005,0.03558634204876214,0.04297411500909338,0.050361887969424625,0.057749660929755864,0.0651374338900871,0.07252520685041834,0.10637056615310214,0.14021592545578596,0.17406128475846977,0.20790664406115364,0.38513873965896495,0.3809195823308168,0.3735318093704856,0.36614403641015436,0.35875626344982314,0.3513684904894919,0.3439807175291607,0.3101353582264769,0.27628999892379313,0.24244463962110932,0.20859928031842545
3529,0.027541528392130105,0.031246101893993974,0.037732835101129916,0.04421956830826585,0.05070630151540179,0.057193034722537735,0.06367976792967367,0.09339722368731823,0.1231146794449628,0.15283213520260736,0.18254959096025195,0.2947264391013124,0.29102186559944854,0.2845351323923126,0.27804839918517665,0.2715616659780407,0.26507493277090477,0.25858819956376883,0.22887074380612427,0.1991532880484797,0.16943583229083514,0.13971837653319055
3530,0.021214760756460276,0.024068329353953997,0.029064947229369295,0.03406156510478459,0.03905818298019989,0.04405480085561519,0.049051418731030486,0.07194225852804301,0.09483309832505553,0.11772393812206808,0.1406147779190806,0.2196416620198345,0.2167880934223408,0.21179147554692548,0.20679485767151018,0.20179823979609487,0.19680162192067957,0.19180500404526427,0.16891416424825173,0.14602332445123922,0.12313248465422667,0.10024164485721414
3531,0.017379901386824617,0.01971764826949346,0.023811058840523276,0.02790446941155309,0.03199787998258291,0.03609129055361272,0.04018470112464254,0.058937707246218926,0.07769071336779533,0.09644371948937172,0.11519672561094813,0.1725522635160582,0.17021451663338938,0.16612110606235955,0.16202769549132973,0.1579342849202999,0.15384087434927007,0.14974746377824025,0.13099445765666387,0.11224145153508747,0.09348844541351108,0.07473543929193467
3532,0.018861538995962508,0.02139857893702769,0.025840952998510806,0.030283327059993915,0.03472570112147703,0.03916807518296014,0.04361044924444325,0.0639621502340575,0.08431385122367176,0.10466555221328604,0.1250172532029003,0.16219714722554288,0.1596601072844777,0.15521773322299456,0.15077535916151147,0.14633298510002835,0.14189061103854522,0.1374482369770621,0.11709653598744785,0.0967448349978336,0.07639313400821932,0.05604143301860505
3533,0.06031042844298219,0.06842270209442457,0.08262734801485494,0.09683199393528533,0.1110366398557157,0.1252412857761461,0.1394459316965765,0.20452120506052845,0.2695964784244804,0.33467175178843245,0.39974702515238447,0.4566317751531136,0.4485195015016712,0.43431485558124083,0.4201102096608105,0.4059055637403801,0.3917009178199497,0.3774962718995193,0.3124209985355673,0.24734572517161535,0.18227045180766333,0.1171951784437113
3534,0.30895518501738617,0.35051232648691727,0.4232791617051753,0.4960459969234333,0.5688128321416914,0.6415796673599494,0.7143465025782075,1.0477107919933368,1.3810750814084662,1.7144393708235957,2.0478036602387255,2.1024107163262697,2.0608535748567385,1.9880867396384805,1.9153199044202225,1.8425530692019643,1.7697862339837063,1.6970193987654483,1.363655109350319,1.0302908199351897,0.6969265305200603,0.3635622411049304
3535,1.1612949269476076,1.3174991271273024,1.5910137359992662,1.8645283448712298,2.1380429537431938,2.4115575626151577,2.685072171487121,3.9381155800368046,5.191158988586489,6.444202397136173,7.697245805685856,8.797592590406415,8.64138839022672,8.367873781354756,8.094359172482793,7.820844563610829,7.547329954738865,7.273815345866902,6.020771937317218,4.767728528767535,3.514685120217851,2.261641711668167
3536,2.8365400828547638,3.218079229059924,3.8861568494030205,4.554234469746118,5.222312090089215,5.890389710432311,6.558467330775408,9.61910918103339,12.679751031291374,15.74039288154936,18.801034731807345,21.40384848736475,21.02230934115959,20.354231720816493,19.686154100473395,19.018076480130297,18.3499988597872,17.6819212394441,14.621279389186117,11.560637538928134,8.499995688670149,5.439353838412163
3537,4.187241305649756,4.750461435119857,5.736663683482037,6.722865931844216,7.709068180206397,8.695270428568575,9.681472676930756,14.199528337297998,18.717583997665233,23.23563965803248,27.75369531839972,32.29130966000392,31.72808953053382,30.74188728217164,29.75568503380946,28.76948278544728,27.7832805370851,26.797078288722922,22.27902262835568,17.760966967988445,13.242911307621199,8.724855647253957
3538,4.1224380187469025,4.6769415462886,5.647880965838258,6.618820385387915,7.5897598049375725,8.56069922448723,9.53163864403689,13.979771212843394,18.427903781649896,22.876036350456406,27.324168919262913,32.91035711924829,32.35585359170659,31.384914172156932,30.413974752607274,29.443035333057615,28.472095913507957,27.501156493958298,23.053023925151795,18.60489135634529,14.15675878753878,9.708626218732274
3539,3.351595880008395,3.8024144805325077,4.591800893015079,5.381187305497649,6.170573717980221,6.959960130462791,7.7493465429453625,11.365736340329079,14.982126137712793,18.59851593509651,22.21490573248023,27.356769827551037,26.905951227026925,26.116564814544354,25.327178402061783,24.537791989579212,23.74840557709664,22.95901916461407,19.34262936723035,15.726239569846637,12.109849772462919,8.493459975079201
3540,2.9910124143164416,3.3933294236000933,4.097789222441407,4.80224902128272,5.506708820124034,6.211168618965348,6.915628417806662,10.142946736074473,13.370265054342282,16.597583372610092,19.82490169087791,24.2284335048095,23.82611649552585,23.121656696684536,22.417196897843223,21.71273709900191,21.008277300160596,20.303817501319283,17.076499183051475,13.849180864783666,10.621862546515855,7.394544228248039
3541,2.7047846416677372,3.0686015427890947,3.7056473923676854,4.342693241946275,4.979739091524866,5.6167849411034565,6.253830790682048,9.172307818474215,12.090784846266383,15.009261874058554,17.92773890185072,22.802692522038395,22.438875620917038,21.801829771338447,21.164783921759856,20.527738072181265,19.890692222602674,19.253646373024083,16.335169345231915,13.416692317439747,10.498215289647575,7.579738261855409
3542,2.20733046474823,2.5042354815337093,3.0241181699939683,3.544000858454227,4.063883546914486,4.583766235374744,5.103648923835004,7.485370246439614,9.867091569044224,12.248812891648836,14.630534214253444,19.724931122724897,19.428026105939416,18.908143417479156,18.388260729018896,17.868378040558635,17.348495352098375,16.828612663638115,14.446891341033504,12.065170018428894,9.683448695824282,7.3017273732196735
3543,1.677916042855984,1.903610246250039,2.298802319798513,2.693994393346985,3.0891864668954585,3.484378540443932,3.879570613992405,5.690050956937462,7.500531299882518,9.311011642827577,11.121491985772634,14.871256559632515,14.645562356238461,14.250370282689987,13.855178209141515,13.459986135593041,13.064794062044568,12.669601988496094,10.859121645551037,9.04864130260598,7.238160959660921,5.427680616715864
3544,1.1172675321315855,1.2675496673528908,1.5306947005095728,1.7938397336662546,2.0569847668229366,2.3201297999796187,2.583274833136301,3.7888124482913326,4.9943500634463645,6.199887678601396,7.405425293756428,10.033161309414842,9.882879174193537,9.619734141036854,9.356589107880172,9.09344407472349,8.830299041566807,8.567154008410125,7.361616393255093,6.156078778100062,4.95054116294503,3.745003547789998
3545,0.6682540838903488,0.7581400312657272,0.9155309318380566,1.0729218324103855,1.2303127329827148,1.3877036335550441,1.5450945341273732,2.2661442482220826,2.987193962316792,3.7082436764115014,4.429293390506211,6.0734388854665,5.983552938091121,5.826162037518792,5.668771136946463,5.5113802363741335,5.3539893358018045,5.196598435229475,4.475548721134766,3.7544990070400566,3.033449292945347,2.3123995788506377
3546,0.4397550001969972,0.4989058467966161,0.6024793784527985,0.7060529101089809,0.8096264417651632,0.9131999734213457,1.016773505077528,1.4912714914090162,1.9657694777405041,2.4402674640719924,2.9147654504034803,3.6846018562989733,3.625451009699354,3.5218774780431716,3.418303946386989,3.314730414730807,3.2111568830746244,3.1075833514184423,2.633085365086954,2.158587378755466,1.6840893924239777,1.2095914060924897
3547,0.286284866305672,0.32479265405806435,0.39222005033488544,0.4596474466117065,0.5270748428885276,0.5945022391653487,0.6619296354421698,0.9708325302776295,1.2797354251130895,1.5886383199485492,1.8975412147840094,2.22844041223525,2.1899326244828576,2.1225052282060366,2.0550778319292156,1.9876504356523945,1.9202230393755735,1.8527956430987524,1.5438927482632927,1.2349898534278327,0.926086958592373,0.6171840637569128
3548,0.1600000684787465,0.18152145994052682,0.21920556165659857,0.25688966337267033,0.2945737650887421,0.33225786680481384,0.3699419685208856,0.5425828942000834,0.7152238198792811,0.887864745558479,1.0605056712376768,1.3303544742870113,1.308833082825231,1.2711489811091592,1.2334648793930874,1.1957807776770155,1.1580966759609437,1.1204125742448718,0.947771648565674,0.7751307228864763,0.6024897972072784,0.4298488715280806
3549,0.0966650333943288,0.10966731548161278,0.1324343991801003,0.15520148287858784,0.17796856657707538,0.20073565027556292,0.2235027339740505,0.3278048196211218,0.432106905268193,0.5364089909152644,0.6407110765623357,0.8750441895076194,0.8620419074203355,0.8392748237218479,0.8165077400233604,0.7937406563248728,0.7709735726263852,0.7482064889278977,0.6439044032808263,0.5396023176337551,0.4353002319866837,0.3309981463396124
3550,0.060485888935644626,0.06862176353916513,0.08286773488598757,0.09711370623281,0.11135967757963244,0.1256056489264549,0.13985162027327736,0.2051162164429092,0.27038081261254104,0.33564540878217297,0.40091000495180484,0.6530761972950729,0.6449403226915524,0.63069435134473,0.6164483799979075,0.602202408651085,0.5879564373042625,0.57371046595744,0.5084458697878081,0.4431812736181763,0.37791667744854435,0.3126520812789125
3551,0.04326251605801909,0.04908169821561838,0.059271125452270715,0.06946055268892304,0.07964997992557539,0.08983940716222773,0.10002883439888008,0.1467093195416705,0.19338980468446088,0.24007028982725132,0.28675077497004176,0.499578441059629,0.4937592589020297,0.48356983166537737,0.47338040442872503,0.4631909771920727,0.45300154995542036,0.442812122718768,0.3961316375759776,0.3494511524331872,0.30277066729039676,0.2560901821476063
3552,0.031367184720614005,0.03558634204876214,0.04297411500909338,0.050361887969424625,0.057749660929755864,0.0651374338900871,0.07252520685041834,0.10637056615310214,0.14021592545578596,0.17406128475846977,0.20790664406115364,0.38513873965896495,0.3809195823308168,0.3735318093704856,0.36614403641015436,0.35875626344982314,0.3513684904894919,0.3439807175291607,0.3101353582264769,0.27628999892379313,0.24244463962110932,0.20859928031842545
3553,0.027541528392130105,0.031246101893993974,0.037732835101129916,0.04421956830826585,0.05070630151540179,0.057193034722537735,0.06367976792967367,0.09339722368731823,0.1231146794449628,0.15283213520260736,0.18254959096025195,0.2947264391013124,0.29102186559944854,0.2845351323923126,0.27804839918517665,0.2715616659780407,0.26507493277090477,0.25858819956376883,0.22887074380612427,0.1991532880484797,0.16943583229083514,0.13971837653319055
3554,0.021214760756460276,0.024068329353953997,0.029064947229369295,0.03406156510478459,0.03905818298019989,0.04405480085561519,0.049051418731030486,0.07194225852804301,0.09483309832505553,0.11772393812206808,0.1406147779190806,0.2196416620198345,0.2167880934223408,0.21179147554692548,0.20679485767151018,0.20179823979609487,0.19680162192067957,0.19180500404526427,0.16891416424825173,0.14602332445123922,0.12313248465422667,0.10024164485721414
3555,0.017379901386824617,0.01971764826949346,0.023811058840523276,0.02790446941155309,0.03199787998258291,0.03609129055361272,0.04018470112464254,0.058937707246218926,0.07769071336779533,0.09644371948937172,0.11519672561094813,0.1725522635160582,0.17021451663338938,0.16612110606235955,0.16202769549132973,0.1579342849202999,0.15384087434927007,0.14974746377824025,0.13099445765666387,0.11224145153508747,0.09348844541351108,0.07473543929193467
3556,0.018861538995962508,0.02139857893702769,0.025840952998510806,0.030283327059993915,0.03472570112147703,0.03916807518296014,0.04361044924444325,0.0639621502340575,0.08431385122367176,0.10466555221328604,0.1250172532029003,0.16219714722554288,0.1596601072844777,0.15521773322299456,0.15077535916151147,0.14633298510002835,0.14189061103854522,0.1374482369770621,0.11709653598744785,0.0967448349978336,0.07639313400821932,0.05604143301860505
3557,0.06031042844298219,0.06842270209442457,0.08262734801485494,0.09683199393528533,0.1110366398557157,0.1252412857761461,0.1394459316965765,0.20452120506052845,0.2695964784244804,0.33467175178843245,0.39974702515238447,0.4566317751531136,0.4485195015016712,0.43431485558124083,0.4201102096608105,0.4059055637403801,0.3917009178199497,0.3774962718995193,0.3124209985355673,0.24734572517161535,0.18227045180766333,0.1171951784437113
3558,0.30895518501738617,0.35051232648691727,0.4232791617051753,0.4960459969234333,0.5688128321416914,0.6415796673599494,0.7143465025782075,1.0477107919933368,1.3810750814084662,1.7144393708235957,2.0478036602387255,2.1024107163262697,2.0608535748567385,1.9880867396384805,1.9153199044202225,1.8425530692019643,1.7697862339837063,1.6970193987654483,1.363655109350319,1.0302908199351897,0.6969265305200603,0.3635622411049304
3559,1.1612949269476076,1.3174991271273024,1.5910137359992662,1.8645283448712298,2.1380429537431938,2.4115575626151577,2.685072171487121,3.9381155800368046,5.191158988586489,6.444202397136173,7.697245805685856,8.797592590406415,8.64138839022672,8.367873781354756,8.094359172482793,7.820844563610829,7.547329954738865,7.273815345866902,6.020771937317218,4.767728528767535,3.514685120217851,2.261641711668167
3560,2.8365400828547638,3.218079229059924,3.8861568494030205,4.554234469746118,5.222312090089215,5.890389710432311,6.558467330775408,9.61910918103339,12.679751031291374,15.74039288154936,18.801034731807345,21.40384848736475,21.02230934115959,20.354231720816493,19.686154100473395,19.018076480130297,18.3499988597872,17.6819212394441,14.621279389186117,11.560637538928134,8.499995688670149,5.439353838412163
3561,4.187241305649756,4.750461435119857,5.736663683482037,6.722865931844216,7.709068180206397,8.695270428568575,9.681472676930756,14.199528337297998,18.717583997665233,23.23563965803248,27.75369531839972,32.29130966000392,31.72808953053382,30.74188728217164,29.75568503380946,28.76948278544728,27.7832805370851,26.797078288722922,22.27902262835568,17.760966967988445,13.242911307621199,8.724855647253957
3562,4.1224380187469025,4.6769415462886,5.647880965838258,6.618820385387915,7.5897598049375725,8.56069922448723,9.53163864403689,13.979771212843394,18.427903781649896,22.876036350456406,27.324168919262913,32.91035711924829,32.35585359170659,31.384914172156932,30.413974752607274,29.443035333057615,28.472095913507957,27.501156493958298,23.053023925151795,18.60489135634529,14.15675878753878,9.708626218732274
3563,3.351595880008395,3.8024144805325077,4.591800893015079,5.381187305497649,6.170573717980221,6.959960130462791,7.7493465429453625,11.365736340329079,14.982126137712793,18.59851593509651,22.21490573248023,27.356769827551037,26.905951227026925,26.116564814544354,25.327178402061783,24.537791989579212,23.74840557709664,22.95901916461407,19.34262936723035,15.726239569846637,12.109849772462919,8.493459975079201
3564,2.9910124143164416,3.3933294236000933,4.097789222441407,4.80224902128272,5.506708820124034,6.211168618965348,6.915628417806662,10.142946736074473,13.370265054342282,16.597583372610092,19.82490169087791,24.2284335048095,23.82611649552585,23.121656696684536,22.417196897843223,21.71273709900191,21.008277300160596,20.303817501319283,17.076499183051475,13.849180864783666,10.621862546515855,7.394544228248039
3565,2.7047846416677372,3.0686015427890947,3.7056473923676854,4.342693241946275,4.979739091524866,5.6167849411034565,6.253830790682048,9.172307818474215,12.090784846266383,15.009261874058554,17.92773890185072,22.802692522038395,22.438875620917038,21.801829771338447,21.164783921759856,20.527738072181265,19.890692222602674,19.253646373024083,16.335169345231915,13.416692317439747,10.498215289647575,7.579738261855409
3566,2.20733046474823,2.5042354815337093,3.0241181699939683,3.544000858454227,4.063883546914486,4.583766235374744,5.103648923835004,7.485370246439614,9.867091569044224,12.248812891648836,14.630534214253444,19.724931122724897,19.428026105939416,18.908143417479156,18.388260729018896,17.868378040558635,17.348495352098375,16.828612663638115,14.446891341033504,12.065170018428894,9.683448695824282,7.3017273732196735
3567,1.677916042855984,1.903610246250039,2.298802319798513,2.693994393346985,3.0891864668954585,3.484378540443932,3.879570613992405,5.690050956937462,7.500531299882518,9.311011642827577,11.121491985772634,14.871256559632515,14.645562356238461,14.250370282689987,13.855178209141515,13.459986135593041,13.064794062044568,12.669601988496094,10.859121645551037,9.04864130260598,7.238160959660921,5.427680616715864
3568,1.1172675321315855,1.2675496673528908,1.5306947005095728,1.7938397336662546,2.0569847668229366,2.3201297999796187,2.583274833136301,3.7888124482913326,4.9943500634463645,6.199887678601396,7.405425293756428,10.033161309414842,9.882879174193537,9.619734141036854,9.356589107880172,9.09344407472349,8.830299041566807,8.567154008410125,7.361616393255093,6.156078778100062,4.95054116294503,3.745003547789998
3569,0.6682540838903488,0.7581400312657272,0.9155309318380566,1.0729218324103855,1.2303127329827148,1.3877036335550441,1.5450945341273732,2.2661442482220826,2.987193962316792,3.7082436764115014,4.429293390506211,6.0734388854665,5.983552938091121,5.826162037518792,5.668771136946463,5.5113802363741335,5.3539893358018045,5.196598435229475,4.475548721134766,3.7544990070400566,3.033449292945347,2.3123995788506377
3570,0.4397550001969972,0.4989058467966161,0.6024793784527985,0.7060529101089809,0.8096264417651632,0.9131999734213457,1.016773505077528,1.4912714914090162,1.9657694777405041,2.4402674640719924,2.9147654504034803,3.6846018562989733,3.625451009699354,3.5218774780431716,3.418303946386989,3.314730414730807,3.2111568830746244,3.1075833514184423,2.633085365086954,2.158587378755466,1.6840893924239777,1.2095914060924897
3571,0.286284866305672,0.32479265405806435,0.39222005033488544,0.4596474466117065,0.5270748428885276,0.5945022391653487,0.6619296354421698,0.9708325302776295,1.2797354251130895,1.5886383199485492,1.8975412147840094,2.22844041223525,2.1899326244828576,2.1225052282060366,2.0550778319292156,1.9876504356523945,1.9202230393755735,1.8527956430987524,1.5438927482632927,1.2349898534278327,0.926086958592373,0.6171840637569128
3572,0.1600000684787465,0.18152145994052682,0.21920556165659857,0.25688966337267033,0.2945737650887421,0.33225786680481384,0.3699419685208856,0.5425828942000834,0.7152238198792811,0.887864745558479,1.0605056712376768,1.3303544742870113,1.308833082825231,1.2711489811091592,1.2334648793930874,1.1957807776770155,1.1580966759609437,1.1204125742448718,0.947771648565674,0.7751307228864763,0.6024897972072784,0.4298488715280806
3573,0.0966650333943288,0.10966731548161278,0.1324343991801003,0.15520148287858784,0.17796856657707538,0.20073565027556292,0.2235027339740505,0.3278048196211218,0.432106905268193,0.5364089909152644,0.6407110765623357,0.8750441895076194,0.8620419074203355,0.8392748237218479,0.8165077400233604,0.7937406563248728,0.7709735726263852,0.7482064889278977,0.6439044032808263,0.5396023176337551,0.4353002319866837,0.3309981463396124
3574,0.060485888935644626,0.06862176353916513,0.08286773488598757,0.09711370623281,0.11135967757963244,0.1256056489264549,0.13985162027327736,0.2051162164429092,0.27038081261254104,0.33564540878217297,0.40091000495180484,0.6530761972950729,0.6449403226915524,0.63069435134473,0.6164483799979075,0.602202408651085,0.5879564373042625,0.57371046595744,0.5084458697878081,0.4431812736181763,0.37791667744854435,0.3126520812789125
3575,0.04326251605801909,0.04908169821561838,0.059271125452270715,0.06946055268892304,0.07964997992557539,0.08983940716222773,0.10002883439888008,0.1467093195416705,0.19338980468446088,0.24007028982725132,0.28675077497004176,0.499578441059629,0.4937592589020297,0.48356983166537737,0.47338040442872503,0.4631909771920727,0.45300154995542036,0.442812122718768,0.3961316375759776,0.3494511524331872,0.30277066729039676,0.2560901821476063
3576,0.031367184720614005,0.03558634204876214,0.04297411500909338,0.050361887969424625,0.057749660929755864,0.0651374338900871,0.07252520685041834,0.10637056615310214,0.14021592545578596,0.17406128475846977,0.20790664406115364,0.38513873965896495,0.3809195823308168,0.3735318093704856,0.36614403641015436,0.35875626344982314,0.3513684904894919,0.3439807175291607,0.3101353582264769,0.27628999892379313,0.24244463962110932,0.20859928031842545
3577,0.027541528392130105,0.031246101893993974,0.037732835101129916,0.04421956830826585,0.05070630151540179,0.057193034722537735,0.06367976792967367,0.09339722368731823,0.1231146794449628,0.15283213520260736,0.18254959096025195,0.2947264391013124,0.29102186559944854,0.2845351323923126,0.27804839918517665,0.2715616659780407,0.26507493277090477,0.25858819956376883,0.22887074380612427,0.1991532880484797,0.16943583229083514,0.13971837653319055
3578,0.021214760756460276,0.024068329353953997,0.029064947229369295,0.03406156510478459,0.03905818298019989,0.04405480085561519,0.049051418731030486,0.07194225852804301,0.09483309832505553,0.11772393812206808,0.1406147779190806,0.2196416620198345,0.2167880934223408,0.21179147554692548,0.20679485767151018,0.20179823979609487,0.19680162192067957,0.19180500404526427,0.16891416424825173,0.14602332445123922,0.12313248465422667,0.10024164485721414
3579,0.017379901386824617,0.01971764826949346,0.023811058840523276,0.02790446941155309,0.03199787998258291,0.03609129055361272,0.04018470112464254,0.058937707246218926,0.07769071336779533,0.09644371948937172,0.11519672561094813,0.1725522635160582,0.17021451663338938,0.16612110606235955,0.16202769549132973,0.1579342849202999,0.15384087434927007,0.14974746377824025,0.13099445765666387,0.11224145153508747,0.09348844541351108,0.07473543929193467
3580,0.018861538995962508,0.02139857893702769,0.025840952998510806,0.030283327059993915,0.03472570112147703,0.03916807518296014,0.04361044924444325,0.0639621502340575,0.08431385122367176,0.10466555221328604,0.1250172532029003,0.16219714722554288,0.1596601072844777,0.15521773322299456,0.15077535916151147,0.14633298510002835,0.14189061103854522,0.1374482369770621,0.11709653598744785,0.0967448349978336,0.07639313400821932,0.05604143301860505
3581,0.06031042844298219,0.06842270209442457,0.08262734801485494,0.09683199393528533,0.1110366398557157,0.1252412857761461,0.1394459316965765,0.20452120506052845,0.2695964784244804,0.33467175178843245,0.39974702515238447,0.4566317751531136,0.4485195015016712,0.43431485558124083,0.4201102096608105,0.4059055637403801,0.3917009178199497,0.3774962718995193,0.3124209985355673,0.24734572517161535,0.18227045180766333,0.1171951784437113
3582,0.30895518501738617,0.35051232648691727,0.4232791617051753,0.4960459969234333,0.5688128321416914,0.6415796673599494,0.7143465025782075,1.0477107919933368,1.3810750814084662,1.7144393708235957,2.0478036602387255,2.1024107163262697,2.0608535748567385,1.9880867396384805,1.9153199044202225,1.8425530692019643,1.7697862339837063,1.6970193987654483,1.363655109350319,1.0302908199351897,0.6969265305200603,0.3635622411049304
3583,1.1612949269476076,1.3174991271273024,1.5910137359992662,1.8645283448712298,2.1380429537431938,2.4115575626151577,2.685072171487121,3.9381155800368046,5.191158988586489,6.444202397136173,7.697245805685856,8.797592590406415,8.64138839022672,8.367873781354756,8.094359172482793,7.820844563610829,7.547329954738865,7.273815345866902,6.020771937317218,4.767728528767535,3.514685120217851,2.261641711668167
3584,2.8365400828547638,3.218079229059924,3.8861568494030205,4.554234469746118,5.222312090089215,5.890389710432311,6.558467330775408,9.61910918103339,12.679751031291374,15.74039288154936,18.801034731807345,21.40384848736475,21.02230934115959,20.354231720816493,19.686154100473395,19.018076480130297,18.3499988597872,17.6819212394441,14.621279389186117,11.560637538928134,8.499995688670149,5.439353838412163
3585,4.187241305649756,4.750461435119857,5.736663683482037,6.722865931844216,7.709068180206397,8.695270428568575,9.681472676930756,14.199528337297998,18.717583997665233,23.23563965803248,27.75369531839972,32.29130966000392,31.72808953053382,30.74188728217164,29.75568503380946,28.76948278544728,27.7832805370851,26.797078288722922,22.27902262835568,17.760966967988445,13.242911307621199,8.724855647253957
3586,4.1224380187469025,4.6769415462886,5.647880965838258,6.618820385387915,7.5897598049375725,8.56069922448723,9.53163864403689,13.979771212843394,18.427903781649896,22.876036350456406,27.324168919262913,32.91035711924829,32.35585359170659,31.384914172156932,30.413974752607274,29.443035333057615,28.472095913507957,27.501156493958298,23.053023925151795,18.60489135634529,14.15675878753878,9.708626218732274
3587,3.351595880008395,3.8024144805325077,4.591800893015079,5.381187305497649,6.170573717980221,6.959960130462791,7.7493465429453625,11.365736340329079,14.982126137712793,18.59851593509651,22.21490573248023,27.356769827551037,26.905951227026925,26.116564814544354,25.327178402061783,24.537791989579212,23.74840557709664,22.95901916461407,19.34262936723035,15.726239569846637,12.109849772462919,8.493459975079201
3588,2.9910124143164416,3.3933294236000933,4.097789222441407,4.80224902128272,5.506708820124034,6.211168618965348,6.915628417806662,10.142946736074473,13.370265054342282,16.597583372610092,19.82490169087791,24.2284335048095,23.82611649552585,23.121656696684536,22.417196897843223,21.71273709900191,21.008277300160596,20.303817501319283,17.076499183051475,13.849180864783666,10.621862546515855,7.394544228248039
3589,2.7047846416677372,3.0686015427890947,3.7056473923676854,4.342693241946275,4.979739091524866,5.6167849411034565,6.253830790682048,9.172307818474215,12.090784846266383,15.009261874058554,17.92773890185072,22.802692522038395,22.438875620917038,21.801829771338447,21.164783921759856,20.527738072181265,19.890692222602674,19.253646373024083,16.335169345231915,13.416692317439747,10.498215289647575,7.579738261855409
3590,2.20733046474823,2.5042354815337093,3.0241181699939683,3.544000858454227,4.063883546914486,4.583766235374744,5.103648923835004,7.485370246439614,9.867091569044224,12.248812891648836,14.630534214253444,19.724931122724897,19.428026105939416,18.908143417479156,18.388260729018896,17.868378040558635,17.348495352098375,16.828612663638115,14.446891341033504,12.065170018428894,9.683448695824282,7.3017273732196735
3591,1.677916042855984,1.903610246250039,2.298802319798513,2.693994393346985,3.0891864668954585,3.484378540443932,3.879570613992405,5.690050956937462,7.500531299882518,9.311011642827577,11.121491985772634,14.871256559632515,14.645562356238461,14.250370282689987,13.855178209141515,13.459986135593041,13.064794062044568,12.669601988496094,10.859121645551037,9.04864130260598,7.238160959660921,5.427680616715864
3592,1.1172675321315855,1.2675496673528908,1.5306947005095728,1.7938397336662546,2.0569847668229366,2.3201297999796187,2.583274833136301,3.7888124482913326,4.9943500634463645,6.199887678601396,7.405425293756428,10.033161309414842,9.882879174193537,9.619734141036854,9.356589107880172,9.09344407472349,8.830299041566807,8.567154008410125,7.361616393255093,6.156078778100062,4.95054116294503,3.745003547789998
3593,0.6682540838903488,0.7581400312657272,0.9155309318380566,1.0729218324103855,1.2303127329827148,1.3877036335550441,1.5450945341273732,2.2661442482220826,2.987193962316792,3.7082436764115014,4.429293390506211,6.0734388854665,5.983552938091121,5.826162037518792,5.668771136946463,5.5113802363741335,5.3539893358018045,5.196598435229475,4.475548721134766,3.7544990070400566,3.033449292945347,2.3123995788506377
3594,0.4397550001969972,0.4989058467966161,0.6024793784527985,0.7060529101089809,0.8096264417651632,0.9131999734213457,1.016773505077528,1.4912714914090162,1.9657694777405041,2.4402674640719924,2.9147654504034803,3.6846018562989733,3.625451009699354,3.5218774780431716,3.418303946386989,3.314730414730807,3.2111568830746244,3.1075833514184423,2.633085365086954,2.158587378755466,1.6840893924239777,1.2095914060924897
3595,0.286284866305672,0.32479265405806435,0.39222005033488544,0.4596474466117065,0.5270748428885276,0.5945022391653487,0.6619296354421698,0.9708325302776295,1.2797354251130895,1.5886383199485492,1.8975412147840094,2.22844041223525,2.1899326244828576,2.1225052282060366,2.0550778319292156,1.9876504356523945,1.9202230393755735,1.8527956430987524,1.5438927482632927,1.2349898534278327,0.926086958592373,0.6171840637569128
3596,0.1600000684787465,0.18152145994052682,0.21920556165659857,0.25688966337267033,0.2945737650887421,0.33225786680481384,0.3699419685208856,0.5425828942000834,0.7152238198792811,0.887864745558479,1.0605056712376768,1.3303544742870113,1.308833082825231,1.2711489811091592,1.2334648793930874,1.1957807776770155,1.1580966759609437,1.1204125742448718,0.947771648565674,0.7751307228864763,0.6024897972072784,0.4298488715280806
3597,0.0966650333943288,0.10966731548161278,0.1324343991801003,0.15520148287858784,0.17796856657707538,0.20073565027556292,0.2235027339740505,0.3278048196211218,0.432106905268193,0.5364089909152644,0.6407110765623357,0.8750441895076194,0.8620419074203355,0.8392748237218479,0.8165077400233604,0.7937406563248728,0.7709735726263852,0.7482064889278977,0.6439044032808263,0.5396023176337551,0.4353002319866837,0.3309981463396124
3598,0.060485888935644626,0.06862176353916513,0.08286773488598757,0.09711370623281,0.11135967757963244,0.1256056489264549,0.13985162027327736,0.2051162164429092,0.27038081261254104,0.33564540878217297,0.40091000495180484,0.6530761972950729,0.6449403226915524,0.63069435134473,0.6164483799979075,0.602202408651085,0.5879564373042625,0.57371046595744,0.5084458697878081,0.4431812736181763,0.37791667744854435,0.3126520812789125
3599,0.04326251605801909,0.04908169821561838,0.059271125452270715,0.06946055268892304,0.07964997992557539,0.08983940716222773,0.10002883439888008,0.1467093195416705,0.19338980468446088,0.24007028982725132,0.28675077497004176,0.499578441059629,0.4937592589020297,0.48356983166537737,0.47338040442872503,0.4631909771920727,0.45300154995542036,0.442812122718768,0.3961316375759776,0.3494511524331872,0.30277066729039676,0.2560901821476063
3600,0.031367184720614005,0.03558634204876214,0.04297411500909338,0.050361887969424625,0.057749660929755864,0.0651374338900871,0.07252520685041834,0.10637056615310214,0.14021592545578596,0.17406128475846977,0.20790664406115364,0.38513873965896495,0.3809195823308168,0.3735318093704856,0.36614403641015436,0.35875626344982314,0.3513684904894919,0.3439807175291607,0.3101353582264769,0.27628999892379313,0.24244463962110932,0.20859928031842545
3601,0.027541528392130105,0.031246101893993974,0.037732835101129916,0.04421956830826585,0.05070630151540179,0.057193034722537735,0.06367976792967367,0.09339722368731823,0.1231146794449628,0.15283213520260736,0.18254959096025195,0.2947264391013124,0.29102186559944854,0.2845351323923126,0.27804839918517665,0.2715616659780407,0.26507493277090477,0.25858819956376883,0.22887074380612427,0.1991532880484797,0.16943583229083514,0.13971837653319055
3602,0.021214760756460276,0.024068329353953997,0.029064947229369295,0.03406156510478459,0.03905818298019989,0.04405480085561519,0.049051418731030486,0.07194225852804301,0.09483309832505553,0.11772393812206808,0.1406147779190806,0.2196416620198345,0.2167880934223408,0.21179147554692548,0.20679485767151018,0.20179823979609487,0.19680162192067957,0.19180500404526427,0.16891416424825173,0.14602332445123922,0.12313248465422667,0.10024164485721414
3603,0.017379901386824617,0.01971764826949346,0.023811058840523276,0.02790446941155309,0.03199787998258291,0.03609129055361272,0.04018470112464254,0.058937707246218926,0.07769071336779533,0.09644371948937172,0.11519672561094813,0.1725522635160582,0.17021451663338938,0.16612110606235955,0.16202769549132973,0.1579342849202999,0.15384087434927007,0.14974746377824025,0.13099445765666387,0.11224145153508747,0.09348844541351108,0.07473543929193467
3604,0.018861538995962508,0.02139857893702769,0.025840952998510806,0.030283327059993915,0.03472570112147703,0.03916807518296014,0.04361044924444325,0.0639621502340575,0.08431385122367176,0.10466555221328604,0.1250172532029003,0.16219714722554288,0.1596601072844777,0.15521773322299456,0.15077535916151147,0.14633298510002835,0.14189061103854522,0.1374482369770621,0.11709653598744785,0.0967448349978336,0.07639313400821932,0.05604143301860505
3605,0.06031042844298219,0.06842270209442457,0.08262734801485494,0.09683199393528533,0.1110366398557157,0.1252412857761461,0.1394459316965765,0.20452120506052845,0.2695964784244804,0.33467175178843245,0.39974702515238447,0.4566317751531136,0.4485195015016712,0.43431485558124083,0.4201102096608105,0.4059055637403801,0.3917009178199497,0.3774962718995193,0.3124209985355673,0.24734572517161535,0.18227045180766333,0.1171951784437113
3606,0.30895518501738617,0.35051232648691727,0.4232791617051753,0.4960459969234333,0.5688128321416914,0.6415796673599494,0.7143465025782075,1.0477107919933368,1.3810750814084662,1.7144393708235957,2.0478036602387255,2.1024107163262697,2.0608535748567385,1.9880867396384805,1.9153199044202225,1.8425530692019643,1.7697862339837063,1.6970193987654483,1.363655109350319,1.0302908199351897,0.6969265305200603,0.3635622411049304
3607,1.1612949269476076,1.3174991271273024,1.5910137359992662,1.8645283448712298,2.1380429537431938,2.4115575626151577,2.685072171487121,3.9381155800368046,5.191158988586489,6.444202397136173,7.697245805685856,8.797592590406415,8.64138839022672,8.367873781354756,8.094359172482793,7.820844563610829,7.547329954738865,7.273815345866902,6.020771937317218,4.767728528767535,3.514685120217851,2.261641711668167
3608,2.8365400828547638,3.218079229059924,3.8861568494030205,4.554234469746118,5.222312090089215,5.890389710432311,6.558467330775408,9.61910918103339,12.679751031291374,15.74039288154936,18.801034731807345,21.40384848736475,21.02230934115959,20.354231720816493,19.686154100473395,19.018076480130297,18.3499988597872,17.6819212394441,14.621279389186117,11.560637538928134,8.499995688670149,5.439353838412163
3609,4.187241305649756,4.750461435119857,5.736663683482037,6.722865931844216,7.709068180206397,8.695270428568575,9.681472676930756,14.199528337297998,18.717583997665233,23.23563965803248,27.75369531839972,32.29130966000392,31.72808953053382,30.74188728217164,29.75568503380946,28.76948278544728,27.7832805370851,26.797078288722922,22.27902262835568,17.760966967988445,13.242911307621199,8.724855647253957
3610,4.1224380187469025,4.6769415462886,5.647880965838258,6.618820385387915,7.5897598049375725,8.56069922448723,9.53163864403689,13.979771212843394,18.427903781649896,22.876036350456406,27.324168919262913,32.91035711924829,32.35585359170659,31.384914172156932,30.413974752607274,29.443035333057615,28.472095913507957,27.501156493958298,23.053023925151795,18.60489135634529,14.15675878753878,9.708626218732274
3611,3.351595880008395,3.8024144805325077,4.591800893015079,5.381187305497649,6.170573717980221,6.959960130462791,7.7493465429453625,11.365736340329079,14.982126137712793,18.59851593509651,22.21490573248023,27.356769827551037,26.905951227026925,26.116564814544354,25.327178402061783,24.537791989579212,23.74840557709664,22.95901916461407,19.34262936723035,15.726239569846637,12.109849772462919,8.493459975079201
3612,2.9910124143164416,3.3933294236000933,4.097789222441407,4.80224902128272,5.506708820124034,6.211168618965348,6.915628417806662,10.142946736074473,13.370265054342282,16.597583372610092,19.82490169087791,24.2284335048095,23.82611649552585,23.121656696684536,22.417196897843223,21.71273709900191,21.008277300160596,20.303817501319283,17.076499183051475,13.849180864783666,10.621862546515855,7.394544228248039
3613,2.7047846416677372,3.0686015427890947,3.7056473923676854,4.342693241946275,4.979739091524866,5.6167849411034565,6.253830790682048,9.172307818474215,12.090784846266383,15.009261874058554,17.92773890185072,22.802692522038395,22.438875620917038,21.801829771338447,21.164783921759856,20.527738072181265,19.890692222602674,19.253646373024083,16.335169345231915,13.416692317439747,10.498215289647575,7.579738261855409
3614,2.20733046474823,2.5042354815337093,3.0241181699939683,3.544000858454227,4.063883546914486,4.583766235374744,5.103648923835004,7.485370246439614,9.867091569044224,12.248812891648836,14.630534214253444,19.724931122724897,19.428026105939416,18.908143417479156,18.388260729018896,17.868378040558635,17.348495352098375,16.828612663638115,14.446891341033504,12.065170018428894,9.683448695824282,7.3017273732196735
3615,1.677916042855984,1.903610246250039,2.298802319798513,2.693994393346985,3.0891864668954585,3.484378540443932,3.879570613992405,5.690050956937462,7.500531299882518,9.311011642827577,11.121491985772634,14.871256559632515,14.645562356238461,14.250370282689987,13.855178209141515,13.459986135593041,13.064794062044568,12.669601988496094,10.859121645551037,9.04864130260598,7.238160959660921,5.427680616715864
3616,1.1172675321315855,1.2675496673528908,1.5306947005095728,1.7938397336662546,2.0569847668229366,2.3201297999796187,2.583274833136301,3.7888124482913326,4.9943500634463645,6.199887678601396,7.405425293756428,10.033161309414842,9.882879174193537,9.619734141036854,9.356589107880172,9.09344407472349,8.830299041566807,8.567154008410125,7.361616393255093,6.156078778100062,4.95054116294503,3.745003547789998
3617,0.6682540838903488,0.7581400312657272,0.9155309318380566,1.0729218324103855,1.2303127329827148,1.3877036335550441,1.5450945341273732,2.2661442482220826,2.987193962316792,3.7082436764115014,4.429293390506211,6.0734388854665,5.983552938091121,5.826162037518792,5.668771136946463,5.5113802363741335,5.3539893358018045,5.196598435229475,4.475548721134766,3.7544990070400566,3.033449292945347,2.3123995788506377
3618,0.4397550001969972,0.4989058467966161,0.6024793784527985,0.7060529101089809,0.8096264417651632,0.9131999734213457,1.016773505077528,1.4912714914090162,1.9657694777405041,2.4402674640719924,2.9147654504034803,3.6846018562989733,3.625451009699354,3.5218774780431716,3.418303946386989,3.314730414730807,3.2111568830746244,3.1075833514184423,2.633085365086954,2.158587378755466,1.6840893924239777,1.2095914060924897
3619,0.286284866305672,0.32479265405806435,0.39222005033488544,0.4596474466117065,0.5270748428885276,0.5945022391653487,0.6619296354421698,0.9708325302776295,1.2797354251130895,1.5886383199485492,1.8975412147840094,2.22844041223525,2.1899326244828576,2.1225052282060366,2.0550778319292156,1.9876504356523945,1.9202230393755735,1.8527956430987524,1.5438927482632927,1.2349898534278327,0.926086958592373,0.6171840637569128
3620,0.1600000684787465,0.18152145994052682,0.21920556165659857,0.25688966337267033,0.2945737650887421,0.33225786680481384,0.3699419685208856,0.5425828942000834,0.7152238198792811,0.887864745558479,1.0605056712376768,1.3303544742870113,1.308833082825231,1.2711489811091592,1.2334648793930874,1.1957807776770155,1.1580966759609437,1.1204125742448718,0.947771648565674,0.7751307228864763,0.6024897972072784,0.4298488715280806
3621,0.0966650333943288,0.10966731548161278,0.1324343991801003,0.15520148287858784,0.17796856657707538,0.20073565027556292,0.2235027339740505,0.3278048196211218,0.432106905268193,0.5364089909152644,0.6407110765623357,0.8750441895076194,0.8620419074203355,0.8392748237218479,0.8165077400233604,0.7937406563248728,0.7709735726263852,0.7482064889278977,0.6439044032808263,0.5396023176337551,0.4353002319866837,0.3309981463396124
3622,0.060485888935644626,0.06862176353916513,0.08286773488598757,0.09711370623281,0.11135967757963244,0.1256056489264549,0.13985162027327736,0.2051162164429092,0.27038081261254104,0.33564540878217297,0.40091000495180484,0.6530761972950729,0.6449403226915524,0.63069435134473,0.6164483799979075,0.602202408651085,0.5879564373042625,0.57371046595744,0.5084458697878081,0.4431812736181763,0.37791667744854435,0.3126520812789125
3623,0.04326251605801909,0.04908169821561838,0.059271125452270715,0.06946055268892304,0.07964997992557539,0.08983940716222773,0.10002883439888008,0.1467093195416705,0.19338980468446088,0.24007028982725132,0.28675077497004176,0.499578441059629,0.4937592589020297,0.48356983166537737,0.47338040442872503,0.4631909771920727,0.45300154995542036,0.442812122718768,0.3961316375759776,0.3494511524331872,0.30277066729039676,0.2560901821476063
3624,0.031367184720614005,0.03558634204876214,0.04297411500909338,0.050361887969424625,0.057749660929755864,0.0651374338900871,0.07252520685041834,0.10637056615310214,0.14021592545578596,0.17406128475846977,0.20790664406115364,0.38513873965896495,0.3809195823308168,0.3735318093704856,0.36614403641015436,0.35875626344982314,0.3513684904894919,0.3439807175291607,0.3101353582264769,0.27628999892379313,0.24244463962110932,0.20859928031842545
3625,0.027541528392130105,0.031246101893993974,0.037732835101129916,0.04421956830826585,0.05070630151540179,0.057193034722537735,0.06367976792967367,0.09339722368731823,0.1231146794449628,0.15283213520260736,0.18254959096025195,0.2947264391013124,0.29102186559944854,0.2845351323923126,0.27804839918517665,0.2715616659780407,0.26507493277090477,0.25858819956376883,0.22887074380612427,0.1991532880484797,0.16943583229083514,0.13971837653319055
3626,0.021214760756460276,0.024068329353953997,0.029064947229369295,0.03406156510478459,0.03905818298019989,0.04405480085561519,0.049051418731030486,0.07194225852804301,0.09483309832505553,0.11772393812206808,0.1406147779190806,0.2196416620198345,0.2167880934223408,0.21179147554692548,0.20679485767151018,0.20179823979609487,0.19680162192067957,0.19180500404526427,0.16891416424825173,0.14602332445123922,0.12313248465422667,0.10024164485721414
3627,0.017379901386824617,0.01971764826949346,0.023811058840523276,0.02790446941155309,0.03199787998258291,0.03609129055361272,0.04018470112464254,0.058937707246218926,0.07769071336779533,0.09644371948937172,0.11519672561094813,0.1725522635160582,0.17021451663338938,0.16612110606235955,0.16202769549132973,0.1579342849202999,0.15384087434927007,0.14974746377824025,0.13099445765666387,0.11224145153508747,0.09348844541351108,0.07473543929193467
3628,0.018861538995962508,0.02139857893702769,0.025840952998510806,0.030283327059993915,0.03472570112147703,0.03916807518296014,0.04361044924444325,0.0639621502340575,0.08431385122367176,0.10466555221328604,0.1250172532029003,0.16219714722554288,0.1596601072844777,0.15521773322299456,0.15077535916151147,0.14633298510002835,0.14189061103854522,0.1374482369770621,0.11709653598744785,0.0967448349978336,0.07639313400821932,0.05604143301860505
3629,0.06031042844298219,0.06842270209442457,0.08262734801485494,0.09683199393528533,0.1110366398557157,0.1252412857761461,0.1394459316965765,0.20452120506052845,0.2695964784244804,0.33467175178843245,0.39974702515238447,0.4566317751531136,0.4485195015016712,0.43431485558124083,0.4201102096608105,0.4059055637403801,0.3917009178199497,0.3774962718995193,0.3124209985355673,0.24734572517161535,0.18227045180766333,0.1171951784437113
3630,0.30895518501738617,0.35051232648691727,0.4232791617051753,0.4960459969234333,0.5688128321416914,0.6415796673599494,0.7143465025782075,1.0477107919933368,1.3810750814084662,1.7144393708235957,2.0478036602387255,2.1024107163262697,2.0608535748567385,1.9880867396384805,1.9153199044202225,1.8425530692019643,1.7697862339837063,1.6970193987654483,1.363655109350319,1.0302908199351897,0.6969265305200603,0.3635622411049304
3631,1.1612949269476076,1.3174991271273024,1.5910137359992662,1.8645283448712298,2.1380429537431938,2.4115575626151577,2.685072171487121,3.9381155800368046,5.191158988586489,6.444202397136173,7.697245805685856,8.797592590406415,8.64138839022672,8.367873781354756,8.094359172482793,7.820844563610829,7.547329954738865,7.273815345866902,6.020771937317218,4.767728528767535,3.514685120217851,2.261641711668167
3632,2.8365400828547638,3.218079229059924,3.8861568494030205,4.554234469746118,5.222312090089215,5.890389710432311,6.558467330775408,9.61910918103339,12.679751031291374,15.74039288154936,18.801034731807345,21.40384848736475,21.02230934115959,20.354231720816493,19.686154100473395,19.018076480130297,18.3499988597872,17.6819212394441,14.621279389186117,11.560637538928134,8.499995688670149,5.439353838412163
3633,4.187241305649756,4.750461435119857,5.736663683482037,6.722865931844216,7.709068180206397,8.695270428568575,9.681472676930756,14.199528337297998,18.717583997665233,23.23563965803248,27.75369531839972,32.29130966000392,31.72808953053382,30.74188728217164,29.75568503380946,28.76948278544728,27.7832805370851,26.797078288722922,22.27902262835568,17.760966967988445,13.242911307621199,8.724855647253957
3634,4.1224380187469025,4.6769415462886,5.647880965838258,6.618820385387915,7.5897598049375725,8.56069922448723,9.53163864403689,13.979771212843394,18.427903781649896,22.876036350456406,27.324168919262913,32.91035711924829,32.35585359170659,31.384914172156932,30.413974752607274,29.443035333057615,28.472095913507957,27.501156493958298,23.053023925151795,18.60489135634529,14.15675878753878,9.708626218732274
3635,3.351595880008395,3.8024144805325077,4.591800893015079,5.381187305497649,6.170573717980221,6.959960130462791,7.7493465429453625,11.365736340329079,14.982126137712793,18.59851593509651,22.21490573248023,27.356769827551037,26.905951227026925,26.116564814544354,25.327178402061783,24.537791989579212,23.74840557709664,22.95901916461407,19.34262936723035,15.726239569846637,12.109849772462919,8.493459975079201
3636,2.9910124143164416,3.3933294236000933,4.097789222441407,4.80224902128272,5.506708820124034,6.211168618965348,6.915628417806662,10.142946736074473,13.370265054342282,16.597583372610092,19.82490169087791,24.2284335048095,23.82611649552585,23.121656696684536,22.417196897843223,21.71273709900191,21.008277300160596,20.303817501319283,17.076499183051475,13.849180864783666,10.621862546515855,7.394544228248039
3637,2.7047846416677372,3.0686015427890947,3.7056473923676854,4.342693241946275,4.979739091524866,5.6167849411034565,6.253830790682048,9.172307818474215,12.090784846266383,15.009261874058554,17.92773890185072,22.802692522038395,22.438875620917038,21.801829771338447,21.164783921759856,20.527738072181265,19.890692222602674,19.253646373024083,16.335169345231915,13.416692317439747,10.498215289647575,7.579738261855409
3638,2.20733046474823,2.5042354815337093,3.0241181699939683,3.544000858454227,4.063883546914486,4.583766235374744,5.103648923835004,7.485370246439614,9.867091569044224,12.248812891648836,14.630534214253444,19.724931122724897,19.428026105939416,18.908143417479156,18.388260729018896,17.868378040558635,17.348495352098375,16.828612663638115,14.446891341033504,12.065170018428894,9.683448695824282,7.3017273732196735
3639,1.677916042855984,1.903610246250039,2.298802319798513,2.693994393346985,3.0891864668954585,3.484378540443932,3.879570613992405,5.690050956937462,7.500531299882518,9.311011642827577,11.121491985772634,14.871256559632515,14.645562356238461,14.250370282689987,13.855178209141515,13.459986135593041,13.064794062044568,12.669601988496094,10.859121645551037,9.04864130260598,7.238160959660921,5.427680616715864
3640,1.1172675321315855,1.2675496673528908,1.5306947005095728,1.7938397336662546,2.0569847668229366,2.3201297999796187,2.583274833136301,3.7888124482913326,4.9943500634463645,6.199887678601396,7.405425293756428,10.033161309414842,9.882879174193537,9.619734141036854,9.356589107880172,9.09344407472349,8.830299041566807,8.567154008410125,7.361616393255093,6.156078778100062,4.95054116294503,3.745003547789998
3641,0.6682540838903488,0.7581400312657272,0.9155309318380566,1.0729218324103855,1.2303127329827148,1.3877036335550441,1.5450945341273732,2.2661442482220826,2.987193962316792,3.7082436764115014,4.429293390506211,6.0734388854665,5.983552938091121,5.826162037518792,5.668771136946463,5.5113802363741335,5.3539893358018045,5.196598435229475,4.475548721134766,3.7544990070400566,3.033449292945347,2.3123995788506377
3642,0.4397550001969972,0.4989058467966161,0.6024793784527985,0.7060529101089809,0.8096264417651632,0.9131999734213457,1.016773505077528,1.4912714914090162,1.9657694777405041,2.4402674640719924,2.9147654504034803,3.6846018562989733,3.625451009699354,3.5218774780431716,3.418303946386989,3.314730414730807,3.2111568830746244,3.1075833514184423,2.633085365086954,2.158587378755466,1.6840893924239777,1.2095914060924897
3643,0.286284866305672,0.32479265405806435,0.39222005033488544,0.4596474466117065,0.5270748428885276,0.5945022391653487,0.6619296354421698,0.9708325302776295,1.2797354251130895,1.5886383199485492,1.8975412147840094,2.22844041223525,2.1899326244828576,2.1225052282060366,2.0550778319292156,1.9876504356523945,1.9202230393755735,1.8527956430987524,1.5438927482632927,1.2349898534278327,0.926086958592373,0.6171840637569128
3644,0.1600000684787465,0.18152145994052682,0.21920556165659857,0.25688966337267033,0.2945737650887421,0.33225786680481384,0.3699419685208856,0.5425828942000834,0.7152238198792811,0.887864745558479,1.0605056712376768,1.3303544742870113,1.308833082825231,1.2711489811091592,1.2334648793930874,1.1957807776770155,1.1580966759609437,1.1204125742448718,0.947771648565674,0.7751307228864763,0.6024897972072784,0.4298488715280806
3645,0.0966650333943288,0.10966731548161278,0.1324343991801003,0.15520148287858784,0.17796856657707538,0.20073565027556292,0.2235027339740505,0.3278048196211218,0.432106905268193,0.5364089909152644,0.6407110765623357,0.8750441895076194,0.8620419074203355,0.8392748237218479,0.8165077400233604,0.7937406563248728,0.7709735726263852,0.7482064889278977,0.6439044032808263,0.5396023176337551,0.4353002319866837,0.3309981463396124
3646,0.060485888935644626,0.06862176353916513,0.08286773488598757,0.09711370623281,0.11135967757963244,0.1256056489264549,0.13985162027327736,0.2051162164429092,0.27038081261254104,0.33564540878217297,0.40091000495180484,0.6530761972950729,0.6449403226915524,0.63069435134473,0.6164483799979075,0.602202408651085,0.5879564373042625,0.57371046595744,0.5084458697878081,0.4431812736181763,0.37791667744854435,0.3126520812789125
3647,0.04326251605801909,0.04908169821561838,0.059271125452270715,0.06946055268892304,0.07964997992557539,0.08983940716222773,0.10002883439888008,0.1467093195416705,0.19338980468446088,0.24007028982725132,0.28675077497004176,0.499578441059629,0.4937592589020297,0.48356983166537737,0.47338040442872503,0.4631909771920727,0.45300154995542036,0.442812122718768,0.3961316375759776,0.3494511524331872,0.30277066729039676,0.2560901821476063
3648,0.06656898268586907,0.07552308595105217,0.09120178120737912,0.10688047646370606,0.12255917172003303,0.13823786697635998,0.1539165622326869,0.2257448489433112,0.29757313565393556,0.36940142236455986,0.44122970907518416,0.4271966781704077,0.4182425749052246,0.4025638796488976,0.3868851843925707,0.3712064891362437,0.35552779387991673,0.3398490986235898,0.2680208119129655,0.19619252520234115,0.12436423849171685,0.05253595178109255
3649,0.056639086305014866,0.06425753272192815,0.07759748382143074,0.09093743492093335,0.10427738602043597,0.11761733711993858,0.1309572882194412,0.19207116387144205,0.25318503952344296,0.31429891517544384,0.3754127908274448,0.3168441383691494,0.3092256919522361,0.2958857408527335,0.28254578975323086,0.26920583865372827,0.2558658875542257,0.24252593645472306,0.1814120608027222,0.1202981851507213,0.05918430949872042,-0.0019295661532805208
3650,0.03392680220936796,0.038490250202461725,0.046480878441028384,0.05447150667959503,0.06246213491816169,0.07045276315672834,0.07844339139529499,0.1150505915949522,0.15165779179460942,0.18826499199426663,0.22487219219392388,0.22601923126692836,0.22145578327383458,0.21346515503526792,0.20547452679670128,0.1974838985581346,0.18949327031956797,0.1815026420810013,0.1448954418813441,0.10828824168168688,0.07168104148202967,0.035073841282372425
3651,0.0236676925723058,0.026851201690074235,0.03242554764354464,0.03799989359701504,0.043574239550485436,0.049148585503955844,0.05472293145742625,0.08026049774238261,0.10579806402733898,0.13133563031229536,0.15687319659725174,0.20284547879051973,0.1996619696727513,0.1940876237192809,0.1885132777658105,0.1829389318123401,0.17736458585886972,0.17179023990539932,0.14625267362044297,0.12071510733548661,0.09517754105053022,0.06963997476557385
3652,0.02469635730095266,0.028018230711428102,0.03383485347536883,0.03965147623930954,0.04546809900325027,0.051284721767191,0.05710134453113172,0.08374884553458932,0.11039634653804692,0.1370438475415045,0.16369134854496212,0.2086410790622131,0.20531920565173767,0.19950258288779693,0.19368596012385622,0.18786933735991548,0.18205271459597477,0.17623609183203404,0.14958859082857645,0.12294108982511885,0.09629358882166127,0.06964608781820365
3653,0.018530992112733714,0.02102357064238779,0.025388092472381524,0.02975261430237525,0.03411713613236898,0.03848165796236271,0.04284617979235644,0.06284121893523797,0.08283625807811949,0.10283129722100104,0.12282633636388257,0.23076451461001737,0.2282719360803633,0.22390741425036959,0.21954289242037586,0.21517837059038214,0.21081384876038842,0.2064493269303947,0.18645428778751316,0.16645924864463163,0.1464642095017501,0.12646917035886857
3654,0.022723898938375474,0.025780459658883387,0.031132518111866028,0.036484576564848666,0.0418366350178313,0.04718869347081395,0.05254075192379659,0.0770599598532782,0.10157916778275981,0.12609837571224142,0.15061758364172306,0.3411068640072945,0.3380503032867866,0.33269824483380395,0.3273461863808213,0.32199412792783866,0.316642069474856,0.31129001102187337,0.2867708030923918,0.2622515951629102,0.2377323872334286,0.21321317930394695
3655,0.05954035988303085,0.0675490526604855,0.08157232777140645,0.0955956028823274,0.10961887799324835,0.12364215310416929,0.13766542821509023,0.20190979350324906,0.2661541587914079,0.33039852407956677,0.3946428893677256,0.5323949645104806,0.524386271733026,0.510362996622105,0.4963397215111841,0.48231644640026317,0.4682931712893422,0.4542698961784213,0.3900255308902625,0.32578116560210363,0.2615368003139448,0.19729243502578592
3656,0.09422208070711786,0.10689576455313886,0.129087470513181,0.15127917647322317,0.17347088243326533,0.1956625883933075,0.21785429435334966,0.31952042104539957,0.42118654773744957,0.5228526744294996,0.6245188011215496,0.7630054397344619,0.7503317558884409,0.7281400499283988,0.7059483439683566,0.6837566380083144,0.6615649320482723,0.6393732260882301,0.5377070993961802,0.4360409727041302,0.33437484601208023,0.23270871932003023
3657,0.11060462621291975,0.12548190395938727,0.1515321177130734,0.17758233146675953,0.2036325452204457,0.22968275897413182,0.255732972727818,0.37507595323620807,0.49441893374459817,0.6137619142529884,0.7331048947613785,1.04243040931092,1.0275531315644524,1.0015029178107662,0.9754527040570801,0.949402490303394,0.9233522765497079,0.8973020627960218,0.7779590822876317,0.6586161017792416,0.5392731212708513,0.41993014076246116
3658,0.14593538259187422,0.16556495229609972,0.19993646134515083,0.23430797039420195,0.2686794794432531,0.3030509884923042,0.3374224975413554,0.4948875522726021,0.6523526070038489,0.8098176617350957,0.9672827164663426,1.3368623237393928,1.3172327540351674,1.2828612449861163,1.2484897359370652,1.2141182268880142,1.1797467178389631,1.145375208789912,0.9879101540586653,0.8304450993274186,0.6729800445961718,0.5155149898649249
3659,0.17412844867806587,0.1975502293326846,0.2385619253527876,0.2795736213728906,0.3205853173929936,0.3615970134130966,0.40260870943319965,0.5904942325625675,0.7783797556919354,0.9662652788213034,1.1541508019506714,1.6963697765134498,1.6729479958588311,1.6319362998387281,1.590924603818625,1.549912907798522,1.508901211778419,1.467889515758316,1.2800039926289482,1.0921184694995802,0.9042329463702122,0.7163474232408442
3660,0.20258246617249245,0.22983155799628885,0.277544901707457,0.32525824541862514,0.3729715891297932,0.4206849328409614,0.46839827655212957,0.6869858360383282,0.9055733955245269,1.1241609550107257,1.3427485144969247,1.9211150761464808,1.8938659843226844,1.8461526406115163,1.7984392969003482,1.7507259531891801,1.7030126094780118,1.6552992657668437,1.4367117062806452,1.2181241467944464,0.9995365873082476,0.7809490278220486
3661,0.22682064156334378,0.25732997737244256,0.31075203030808307,0.3641740832437235,0.4175961361793641,0.4710181891150046,0.5244402420506451,0.769180921820084,1.013921601589523,1.2586622813589619,1.5034029611284008,2.0428941262432594,2.0123847904341607,1.9589627374985201,1.9055406845628797,1.852118631627239,1.7986965786915987,1.745274525755958,1.5005338459865192,1.2557931662170803,1.0110524864476413,0.7663118066782024
3662,0.28713168866453304,0.3257533813399477,0.3933802259058238,0.46100707047169975,0.5286339150375757,0.5962607596034519,0.6638876041693279,0.9737042248382178,1.2835208455071077,1.5933374661759976,1.9031540868448875,2.133676930271694,2.095055237596279,2.027428393030403,1.9598015484645268,1.8921747038986507,1.8245478593327746,1.7569210147668985,1.4471043940980086,1.1372877734291187,0.8274711527602288,0.5176545320913388
3663,0.3067951188581142,0.3480617127682659,0.42031979724889373,0.49257788172952155,0.5648359662101494,0.6370940506907772,0.709352135171405,1.040385701701159,1.3714192682309132,1.7024528347606676,2.0334864012904217,2.1612776545091203,2.120011060598969,2.047752976118341,1.975494891637713,1.9032368071570853,1.8309787226764576,1.7587206381958298,1.427687071666076,1.0966535051363218,0.7656199386065674,0.4345863720768133
3664,0.27598175878396375,0.31310368956544515,0.3781044409318533,0.44310519229826134,0.5081059436646694,0.5731066950310776,0.6381074463974856,0.9358932333664804,1.233679020335475,1.53146480730447,1.829250594273465,1.9097257114610804,1.872603780679599,1.8076030293131908,1.7426022779467827,1.6776015265803745,1.6126007752139664,1.5476000238475582,1.2498142368785634,0.9520284499095688,0.6542426629405738,0.35645687597157893
3665,0.2253108014307007,0.2556170506983482,0.3086834977291007,0.36174994475985317,0.4148163917906057,0.46788283882135817,0.5209492858521106,0.7640608400805081,1.0071723943089055,1.2502839485373032,1.4933955027657007,1.6192575536297766,1.588951304362129,1.5358848573313766,1.4828184103006241,1.4297519632698716,1.3766855162391192,1.3236190692083667,1.0805075149799692,0.8373959607515719,0.5942844065231742,0.3511728522947767
3666,0.181071206183045,0.20542684770103406,0.24807374039633354,0.290720633091633,0.3333675257869325,0.376014418482232,0.41866131117753147,0.6140381066158548,0.809414902054178,1.0047916974925013,1.200168492930825,1.489569188741577,1.4652135472235879,1.4225666545282885,1.379919761832989,1.3372728691376894,1.29462597644239,1.2519790837470905,1.0566022883087673,0.8612254928704441,0.6658486974321208,0.4704719019937972
3667,0.1371027565822645,0.15554426178254532,0.18783546186591396,0.22012666194928254,0.2524178620326512,0.2847090621160198,0.3170002621993884,0.464934866444111,0.6128694706888336,0.7608040749335562,0.9087386791782788,1.2544431595756709,1.23600165437539,1.2037104542920214,1.1714192542086528,1.1391280541252842,1.1068368540419156,1.074545653958547,0.9266110497138245,0.7786764454691019,0.6307418412243793,0.48280723697965666
3668,0.12288693681507708,0.1394162914452449,0.16835930297358676,0.19730231450192862,0.22624532603027048,0.25518833755861237,0.28413134908695425,0.4167270081222759,0.5493226671575976,0.6819183261929194,0.8145139852282411,0.965950353268064,0.9494209986378962,0.9204779871095543,0.8915349755812124,0.8625919640528705,0.8336489525245286,0.8047059409961868,0.6721102819608651,0.5395146229255434,0.40691896389022164,0.27432330485489986
3669,0.10407025709033581,0.11806860573895996,0.14257980870966933,0.16709101168037868,0.19160221465108804,0.2161134176217974,0.24062462059250678,0.3529169820306787,0.4652093434688507,0.5775017049070227,0.6897940663451948,0.756275578156249,0.7422772295076249,0.7177660265369155,0.6932548235662062,0.6687436205954969,0.6442324176247876,0.6197212146540781,0.5074288532159061,0.3951364917777342,0.2828441303395622,0.17055176890139007
3670,0.09174496304809825,0.10408545316899447,0.1256937346673304,0.14730201616566632,0.16891029766400223,0.19051857916233816,0.21212686066067407,0.3111201642112374,0.4101134677618008,0.5091067713123641,0.6081000748629275,0.6380177307790044,0.6256772406581081,0.6040689591597722,0.5824606776614363,0.5608523961631003,0.5392441146647644,0.5176358331664285,0.4186425296158651,0.3196492260653017,0.22065592251473837,0.12166261896417502
3671,0.0756798511426919,0.0858594449247251,0.10368398234795255,0.12150851977117999,0.13933305719440744,0.15715759461763487,0.17498213204086233,0.2566410943198301,0.33830005659879786,0.4199590188777657,0.5016179811567335,0.5589042903878931,0.54872469660586,0.5309001591826326,0.5130756217594051,0.4952510843361777,0.4774265469129503,0.45960200948972285,0.37794304721075506,0.2962840849317873,0.21462512265281947,0.13296616037385167
3672,0.06656898268586907,0.07552308595105217,0.09120178120737912,0.10688047646370606,0.12255917172003303,0.13823786697635998,0.1539165622326869,0.2257448489433112,0.29757313565393556,0.36940142236455986,0.44122970907518416,0.4271966781704077,0.4182425749052246,0.4025638796488976,0.3868851843925707,0.3712064891362437,0.35552779387991673,0.3398490986235898,0.2680208119129655,0.19619252520234115,0.12436423849171685,0.05253595178109255
3673,0.056639086305014866,0.06425753272192815,0.07759748382143074,0.09093743492093335,0.10427738602043597,0.11761733711993858,0.1309572882194412,0.19207116387144205,0.25318503952344296,0.31429891517544384,0.3754127908274448,0.3168441383691494,0.3092256919522361,0.2958857408527335,0.28254578975323086,0.26920583865372827,0.2558658875542257,0.24252593645472306,0.1814120608027222,0.1202981851507213,0.05918430949872042,-0.0019295661532805208
3674,0.03392680220936796,0.038490250202461725,0.046480878441028384,0.05447150667959503,0.06246213491816169,0.07045276315672834,0.07844339139529499,0.1150505915949522,0.15165779179460942,0.18826499199426663,0.22487219219392388,0.22601923126692836,0.22145578327383458,0.21346515503526792,0.20547452679670128,0.1974838985581346,0.18949327031956797,0.1815026420810013,0.1448954418813441,0.10828824168168688,0.07168104148202967,0.035073841282372425
3675,0.0236676925723058,0.026851201690074235,0.03242554764354464,0.03799989359701504,0.043574239550485436,0.049148585503955844,0.05472293145742625,0.08026049774238261,0.10579806402733898,0.13133563031229536,0.15687319659725174,0.20284547879051973,0.1996619696727513,0.1940876237192809,0.1885132777658105,0.1829389318123401,0.17736458585886972,0.17179023990539932,0.14625267362044297,0.12071510733548661,0.09517754105053022,0.06963997476557385
3676,0.02469635730095266,0.028018230711428102,0.03383485347536883,0.03965147623930954,0.04546809900325027,0.051284721767191,0.05710134453113172,0.08374884553458932,0.11039634653804692,0.1370438475415045,0.16369134854496212,0.2086410790622131,0.20531920565173767,0.19950258288779693,0.19368596012385622,0.18786933735991548,0.18205271459597477,0.17623609183203404,0.14958859082857645,0.12294108982511885,0.09629358882166127,0.06964608781820365
3677,0.018530992112733714,0.02102357064238779,0.025388092472381524,0.02975261430237525,0.03411713613236898,0.03848165796236271,0.04284617979235644,0.06284121893523797,0.08283625807811949,0.10283129722100104,0.12282633636388257,0.23076451461001737,0.2282719360803633,0.22390741425036959,0.21954289242037586,0.21517837059038214,0.21081384876038842,0.2064493269303947,0.18645428778751316,0.16645924864463163,0.1464642095017501,0.12646917035886857
3678,0.022723898938375474,0.025780459658883387,0.031132518111866028,0.036484576564848666,0.0418366350178313,0.04718869347081395,0.05254075192379659,0.0770599598532782,0.10157916778275981,0.12609837571224142,0.15061758364172306,0.3411068640072945,0.3380503032867866,0.33269824483380395,0.3273461863808213,0.32199412792783866,0.316642069474856,0.31129001102187337,0.2867708030923918,0.2622515951629102,0.2377323872334286,0.21321317930394695
3679,0.05954035988303085,0.0675490526604855,0.08157232777140645,0.0955956028823274,0.10961887799324835,0.12364215310416929,0.13766542821509023,0.20190979350324906,0.2661541587914079,0.33039852407956677,0.3946428893677256,0.5323949645104806,0.524386271733026,0.510362996622105,0.4963397215111841,0.48231644640026317,0.4682931712893422,0.4542698961784213,0.3900255308902625,0.32578116560210363,0.2615368003139448,0.19729243502578592
3680,0.09422208070711786,0.10689576455313886,0.129087470513181,0.15127917647322317,0.17347088243326533,0.1956625883933075,0.21785429435334966,0.31952042104539957,0.42118654773744957,0.5228526744294996,0.6245188011215496,0.7630054397344619,0.7503317558884409,0.7281400499283988,0.7059483439683566,0.6837566380083144,0.6615649320482723,0.6393732260882301,0.5377070993961802,0.4360409727041302,0.33437484601208023,0.23270871932003023
3681,0.11060462621291975,0.12548190395938727,0.1515321177130734,0.17758233146675953,0.2036325452204457,0.22968275897413182,0.255732972727818,0.37507595323620807,0.49441893374459817,0.6137619142529884,0.7331048947613785,1.04243040931092,1.0275531315644524,1.0015029178107662,0.9754527040570801,0.949402490303394,0.9233522765497079,0.8973020627960218,0.7779590822876317,0.6586161017792416,0.5392731212708513,0.41993014076246116
3682,0.14593538259187422,0.16556495229609972,0.19993646134515083,0.23430797039420195,0.2686794794432531,0.3030509884923042,0.3374224975413554,0.4948875522726021,0.6523526070038489,0.8098176617350957,0.9672827164663426,1.3368623237393928,1.3172327540351674,1.2828612449861163,1.2484897359370652,1.2141182268880142,1.1797467178389631,1.145375208789912,0.9879101540586653,0.8304450993274186,0.6729800445961718,0.5155149898649249
3683,0.17412844867806587,0.1975502293326846,0.2385619253527876,0.2795736213728906,0.3205853173929936,0.3615970134130966,0.40260870943319965,0.5904942325625675,0.7783797556919354,0.9662652788213034,1.1541508019506714,1.6963697765134498,1.6729479958588311,1.6319362998387281,1.590924603818625,1.549912907798522,1.508901211778419,1.467889515758316,1.2800039926289482,1.0921184694995802,0.9042329463702122,0.7163474232408442
3684,0.20258246617249245,0.22983155799628885,0.277544901707457,0.32525824541862514,0.3729715891297932,0.4206849328409614,0.46839827655212957,0.6869858360383282,0.9055733955245269,1.1241609550107257,1.3427485144969247,1.9211150761464808,1.8938659843226844,1.8461526406115163,1.7984392969003482,1.7507259531891801,1.7030126094780118,1.6552992657668437,1.4367117062806452,1.2181241467944464,0.9995365873082476,0.7809490278220486
3685,0.22682064156334378,0.25732997737244256,0.31075203030808307,0.3641740832437235,0.4175961361793641,0.4710181891150046,0.5244402420506451,0.769180921820084,1.013921601589523,1.2586622813589619,1.5034029611284008,2.0428941262432594,2.0123847904341607,1.9589627374985201,1.9055406845628797,1.852118631627239,1.7986965786915987,1.745274525755958,1.5005338459865192,1.2557931662170803,1.0110524864476413,0.7663118066782024
3686,0.28713168866453304,0.3257533813399477,0.3933802259058238,0.46100707047169975,0.5286339150375757,0.5962607596034519,0.6638876041693279,0.9737042248382178,1.2835208455071077,1.5933374661759976,1.9031540868448875,2.133676930271694,2.095055237596279,2.027428393030403,1.9598015484645268,1.8921747038986507,1.8245478593327746,1.7569210147668985,1.4471043940980086,1.1372877734291187,0.8274711527602288,0.5176545320913388
3687,0.3067951188581142,0.3480617127682659,0.42031979724889373,0.49257788172952155,0.5648359662101494,0.6370940506907772,0.709352135171405,1.040385701701159,1.3714192682309132,1.7024528347606676,2.0334864012904217,2.1612776545091203,2.120011060598969,2.047752976118341,1.975494891637713,1.9032368071570853,1.8309787226764576,1.7587206381958298,1.427687071666076,1.0966535051363218,0.7656199386065674,0.4345863720768133
3688,0.27598175878396375,0.31310368956544515,0.3781044409318533,0.44310519229826134,0.5081059436646694,0.5731066950310776,0.6381074463974856,0.9358932333664804,1.233679020335475,1.53146480730447,1.829250594273465,1.9097257114610804,1.872603780679599,1.8076030293131908,1.7426022779467827,1.6776015265803745,1.6126007752139664,1.5476000238475582,1.2498142368785634,0.9520284499095688,0.6542426629405738,0.35645687597157893
3689,0.2253108014307007,0.2556170506983482,0.3086834977291007,0.36174994475985317,0.4148163917906057,0.46788283882135817,0.5209492858521106,0.7640608400805081,1.0071723943089055,1.2502839485373032,1.4933955027657007,1.6192575536297766,1.588951304362129,1.5358848573313766,1.4828184103006241,1.4297519632698716,1.3766855162391192,1.3236190692083667,1.0805075149799692,0.8373959607515719,0.5942844065231742,0.3511728522947767
3690,0.181071206183045,0.20542684770103406,0.24807374039633354,0.290720633091633,0.3333675257869325,0.376014418482232,0.41866131117753147,0.6140381066158548,0.809414902054178,1.0047916974925013,1.200168492930825,1.489569188741577,1.4652135472235879,1.4225666545282885,1.379919761832989,1.3372728691376894,1.29462597644239,1.2519790837470905,1.0566022883087673,0.8612254928704441,0.6658486974321208,0.4704719019937972
3691,0.1371027565822645,0.15554426178254532,0.18783546186591396,0.22012666194928254,0.2524178620326512,0.2847090621160198,0.3170002621993884,0.464934866444111,0.6128694706888336,0.7608040749335562,0.9087386791782788,1.2544431595756709,1.23600165437539,1.2037104542920214,1.1714192542086528,1.1391280541252842,1.1068368540419156,1.074545653958547,0.9266110497138245,0.7786764454691019,0.6307418412243793,0.48280723697965666
3692,0.12288693681507708,0.1394162914452449,0.16835930297358676,0.19730231450192862,0.22624532603027048,0.25518833755861237,0.28413134908695425,0.4167270081222759,0.5493226671575976,0.6819183261929194,0.8145139852282411,0.965950353268064,0.9494209986378962,0.9204779871095543,0.8915349755812124,0.8625919640528705,0.8336489525245286,0.8047059409961868,0.6721102819608651,0.5395146229255434,0.40691896389022164,0.27432330485489986
3693,0.10407025709033581,0.11806860573895996,0.14257980870966933,0.16709101168037868,0.19160221465108804,0.2161134176217974,0.24062462059250678,0.3529169820306787,0.4652093434688507,0.5775017049070227,0.6897940663451948,0.756275578156249,0.7422772295076249,0.7177660265369155,0.6932548235662062,0.6687436205954969,0.6442324176247876,0.6197212146540781,0.5074288532159061,0.3951364917777342,0.2828441303395622,0.17055176890139007
3694,0.09174496304809825,0.10408545316899447,0.1256937346673304,0.14730201616566632,0.16891029766400223,0.19051857916233816,0.21212686066067407,0.3111201642112374,0.4101134677618008,0.5091067713123641,0.6081000748629275,0.6380177307790044,0.6256772406581081,0.6040689591597722,0.5824606776614363,0.5608523961631003,0.5392441146647644,0.5176358331664285,0.4186425296158651,0.3196492260653017,0.22065592251473837,0.12166261896417502
3695,0.0756798511426919,0.0858594449247251,0.10368398234795255,0.12150851977117999,0.13933305719440744,0.15715759461763487,0.17498213204086233,0.2566410943198301,0.33830005659879786,0.4199590188777657,0.5016179811567335,0.5589042903878931,0.54872469660586,0.5309001591826326,0.5130756217594051,0.4952510843361777,0.4774265469129503,0.45960200948972285,0.37794304721075506,0.2962840849317873,0.21462512265281947,0.13296616037385167
3696,0.031367184720614005,0.03558634204876214,0.04297411500909338,0.050361887969424625,0.057749660929755864,0.0651374338900871,0.07252520685041834,0.10637056615310214,0.14021592545578596,0.17406128475846977,0.20790664406115364,0.38513873965896495,0.3809195823308168,0.3735318093704856,0.36614403641015436,0.35875626344982314,0.3513684904894919,0.3439807175291607,0.3101353582264769,0.27628999892379313,0.24244463962110932,0.20859928031842545
3697,0.027541528392130105,0.031246101893993974,0.037732835101129916,0.04421956830826585,0.05070630151540179,0.057193034722537735,0.06367976792967367,0.09339722368731823,0.1231146794449628,0.15283213520260736,0.18254959096025195,0.2947264391013124,0.29102186559944854,0.2845351323923126,0.27804839918517665,0.2715616659780407,0.26507493277090477,0.25858819956376883,0.22887074380612427,0.1991532880484797,0.16943583229083514,0.13971837653319055
3698,0.021214760756460276,0.024068329353953997,0.029064947229369295,0.03406156510478459,0.03905818298019989,0.04405480085561519,0.049051418731030486,0.07194225852804301,0.09483309832505553,0.11772393812206808,0.1406147779190806,0.2196416620198345,0.2167880934223408,0.21179147554692548,0.20679485767151018,0.20179823979609487,0.19680162192067957,0.19180500404526427,0.16891416424825173,0.14602332445123922,0.12313248465422667,0.10024164485721414
3699,0.017379901386824617,0.01971764826949346,0.023811058840523276,0.02790446941155309,0.03199787998258291,0.03609129055361272,0.04018470112464254,0.058937707246218926,0.07769071336779533,0.09644371948937172,0.11519672561094813,0.1725522635160582,0.17021451663338938,0.16612110606235955,0.16202769549132973,0.1579342849202999,0.15384087434927007,0.14974746377824025,0.13099445765666387,0.11224145153508747,0.09348844541351108,0.07473543929193467
3700,0.018861538995962508,0.02139857893702769,0.025840952998510806,0.030283327059993915,0.03472570112147703,0.03916807518296014,0.04361044924444325,0.0639621502340575,0.08431385122367176,0.10466555221328604,0.1250172532029003,0.16219714722554288,0.1596601072844777,0.15521773322299456,0.15077535916151147,0.14633298510002835,0.14189061103854522,0.1374482369770621,0.11709653598744785,0.0967448349978336,0.07639313400821932,0.05604143301860505
3701,0.06031042844298219,0.06842270209442457,0.08262734801485494,0.09683199393528533,0.1110366398557157,0.1252412857761461,0.1394459316965765,0.20452120506052845,0.2695964784244804,0.33467175178843245,0.39974702515238447,0.4566317751531136,0.4485195015016712,0.43431485558124083,0.4201102096608105,0.4059055637403801,0.3917009178199497,0.3774962718995193,0.3124209985355673,0.24734572517161535,0.18227045180766333,0.1171951784437113
3702,0.30895518501738617,0.35051232648691727,0.4232791617051753,0.4960459969234333,0.5688128321416914,0.6415796673599494,0.7143465025782075,1.0477107919933368,1.3810750814084662,1.7144393708235957,2.0478036602387255,2.1024107163262697,2.0608535748567385,1.9880867396384805,1.9153199044202225,1.8425530692019643,1.7697862339837063,1.6970193987654483,1.363655109350319,1.0302908199351897,0.6969265305200603,0.3635622411049304
3703,1.1612949269476076,1.3174991271273024,1.5910137359992662,1.8645283448712298,2.1380429537431938,2.4115575626151577,2.685072171487121,3.9381155800368046,5.191158988586489,6.444202397136173,7.697245805685856,8.797592590406415,8.64138839022672,8.367873781354756,8.094359172482793,7.820844563610829,7.547329954738865,7.273815345866902,6.020771937317218,4.767728528767535,3.514685120217851,2.261641711668167
3704,2.8365400828547638,3.218079229059924,3.8861568494030205,4.554234469746118,5.222312090089215,5.890389710432311,6.558467330775408,9.61910918103339,12.679751031291374,15.74039288154936,18.801034731807345,21.40384848736475,21.02230934115959,20.354231720816493,19.686154100473395,19.018076480130297,18.3499988597872,17.6819212394441,14.621279389186117,11.560637538928134,8.499995688670149,5.439353838412163
3705,4.187241305649756,4.750461435119857,5.736663683482037,6.722865931844216,7.709068180206397,8.695270428568575,9.681472676930756,14.199528337297998,18.717583997665233,23.23563965803248,27.75369531839972,32.29130966000392,31.72808953053382,30.74188728217164,29.75568503380946,28.76948278544728,27.7832805370851,26.797078288722922,22.27902262835568,17.760966967988445,13.242911307621199,8.724855647253957
3706,4.1224380187469025,4.6769415462886,5.647880965838258,6.618820385387915,7.5897598049375725,8.56069922448723,9.53163864403689,13.979771212843394,18.427903781649896,22.876036350456406,27.324168919262913,32.91035711924829,32.35585359170659,31.384914172156932,30.413974752607274,29.443035333057615,28.472095913507957,27.501156493958298,23.053023925151795,18.60489135634529,14.15675878753878,9.708626218732274
3707,3.351595880008395,3.8024144805325077,4.591800893015079,5.381187305497649,6.170573717980221,6.959960130462791,7.7493465429453625,11.365736340329079,14.982126137712793,18.59851593509651,22.21490573248023,27.356769827551037,26.905951227026925,26.116564814544354,25.327178402061783,24.537791989579212,23.74840557709664,22.95901916461407,19.34262936723035,15.726239569846637,12.109849772462919,8.493459975079201
3708,2.9910124143164416,3.3933294236000933,4.097789222441407,4.80224902128272,5.506708820124034,6.211168618965348,6.915628417806662,10.142946736074473,13.370265054342282,16.597583372610092,19.82490169087791,24.2284335048095,23.82611649552585,23.121656696684536,22.417196897843223,21.71273709900191,21.008277300160596,20.303817501319283,17.076499183051475,13.849180864783666,10.621862546515855,7.394544228248039
3709,2.7047846416677372,3.0686015427890947,3.7056473923676854,4.342693241946275,4.979739091524866,5.6167849411034565,6.253830790682048,9.172307818474215,12.090784846266383,15.009261874058554,17.92773890185072,22.802692522038395,22.438875620917038,21.801829771338447,21.164783921759856,20.527738072181265,19.890692222602674,19.253646373024083,16.335169345231915,13.416692317439747,10.498215289647575,7.579738261855409
3710,2.20733046474823,2.5042354815337093,3.0241181699939683,3.544000858454227,4.063883546914486,4.583766235374744,5.103648923835004,7.485370246439614,9.867091569044224,12.248812891648836,14.630534214253444,19.724931122724897,19.428026105939416,18.908143417479156,18.388260729018896,17.868378040558635,17.348495352098375,16.828612663638115,14.446891341033504,12.065170018428894,9.683448695824282,7.3017273732196735
3711,1.677916042855984,1.903610246250039,2.298802319798513,2.693994393346985,3.0891864668954585,3.484378540443932,3.879570613992405,5.690050956937462,7.500531299882518,9.311011642827577,11.121491985772634,14.871256559632515,14.645562356238461,14.250370282689987,13.855178209141515,13.459986135593041,13.064794062044568,12.669601988496094,10.859121645551037,9.04864130260598,7.238160959660921,5.427680616715864
3712,1.1172675321315855,1.2675496673528908,1.5306947005095728,1.7938397336662546,2.0569847668229366,2.3201297999796187,2.583274833136301,3.7888124482913326,4.9943500634463645,6.199887678601396,7.405425293756428,10.033161309414842,9.882879174193537,9.619734141036854,9.356589107880172,9.09344407472349,8.830299041566807,8.567154008410125,7.361616393255093,6.156078778100062,4.95054116294503,3.745003547789998
3713,0.6682540838903488,0.7581400312657272,0.9155309318380566,1.0729218324103855,1.2303127329827148,1.3877036335550441,1.5450945341273732,2.2661442482220826,2.987193962316792,3.7082436764115014,4.429293390506211,6.0734388854665,5.983552938091121,5.826162037518792,5.668771136946463,5.5113802363741335,5.3539893358018045,5.196598435229475,4.475548721134766,3.7544990070400566,3.033449292945347,2.3123995788506377
3714,0.4397550001969972,0.4989058467966161,0.6024793784527985,0.7060529101089809,0.8096264417651632,0.9131999734213457,1.016773505077528,1.4912714914090162,1.9657694777405041,2.4402674640719924,2.9147654504034803,3.6846018562989733,3.625451009699354,3.5218774780431716,3.418303946386989,3.314730414730807,3.2111568830746244,3.1075833514184423,2.633085365086954,2.158587378755466,1.6840893924239777,1.2095914060924897
3715,0.286284866305672,0.32479265405806435,0.39222005033488544,0.4596474466117065,0.5270748428885276,0.5945022391653487,0.6619296354421698,0.9708325302776295,1.2797354251130895,1.5886383199485492,1.8975412147840094,2.22844041223525,2.1899326244828576,2.1225052282060366,2.0550778319292156,1.9876504356523945,1.9202230393755735,1.8527956430987524,1.5438927482632927,1.2349898534278327,0.926086958592373,0.6171840637569128
3716,0.1600000684787465,0.18152145994052682,0.21920556165659857,0.25688966337267033,0.2945737650887421,0.33225786680481384,0.3699419685208856,0.5425828942000834,0.7152238198792811,0.887864745558479,1.0605056712376768,1.3303544742870113,1.308833082825231,1.2711489811091592,1.2334648793930874,1.1957807776770155,1.1580966759609437,1.1204125742448718,0.947771648565674,0.7751307228864763,0.6024897972072784,0.4298488715280806
3717,0.0966650333943288,0.10966731548161278,0.1324343991801003,0.15520148287858784,0.17796856657707538,0.20073565027556292,0.2235027339740505,0.3278048196211218,0.432106905268193,0.5364089909152644,0.6407110765623357,0.8750441895076194,0.8620419074203355,0.8392748237218479,0.8165077400233604,0.7937406563248728,0.7709735726263852,0.7482064889278977,0.6439044032808263,0.5396023176337551,0.4353002319866837,0.3309981463396124
3718,0.060485888935644626,0.06862176353916513,0.08286773488598757,0.09711370623281,0.11135967757963244,0.1256056489264549,0.13985162027327736,0.2051162164429092,0.27038081261254104,0.33564540878217297,0.40091000495180484,0.6530761972950729,0.6449403226915524,0.63069435134473,0.6164483799979075,0.602202408651085,0.5879564373042625,0.57371046595744,0.5084458697878081,0.4431812736181763,0.37791667744854435,0.3126520812789125
3719,0.04326251605801909,0.04908169821561838,0.059271125452270715,0.06946055268892304,0.07964997992557539,0.08983940716222773,0.10002883439888008,0.1467093195416705,0.19338980468446088,0.24007028982725132,0.28675077497004176,0.499578441059629,0.4937592589020297,0.48356983166537737,0.47338040442872503,0.4631909771920727,0.45300154995542036,0.442812122718768,0.3961316375759776,0.3494511524331872,0.30277066729039676,0.2560901821476063
3720,0.031367184720614005,0.03558634204876214,0.04297411500909338,0.050361887969424625,0.057749660929755864,0.0651374338900871,0.07252520685041834,0.10637056615310214,0.14021592545578596,0.17406128475846977,0.20790664406115364,0.38513873965896495,0.3809195823308168,0.3735318093704856,0.36614403641015436,0.35875626344982314,0.3513684904894919,0.3439807175291607,0.3101353582264769,0.27628999892379313,0.24244463962110932,0.20859928031842545
3721,0.027541528392130105,0.031246101893993974,0.037732835101129916,0.04421956830826585,0.05070630151540179,0.057193034722537735,0.06367976792967367,0.09339722368731823,0.1231146794449628,0.15283213520260736,0.18254959096025195,0.2947264391013124,0.29102186559944854,0.2845351323923126,0.27804839918517665,0.2715616659780407,0.26507493277090477,0.25858819956376883,0.22887074380612427,0.1991532880484797,0.16943583229083514,0.13971837653319055
3722,0.021214760756460276,0.024068329353953997,0.029064947229369295,0.03406156510478459,0.03905818298019989,0.04405480085561519,0.049051418731030486,0.07194225852804301,0.09483309832505553,0.11772393812206808,0.1406147779190806,0.2196416620198345,0.2167880934223408,0.21179147554692548,0.20679485767151018,0.20179823979609487,0.19680162192067957,0.19180500404526427,0.16891416424825173,0.14602332445123922,0.12313248465422667,0.10024164485721414
3723,0.017379901386824617,0.01971764826949346,0.023811058840523276,0.02790446941155309,0.03199787998258291,0.03609129055361272,0.04018470112464254,0.058937707246218926,0.07769071336779533,0.09644371948937172,0.11519672561094813,0.1725522635160582,0.17021451663338938,0.16612110606235955,0.16202769549132973,0.1579342849202999,0.15384087434927007,0.14974746377824025,0.13099445765666387,0.11224145153508747,0.09348844541351108,0.07473543929193467
3724,0.018861538995962508,0.02139857893702769,0.025840952998510806,0.030283327059993915,0.03472570112147703,0.03916807518296014,0.04361044924444325,0.0639621502340575,0.08431385122367176,0.10466555221328604,0.1250172532029003,0.16219714722554288,0.1596601072844777,0.15521773322299456,0.15077535916151147,0.14633298510002835,0.14189061103854522,0.1374482369770621,0.11709653598744785,0.0967448349978336,0.07639313400821932,0.05604143301860505
3725,0.06031042844298219,0.06842270209442457,0.08262734801485494,0.09683199393528533,0.1110366398557157,0.1252412857761461,0.1394459316965765,0.20452120506052845,0.2695964784244804,0.33467175178843245,0.39974702515238447,0.4566317751531136,0.4485195015016712,0.43431485558124083,0.4201102096608105,0.4059055637403801,0.3917009178199497,0.3774962718995193,0.3124209985355673,0.24734572517161535,0.18227045180766333,0.1171951784437113
3726,0.30895518501738617,0.35051232648691727,0.4232791617051753,0.4960459969234333,0.5688128321416914,0.6415796673599494,0.7143465025782075,1.0477107919933368,1.3810750814084662,1.7144393708235957,2.0478036602387255,2.1024107163262697,2.0608535748567385,1.9880867396384805,1.9153199044202225,1.8425530692019643,1.7697862339837063,1.6970193987654483,1.363655109350319,1.0302908199351897,0.6969265305200603,0.3635622411049304
3727,1.1612949269476076,1.3174991271273024,1.5910137359992662,1.8645283448712298,2.1380429537431938,2.4115575626151577,2.685072171487121,3.9381155800368046,5.191158988586489,6.444202397136173,7.697245805685856,8.797592590406415,8.64138839022672,8.367873781354756,8.094359172482793,7.820844563610829,7.547329954738865,7.273815345866902,6.020771937317218,4.767728528767535,3.514685120217851,2.261641711668167
3728,2.8365400828547638,3.218079229059924,3.8861568494030205,4.554234469746118,5.222312090089215,5.890389710432311,6.558467330775408,9.61910918103339,12.679751031291374,15.74039288154936,18.801034731807345,21.40384848736475,21.02230934115959,20.354231720816493,19.686154100473395,19.018076480130297,18.3499988597872,17.6819212394441,14.621279389186117,11.560637538928134,8.499995688670149,5.439353838412163
3729,4.187241305649756,4.750461435119857,5.736663683482037,6.722865931844216,7.709068180206397,8.695270428568575,9.681472676930756,14.199528337297998,18.717583997665233,23.23563965803248,27.75369531839972,32.29130966000392,31.72808953053382,30.74188728217164,29.75568503380946,28.76948278544728,27.7832805370851,26.797078288722922,22.27902262835568,17.760966967988445,13.242911307621199,8.724855647253957
3730,4.1224380187469025,4.6769415462886,5.647880965838258,6.618820385387915,7.5897598049375725,8.56069922448723,9.53163864403689,13.979771212843394,18.427903781649896,22.876036350456406,27.324168919262913,32.91035711924829,32.35585359170659,31.384914172156932,30.413974752607274,29.443035333057615,28.472095913507957,27.501156493958298,23.053023925151795,18.60489135634529,14.15675878753878,9.708626218732274
3731,3.351595880008395,3.8024144805325077,4.591800893015079,5.381187305497649,6.170573717980221,6.959960130462791,7.7493465429453625,11.365736340329079,14.982126137712793,18.59851593509651,22.21490573248023,27.356769827551037,26.905951227026925,26.116564814544354,25.327178402061783,24.537791989579212,23.74840557709664,22.95901916461407,19.34262936723035,15.726239569846637,12.109849772462919,8.493459975079201
3732,2.9910124143164416,3.3933294236000933,4.097789222441407,4.80224902128272,5.506708820124034,6.211168618965348,6.915628417806662,10.142946736074473,13.370265054342282,16.597583372610092,19.82490169087791,24.2284335048095,23.82611649552585,23.121656696684536,22.417196897843223,21.71273709900191,21.008277300160596,20.303817501319283,17.076499183051475,13.849180864783666,10.621862546515855,7.394544228248039
3733,2.7047846416677372,3.0686015427890947,3.7056473923676854,4.342693241946275,4.979739091524866,5.6167849411034565,6.253830790682048,9.172307818474215,12.090784846266383,15.009261874058554,17.92773890185072,22.802692522038395,22.438875620917038,21.801829771338447,21.164783921759856,20.527738072181265,19.890692222602674,19.253646373024083,16.335169345231915,13.416692317439747,10.498215289647575,7.579738261855409
3734,2.20733046474823,2.5042354815337093,3.0241181699939683,3.544000858454227,4.063883546914486,4.583766235374744,5.103648923835004,7.485370246439614,9.867091569044224,12.248812891648836,14.630534214253444,19.724931122724897,19.428026105939416,18.908143417479156,18.388260729018896,17.868378040558635,17.348495352098375,16.828612663638115,14.446891341033504,12.065170018428894,9.683448695824282,7.3017273732196735
3735,1.677916042855984,1.903610246250039,2.298802319798513,2.693994393346985,3.0891864668954585,3.484378540443932,3.879570613992405,5.690050956937462,7.500531299882518,9.311011642827577,11.121491985772634,14.871256559632515,14.645562356238461,14.250370282689987,13.855178209141515,13.459986135593041,13.064794062044568,12.669601988496094,10.859121645551037,9.04864130260598,7.238160959660921,5.427680616715864
3736,1.1172675321315855,1.2675496673528908,1.5306947005095728,1.7938397336662546,2.0569847668229366,2.3201297999796187,2.583274833136301,3.7888124482913326,4.9943500634463645,6.199887678601396,7.405425293756428,10.033161309414842,9.882879174193537,9.619734141036854,9.356589107880172,9.09344407472349,8.830299041566807,8.567154008410125,7.361616393255093,6.156078778100062,4.95054116294503,3.745003547789998
3737,0.6682540838903488,0.7581400312657272,0.9155309318380566,1.0729218324103855,1.2303127329827148,1.3877036335550441,1.5450945341273732,2.2661442482220826,2.987193962316792,3.7082436764115014,4.429293390506211,6.0734388854665,5.983552938091121,5.826162037518792,5.668771136946463,5.5113802363741335,5.3539893358018045,5.196598435229475,4.475548721134766,3.7544990070400566,3.033449292945347,2.3123995788506377
3738,0.4397550001969972,0.4989058467966161,0.6024793784527985,0.7060529101089809,0.8096264417651632,0.9131999734213457,1.016773505077528,1.4912714914090162,1.9657694777405041,2.4402674640719924,2.9147654504034803,3.6846018562989733,3.625451009699354,3.5218774780431716,3.418303946386989,3.314730414730807,3.2111568830746244,3.1075833514184423,2.633085365086954,2.158587378755466,1.6840893924239777,1.2095914060924897
3739,0.286284866305672,0.32479265405806435,0.39222005033488544,0.4596474466117065,0.5270748428885276,0.5945022391653487,0.6619296354421698,0.9708325302776295,1.2797354251130895,1.5886383199485492,1.8975412147840094,2.22844041223525,2.1899326244828576,2.1225052282060366,2.0550778319292156,1.9876504356523945,1.9202230393755735,1.8527956430987524,1.5438927482632927,1.2349898534278327,0.926086958592373,0.6171840637569128
3740,0.1600000684787465,0.18152145994052682,0.21920556165659857,0.25688966337267033,0.2945737650887421,0.33225786680481384,0.3699419685208856,0.5425828942000834,0.7152238198792811,0.887864745558479,1.0605056712376768,1.3303544742870113,1.308833082825231,1.2711489811091592,1.2334648793930874,1.1957807776770155,1.1580966759609437,1.1204125742448718,0.947771648565674,0.7751307228864763,0.6024897972072784,0.4298488715280806
3741,0.0966650333943288,0.10966731548161278,0.1324343991801003,0.15520148287858784,0.17796856657707538,0.20073565027556292,0.2235027339740505,0.3278048196211218,0.432106905268193,0.5364089909152644,0.6407110765623357,0.8750441895076194,0.8620419074203355,0.8392748237218479,0.8165077400233604,0.7937406563248728,0.7709735726263852,0.7482064889278977,0.6439044032808263,0.5396023176337551,0.4353002319866837,0.3309981463396124
3742,0.060485888935644626,0.06862176353916513,0.08286773488598757,0.09711370623281,0.11135967757963244,0.1256056489264549,0.13985162027327736,0.2051162164429092,0.27038081261254104,0.33564540878217297,0.40091000495180484,0.6530761972950729,0.6449403226915524,0.63069435134473,0.6164483799979075,0.602202408651085,0.5879564373042625,0.57371046595744,0.5084458697878081,0.4431812736181763,0.37791667744854435,0.3126520812789125
3743,0.04326251605801909,0.04908169821561838,0.059271125452270715,0.06946055268892304,0.07964997992557539,0.08983940716222773,0.10002883439888008,0.1467093195416705,0.19338980468446088,0.24007028982725132,0.28675077497004176,0.499578441059629,0.4937592589020297,0.48356983166537737,0.47338040442872503,0.4631909771920727,0.45300154995542036,0.442812122718768,0.3961316375759776,0.3494511524331872,0.30277066729039676,0.2560901821476063
3744,0.031367184720614005,0.03558634204876214,0.04297411500909338,0.050361887969424625,0.057749660929755864,0.0651374338900871,0.07252520685041834,0.10637056615310214,0.14021592545578596,0.17406128475846977,0.20790664406115364,0.38513873965896495,0.3809195823308168,0.3735318093704856,0.36614403641015436,0.35875626344982314,0.3513684904894919,0.3439807175291607,0.3101353582264769,0.27628999892379313,0.24244463962110932,0.20859928031842545
3745,0.027541528392130105,0.031246101893993974,0.037732835101129916,0.04421956830826585,0.05070630151540179,0.057193034722537735,0.06367976792967367,0.09339722368731823,0.1231146794449628,0.15283213520260736,0.18254959096025195,0.2947264391013124,0.29102186559944854,0.2845351323923126,0.27804839918517665,0.2715616659780407,0.26507493277090477,0.25858819956376883,0.22887074380612427,0.1991532880484797,0.16943583229083514,0.13971837653319055
3746,0.021214760756460276,0.024068329353953997,0.029064947229369295,0.03406156510478459,0.03905818298019989,0.04405480085561519,0.049051418731030486,0.07194225852804301,0.09483309832505553,0.11772393812206808,0.1406147779190806,0.2196416620198345,0.2167880934223408,0.21179147554692548,0.20679485767151018,0.20179823979609487,0.19680162192067957,0.19180500404526427,0.16891416424825173,0.14602332445123922,0.12313248465422667,0.10024164485721414
3747,0.017379901386824617,0.01971764826949346,0.023811058840523276,0.02790446941155309,0.03199787998258291,0.03609129055361272,0.04018470112464254,0.058937707246218926,0.07769071336779533,0.09644371948937172,0.11519672561094813,0.1725522635160582,0.17021451663338938,0.16612110606235955,0.16202769549132973,0.1579342849202999,0.15384087434927007,0.14974746377824025,0.13099445765666387,0.11224145153508747,0.09348844541351108,0.07473543929193467
3748,0.018861538995962508,0.02139857893702769,0.025840952998510806,0.030283327059993915,0.03472570112147703,0.03916807518296014,0.04361044924444325,0.0639621502340575,0.08431385122367176,0.10466555221328604,0.1250172532029003,0.16219714722554288,0.1596601072844777,0.15521773322299456,0.15077535916151147,0.14633298510002835,0.14189061103854522,0.1374482369770621,0.11709653598744785,0.0967448349978336,0.07639313400821932,0.05604143301860505
3749,0.06031042844298219,0.06842270209442457,0.08262734801485494,0.09683199393528533,0.1110366398557157,0.1252412857761461,0.1394459316965765,0.20452120506052845,0.2695964784244804,0.33467175178843245,0.39974702515238447,0.4566317751531136,0.4485195015016712,0.43431485558124083,0.4201102096608105,0.4059055637403801,0.3917009178199497,0.3774962718995193,0.3124209985355673,0.24734572517161535,0.18227045180766333,0.1171951784437113
3750,0.30895518501738617,0.35051232648691727,0.4232791617051753,0.4960459969234333,0.5688128321416914,0.6415796673599494,0.7143465025782075,1.0477107919933368,1.3810750814084662,1.7144393708235957,2.0478036602387255,2.1024107163262697,2.0608535748567385,1.9880867396384805,1.9153199044202225,1.8425530692019643,1.7697862339837063,1.6970193987654483,1.363655109350319,1.0302908199351897,0.6969265305200603,0.3635622411049304
3751,1.1612949269476076,1.3174991271273024,1.5910137359992662,1.8645283448712298,2.1380429537431938,2.4115575626151577,2.685072171487121,3.9381155800368046,5.191158988586489,6.444202397136173,7.697245805685856,8.797592590406415,8.64138839022672,8.367873781354756,8.094359172482793,7.820844563610829,7.547329954738865,7.273815345866902,6.020771937317218,4.767728528767535,3.514685120217851,2.261641711668167
3752,2.8365400828547638,3.218079229059924,3.8861568494030205,4.554234469746118,5.222312090089215,5.890389710432311,6.558467330775408,9.61910918103339,12.679751031291374,15.74039288154936,18.801034731807345,21.40384848736475,21.02230934115959,20.354231720816493,19.686154100473395,19.018076480130297,18.3499988597872,17.6819212394441,14.621279389186117,11.560637538928134,8.499995688670149,5.439353838412163
3753,4.187241305649756,4.750461435119857,5.736663683482037,6.722865931844216,7.709068180206397,8.695270428568575,9.681472676930756,14.199528337297998,18.717583997665233,23.23563965803248,27.75369531839972,32.29130966000392,31.72808953053382,30.74188728217164,29.75568503380946,28.76948278544728,27.7832805370851,26.797078288722922,22.27902262835568,17.760966967988445,13.242911307621199,8.724855647253957
3754,4.1224380187469025,4.6769415462886,5.647880965838258,6.618820385387915,7.5897598049375725,8.56069922448723,9.53163864403689,13.979771212843394,18.427903781649896,22.876036350456406,27.324168919262913,32.91035711924829,32.35585359170659,31.384914172156932,30.413974752607274,29.443035333057615,28.472095913507957,27.501156493958298,23.053023925151795,18.60489135634529,14.15675878753878,9.708626218732274
3755,3.351595880008395,3.8024144805325077,4.591800893015079,5.381187305497649,6.170573717980221,6.959960130462791,7.7493465429453625,11.365736340329079,14.982126137712793,18.59851593509651,22.21490573248023,27.356769827551037,26.905951227026925,26.116564814544354,25.327178402061783,24.537791989579212,23.74840557709664,22.95901916461407,19.34262936723035,15.726239569846637,12.109849772462919,8.493459975079201
3756,2.9910124143164416,3.3933294236000933,4.097789222441407,4.80224902128272,5.506708820124034,6.211168618965348,6.915628417806662,10.142946736074473,13.370265054342282,16.597583372610092,19.82490169087791,24.2284335048095,23.82611649552585,23.121656696684536,22.417196897843223,21.71273709900191,21.008277300160596,20.303817501319283,17.076499183051475,13.849180864783666,10.621862546515855,7.394544228248039
3757,2.7047846416677372,3.0686015427890947,3.7056473923676854,4.342693241946275,4.979739091524866,5.6167849411034565,6.253830790682048,9.172307818474215,12.090784846266383,15.009261874058554,17.92773890185072,22.802692522038395,22.438875620917038,21.801829771338447,21.164783921759856,20.527738072181265,19.890692222602674,19.253646373024083,16.335169345231915,13.416692317439747,10.498215289647575,7.579738261855409
3758,2.20733046474823,2.5042354815337093,3.0241181699939683,3.544000858454227,4.063883546914486,4.583766235374744,5.103648923835004,7.485370246439614,9.867091569044224,12.248812891648836,14.630534214253444,19.724931122724897,19.428026105939416,18.908143417479156,18.388260729018896,17.868378040558635,17.348495352098375,16.828612663638115,14.446891341033504,12.065170018428894,9.683448695824282,7.3017273732196735
3759,1.677916042855984,1.903610246250039,2.298802319798513,2.693994393346985,3.0891864668954585,3.484378540443932,3.879570613992405,5.690050956937462,7.500531299882518,9.311011642827577,11.121491985772634,14.871256559632515,14.645562356238461,14.250370282689987,13.855178209141515,13.459986135593041,13.064794062044568,12.669601988496094,10.859121645551037,9.04864130260598,7.238160959660921,5.427680616715864
3760,1.1172675321315855,1.2675496673528908,1.5306947005095728,1.7938397336662546,2.0569847668229366,2.3201297999796187,2.583274833136301,3.7888124482913326,4.9943500634463645,6.199887678601396,7.405425293756428,10.033161309414842,9.882879174193537,9.619734141036854,9.356589107880172,9.09344407472349,8.830299041566807,8.567154008410125,7.361616393255093,6.156078778100062,4.95054116294503,3.745003547789998
3761,0.6682540838903488,0.7581400312657272,0.9155309318380566,1.0729218324103855,1.2303127329827148,1.3877036335550441,1.5450945341273732,2.2661442482220826,2.987193962316792,3.7082436764115014,4.429293390506211,6.0734388854665,5.983552938091121,5.826162037518792,5.668771136946463,5.5113802363741335,5.3539893358018045,5.196598435229475,4.475548721134766,3.7544990070400566,3.033449292945347,2.3123995788506377
3762,0.4397550001969972,0.4989058467966161,0.6024793784527985,0.7060529101089809,0.8096264417651632,0.9131999734213457,1.016773505077528,1.4912714914090162,1.9657694777405041,2.4402674640719924,2.9147654504034803,3.6846018562989733,3.625451009699354,3.5218774780431716,3.418303946386989,3.314730414730807,3.2111568830746244,3.1075833514184423,2.633085365086954,2.158587378755466,1.6840893924239777,1.2095914060924897
3763,0.286284866305672,0.32479265405806435,0.39222005033488544,0.4596474466117065,0.5270748428885276,0.5945022391653487,0.6619296354421698,0.9708325302776295,1.2797354251130895,1.5886383199485492,1.8975412147840094,2.22844041223525,2.1899326244828576,2.1225052282060366,2.0550778319292156,1.9876504356523945,1.9202230393755735,1.8527956430987524,1.5438927482632927,1.2349898534278327,0.926086958592373,0.6171840637569128
3764,0.1600000684787465,0.18152145994052682,0.21920556165659857,0.25688966337267033,0.2945737650887421,0.33225786680481384,0.3699419685208856,0.5425828942000834,0.7152238198792811,0.887864745558479,1.0605056712376768,1.3303544742870113,1.308833082825231,1.2711489811091592,1.2334648793930874,1.1957807776770155,1.1580966759609437,1.1204125742448718,0.947771648565674,0.7751307228864763,0.6024897972072784,0.4298488715280806
3765,0.0966650333943288,0.10966731548161278,0.1324343991801003,0.15520148287858784,0.17796856657707538,0.20073565027556292,0.2235027339740505,0.3278048196211218,0.432106905268193,0.5364089909152644,0.6407110765623357,0.8750441895076194,0.8620419074203355,0.8392748237218479,0.8165077400233604,0.7937406563248728,0.7709735726263852,0.7482064889278977,0.6439044032808263,0.5396023176337551,0.4353002319866837,0.3309981463396124
3766,0.060485888935644626,0.06862176353916513,0.08286773488598757,0.09711370623281,0.11135967757963244,0.1256056489264549,0.13985162027327736,0.2051162164429092,0.27038081261254104,0.33564540878217297,0.40091000495180484,0.6530761972950729,0.6449403226915524,0.63069435134473,0.6164483799979075,0.602202408651085,0.5879564373042625,0.57371046595744,0.5084458697878081,0.4431812736181763,0.37791667744854435,0.3126520812789125
3767,0.04326251605801909,0.04908169821561838,0.059271125452270715,0.06946055268892304,0.07964997992557539,0.08983940716222773,0.10002883439888008,0.1467093195416705,0.19338980468446088,0.24007028982725132,0.28675077497004176,0.499578441059629,0.4937592589020297,0.48356983166537737,0.47338040442872503,0.4631909771920727,0.45300154995542036,0.442812122718768,0.3961316375759776,0.3494511524331872,0.30277066729039676,0.2560901821476063
3768,0.031367184720614005,0.03558634204876214,0.04297411500909338,0.050361887969424625,0.057749660929755864,0.0651374338900871,0.07252520685041834,0.10637056615310214,0.14021592545578596,0.17406128475846977,0.20790664406115364,0.38513873965896495,0.3809195823308168,0.3735318093704856,0.36614403641015436,0.35875626344982314,0.3513684904894919,0.3439807175291607,0.3101353582264769,0.27628999892379313,0.24244463962110932,0.20859928031842545
3769,0.027541528392130105,0.031246101893993974,0.037732835101129916,0.04421956830826585,0.05070630151540179,0.057193034722537735,0.06367976792967367,0.09339722368731823,0.1231146794449628,0.15283213520260736,0.18254959096025195,0.2947264391013124,0.29102186559944854,0.2845351323923126,0.27804839918517665,0.2715616659780407,0.26507493277090477,0.25858819956376883,0.22887074380612427,0.1991532880484797,0.16943583229083514,0.13971837653319055
3770,0.021214760756460276,0.024068329353953997,0.029064947229369295,0.03406156510478459,0.03905818298019989,0.04405480085561519,0.049051418731030486,0.07194225852804301,0.09483309832505553,0.11772393812206808,0.1406147779190806,0.2196416620198345,0.2167880934223408,0.21179147554692548,0.20679485767151018,0.20179823979609487,0.19680162192067957,0.19180500404526427,0.16891416424825173,0.14602332445123922,0.12313248465422667,0.10024164485721414
3771,0.017379901386824617,0.01971764826949346,0.023811058840523276,0.02790446941155309,0.03199787998258291,0.03609129055361272,0.04018470112464254,0.058937707246218926,0.07769071336779533,0.09644371948937172,0.11519672561094813,0.1725522635160582,0.17021451663338938,0.16612110606235955,0.16202769549132973,0.1579342849202999,0.15384087434927007,0.14974746377824025,0.13099445765666387,0.11224145153508747,0.09348844541351108,0.07473543929193467
3772,0.018861538995962508,0.02139857893702769,0.025840952998510806,0.030283327059993915,0.03472570112147703,0.03916807518296014,0.04361044924444325,0.0639621502340575,0.08431385122367176,0.10466555221328604,0.1250172532029003,0.16219714722554288,0.1596601072844777,0.15521773322299456,0.15077535916151147,0.14633298510002835,0.14189061103854522,0.1374482369770621,0.11709653598744785,0.0967448349978336,0.07639313400821932,0.05604143301860505
3773,0.06031042844298219,0.06842270209442457,0.08262734801485494,0.09683199393528533,0.1110366398557157,0.1252412857761461,0.1394459316965765,0.20452120506052845,0.2695964784244804,0.33467175178843245,0.39974702515238447,0.4566317751531136,0.4485195015016712,0.43431485558124083,0.4201102096608105,0.4059055637403801,0.3917009178199497,0.3774962718995193,0.3124209985355673,0.24734572517161535,0.18227045180766333,0.1171951784437113
3774,0.30895518501738617,0.35051232648691727,0.4232791617051753,0.4960459969234333,0.5688128321416914,0.6415796673599494,0.7143465025782075,1.0477107919933368,1.3810750814084662,1.7144393708235957,2.0478036602387255,2.1024107163262697,2.0608535748567385,1.9880867396384805,1.9153199044202225,1.8425530692019643,1.7697862339837063,1.6970193987654483,1.363655109350319,1.0302908199351897,0.6969265305200603,0.3635622411049304
3775,1.1612949269476076,1.3174991271273024,1.5910137359992662,1.8645283448712298,2.1380429537431938,2.4115575626151577,2.685072171487121,3.9381155800368046,5.191158988586489,6.444202397136173,7.697245805685856,8.797592590406415,8.64138839022672,8.367873781354756,8.094359172482793,7.820844563610829,7.547329954738865,7.273815345866902,6.020771937317218,4.767728528767535,3.514685120217851,2.261641711668167
3776,2.8365400828547638,3.218079229059924,3.8861568494030205,4.554234469746118,5.222312090089215,5.890389710432311,6.558467330775408,9.61910918103339,12.679751031291374,15.74039288154936,18.801034731807345,21.40384848736475,21.02230934115959,20.354231720816493,19.686154100473395,19.018076480130297,18.3499988597872,17.6819212394441,14.621279389186117,11.560637538928134,8.499995688670149,5.439353838412163
3777,4.187241305649756,4.750461435119857,5.736663683482037,6.722865931844216,7.709068180206397,8.695270428568575,9.681472676930756,14.199528337297998,18.717583997665233,23.23563965803248,27.75369531839972,32.29130966000392,31.72808953053382,30.74188728217164,29.75568503380946,28.76948278544728,27.7832805370851,26.797078288722922,22.27902262835568,17.760966967988445,13.242911307621199,8.724855647253957
3778,4.1224380187469025,4.6769415462886,5.647880965838258,6.618820385387915,7.5897598049375725,8.56069922448723,9.53163864403689,13.979771212843394,18.427903781649896,22.876036350456406,27.324168919262913,32.91035711924829,32.35585359170659,31.384914172156932,30.413974752607274,29.443035333057615,28.472095913507957,27.501156493958298,23.053023925151795,18.60489135634529,14.15675878753878,9.708626218732274
3779,3.351595880008395,3.8024144805325077,4.591800893015079,5.381187305497649,6.170573717980221,6.959960130462791,7.7493465429453625,11.365736340329079,14.982126137712793,18.59851593509651,22.21490573248023,27.356769827551037,26.905951227026925,26.116564814544354,25.327178402061783,24.537791989579212,23.74840557709664,22.95901916461407,19.34262936723035,15.726239569846637,12.109849772462919,8.493459975079201
3780,2.9910124143164416,3.3933294236000933,4.097789222441407,4.80224902128272,5.506708820124034,6.211168618965348,6.915628417806662,10.142946736074473,13.370265054342282,16.597583372610092,19.82490169087791,24.2284335048095,23.82611649552585,23.121656696684536,22.417196897843223,21.71273709900191,21.008277300160596,20.303817501319283,17.076499183051475,13.849180864783666,10.621862546515855,7.394544228248039
3781,2.7047846416677372,3.0686015427890947,3.7056473923676854,4.342693241946275,4.979739091524866,5.6167849411034565,6.253830790682048,9.172307818474215,12.090784846266383,15.009261874058554,17.92773890185072,22.802692522038395,22.438875620917038,21.801829771338447,21.164783921759856,20.527738072181265,19.890692222602674,19.253646373024083,16.335169345231915,13.416692317439747,10.498215289647575,7.579738261855409
3782,2.20733046474823,2.5042354815337093,3.0241181699939683,3.544000858454227,4.063883546914486,4.583766235374744,5.103648923835004,7.485370246439614,9.867091569044224,12.248812891648836,14.630534214253444,19.724931122724897,19.428026105939416,18.908143417479156,18.388260729018896,17.868378040558635,17.348495352098375,16.828612663638115,14.446891341033504,12.065170018428894,9.683448695824282,7.3017273732196735
3783,1.677916042855984,1.903610246250039,2.298802319798513,2.693994393346985,3.0891864668954585,3.484378540443932,3.879570613992405,5.690050956937462,7.500531299882518,9.311011642827577,11.121491985772634,14.871256559632515,14.645562356238461,14.250370282689987,13.855178209141515,13.459986135593041,13.064794062044568,12.669601988496094,10.859121645551037,9.04864130260598,7.238160959660921,5.427680616715864
3784,1.1172675321315855,1.2675496673528908,1.5306947005095728,1.7938397336662546,2.0569847668229366,2.3201297999796187,2.583274833136301,3.7888124482913326,4.9943500634463645,6.199887678601396,7.405425293756428,10.033161309414842,9.882879174193537,9.619734141036854,9.356589107880172,9.09344407472349,8.830299041566807,8.567154008410125,7.361616393255093,6.156078778100062,4.95054116294503,3.745003547789998
3785,0.6682540838903488,0.7581400312657272,0.9155309318380566,1.0729218324103855,1.2303127329827148,1.3877036335550441,1.5450945341273732,2.2661442482220826,2.987193962316792,3.7082436764115014,4.429293390506211,6.0734388854665,5.983552938091121,5.826162037518792,5.668771136946463,5.5113802363741335,5.3539893358018045,5.196598435229475,4.475548721134766,3.7544990070400566,3.033449292945347,2.3123995788506377
3786,0.4397550001969972,0.4989058467966161,0.6024793784527985,0.7060529101089809,0.8096264417651632,0.9131999734213457,1.016773505077528,1.4912714914090162,1.9657694777405041,2.4402674640719924,2.9147654504034803,3.6846018562989733,3.625451009699354,3.5218774780431716,3.418303946386989,3.314730414730807,3.2111568830746244,3.1075833514184423,2.633085365086954,2.158587378755466,1.6840893924239777,1.2095914060924897
3787,0.286284866305672,0.32479265405806435,0.39222005033488544,0.4596474466117065,0.5270748428885276,0.5945022391653487,0.6619296354421698,0.9708325302776295,1.2797354251130895,1.5886383199485492,1.8975412147840094,2.22844041223525,2.1899326244828576,2.1225052282060366,2.0550778319292156,1.9876504356523945,1.9202230393755735,1.8527956430987524,1.5438927482632927,1.2349898534278327,0.926086958592373,0.6171840637569128
3788,0.1600000684787465,0.18152145994052682,0.21920556165659857,0.25688966337267033,0.2945737650887421,0.33225786680481384,0.3699419685208856,0.5425828942000834,0.7152238198792811,0.887864745558479,1.0605056712376768,1.3303544742870113,1.308833082825231,1.2711489811091592,1.2334648793930874,1.1957807776770155,1.1580966759609437,1.1204125742448718,0.947771648565674,0.7751307228864763,0.6024897972072784,0.4298488715280806
3789,0.0966650333943288,0.10966731548161278,0.1324343991801003,0.15520148287858784,0.17796856657707538,0.20073565027556292,0.2235027339740505,0.3278048196211218,0.432106905268193,0.5364089909152644,0.6407110765623357,0.8750441895076194,0.8620419074203355,0.8392748237218479,0.8165077400233604,0.7937406563248728,0.7709735726263852,0.7482064889278977,0.6439044032808263,0.5396023176337551,0.4353002319866837,0.3309981463396124
3790,0.060485888935644626,0.06862176353916513,0.08286773488598757,0.09711370623281,0.11135967757963244,0.1256056489264549,0.13985162027327736,0.2051162164429092,0.27038081261254104,0.33564540878217297,0.40091000495180484,0.6530761972950729,0.6449403226915524,0.63069435134473,0.6164483799979075,0.602202408651085,0.5879564373042625,0.57371046595744,0.5084458697878081,0.4431812736181763,0.37791667744854435,0.3126520812789125
3791,0.04326251605801909,0.04908169821561838,0.059271125452270715,0.06946055268892304,0.07964997992557539,0.08983940716222773,0.10002883439888008,0.1467093195416705,0.19338980468446088,0.24007028982725132,0.28675077497004176,0.499578441059629,0.4937592589020297,0.48356983166537737,0.47338040442872503,0.4631909771920727,0.45300154995542036,0.442812122718768,0.3961316375759776,0.3494511524331872,0.30277066729039676,0.2560901821476063
3792,0.031367184720614005,0.03558634204876214,0.04297411500909338,0.050361887969424625,0.057749660929755864,0.0651374338900871,0.07252520685041834,0.10637056615310214,0.14021592545578596,0.17406128475846977,0.20790664406115364,0.38513873965896495,0.3809195823308168,0.3735318093704856,0.36614403641015436,0.35875626344982314,0.3513684904894919,0.3439807175291607,0.3101353582264769,0.27628999892379313,0.24244463962110932,0.20859928031842545
3793,0.027541528392130105,0.031246101893993974,0.037732835101129916,0.04421956830826585,0.05070630151540179,0.057193034722537735,0.06367976792967367,0.09339722368731823,0.1231146794449628,0.15283213520260736,0.18254959096025195,0.2947264391013124,0.29102186559944854,0.2845351323923126,0.27804839918517665,0.2715616659780407,0.26507493277090477,0.25858819956376883,0.22887074380612427,0.1991532880484797,0.16943583229083514,0.13971837653319055
3794,0.021214760756460276,0.024068329353953997,0.029064947229369295,0.03406156510478459,0.03905818298019989,0.04405480085561519,0.049051418731030486,0.07194225852804301,0.09483309832505553,0.11772393812206808,0.1406147779190806,0.2196416620198345,0.2167880934223408,0.21179147554692548,0.20679485767151018,0.20179823979609487,0.19680162192067957,0.19180500404526427,0.16891416424825173,0.14602332445123922,0.12313248465422667,0.10024164485721414
3795,0.017379901386824617,0.01971764826949346,0.023811058840523276,0.02790446941155309,0.03199787998258291,0.03609129055361272,0.04018470112464254,0.058937707246218926,0.07769071336779533,0.09644371948937172,0.11519672561094813,0.1725522635160582,0.17021451663338938,0.16612110606235955,0.16202769549132973,0.1579342849202999,0.15384087434927007,0.14974746377824025,0.13099445765666387,0.11224145153508747,0.09348844541351108,0.07473543929193467
3796,0.018861538995962508,0.02139857893702769,0.025840952998510806,0.030283327059993915,0.03472570112147703,0.03916807518296014,0.04361044924444325,0.0639621502340575,0.08431385122367176,0.10466555221328604,0.1250172532029003,0.16219714722554288,0.1596601072844777,0.15521773322299456,0.15077535916151147,0.14633298510002835,0.14189061103854522,0.1374482369770621,0.11709653598744785,0.0967448349978336,0.07639313400821932,0.05604143301860505
3797,0.06031042844298219,0.06842270209442457,0.08262734801485494,0.09683199393528533,0.1110366398557157,0.1252412857761461,0.1394459316965765,0.20452120506052845,0.2695964784244804,0.33467175178843245,0.39974702515238447,0.4566317751531136,0.4485195015016712,0.43431485558124083,0.4201102096608105,0.4059055637403801,0.3917009178199497,0.3774962718995193,0.3124209985355673,0.24734572517161535,0.18227045180766333,0.1171951784437113
3798,0.30895518501738617,0.35051232648691727,0.4232791617051753,0.4960459969234333,0.5688128321416914,0.6415796673599494,0.7143465025782075,1.0477107919933368,1.3810750814084662,1.7144393708235957,2.0478036602387255,2.1024107163262697,2.0608535748567385,1.9880867396384805,1.9153199044202225,1.8425530692019643,1.7697862339837063,1.6970193987654483,1.363655109350319,1.0302908199351897,0.6969265305200603,0.3635622411049304
3799,1.1612949269476076,1.3174991271273024,1.5910137359992662,1.8645283448712298,2.1380429537431938,2.4115575626151577,2.685072171487121,3.9381155800368046,5.191158988586489,6.444202397136173,7.697245805685856,8.797592590406415,8.64138839022672,8.367873781354756,8.094359172482793,7.820844563610829,7.547329954738865,7.273815345866902,6.020771937317218,4.767728528767535,3.514685120217851,2.261641711668167
3800,2.8365400828547638,3.218079229059924,3.8861568494030205,4.554234469746118,5.222312090089215,5.890389710432311,6.558467330775408,9.61910918103339,12.679751031291374,15.74039288154936,18.801034731807345,21.40384848736475,21.02230934115959,20.354231720816493,19.686154100473395,19.018076480130297,18.3499988597872,17.6819212394441,14.621279389186117,11.560637538928134,8.499995688670149,5.439353838412163
3801,4.187241305649756,4.750461435119857,5.736663683482037,6.722865931844216,7.709068180206397,8.695270428568575,9.681472676930756,14.199528337297998,18.717583997665233,23.23563965803248,27.75369531839972,32.29130966000392,31.72808953053382,30.74188728217164,29.75568503380946,28.76948278544728,27.7832805370851,26.797078288722922,22.27902262835568,17.760966967988445,13.242911307621199,8.724855647253957
3802,4.1224380187469025,4.6769415462886,5.647880965838258,6.618820385387915,7.5897598049375725,8.56069922448723,9.53163864403689,13.979771212843394,18.427903781649896,22.876036350456406,27.324168919262913,32.91035711924829,32.35585359170659,31.384914172156932,30.413974752607274,29.443035333057615,28.472095913507957,27.501156493958298,23.053023925151795,18.60489135634529,14.15675878753878,9.708626218732274
3803,3.351595880008395,3.8024144805325077,4.591800893015079,5.381187305497649,6.170573717980221,6.959960130462791,7.7493465429453625,11.365736340329079,14.982126137712793,18.59851593509651,22.21490573248023,27.356769827551037,26.905951227026925,26.116564814544354,25.327178402061783,24.537791989579212,23.74840557709664,22.95901916461407,19.34262936723035,15.726239569846637,12.109849772462919,8.493459975079201
3804,2.9910124143164416,3.3933294236000933,4.097789222441407,4.80224902128272,5.506708820124034,6.211168618965348,6.915628417806662,10.142946736074473,13.370265054342282,16.597583372610092,19.82490169087791,24.2284335048095,23.82611649552585,23.121656696684536,22.417196897843223,21.71273709900191,21.008277300160596,20.303817501319283,17.076499183051475,13.849180864783666,10.621862546515855,7.394544228248039
3805,2.7047846416677372,3.0686015427890947,3.7056473923676854,4.342693241946275,4.979739091524866,5.6167849411034565,6.253830790682048,9.172307818474215,12.090784846266383,15.009261874058554,17.92773890185072,22.802692522038395,22.438875620917038,21.801829771338447,21.164783921759856,20.527738072181265,19.890692222602674,19.253646373024083,16.335169345231915,13.416692317439747,10.498215289647575,7.579738261855409
3806,2.20733046474823,2.5042354815337093,3.0241181699939683,3.544000858454227,4.063883546914486,4.583766235374744,5.103648923835004,7.485370246439614,9.867091569044224,12.248812891648836,14.630534214253444,19.724931122724897,19.428026105939416,18.908143417479156,18.388260729018896,17.868378040558635,17.348495352098375,16.828612663638115,14.446891341033504,12.065170018428894,9.683448695824282,7.3017273732196735
3807,1.677916042855984,1.903610246250039,2.298802319798513,2.693994393346985,3.0891864668954585,3.484378540443932,3.879570613992405,5.690050956937462,7.500531299882518,9.311011642827577,11.121491985772634,14.871256559632515,14.645562356238461,14.250370282689987,13.855178209141515,13.459986135593041,13.064794062044568,12.669601988496094,10.859121645551037,9.04864130260598,7.238160959660921,5.427680616715864
3808,1.1172675321315855,1.2675496673528908,1.5306947005095728,1.7938397336662546,2.0569847668229366,2.3201297999796187,2.583274833136301,3.7888124482913326,4.9943500634463645,6.199887678601396,7.405425293756428,10.033161309414842,9.882879174193537,9.619734141036854,9.356589107880172,9.09344407472349,8.830299041566807,8.567154008410125,7.361616393255093,6.156078778100062,4.95054116294503,3.745003547789998
3809,0.6682540838903488,0.7581400312657272,0.9155309318380566,1.0729218324103855,1.2303127329827148,1.3877036335550441,1.5450945341273732,2.2661442482220826,2.987193962316792,3.7082436764115014,4.429293390506211,6.0734388854665,5.983552938091121,5.826162037518792,5.668771136946463,5.5113802363741335,5.3539893358018045,5.196598435229475,4.475548721134766,3.7544990070400566,3.033449292945347,2.3123995788506377
3810,0.4397550001969972,0.4989058467966161,0.6024793784527985,0.7060529101089809,0.8096264417651632,0.9131999734213457,1.016773505077528,1.4912714914090162,1.9657694777405041,2.4402674640719924,2.9147654504034803,3.6846018562989733,3.625451009699354,3.5218774780431716,3.418303946386989,3.314730414730807,3.2111568830746244,3.1075833514184423,2.633085365086954,2.158587378755466,1.6840893924239777,1.2095914060924897
3811,0.286284866305672,0.32479265405806435,0.39222005033488544,0.4596474466117065,0.5270748428885276,0.5945022391653487,0.6619296354421698,0.9708325302776295,1.2797354251130895,1.5886383199485492,1.8975412147840094,2.22844041223525,2.1899326244828576,2.1225052282060366,2.0550778319292156,1.9876504356523945,1.9202230393755735,1.8527956430987524,1.5438927482632927,1.2349898534278327,0.926086958592373,0.6171840637569128
3812,0.1600000684787465,0.18152145994052682,0.21920556165659857,0.25688966337267033,0.2945737650887421,0.33225786680481384,0.3699419685208856,0.5425828942000834,0.7152238198792811,0.887864745558479,1.0605056712376768,1.3303544742870113,1.308833082825231,1.2711489811091592,1.2334648793930874,1.1957807776770155,1.1580966759609437,1.1204125742448718,0.947771648565674,0.7751307228864763,0.6024897972072784,0.4298488715280806
3813,0.0966650333943288,0.10966731548161278,0.1324343991801003,0.15520148287858784,0.17796856657707538,0.20073565027556292,0.2235027339740505,0.3278048196211218,0.432106905268193,0.5364089909152644,0.6407110765623357,0.8750441895076194,0.8620419074203355,0.8392748237218479,0.8165077400233604,0.7937406563248728,0.7709735726263852,0.7482064889278977,0.6439044032808263,0.5396023176337551,0.4353002319866837,0.3309981463396124
3814,0.060485888935644626,0.06862176353916513,0.08286773488598757,0.09711370623281,0.11135967757963244,0.1256056489264549,0.13985162027327736,0.2051162164429092,0.27038081261254104,0.33564540878217297,0.40091000495180484,0.6530761972950729,0.6449403226915524,0.63069435134473,0.6164483799979075,0.602202408651085,0.5879564373042625,0.57371046595744,0.5084458697878081,0.4431812736181763,0.37791667744854435,0.3126520812789125
3815,0.04326251605801909,0.04908169821561838,0.059271125452270715,0.06946055268892304,0.07964997992557539,0.08983940716222773,0.10002883439888008,0.1467093195416705,0.19338980468446088,0.24007028982725132,0.28675077497004176,0.499578441059629,0.4937592589020297,0.48356983166537737,0.47338040442872503,0.4631909771920727,0.45300154995542036,0.442812122718768,0.3961316375759776,0.3494511524331872,0.30277066729039676,0.2560901821476063
3816,0.06656898268586907,0.07552308595105217,0.09120178120737912,0.10688047646370606,0.12255917172003303,0.13823786697635998,0.1539165622326869,0.2257448489433112,0.29757313565393556,0.36940142236455986,0.44122970907518416,0.4271966781704077,0.4182425749052246,0.4025638796488976,0.3868851843925707,0.3712064891362437,0.35552779387991673,0.3398490986235898,0.2680208119129655,0.19619252520234115,0.12436423849171685,0.05253595178109255
3817,0.056639086305014866,0.06425753272192815,0.07759748382143074,0.09093743492093335,0.10427738602043597,0.11761733711993858,0.1309572882194412,0.19207116387144205,0.25318503952344296,0.31429891517544384,0.3754127908274448,0.3168441383691494,0.3092256919522361,0.2958857408527335,0.28254578975323086,0.26920583865372827,0.2558658875542257,0.24252593645472306,0.1814120608027222,0.1202981851507213,0.05918430949872042,-0.0019295661532805208
3818,0.03392680220936796,0.038490250202461725,0.046480878441028384,0.05447150667959503,0.06246213491816169,0.07045276315672834,0.07844339139529499,0.1150505915949522,0.15165779179460942,0.18826499199426663,0.22487219219392388,0.22601923126692836,0.22145578327383458,0.21346515503526792,0.20547452679670128,0.1974838985581346,0.18949327031956797,0.1815026420810013,0.1448954418813441,0.10828824168168688,0.07168104148202967,0.035073841282372425
3819,0.0236676925723058,0.026851201690074235,0.03242554764354464,0.03799989359701504,0.043574239550485436,0.049148585503955844,0.05472293145742625,0.08026049774238261,0.10579806402733898,0.13133563031229536,0.15687319659725174,0.20284547879051973,0.1996619696727513,0.1940876237192809,0.1885132777658105,0.1829389318123401,0.17736458585886972,0.17179023990539932,0.14625267362044297,0.12071510733548661,0.09517754105053022,0.06963997476557385
3820,0.02469635730095266,0.028018230711428102,0.03383485347536883,0.03965147623930954,0.04546809900325027,0.051284721767191,0.05710134453113172,0.08374884553458932,0.11039634653804692,0.1370438475415045,0.16369134854496212,0.2086410790622131,0.20531920565173767,0.19950258288779693,0.19368596012385622,0.18786933735991548,0.18205271459597477,0.17623609183203404,0.14958859082857645,0.12294108982511885,0.09629358882166127,0.06964608781820365
3821,0.018530992112733714,0.02102357064238779,0.025388092472381524,0.02975261430237525,0.03411713613236898,0.03848165796236271,0.04284617979235644,0.06284121893523797,0.08283625807811949,0.10283129722100104,0.12282633636388257,0.23076451461001737,0.2282719360803633,0.22390741425036959,0.21954289242037586,0.21517837059038214,0.21081384876038842,0.2064493269303947,0.18645428778751316,0.16645924864463163,0.1464642095017501,0.12646917035886857
3822,0.022723898938375474,0.025780459658883387,0.031132518111866028,0.036484576564848666,0.0418366350178313,0.04718869347081395,0.05254075192379659,0.0770599598532782,0.10157916778275981,0.12609837571224142,0.15061758364172306,0.3411068640072945,0.3380503032867866,0.33269824483380395,0.3273461863808213,0.32199412792783866,0.316642069474856,0.31129001102187337,0.2867708030923918,0.2622515951629102,0.2377323872334286,0.21321317930394695
3823,0.05954035988303085,0.0675490526604855,0.08157232777140645,0.0955956028823274,0.10961887799324835,0.12364215310416929,0.13766542821509023,0.20190979350324906,0.2661541587914079,0.33039852407956677,0.3946428893677256,0.5323949645104806,0.524386271733026,0.510362996622105,0.4963397215111841,0.48231644640026317,0.4682931712893422,0.4542698961784213,0.3900255308902625,0.32578116560210363,0.2615368003139448,0.19729243502578592
3824,0.09422208070711786,0.10689576455313886,0.129087470513181,0.15127917647322317,0.17347088243326533,0.1956625883933075,0.21785429435334966,0.31952042104539957,0.42118654773744957,0.5228526744294996,0.6245188011215496,0.7630054397344619,0.7503317558884409,0.7281400499283988,0.7059483439683566,0.6837566380083144,0.6615649320482723,0.6393732260882301,0.5377070993961802,0.4360409727041302,0.33437484601208023,0.23270871932003023
3825,0.11060462621291975,0.12548190395938727,0.1515321177130734,0.17758233146675953,0.2036325452204457,0.22968275897413182,0.255732972727818,0.37507595323620807,0.49441893374459817,0.6137619142529884,0.7331048947613785,1.04243040931092,1.0275531315644524,1.0015029178107662,0.9754527040570801,0.949402490303394,0.9233522765497079,0.8973020627960218,0.7779590822876317,0.6586161017792416,0.5392731212708513,0.41993014076246116
3826,0.14593538259187422,0.16556495229609972,0.19993646134515083,0.23430797039420195,0.2686794794432531,0.3030509884923042,0.3374224975413554,0.4948875522726021,0.6523526070038489,0.8098176617350957,0.9672827164663426,1.3368623237393928,1.3172327540351674,1.2828612449861163,1.2484897359370652,1.2141182268880142,1.1797467178389631,1.145375208789912,0.9879101540586653,0.8304450993274186,0.6729800445961718,0.5155149898649249
3827,0.17412844867806587,0.1975502293326846,0.2385619253527876,0.2795736213728906,0.3205853173929936,0.3615970134130966,0.40260870943319965,0.5904942325625675,0.7783797556919354,0.9662652788213034,1.1541508019506714,1.6963697765134498,1.6729479958588311,1.6319362998387281,1.590924603818625,1.549912907798522,1.508901211778419,1.467889515758316,1.2800039926289482,1.0921184694995802,0.9042329463702122,0.7163474232408442
3828,0.20258246617249245,0.22983155799628885,0.277544901707457,0.32525824541862514,0.3729715891297932,0.4206849328409614,0.46839827655212957,0.6869858360383282,0.9055733955245269,1.1241609550107257,1.3427485144969247,1.9211150761464808,1.8938659843226844,1.8461526406115163,1.7984392969003482,1.7507259531891801,1.7030126094780118,1.6552992657668437,1.4367117062806452,1.2181241467944464,0.9995365873082476,0.7809490278220486
3829,0.22682064156334378,0.25732997737244256,0.31075203030808307,0.3641740832437235,0.4175961361793641,0.4710181891150046,0.5244402420506451,0.769180921820084,1.013921601589523,1.2586622813589619,1.5034029611284008,2.0428941262432594,2.0123847904341607,1.9589627374985201,1.9055406845628797,1.852118631627239,1.7986965786915987,1.745274525755958,1.5005338459865192,1.2557931662170803,1.0110524864476413,0.7663118066782024
3830,0.28713168866453304,0.3257533813399477,0.3933802259058238,0.46100707047169975,0.5286339150375757,0.5962607596034519,0.6638876041693279,0.9737042248382178,1.2835208455071077,1.5933374661759976,1.9031540868448875,2.133676930271694,2.095055237596279,2.027428393030403,1.9598015484645268,1.8921747038986507,1.8245478593327746,1.7569210147668985,1.4471043940980086,1.1372877734291187,0.8274711527602288,0.5176545320913388
3831,0.3067951188581142,0.3480617127682659,0.42031979724889373,0.49257788172952155,0.5648359662101494,0.6370940506907772,0.709352135171405,1.040385701701159,1.3714192682309132,1.7024528347606676,2.0334864012904217,2.1612776545091203,2.120011060598969,2.047752976118341,1.975494891637713,1.9032368071570853,1.8309787226764576,1.7587206381958298,1.427687071666076,1.0966535051363218,0.7656199386065674,0.4345863720768133
3832,0.27598175878396375,0.31310368956544515,0.3781044409318533,0.44310519229826134,0.5081059436646694,0.5731066950310776,0.6381074463974856,0.9358932333664804,1.233679020335475,1.53146480730447,1.829250594273465,1.9097257114610804,1.872603780679599,1.8076030293131908,1.7426022779467827,1.6776015265803745,1.6126007752139664,1.5476000238475582,1.2498142368785634,0.9520284499095688,0.6542426629405738,0.35645687597157893
3833,0.2253108014307007,0.2556170506983482,0.3086834977291007,0.36174994475985317,0.4148163917906057,0.46788283882135817,0.5209492858521106,0.7640608400805081,1.0071723943089055,1.2502839485373032,1.4933955027657007,1.6192575536297766,1.588951304362129,1.5358848573313766,1.4828184103006241,1.4297519632698716,1.3766855162391192,1.3236190692083667,1.0805075149799692,0.8373959607515719,0.5942844065231742,0.3511728522947767
3834,0.181071206183045,0.20542684770103406,0.24807374039633354,0.290720633091633,0.3333675257869325,0.376014418482232,0.41866131117753147,0.6140381066158548,0.809414902054178,1.0047916974925013,1.200168492930825,1.489569188741577,1.4652135472235879,1.4225666545282885,1.379919761832989,1.3372728691376894,1.29462597644239,1.2519790837470905,1.0566022883087673,0.8612254928704441,0.6658486974321208,0.4704719019937972
3835,0.1371027565822645,0.15554426178254532,0.18783546186591396,0.22012666194928254,0.2524178620326512,0.2847090621160198,0.3170002621993884,0.464934866444111,0.6128694706888336,0.7608040749335562,0.9087386791782788,1.2544431595756709,1.23600165437539,1.2037104542920214,1.1714192542086528,1.1391280541252842,1.1068368540419156,1.074545653958547,0.9266110497138245,0.7786764454691019,0.6307418412243793,0.48280723697965666
3836,0.12288693681507708,0.1394162914452449,0.16835930297358676,0.19730231450192862,0.22624532603027048,0.25518833755861237,0.28413134908695425,0.4167270081222759,0.5493226671575976,0.6819183261929194,0.8145139852282411,0.965950353268064,0.9494209986378962,0.9204779871095543,0.8915349755812124,0.8625919640528705,0.8336489525245286,0.8047059409961868,0.6721102819608651,0.5395146229255434,0.40691896389022164,0.27432330485489986
3837,0.10407025709033581,0.11806860573895996,0.14257980870966933,0.16709101168037868,0.19160221465108804,0.2161134176217974,0.24062462059250678,0.3529169820306787,0.4652093434688507,0.5775017049070227,0.6897940663451948,0.756275578156249,0.7422772295076249,0.7177660265369155,0.6932548235662062,0.6687436205954969,0.6442324176247876,0.6197212146540781,0.5074288532159061,0.3951364917777342,0.2828441303395622,0.17055176890139007
3838,0.09174496304809825,0.10408545316899447,0.1256937346673304,0.14730201616566632,0.16891029766400223,0.19051857916233816,0.21212686066067407,0.3111201642112374,0.4101134677618008,0.5091067713123641,0.6081000748629275,0.6380177307790044,0.6256772406581081,0.6040689591597722,0.5824606776614363,0.5608523961631003,0.5392441146647644,0.5176358331664285,0.4186425296158651,0.3196492260653017,0.22065592251473837,0.12166261896417502
3839,0.0756798511426919,0.0858594449247251,0.10368398234795255,0.12150851977117999,0.13933305719440744,0.15715759461763487,0.17498213204086233,0.2566410943198301,0.33830005659879786,0.4199590188777657,0.5016179811567335,0.5589042903878931,0.54872469660586,0.5309001591826326,0.5130756217594051,0.4952510843361777,0.4774265469129503,0.45960200948972285,0.37794304721075506,0.2962840849317873,0.21462512265281947,0.13296616037385167
3840,0.06656898268586907,0.07552308595105217,0.09120178120737912,0.10688047646370606,0.12255917172003303,0.13823786697635998,0.1539165622326869,0.2257448489433112,0.29757313565393556,0.36940142236455986,0.44122970907518416,0.4271966781704077,0.4182425749052246,0.4025638796488976,0.3868851843925707,0.3712064891362437,0.35552779387991673,0.3398490986235898,0.2680208119129655,0.19619252520234115,0.12436423849171685,0.05253595178109255
3841,0.056639086305014866,0.06425753272192815,0.07759748382143074,0.09093743492093335,0.10427738602043597,0.11761733711993858,0.1309572882194412,0.19207116387144205,0.25318503952344296,0.31429891517544384,0.3754127908274448,0.3168441383691494,0.3092256919522361,0.2958857408527335,0.28254578975323086,0.26920583865372827,0.2558658875542257,0.24252593645472306,0.1814120608027222,0.1202981851507213,0.05918430949872042,-0.0019295661532805208
3842,0.03392680220936796,0.038490250202461725,0.046480878441028384,0.05447150667959503,0.06246213491816169,0.07045276315672834,0.07844339139529499,0.1150505915949522,0.15165779179460942,0.18826499199426663,0.22487219219392388,0.22601923126692836,0.22145578327383458,0.21346515503526792,0.20547452679670128,0.1974838985581346,0.18949327031956797,0.1815026420810013,0.1448954418813441,0.10828824168168688,0.07168104148202967,0.035073841282372425
3843,0.0236676925723058,0.026851201690074235,0.03242554764354464,0.03799989359701504,0.043574239550485436,0.049148585503955844,0.05472293145742625,0.08026049774238261,0.10579806402733898,0.13133563031229536,0.15687319659725174,0.20284547879051973,0.1996619696727513,0.1940876237192809,0.1885132777658105,0.1829389318123401,0.17736458585886972,0.17179023990539932,0.14625267362044297,0.12071510733548661,0.09517754105053022,0.06963997476557385
3844,0.02469635730095266,0.028018230711428102,0.03383485347536883,0.03965147623930954,0.04546809900325027,0.051284721767191,0.05710134453113172,0.08374884553458932,0.11039634653804692,0.1370438475415045,0.16369134854496212,0.2086410790622131,0.20531920565173767,0.19950258288779693,0.19368596012385622,0.18786933735991548,0.18205271459597477,0.17623609183203404,0.14958859082857645,0.12294108982511885,0.09629358882166127,0.06964608781820365
3845,0.018530992112733714,0.02102357064238779,0.025388092472381524,0.02975261430237525,0.03411713613236898,0.03848165796236271,0.04284617979235644,0.06284121893523797,0.08283625807811949,0.10283129722100104,0.12282633636388257,0.23076451461001737,0.2282719360803633,0.22390741425036959,0.21954289242037586,0.21517837059038214,0.21081384876038842,0.2064493269303947,0.18645428778751316,0.16645924864463163,0.1464642095017501,0.12646917035886857
3846,0.022723898938375474,0.025780459658883387,0.031132518111866028,0.036484576564848666,0.0418366350178313,0.04718869347081395,0.05254075192379659,0.0770599598532782,0.10157916778275981,0.12609837571224142,0.15061758364172306,0.3411068640072945,0.3380503032867866,0.33269824483380395,0.3273461863808213,0.32199412792783866,0.316642069474856,0.31129001102187337,0.2867708030923918,0.2622515951629102,0.2377323872334286,0.21321317930394695
3847,0.05954035988303085,0.0675490526604855,0.08157232777140645,0.0955956028823274,0.10961887799324835,0.12364215310416929,0.13766542821509023,0.20190979350324906,0.2661541587914079,0.33039852407956677,0.3946428893677256,0.5323949645104806,0.524386271733026,0.510362996622105,0.4963397215111841,0.48231644640026317,0.4682931712893422,0.4542698961784213,0.3900255308902625,0.32578116560210363,0.2615368003139448,0.19729243502578592
3848,0.09422208070711786,0.10689576455313886,0.129087470513181,0.15127917647322317,0.17347088243326533,0.1956625883933075,0.21785429435334966,0.31952042104539957,0.42118654773744957,0.5228526744294996,0.6245188011215496,0.7630054397344619,0.7503317558884409,0.7281400499283988,0.7059483439683566,0.6837566380083144,0.6615649320482723,0.6393732260882301,0.5377070993961802,0.4360409727041302,0.33437484601208023,0.23270871932003023
3849,0.11060462621291975,0.12548190395938727,0.1515321177130734,0.17758233146675953,0.2036325452204457,0.22968275897413182,0.255732972727818,0.37507595323620807,0.49441893374459817,0.6137619142529884,0.7331048947613785,1.04243040931092,1.0275531315644524,1.0015029178107662,0.9754527040570801,0.949402490303394,0.9233522765497079,0.8973020627960218,0.7779590822876317,0.6586161017792416,0.5392731212708513,0.41993014076246116
3850,0.14593538259187422,0.16556495229609972,0.19993646134515083,0.23430797039420195,0.2686794794432531,0.3030509884923042,0.3374224975413554,0.4948875522726021,0.6523526070038489,0.8098176617350957,0.9672827164663426,1.3368623237393928,1.3172327540351674,1.2828612449861163,1.2484897359370652,1.2141182268880142,1.1797467178389631,1.145375208789912,0.9879101540586653,0.8304450993274186,0.6729800445961718,0.5155149898649249
3851,0.17412844867806587,0.1975502293326846,0.2385619253527876,0.2795736213728906,0.3205853173929936,0.3615970134130966,0.40260870943319965,0.5904942325625675,0.7783797556919354,0.9662652788213034,1.1541508019506714,1.6963697765134498,1.6729479958588311,1.6319362998387281,1.590924603818625,1.549912907798522,1.508901211778419,1.467889515758316,1.2800039926289482,1.0921184694995802,0.9042329463702122,0.7163474232408442
3852,0.20258246617249245,0.22983155799628885,0.277544901707457,0.32525824541862514,0.3729715891297932,0.4206849328409614,0.46839827655212957,0.6869858360383282,0.9055733955245269,1.1241609550107257,1.3427485144969247,1.9211150761464808,1.8938659843226844,1.8461526406115163,1.7984392969003482,1.7507259531891801,1.7030126094780118,1.6552992657668437,1.4367117062806452,1.2181241467944464,0.9995365873082476,0.7809490278220486
3853,0.22682064156334378,0.25732997737244256,0.31075203030808307,0.3641740832437235,0.4175961361793641,0.4710181891150046,0.5244402420506451,0.769180921820084,1.013921601589523,1.2586622813589619,1.5034029611284008,2.0428941262432594,2.0123847904341607,1.9589627374985201,1.9055406845628797,1.852118631627239,1.7986965786915987,1.745274525755958,1.5005338459865192,1.2557931662170803,1.0110524864476413,0.7663118066782024
3854,0.28713168866453304,0.3257533813399477,0.3933802259058238,0.46100707047169975,0.5286339150375757,0.5962607596034519,0.6638876041693279,0.9737042248382178,1.2835208455071077,1.5933374661759976,1.9031540868448875,2.133676930271694,2.095055237596279,2.027428393030403,1.9598015484645268,1.8921747038986507,1.8245478593327746,1.7569210147668985,1.4471043940980086,1.1372877734291187,0.8274711527602288,0.5176545320913388
3855,0.3067951188581142,0.3480617127682659,0.42031979724889373,0.49257788172952155,0.5648359662101494,0.6370940506907772,0.709352135171405,1.040385701701159,1.3714192682309132,1.7024528347606676,2.0334864012904217,2.1612776545091203,2.120011060598969,2.047752976118341,1.975494891637713,1.9032368071570853,1.8309787226764576,1.7587206381958298,1.427687071666076,1.0966535051363218,0.7656199386065674,0.4345863720768133
3856,0.27598175878396375,0.31310368956544515,0.3781044409318533,0.44310519229826134,0.5081059436646694,0.5731066950310776,0.6381074463974856,0.9358932333664804,1.233679020335475,1.53146480730447,1.829250594273465,1.9097257114610804,1.872603780679599,1.8076030293131908,1.7426022779467827,1.6776015265803745,1.6126007752139664,1.5476000238475582,1.2498142368785634,0.9520284499095688,0.6542426629405738,0.35645687597157893
3857,0.2253108014307007,0.2556170506983482,0.3086834977291007,0.36174994475985317,0.4148163917906057,0.46788283882135817,0.5209492858521106,0.7640608400805081,1.0071723943089055,1.2502839485373032,1.4933955027657007,1.6192575536297766,1.588951304362129,1.5358848573313766,1.4828184103006241,1.4297519632698716,1.3766855162391192,1.3236190692083667,1.0805075149799692,0.8373959607515719,0.5942844065231742,0.3511728522947767
3858,0.181071206183045,0.20542684770103406,0.24807374039633354,0.290720633091633,0.3333675257869325,0.376014418482232,0.41866131117753147,0.6140381066158548,0.809414902054178,1.0047916974925013,1.200168492930825,1.489569188741577,1.4652135472235879,1.4225666545282885,1.379919761832989,1.3372728691376894,1.29462597644239,1.2519790837470905,1.0566022883087673,0.8612254928704441,0.6658486974321208,0.4704719019937972
3859,0.1371027565822645,0.15554426178254532,0.18783546186591396,0.22012666194928254,0.2524178620326512,0.2847090621160198,0.3170002621993884,0.464934866444111,0.6128694706888336,0.7608040749335562,0.9087386791782788,1.2544431595756709,1.23600165437539,1.2037104542920214,1.1714192542086528,1.1391280541252842,1.1068368540419156,1.074545653958547,0.9266110497138245,0.7786764454691019,0.6307418412243793,0.48280723697965666
3860,0.12288693681507708,0.1394162914452449,0.16835930297358676,0.19730231450192862,0.22624532603027048,0.25518833755861237,0.28413134908695425,0.4167270081222759,0.5493226671575976,0.6819183261929194,0.8145139852282411,0.965950353268064,0.9494209986378962,0.9204779871095543,0.8915349755812124,0.8625919640528705,0.8336489525245286,0.8047059409961868,0.6721102819608651,0.5395146229255434,0.40691896389022164,0.27432330485489986
3861,0.10407025709033581,0.11806860573895996,0.14257980870966933,0.16709101168037868,0.19160221465108804,0.2161134176217974,0.24062462059250678,0.3529169820306787,0.4652093434688507,0.5775017049070227,0.6897940663451948,0.756275578156249,0.7422772295076249,0.7177660265369155,0.6932548235662062,0.6687436205954969,0.6442324176247876,0.6197212146540781,0.5074288532159061,0.3951364917777342,0.2828441303395622,0.17055176890139007
3862,0.09174496304809825,0.10408545316899447,0.1256937346673304,0.14730201616566632,0.16891029766400223,0.19051857916233816,0.21212686066067407,0.3111201642112374,0.4101134677618008,0.5091067713123641,0.6081000748629275,0.6380177307790044,0.6256772406581081,0.6040689591597722,0.5824606776614363,0.5608523961631003,0.5392441146647644,0.5176358331664285,0.4186425296158651,0.3196492260653017,0.22065592251473837,0.12166261896417502
3863,0.0756798511426919,0.0858594449247251,0.10368398234795255,0.12150851977117999,0.13933305719440744,0.15715759461763487,0.17498213204086233,0.2566410943198301,0.33830005659879786,0.4199590188777657,0.5016179811567335,0.5589042903878931,0.54872469660586,0.5309001591826326,0.5130756217594051,0.4952510843361777,0.4774265469129503,0.45960200948972285,0.37794304721075506,0.2962840849317873,0.21462512265281947,0.13296616037385167
3864,0.031367184720614005,0.03558634204876214,0.04297411500909338,0.050361887969424625,0.057749660929755864,0.0651374338900871,0.07252520685041834,0.10637056615310214,0.14021592545578596,0.17406128475846977,0.20790664406115364,0.38513873965896495,0.3809195823308168,0.3735318093704856,0.36614403641015436,0.35875626344982314,0.3513684904894919,0.3439807175291607,0.3101353582264769,0.27628999892379313,0.24244463962110932,0.20859928031842545
3865,0.027541528392130105,0.031246101893993974,0.037732835101129916,0.04421956830826585,0.05070630151540179,0.057193034722537735,0.06367976792967367,0.09339722368731823,0.1231146794449628,0.15283213520260736,0.18254959096025195,0.2947264391013124,0.29102186559944854,0.2845351323923126,0.27804839918517665,0.2715616659780407,0.26507493277090477,0.25858819956376883,0.22887074380612427,0.1991532880484797,0.16943583229083514,0.13971837653319055
3866,0.021214760756460276,0.024068329353953997,0.029064947229369295,0.03406156510478459,0.03905818298019989,0.04405480085561519,0.049051418731030486,0.07194225852804301,0.09483309832505553,0.11772393812206808,0.1406147779190806,0.2196416620198345,0.2167880934223408,0.21179147554692548,0.20679485767151018,0.20179823979609487,0.19680162192067957,0.19180500404526427,0.16891416424825173,0.14602332445123922,0.12313248465422667,0.10024164485721414
3867,0.017379901386824617,0.01971764826949346,0.023811058840523276,0.02790446941155309,0.03199787998258291,0.03609129055361272,0.04018470112464254,0.058937707246218926,0.07769071336779533,0.09644371948937172,0.11519672561094813,0.1725522635160582,0.17021451663338938,0.16612110606235955,0.16202769549132973,0.1579342849202999,0.15384087434927007,0.14974746377824025,0.13099445765666387,0.11224145153508747,0.09348844541351108,0.07473543929193467
3868,0.018861538995962508,0.02139857893702769,0.025840952998510806,0.030283327059993915,0.03472570112147703,0.03916807518296014,0.04361044924444325,0.0639621502340575,0.08431385122367176,0.10466555221328604,0.1250172532029003,0.16219714722554288,0.1596601072844777,0.15521773322299456,0.15077535916151147,0.14633298510002835,0.14189061103854522,0.1374482369770621,0.11709653598744785,0.0967448349978336,0.07639313400821932,0.05604143301860505
3869,0.06031042844298219,0.06842270209442457,0.08262734801485494,0.09683199393528533,0.1110366398557157,0.1252412857761461,0.1394459316965765,0.20452120506052845,0.2695964784244804,0.33467175178843245,0.39974702515238447,0.4566317751531136,0.4485195015016712,0.43431485558124083,0.4201102096608105,0.4059055637403801,0.3917009178199497,0.3774962718995193,0.3124209985355673,0.24734572517161535,0.18227045180766333,0.1171951784437113
3870,0.30895518501738617,0.35051232648691727,0.4232791617051753,0.4960459969234333,0.5688128321416914,0.6415796673599494,0.7143465025782075,1.0477107919933368,1.3810750814084662,1.7144393708235957,2.0478036602387255,2.1024107163262697,2.0608535748567385,1.9880867396384805,1.9153199044202225,1.8425530692019643,1.7697862339837063,1.6970193987654483,1.363655109350319,1.0302908199351897,0.6969265305200603,0.3635622411049304
3871,1.1612949269476076,1.3174991271273024,1.5910137359992662,1.8645283448712298,2.1380429537431938,2.4115575626151577,2.685072171487121,3.9381155800368046,5.191158988586489,6.444202397136173,7.697245805685856,8.797592590406415,8.64138839022672,8.367873781354756,8.094359172482793,7.820844563610829,7.547329954738865,7.273815345866902,6.020771937317218,4.767728528767535,3.514685120217851,2.261641711668167
3872,2.8365400828547638,3.218079229059924,3.8861568494030205,4.554234469746118,5.222312090089215,5.890389710432311,6.558467330775408,9.61910918103339,12.679751031291374,15.74039288154936,18.801034731807345,21.40384848736475,21.02230934115959,20.354231720816493,19.686154100473395,19.018076480130297,18.3499988597872,17.6819212394441,14.621279389186117,11.560637538928134,8.499995688670149,5.439353838412163
3873,4.187241305649756,4.750461435119857,5.736663683482037,6.722865931844216,7.709068180206397,8.695270428568575,9.681472676930756,14.199528337297998,18.717583997665233,23.23563965803248,27.75369531839972,32.29130966000392,31.72808953053382,30.74188728217164,29.75568503380946,28.76948278544728,27.7832805370851,26.797078288722922,22.27902262835568,17.760966967988445,13.242911307621199,8.724855647253957
3874,4.1224380187469025,4.6769415462886,5.647880965838258,6.618820385387915,7.5897598049375725,8.56069922448723,9.53163864403689,13.979771212843394,18.427903781649896,22.876036350456406,27.324168919262913,32.91035711924829,32.35585359170659,31.384914172156932,30.413974752607274,29.443035333057615,28.472095913507957,27.501156493958298,23.053023925151795,18.60489135634529,14.15675878753878,9.708626218732274
3875,3.351595880008395,3.8024144805325077,4.591800893015079,5.381187305497649,6.170573717980221,6.959960130462791,7.7493465429453625,11.365736340329079,14.982126137712793,18.59851593509651,22.21490573248023,27.356769827551037,26.905951227026925,26.116564814544354,25.327178402061783,24.537791989579212,23.74840557709664,22.95901916461407,19.34262936723035,15.726239569846637,12.109849772462919,8.493459975079201
3876,2.9910124143164416,3.3933294236000933,4.097789222441407,4.80224902128272,5.506708820124034,6.211168618965348,6.915628417806662,10.142946736074473,13.370265054342282,16.597583372610092,19.82490169087791,24.2284335048095,23.82611649552585,23.121656696684536,22.417196897843223,21.71273709900191,21.008277300160596,20.303817501319283,17.076499183051475,13.849180864783666,10.621862546515855,7.394544228248039
3877,2.7047846416677372,3.0686015427890947,3.7056473923676854,4.342693241946275,4.979739091524866,5.6167849411034565,6.253830790682048,9.172307818474215,12.090784846266383,15.009261874058554,17.92773890185072,22.802692522038395,22.438875620917038,21.801829771338447,21.164783921759856,20.527738072181265,19.890692222602674,19.253646373024083,16.335169345231915,13.416692317439747,10.498215289647575,7.579738261855409
3878,2.20733046474823,2.5042354815337093,3.0241181699939683,3.544000858454227,4.063883546914486,4.583766235374744,5.103648923835004,7.485370246439614,9.867091569044224,12.248812891648836,14.630534214253444,19.724931122724897,19.428026105939416,18.908143417479156,18.388260729018896,17.868378040558635,17.348495352098375,16.828612663638115,14.446891341033504,12.065170018428894,9.683448695824282,7.3017273732196735
3879,1.677916042855984,1.903610246250039,2.298802319798513,2.693994393346985,3.0891864668954585,3.484378540443932,3.879570613992405,5.690050956937462,7.500531299882518,9.311011642827577,11.121491985772634,14.871256559632515,14.645562356238461,14.250370282689987,13.855178209141515,13.459986135593041,13.064794062044568,12.669601988496094,10.859121645551037,9.04864130260598,7.238160959660921,5.427680616715864
3880,1.1172675321315855,1.2675496673528908,1.5306947005095728,1.7938397336662546,2.0569847668229366,2.3201297999796187,2.583274833136301,3.7888124482913326,4.9943500634463645,6.199887678601396,7.405425293756428,10.033161309414842,9.882879174193537,9.619734141036854,9.356589107880172,9.09344407472349,8.830299041566807,8.567154008410125,7.361616393255093,6.156078778100062,4.95054116294503,3.745003547789998
3881,0.6682540838903488,0.7581400312657272,0.9155309318380566,1.0729218324103855,1.2303127329827148,1.3877036335550441,1.5450945341273732,2.2661442482220826,2.987193962316792,3.7082436764115014,4.429293390506211,6.0734388854665,5.983552938091121,5.826162037518792,5.668771136946463,5.5113802363741335,5.3539893358018045,5.196598435229475,4.475548721134766,3.7544990070400566,3.033449292945347,2.3123995788506377
3882,0.4397550001969972,0.4989058467966161,0.6024793784527985,0.7060529101089809,0.8096264417651632,0.9131999734213457,1.016773505077528,1.4912714914090162,1.9657694777405041,2.4402674640719924,2.9147654504034803,3.6846018562989733,3.625451009699354,3.5218774780431716,3.418303946386989,3.314730414730807,3.2111568830746244,3.1075833514184423,2.633085365086954,2.158587378755466,1.6840893924239777,1.2095914060924897
3883,0.286284866305672,0.32479265405806435,0.39222005033488544,0.4596474466117065,0.5270748428885276,0.5945022391653487,0.6619296354421698,0.9708325302776295,1.2797354251130895,1.5886383199485492,1.8975412147840094,2.22844041223525,2.1899326244828576,2.1225052282060366,2.0550778319292156,1.9876504356523945,1.9202230393755735,1.8527956430987524,1.5438927482632927,1.2349898534278327,0.926086958592373,0.6171840637569128
3884,0.1600000684787465,0.18152145994052682,0.21920556165659857,0.25688966337267033,0.2945737650887421,0.33225786680481384,0.3699419685208856,0.5425828942000834,0.7152238198792811,0.887864745558479,1.0605056712376768,1.3303544742870113,1.308833082825231,1.2711489811091592,1.2334648793930874,1.1957807776770155,1.1580966759609437,1.1204125742448718,0.947771648565674,0.7751307228864763,0.6024897972072784,0.4298488715280806
3885,0.0966650333943288,0.10966731548161278,0.1324343991801003,0.15520148287858784,0.17796856657707538,0.20073565027556292,0.2235027339740505,0.3278048196211218,0.432106905268193,0.5364089909152644,0.6407110765623357,0.8750441895076194,0.8620419074203355,0.8392748237218479,0.8165077400233604,0.7937406563248728,0.7709735726263852,0.7482064889278977,0.6439044032808263,0.5396023176337551,0.4353002319866837,0.3309981463396124
3886,0.060485888935644626,0.06862176353916513,0.08286773488598757,0.09711370623281,0.11135967757963244,0.1256056489264549,0.13985162027327736,0.2051162164429092,0.27038081261254104,0.33564540878217297,0.40091000495180484,0.6530761972950729,0.6449403226915524,0.63069435134473,0.6164483799979075,0.602202408651085,0.5879564373042625,0.57371046595744,0.5084458697878081,0.4431812736181763,0.37791667744854435,0.3126520812789125
3887,0.04326251605801909,0.04908169821561838,0.059271125452270715,0.06946055268892304,0.07964997992557539,0.08983940716222773,0.10002883439888008,0.1467093195416705,0.19338980468446088,0.24007028982725132,0.28675077497004176,0.499578441059629,0.4937592589020297,0.48356983166537737,0.47338040442872503,0.4631909771920727,0.45300154995542036,0.442812122718768,0.3961316375759776,0.3494511524331872,0.30277066729039676,0.2560901821476063
3888,0.031367184720614005,0.03558634204876214,0.04297411500909338,0.050361887969424625,0.057749660929755864,0.0651374338900871,0.07252520685041834,0.10637056615310214,0.14021592545578596,0.17406128475846977,0.20790664406115364,0.38513873965896495,0.3809195823308168,0.3735318093704856,0.36614403641015436,0.35875626344982314,0.3513684904894919,0.3439807175291607,0.3101353582264769,0.27628999892379313,0.24244463962110932,0.20859928031842545
3889,0.027541528392130105,0.031246101893993974,0.037732835101129916,0.04421956830826585,0.05070630151540179,0.057193034722537735,0.06367976792967367,0.09339722368731823,0.1231146794449628,0.15283213520260736,0.18254959096025195,0.2947264391013124,0.29102186559944854,0.2845351323923126,0.27804839918517665,0.2715616659780407,0.26507493277090477,0.25858819956376883,0.22887074380612427,0.1991532880484797,0.16943583229083514,0.13971837653319055
3890,0.021214760756460276,0.024068329353953997,0.029064947229369295,0.03406156510478459,0.03905818298019989,0.04405480085561519,0.049051418731030486,0.07194225852804301,0.09483309832505553,0.11772393812206808,0.1406147779190806,0.2196416620198345,0.2167880934223408,0.21179147554692548,0.20679485767151018,0.20179823979609487,0.19680162192067957,0.19180500404526427,0.16891416424825173,0.14602332445123922,0.12313248465422667,0.10024164485721414
3891,0.017379901386824617,0.01971764826949346,0.023811058840523276,0.02790446941155309,0.03199787998258291,0.03609129055361272,0.04018470112464254,0.058937707246218926,0.07769071336779533,0.09644371948937172,0.11519672561094813,0.1725522635160582,0.17021451663338938,0.16612110606235955,0.16202769549132973,0.1579342849202999,0.15384087434927007,0.14974746377824025,0.13099445765666387,0.11224145153508747,0.09348844541351108,0.07473543929193467
3892,0.018861538995962508,0.02139857893702769,0.025840952998510806,0.030283327059993915,0.03472570112147703,0.03916807518296014,0.04361044924444325,0.0639621502340575,0.08431385122367176,0.10466555221328604,0.1250172532029003,0.16219714722554288,0.1596601072844777,0.15521773322299456,0.15077535916151147,0.14633298510002835,0.14189061103854522,0.1374482369770621,0.11709653598744785,0.0967448349978336,0.07639313400821932,0.05604143301860505
3893,0.06031042844298219,0.06842270209442457,0.08262734801485494,0.09683199393528533,0.1110366398557157,0.1252412857761461,0.1394459316965765,0.20452120506052845,0.2695964784244804,0.33467175178843245,0.39974702515238447,0.4566317751531136,0.4485195015016712,0.43431485558124083,0.4201102096608105,0.4059055637403801,0.3917009178199497,0.3774962718995193,0.3124209985355673,0.24734572517161535,0.18227045180766333,0.1171951784437113
3894,0.30895518501738617,0.35051232648691727,0.4232791617051753,0.4960459969234333,0.5688128321416914,0.6415796673599494,0.7143465025782075,1.0477107919933368,1.3810750814084662,1.7144393708235957,2.0478036602387255,2.1024107163262697,2.0608535748567385,1.9880867396384805,1.9153199044202225,1.8425530692019643,1.7697862339837063,1.6970193987654483,1.363655109350319,1.0302908199351897,0.6969265305200603,0.3635622411049304
3895,1.1612949269476076,1.3174991271273024,1.5910137359992662,1.8645283448712298,2.1380429537431938,2.4115575626151577,2.685072171487121,3.9381155800368046,5.191158988586489,6.444202397136173,7.697245805685856,8.797592590406415,8.64138839022672,8.367873781354756,8.094359172482793,7.820844563610829,7.547329954738865,7.273815345866902,6.020771937317218,4.767728528767535,3.514685120217851,2.261641711668167
3896,2.8365400828547638,3.218079229059924,3.8861568494030205,4.554234469746118,5.222312090089215,5.890389710432311,6.558467330775408,9.61910918103339,12.679751031291374,15.74039288154936,18.801034731807345,21.40384848736475,21.02230934115959,20.354231720816493,19.686154100473395,19.018076480130297,18.3499988597872,17.6819212394441,14.621279389186117,11.560637538928134,8.499995688670149,5.439353838412163
3897,4.187241305649756,4.750461435119857,5.736663683482037,6.722865931844216,7.709068180206397,8.695270428568575,9.681472676930756,14.199528337297998,18.717583997665233,23.23563965803248,27.75369531839972,32.29130966000392,31.72808953053382,30.74188728217164,29.75568503380946,28.76948278544728,27.7832805370851,26.797078288722922,22.27902262835568,17.760966967988445,13.242911307621199,8.724855647253957
3898,4.1224380187469025,4.6769415462886,5.647880965838258,6.618820385387915,7.5897598049375725,8.56069922448723,9.53163864403689,13.979771212843394,18.427903781649896,22.876036350456406,27.324168919262913,32.91035711924829,32.35585359170659,31.384914172156932,30.413974752607274,29.443035333057615,28.472095913507957,27.501156493958298,23.053023925151795,18.60489135634529,14.15675878753878,9.708626218732274
3899,3.351595880008395,3.8024144805325077,4.591800893015079,5.381187305497649,6.170573717980221,6.959960130462791,7.7493465429453625,11.365736340329079,14.982126137712793,18.59851593509651,22.21490573248023,27.356769827551037,26.905951227026925,26.116564814544354,25.327178402061783,24.537791989579212,23.74840557709664,22.95901916461407,19.34262936723035,15.726239569846637,12.109849772462919,8.493459975079201
3900,2.9910124143164416,3.3933294236000933,4.097789222441407,4.80224902128272,5.506708820124034,6.211168618965348,6.915628417806662,10.142946736074473,13.370265054342282,16.597583372610092,19.82490169087791,24.2284335048095,23.82611649552585,23.121656696684536,22.417196897843223,21.71273709900191,21.008277300160596,20.303817501319283,17.076499183051475,13.849180864783666,10.621862546515855,7.394544228248039
3901,2.7047846416677372,3.0686015427890947,3.7056473923676854,4.342693241946275,4.979739091524866,5.6167849411034565,6.253830790682048,9.172307818474215,12.090784846266383,15.009261874058554,17.92773890185072,22.802692522038395,22.438875620917038,21.801829771338447,21.164783921759856,20.527738072181265,19.890692222602674,19.253646373024083,16.335169345231915,13.416692317439747,10.498215289647575,7.579738261855409
3902,2.20733046474823,2.5042354815337093,3.0241181699939683,3.544000858454227,4.063883546914486,4.583766235374744,5.103648923835004,7.485370246439614,9.867091569044224,12.248812891648836,14.630534214253444,19.724931122724897,19.428026105939416,18.908143417479156,18.388260729018896,17.868378040558635,17.348495352098375,16.828612663638115,14.446891341033504,12.065170018428894,9.683448695824282,7.3017273732196735
3903,1.677916042855984,1.903610246250039,2.298802319798513,2.693994393346985,3.0891864668954585,3.484378540443932,3.879570613992405,5.690050956937462,7.500531299882518,9.311011642827577,11.121491985772634,14.871256559632515,14.645562356238461,14.250370282689987,13.855178209141515,13.459986135593041,13.064794062044568,12.669601988496094,10.859121645551037,9.04864130260598,7.238160959660921,5.427680616715864
3904,1.1172675321315855,1.2675496673528908,1.5306947005095728,1.7938397336662546,2.0569847668229366,2.3201297999796187,2.583274833136301,3.7888124482913326,4.9943500634463645,6.199887678601396,7.405425293756428,10.033161309414842,9.882879174193537,9.619734141036854,9.356589107880172,9.09344407472349,8.830299041566807,8.567154008410125,7.361616393255093,6.156078778100062,4.95054116294503,3.745003547789998
3905,0.6682540838903488,0.7581400312657272,0.9155309318380566,1.0729218324103855,1.2303127329827148,1.3877036335550441,1.5450945341273732,2.2661442482220826,2.987193962316792,3.7082436764115014,4.429293390506211,6.0734388854665,5.983552938091121,5.826162037518792,5.668771136946463,5.5113802363741335,5.3539893358018045,5.196598435229475,4.475548721134766,3.7544990070400566,3.033449292945347,2.3123995788506377
3906,0.4397550001969972,0.4989058467966161,0.6024793784527985,0.7060529101089809,0.8096264417651632,0.9131999734213457,1.016773505077528,1.4912714914090162,1.9657694777405041,2.4402674640719924,2.9147654504034803,3.6846018562989733,3.625451009699354,3.5218774780431716,3.418303946386989,3.314730414730807,3.2111568830746244,3.1075833514184423,2.633085365086954,2.158587378755466,1.6840893924239777,1.2095914060924897
3907,0.286284866305672,0.32479265405806435,0.39222005033488544,0.4596474466117065,0.5270748428885276,0.5945022391653487,0.6619296354421698,0.9708325302776295,1.2797354251130895,1.5886383199485492,1.8975412147840094,2.22844041223525,2.1899326244828576,2.1225052282060366,2.0550778319292156,1.9876504356523945,1.9202230393755735,1.8527956430987524,1.5438927482632927,1.2349898534278327,0.926086958592373,0.6171840637569128
3908,0.1600000684787465,0.18152145994052682,0.21920556165659857,0.25688966337267033,0.2945737650887421,0.33225786680481384,0.3699419685208856,0.5425828942000834,0.7152238198792811,0.887864745558479,1.0605056712376768,1.3303544742870113,1.308833082825231,1.2711489811091592,1.2334648793930874,1.1957807776770155,1.1580966759609437,1.1204125742448718,0.947771648565674,0.7751307228864763,0.6024897972072784,0.4298488715280806
3909,0.0966650333943288,0.10966731548161278,0.1324343991801003,0.15520148287858784,0.17796856657707538,0.20073565027556292,0.2235027339740505,0.3278048196211218,0.432106905268193,0.5364089909152644,0.6407110765623357,0.8750441895076194,0.8620419074203355,0.8392748237218479,0.8165077400233604,0.7937406563248728,0.7709735726263852,0.7482064889278977,0.6439044032808263,0.5396023176337551,0.4353002319866837,0.3309981463396124
3910,0.060485888935644626,0.06862176353916513,0.08286773488598757,0.09711370623281,0.11135967757963244,0.1256056489264549,0.13985162027327736,0.2051162164429092,0.27038081261254104,0.33564540878217297,0.40091000495180484,0.6530761972950729,0.6449403226915524,0.63069435134473,0.6164483799979075,0.602202408651085,0.5879564373042625,0.57371046595744,0.5084458697878081,0.4431812736181763,0.37791667744854435,0.3126520812789125
3911,0.04326251605801909,0.04908169821561838,0.059271125452270715,0.06946055268892304,0.07964997992557539,0.08983940716222773,0.10002883439888008,0.1467093195416705,0.19338980468446088,0.24007028982725132,0.28675077497004176,0.499578441059629,0.4937592589020297,0.48356983166537737,0.47338040442872503,0.4631909771920727,0.45300154995542036,0.442812122718768,0.3961316375759776,0.3494511524331872,0.30277066729039676,0.2560901821476063
3912,0.031367184720614005,0.03558634204876214,0.04297411500909338,0.050361887969424625,0.057749660929755864,0.0651374338900871,0.07252520685041834,0.10637056615310214,0.14021592545578596,0.17406128475846977,0.20790664406115364,0.38513873965896495,0.3809195823308168,0.3735318093704856,0.36614403641015436,0.35875626344982314,0.3513684904894919,0.3439807175291607,0.3101353582264769,0.27628999892379313,0.24244463962110932,0.20859928031842545
3913,0.027541528392130105,0.031246101893993974,0.037732835101129916,0.04421956830826585,0.05070630151540179,0.057193034722537735,0.06367976792967367,0.09339722368731823,0.1231146794449628,0.15283213520260736,0.18254959096025195,0.2947264391013124,0.29102186559944854,0.2845351323923126,0.27804839918517665,0.2715616659780407,0.26507493277090477,0.25858819956376883,0.22887074380612427,0.1991532880484797,0.16943583229083514,0.13971837653319055
3914,0.021214760756460276,0.024068329353953997,0.029064947229369295,0.03406156510478459,0.03905818298019989,0.04405480085561519,0.049051418731030486,0.07194225852804301,0.09483309832505553,0.11772393812206808,0.1406147779190806,0.2196416620198345,0.2167880934223408,0.21179147554692548,0.20679485767151018,0.20179823979609487,0.19680162192067957,0.19180500404526427,0.16891416424825173,0.14602332445123922,0.12313248465422667,0.10024164485721414
3915,0.017379901386824617,0.01971764826949346,0.023811058840523276,0.02790446941155309,0.03199787998258291,0.03609129055361272,0.04018470112464254,0.058937707246218926,0.07769071336779533,0.09644371948937172,0.11519672561094813,0.1725522635160582,0.17021451663338938,0.16612110606235955,0.16202769549132973,0.1579342849202999,0.15384087434927007,0.14974746377824025,0.13099445765666387,0.11224145153508747,0.09348844541351108,0.07473543929193467
3916,0.018861538995962508,0.02139857893702769,0.025840952998510806,0.030283327059993915,0.03472570112147703,0.03916807518296014,0.04361044924444325,0.0639621502340575,0.08431385122367176,0.10466555221328604,0.1250172532029003,0.16219714722554288,0.1596601072844777,0.15521773322299456,0.15077535916151147,0.14633298510002835,0.14189061103854522,0.1374482369770621,0.11709653598744785,0.0967448349978336,0.07639313400821932,0.05604143301860505
3917,0.06031042844298219,0.06842270209442457,0.08262734801485494,0.09683199393528533,0.1110366398557157,0.1252412857761461,0.1394459316965765,0.20452120506052845,0.2695964784244804,0.33467175178843245,0.39974702515238447,0.4566317751531136,0.4485195015016712,0.43431485558124083,0.4201102096608105,0.4059055637403801,0.3917009178199497,0.3774962718995193,0.3124209985355673,0.24734572517161535,0.18227045180766333,0.1171951784437113
3918,0.30895518501738617,0.35051232648691727,0.4232791617051753,0.4960459969234333,0.5688128321416914,0.6415796673599494,0.7143465025782075,1.0477107919933368,1.3810750814084662,1.7144393708235957,2.0478036602387255,2.1024107163262697,2.0608535748567385,1.9880867396384805,1.9153199044202225,1.8425530692019643,1.7697862339837063,1.6970193987654483,1.363655109350319,1.0302908199351897,0.6969265305200603,0.3635622411049304
3919,1.1612949269476076,1.3174991271273024,1.5910137359992662,1.8645283448712298,2.1380429537431938,2.4115575626151577,2.685072171487121,3.9381155800368046,5.191158988586489,6.444202397136173,7.697245805685856,8.797592590406415,8.64138839022672,8.367873781354756,8.094359172482793,7.820844563610829,7.547329954738865,7.273815345866902,6.020771937317218,4.767728528767535,3.514685120217851,2.261641711668167
3920,2.8365400828547638,3.218079229059924,3.8861568494030205,4.554234469746118,5.222312090089215,5.890389710432311,6.558467330775408,9.61910918103339,12.679751031291374,15.74039288154936,18.801034731807345,21.40384848736475,21.02230934115959,20.354231720816493,19.686154100473395,19.018076480130297,18.3499988597872,17.6819212394441,14.621279389186117,11.560637538928134,8.499995688670149,5.439353838412163
3921,4.187241305649756,4.750461435119857,5.736663683482037,6.722865931844216,7.709068180206397,8.695270428568575,9.681472676930756,14.199528337297998,18.717583997665233,23.23563965803248,27.75369531839972,32.29130966000392,31.72808953053382,30.74188728217164,29.75568503380946,28.76948278544728,27.7832805370851,26.797078288722922,22.27902262835568,17.760966967988445,13.242911307621199,8.724855647253957
3922,4.1224380187469025,4.6769415462886,5.647880965838258,6.618820385387915,7.5897598049375725,8.56069922448723,9.53163864403689,13.979771212843394,18.427903781649896,22.876036350456406,27.324168919262913,32.91035711924829,32.35585359170659,31.384914172156932,30.413974752607274,29.443035333057615,28.472095913507957,27.501156493958298,23.053023925151795,18.60489135634529,14.15675878753878,9.708626218732274
3923,3.351595880008395,3.8024144805325077,4.591800893015079,5.381187305497649,6.170573717980221,6.959960130462791,7.7493465429453625,11.365736340329079,14.982126137712793,18.59851593509651,22.21490573248023,27.356769827551037,26.905951227026925,26.116564814544354,25.327178402061783,24.537791989579212,23.74840557709664,22.95901916461407,19.34262936723035,15.726239569846637,12.109849772462919,8.493459975079201
3924,2.9910124143164416,3.3933294236000933,4.097789222441407,4.80224902128272,5.506708820124034,6.211168618965348,6.915628417806662,10.142946736074473,13.370265054342282,16.597583372610092,19.82490169087791,24.2284335048095,23.82611649552585,23.121656696684536,22.417196897843223,21.71273709900191,21.008277300160596,20.303817501319283,17.076499183051475,13.849180864783666,10.621862546515855,7.394544228248039
3925,2.7047846416677372,3.0686015427890947,3.7056473923676854,4.342693241946275,4.979739091524866,5.6167849411034565,6.253830790682048,9.172307818474215,12.090784846266383,15.009261874058554,17.92773890185072,22.802692522038395,22.438875620917038,21.801829771338447,21.164783921759856,20.527738072181265,19.890692222602674,19.253646373024083,16.335169345231915,13.416692317439747,10.498215289647575,7.579738261855409
3926,2.20733046474823,2.5042354815337093,3.0241181699939683,3.544000858454227,4.063883546914486,4.583766235374744,5.103648923835004,7.485370246439614,9.867091569044224,12.248812891648836,14.630534214253444,19.724931122724897,19.428026105939416,18.908143417479156,18.388260729018896,17.868378040558635,17.348495352098375,16.828612663638115,14.446891341033504,12.065170018428894,9.683448695824282,7.3017273732196735
3927,1.677916042855984,1.903610246250039,2.298802319798513,2.693994393346985,3.0891864668954585,3.484378540443932,3.879570613992405,5.690050956937462,7.500531299882518,9.311011642827577,11.121491985772634,14.871256559632515,14.645562356238461,14.250370282689987,13.855178209141515,13.459986135593041,13.064794062044568,12.669601988496094,10.859121645551037,9.04864130260598,7.238160959660921,5.427680616715864
3928,1.1172675321315855,1.2675496673528908,1.5306947005095728,1.7938397336662546,2.0569847668229366,2.3201297999796187,2.583274833136301,3.7888124482913326,4.9943500634463645,6.199887678601396,7.405425293756428,10.033161309414842,9.882879174193537,9.619734141036854,9.356589107880172,9.09344407472349,8.830299041566807,8.567154008410125,7.361616393255093,6.156078778100062,4.95054116294503,3.745003547789998
3929,0.6682540838903488,0.7581400312657272,0.9155309318380566,1.0729218324103855,1.2303127329827148,1.3877036335550441,1.5450945341273732,2.2661442482220826,2.987193962316792,3.7082436764115014,4.429293390506211,6.0734388854665,5.983552938091121,5.826162037518792,5.668771136946463,5.5113802363741335,5.3539893358018045,5.196598435229475,4.475548721134766,3.7544990070400566,3.033449292945347,2.3123995788506377
3930,0.4397550001969972,0.4989058467966161,0.6024793784527985,0.7060529101089809,0.8096264417651632,0.9131999734213457,1.016773505077528,1.4912714914090162,1.9657694777405041,2.4402674640719924,2.9147654504034803,3.6846018562989733,3.625451009699354,3.5218774780431716,3.418303946386989,3.314730414730807,3.2111568830746244,3.1075833514184423,2.633085365086954,2.158587378755466,1.6840893924239777,1.2095914060924897
3931,0.286284866305672,0.32479265405806435,0.39222005033488544,0.4596474466117065,0.5270748428885276,0.5945022391653487,0.6619296354421698,0.9708325302776295,1.2797354251130895,1.5886383199485492,1.8975412147840094,2.22844041223525,2.1899326244828576,2.1225052282060366,2.0550778319292156,1.9876504356523945,1.9202230393755735,1.8527956430987524,1.5438927482632927,1.2349898534278327,0.926086958592373,0.6171840637569128
3932,0.1600000684787465,0.18152145994052682,0.21920556165659857,0.25688966337267033,0.2945737650887421,0.33225786680481384,0.3699419685208856,0.5425828942000834,0.7152238198792811,0.887864745558479,1.0605056712376768,1.3303544742870113,1.308833082825231,1.2711489811091592,1.2334648793930874,1.1957807776770155,1.1580966759609437,1.1204125742448718,0.947771648565674,0.7751307228864763,0.6024897972072784,0.4298488715280806
3933,0.0966650333943288,0.10966731548161278,0.1324343991801003,0.15520148287858784,0.17796856657707538,0.20073565027556292,0.2235027339740505,0.3278048196211218,0.432106905268193,0.5364089909152644,0.6407110765623357,0.8750441895076194,0.8620419074203355,0.8392748237218479,0.8165077400233604,0.7937406563248728,0.7709735726263852,0.7482064889278977,0.6439044032808263,0.5396023176337551,0.4353002319866837,0.3309981463396124
3934,0.060485888935644626,0.06862176353916513,0.08286773488598757,0.09711370623281,0.11135967757963244,0.1256056489264549,0.13985162027327736,0.2051162164429092,0.27038081261254104,0.33564540878217297,0.40091000495180484,0.6530761972950729,0.6449403226915524,0.63069435134473,0.6164483799979075,0.602202408651085,0.5879564373042625,0.57371046595744,0.5084458697878081,0.4431812736181763,0.37791667744854435,0.3126520812789125
3935,0.04326251605801909,0.04908169821561838,0.059271125452270715,0.06946055268892304,0.07964997992557539,0.08983940716222773,0.10002883439888008,0.1467093195416705,0.19338980468446088,0.24007028982725132,0.28675077497004176,0.499578441059629,0.4937592589020297,0.48356983166537737,0.47338040442872503,0.4631909771920727,0.45300154995542036,0.442812122718768,0.3961316375759776,0.3494511524331872,0.30277066729039676,0.2560901821476063
3936,0.031367184720614005,0.03558634204876214,0.04297411500909338,0.050361887969424625,0.057749660929755864,0.0651374338900871,0.07252520685041834,0.10637056615310214,0.14021592545578596,0.17406128475846977,0.20790664406115364,0.38513873965896495,0.3809195823308168,0.3735318093704856,0.36614403641015436,0.35875626344982314,0.3513684904894919,0.3439807175291607,0.3101353582264769,0.27628999892379313,0.24244463962110932,0.20859928031842545
3937,0.027541528392130105,0.031246101893993974,0.037732835101129916,0.04421956830826585,0.05070630151540179,0.057193034722537735,0.06367976792967367,0.09339722368731823,0.1231146794449628,0.15283213520260736,0.18254959096025195,0.2947264391013124,0.29102186559944854,0.2845351323923126,0.27804839918517665,0.2715616659780407,0.26507493277090477,0.25858819956376883,0.22887074380612427,0.1991532880484797,0.16943583229083514,0.13971837653319055
3938,0.021214760756460276,0.024068329353953997,0.029064947229369295,0.03406156510478459,0.03905818298019989,0.04405480085561519,0.049051418731030486,0.07194225852804301,0.09483309832505553,0.11772393812206808,0.1406147779190806,0.2196416620198345,0.2167880934223408,0.21179147554692548,0.20679485767151018,0.20179823979609487,0.19680162192067957,0.19180500404526427,0.16891416424825173,0.14602332445123922,0.12313248465422667,0.10024164485721414
3939,0.017379901386824617,0.01971764826949346,0.023811058840523276,0.02790446941155309,0.03199787998258291,0.03609129055361272,0.04018470112464254,0.058937707246218926,0.07769071336779533,0.09644371948937172,0.11519672561094813,0.1725522635160582,0.17021451663338938,0.16612110606235955,0.16202769549132973,0.1579342849202999,0.15384087434927007,0.14974746377824025,0.13099445765666387,0.11224145153508747,0.09348844541351108,0.07473543929193467
3940,0.018861538995962508,0.02139857893702769,0.025840952998510806,0.030283327059993915,0.03472570112147703,0.03916807518296014,0.04361044924444325,0.0639621502340575,0.08431385122367176,0.10466555221328604,0.1250172532029003,0.16219714722554288,0.1596601072844777,0.15521773322299456,0.15077535916151147,0.14633298510002835,0.14189061103854522,0.1374482369770621,0.11709653598744785,0.0967448349978336,0.07639313400821932,0.05604143301860505
3941,0.06031042844298219,0.06842270209442457,0.08262734801485494,0.09683199393528533,0.1110366398557157,0.1252412857761461,0.1394459316965765,0.20452120506052845,0.2695964784244804,0.33467175178843245,0.39974702515238447,0.4566317751531136,0.4485195015016712,0.43431485558124083,0.4201102096608105,0.4059055637403801,0.3917009178199497,0.3774962718995193,0.3124209985355673,0.24734572517161535,0.18227045180766333,0.1171951784437113
3942,0.30895518501738617,0.35051232648691727,0.4232791617051753,0.4960459969234333,0.5688128321416914,0.6415796673599494,0.7143465025782075,1.0477107919933368,1.3810750814084662,1.7144393708235957,2.0478036602387255,2.1024107163262697,2.0608535748567385,1.9880867396384805,1.9153199044202225,1.8425530692019643,1.7697862339837063,1.6970193987654483,1.363655109350319,1.0302908199351897,0.6969265305200603,0.3635622411049304
3943,1.1612949269476076,1.3174991271273024,1.5910137359992662,1.8645283448712298,2.1380429537431938,2.4115575626151577,2.685072171487121,3.9381155800368046,5.191158988586489,6.444202397136173,7.697245805685856,8.797592590406415,8.64138839022672,8.367873781354756,8.094359172482793,7.820844563610829,7.547329954738865,7.273815345866902,6.020771937317218,4.767728528767535,3.514685120217851,2.261641711668167
3944,2.8365400828547638,3.218079229059924,3.8861568494030205,4.554234469746118,5.222312090089215,5.890389710432311,6.558467330775408,9.61910918103339,12.679751031291374,15.74039288154936,18.801034731807345,21.40384848736475,21.02230934115959,20.354231720816493,19.686154100473395,19.018076480130297,18.3499988597872,17.6819212394441,14.621279389186117,11.560637538928134,8.499995688670149,5.439353838412163
3945,4.187241305649756,4.750461435119857,5.736663683482037,6.722865931844216,7.709068180206397,8.695270428568575,9.681472676930756,14.199528337297998,18.717583997665233,23.23563965803248,27.75369531839972,32.29130966000392,31.72808953053382,30.74188728217164,29.75568503380946,28.76948278544728,27.7832805370851,26.797078288722922,22.27902262835568,17.760966967988445,13.242911307621199,8.724855647253957
3946,4.1224380187469025,4.6769415462886,5.647880965838258,6.618820385387915,7.5897598049375725,8.56069922448723,9.53163864403689,13.979771212843394,18.427903781649896,22.876036350456406,27.324168919262913,32.91035711924829,32.35585359170659,31.384914172156932,30.413974752607274,29.443035333057615,28.472095913507957,27.501156493958298,23.053023925151795,18.60489135634529,14.15675878753878,9.708626218732274
3947,3.351595880008395,3.8024144805325077,4.591800893015079,5.381187305497649,6.170573717980221,6.959960130462791,7.7493465429453625,11.365736340329079,14.982126137712793,18.59851593509651,22.21490573248023,27.356769827551037,26.905951227026925,26.116564814544354,25.327178402061783,24.537791989579212,23.74840557709664,22.95901916461407,19.34262936723035,15.726239569846637,12.109849772462919,8.493459975079201
3948,2.9910124143164416,3.3933294236000933,4.097789222441407,4.80224902128272,5.506708820124034,6.211168618965348,6.915628417806662,10.142946736074473,13.370265054342282,16.597583372610092,19.82490169087791,24.2284335048095,23.82611649552585,23.121656696684536,22.417196897843223,21.71273709900191,21.008277300160596,20.303817501319283,17.076499183051475,13.849180864783666,10.621862546515855,7.394544228248039
3949,2.7047846416677372,3.0686015427890947,3.7056473923676854,4.342693241946275,4.979739091524866,5.6167849411034565,6.253830790682048,9.172307818474215,12.090784846266383,15.009261874058554,17.92773890185072,22.802692522038395,22.438875620917038,21.801829771338447,21.164783921759856,20.527738072181265,19.890692222602674,19.253646373024083,16.335169345231915,13.416692317439747,10.498215289647575,7.579738261855409
3950,2.20733046474823,2.5042354815337093,3.0241181699939683,3.544000858454227,4.063883546914486,4.583766235374744,5.103648923835004,7.485370246439614,9.867091569044224,12.248812891648836,14.630534214253444,19.724931122724897,19.428026105939416,18.908143417479156,18.388260729018896,17.868378040558635,17.348495352098375,16.828612663638115,14.446891341033504,12.065170018428894,9.683448695824282,7.3017273732196735
3951,1.677916042855984,1.903610246250039,2.298802319798513,2.693994393346985,3.0891864668954585,3.484378540443932,3.879570613992405,5.690050956937462,7.500531299882518,9.311011642827577,11.121491985772634,14.871256559632515,14.645562356238461,14.250370282689987,13.855178209141515,13.459986135593041,13.064794062044568,12.669601988496094,10.859121645551037,9.04864130260598,7.238160959660921,5.427680616715864
3952,1.1172675321315855,1.2675496673528908,1.5306947005095728,1.7938397336662546,2.0569847668229366,2.3201297999796187,2.583274833136301,3.7888124482913326,4.9943500634463645,6.199887678601396,7.405425293756428,10.033161309414842,9.882879174193537,9.619734141036854,9.356589107880172,9.09344407472349,8.830299041566807,8.567154008410125,7.361616393255093,6.156078778100062,4.95054116294503,3.745003547789998
3953,0.6682540838903488,0.7581400312657272,0.9155309318380566,1.0729218324103855,1.2303127329827148,1.3877036335550441,1.5450945341273732,2.2661442482220826,2.987193962316792,3.7082436764115014,4.429293390506211,6.0734388854665,5.983552938091121,5.826162037518792,5.668771136946463,5.5113802363741335,5.3539893358018045,5.196598435229475,4.475548721134766,3.7544990070400566,3.033449292945347,2.3123995788506377
3954,0.4397550001969972,0.4989058467966161,0.6024793784527985,0.7060529101089809,0.8096264417651632,0.9131999734213457,1.016773505077528,1.4912714914090162,1.9657694777405041,2.4402674640719924,2.9147654504034803,3.6846018562989733,3.625451009699354,3.5218774780431716,3.418303946386989,3.314730414730807,3.2111568830746244,3.1075833514184423,2.633085365086954,2.158587378755466,1.6840893924239777,1.2095914060924897
3955,0.286284866305672,0.32479265405806435,0.39222005033488544,0.4596474466117065,0.5270748428885276,0.5945022391653487,0.6619296354421698,0.9708325302776295,1.2797354251130895,1.5886383199485492,1.8975412147840094,2.22844041223525,2.1899326244828576,2.1225052282060366,2.0550778319292156,1.9876504356523945,1.9202230393755735,1.8527956430987524,1.5438927482632927,1.2349898534278327,0.926086958592373,0.6171840637569128
3956,0.1600000684787465,0.18152145994052682,0.21920556165659857,0.25688966337267033,0.2945737650887421,0.33225786680481384,0.3699419685208856,0.5425828942000834,0.7152238198792811,0.887864745558479,1.0605056712376768,1.3303544742870113,1.308833082825231,1.2711489811091592,1.2334648793930874,1.1957807776770155,1.1580966759609437,1.1204125742448718,0.947771648565674,0.7751307228864763,0.6024897972072784,0.4298488715280806
3957,0.0966650333943288,0.10966731548161278,0.1324343991801003,0.15520148287858784,0.17796856657707538,0.20073565027556292,0.2235027339740505,0.3278048196211218,0.432106905268193,0.5364089909152644,0.6407110765623357,0.8750441895076194,0.8620419074203355,0.8392748237218479,0.8165077400233604,0.7937406563248728,0.7709735726263852,0.7482064889278977,0.6439044032808263,0.5396023176337551,0.4353002319866837,0.3309981463396124
3958,0.060485888935644626,0.06862176353916513,0.08286773488598757,0.09711370623281,0.11135967757963244,0.1256056489264549,0.13985162027327736,0.2051162164429092,0.27038081261254104,0.33564540878217297,0.40091000495180484,0.6530761972950729,0.6449403226915524,0.63069435134473,0.6164483799979075,0.602202408651085,0.5879564373042625,0.57371046595744,0.5084458697878081,0.4431812736181763,0.37791667744854435,0.3126520812789125
3959,0.04326251605801909,0.04908169821561838,0.059271125452270715,0.06946055268892304,0.07964997992557539,0.08983940716222773,0.10002883439888008,0.1467093195416705,0.19338980468446088,0.24007028982725132,0.28675077497004176,0.499578441059629,0.4937592589020297,0.48356983166537737,0.47338040442872503,0.4631909771920727,0.45300154995542036,0.442812122718768,0.3961316375759776,0.3494511524331872,0.30277066729039676,0.2560901821476063
3960,0.031367184720614005,0.03558634204876214,0.04297411500909338,0.050361887969424625,0.057749660929755864,0.0651374338900871,0.07252520685041834,0.10637056615310214,0.14021592545578596,0.17406128475846977,0.20790664406115364,0.38513873965896495,0.3809195823308168,0.3735318093704856,0.36614403641015436,0.35875626344982314,0.3513684904894919,0.3439807175291607,0.3101353582264769,0.27628999892379313,0.24244463962110932,0.20859928031842545
3961,0.027541528392130105,0.031246101893993974,0.037732835101129916,0.04421956830826585,0.05070630151540179,0.057193034722537735,0.06367976792967367,0.09339722368731823,0.1231146794449628,0.15283213520260736,0.18254959096025195,0.2947264391013124,0.29102186559944854,0.2845351323923126,0.27804839918517665,0.2715616659780407,0.26507493277090477,0.25858819956376883,0.22887074380612427,0.1991532880484797,0.16943583229083514,0.13971837653319055
3962,0.021214760756460276,0.024068329353953997,0.029064947229369295,0.03406156510478459,0.03905818298019989,0.04405480085561519,0.049051418731030486,0.07194225852804301,0.09483309832505553,0.11772393812206808,0.1406147779190806,0.2196416620198345,0.2167880934223408,0.21179147554692548,0.20679485767151018,0.20179823979609487,0.19680162192067957,0.19180500404526427,0.16891416424825173,0.14602332445123922,0.12313248465422667,0.10024164485721414
3963,0.017379901386824617,0.01971764826949346,0.023811058840523276,0.02790446941155309,0.03199787998258291,0.03609129055361272,0.04018470112464254,0.058937707246218926,0.07769071336779533,0.09644371948937172,0.11519672561094813,0.1725522635160582,0.17021451663338938,0.16612110606235955,0.16202769549132973,0.1579342849202999,0.15384087434927007,0.14974746377824025,0.13099445765666387,0.11224145153508747,0.09348844541351108,0.07473543929193467
3964,0.018861538995962508,0.02139857893702769,0.025840952998510806,0.030283327059993915,0.03472570112147703,0.03916807518296014,0.04361044924444325,0.0639621502340575,0.08431385122367176,0.10466555221328604,0.1250172532029003,0.16219714722554288,0.1596601072844777,0.15521773322299456,0.15077535916151147,0.14633298510002835,0.14189061103854522,0.1374482369770621,0.11709653598744785,0.0967448349978336,0.07639313400821932,0.05604143301860505
3965,0.06031042844298219,0.06842270209442457,0.08262734801485494,0.09683199393528533,0.1110366398557157,0.1252412857761461,0.1394459316965765,0.20452120506052845,0.2695964784244804,0.33467175178843245,0.39974702515238447,0.4566317751531136,0.4485195015016712,0.43431485558124083,0.4201102096608105,0.4059055637403801,0.3917009178199497,0.3774962718995193,0.3124209985355673,0.24734572517161535,0.18227045180766333,0.1171951784437113
3966,0.30895518501738617,0.35051232648691727,0.4232791617051753,0.4960459969234333,0.5688128321416914,0.6415796673599494,0.7143465025782075,1.0477107919933368,1.3810750814084662,1.7144393708235957,2.0478036602387255,2.1024107163262697,2.0608535748567385,1.9880867396384805,1.9153199044202225,1.8425530692019643,1.7697862339837063,1.6970193987654483,1.363655109350319,1.0302908199351897,0.6969265305200603,0.3635622411049304
3967,1.1612949269476076,1.3174991271273024,1.5910137359992662,1.8645283448712298,2.1380429537431938,2.4115575626151577,2.685072171487121,3.9381155800368046,5.191158988586489,6.444202397136173,7.697245805685856,8.797592590406415,8.64138839022672,8.367873781354756,8.094359172482793,7.820844563610829,7.547329954738865,7.273815345866902,6.020771937317218,4.767728528767535,3.514685120217851,2.261641711668167
3968,2.8365400828547638,3.218079229059924,3.8861568494030205,4.554234469746118,5.222312090089215,5.890389710432311,6.558467330775408,9.61910918103339,12.679751031291374,15.74039288154936,18.801034731807345,21.40384848736475,21.02230934115959,20.354231720816493,19.686154100473395,19.018076480130297,18.3499988597872,17.6819212394441,14.621279389186117,11.560637538928134,8.499995688670149,5.439353838412163
3969,4.187241305649756,4.750461435119857,5.736663683482037,6.722865931844216,7.709068180206397,8.695270428568575,9.681472676930756,14.199528337297998,18.717583997665233,23.23563965803248,27.75369531839972,32.29130966000392,31.72808953053382,30.74188728217164,29.75568503380946,28.76948278544728,27.7832805370851,26.797078288722922,22.27902262835568,17.760966967988445,13.242911307621199,8.724855647253957
3970,4.1224380187469025,4.6769415462886,5.647880965838258,6.618820385387915,7.5897598049375725,8.56069922448723,9.53163864403689,13.979771212843394,18.427903781649896,22.876036350456406,27.324168919262913,32.91035711924829,32.35585359170659,31.384914172156932,30.413974752607274,29.443035333057615,28.472095913507957,27.501156493958298,23.053023925151795,18.60489135634529,14.15675878753878,9.708626218732274
3971,3.351595880008395,3.8024144805325077,4.591800893015079,5.381187305497649,6.170573717980221,6.959960130462791,7.7493465429453625,11.365736340329079,14.982126137712793,18.59851593509651,22.21490573248023,27.356769827551037,26.905951227026925,26.116564814544354,25.327178402061783,24.537791989579212,23.74840557709664,22.95901916461407,19.34262936723035,15.726239569846637,12.109849772462919,8.493459975079201
3972,2.9910124143164416,3.3933294236000933,4.097789222441407,4.80224902128272,5.506708820124034,6.211168618965348,6.915628417806662,10.142946736074473,13.370265054342282,16.597583372610092,19.82490169087791,24.2284335048095,23.82611649552585,23.121656696684536,22.417196897843223,21.71273709900191,21.008277300160596,20.303817501319283,17.076499183051475,13.849180864783666,10.621862546515855,7.394544228248039
3973,2.7047846416677372,3.0686015427890947,3.7056473923676854,4.342693241946275,4.979739091524866,5.6167849411034565,6.253830790682048,9.172307818474215,12.090784846266383,15.009261874058554,17.92773890185072,22.802692522038395,22.438875620917038,21.801829771338447,21.164783921759856,20.527738072181265,19.890692222602674,19.253646373024083,16.335169345231915,13.416692317439747,10.498215289647575,7.579738261855409
3974,2.20733046474823,2.5042354815337093,3.0241181699939683,3.544000858454227,4.063883546914486,4.583766235374744,5.103648923835004,7.485370246439614,9.867091569044224,12.248812891648836,14.630534214253444,19.724931122724897,19.428026105939416,18.908143417479156,18.388260729018896,17.868378040558635,17.348495352098375,16.828612663638115,14.446891341033504,12.065170018428894,9.683448695824282,7.3017273732196735
3975,1.677916042855984,1.903610246250039,2.298802319798513,2.693994393346985,3.0891864668954585,3.484378540443932,3.879570613992405,5.690050956937462,7.500531299882518,9.311011642827577,11.121491985772634,14.871256559632515,14.645562356238461,14.250370282689987,13.855178209141515,13.459986135593041,13.064794062044568,12.669601988496094,10.859121645551037,9.04864130260598,7.238160959660921,5.427680616715864
3976,1.1172675321315855,1.2675496673528908,1.5306947005095728,1.7938397336662546,2.0569847668229366,2.3201297999796187,2.583274833136301,3.7888124482913326,4.9943500634463645,6.199887678601396,7.405425293756428,10.033161309414842,9.882879174193537,9.619734141036854,9.356589107880172,9.09344407472349,8.830299041566807,8.567154008410125,7.361616393255093,6.156078778100062,4.95054116294503,3.745003547789998
3977,0.6682540838903488,0.7581400312657272,0.9155309318380566,1.0729218324103855,1.2303127329827148,1.3877036335550441,1.5450945341273732,2.2661442482220826,2.987193962316792,3.7082436764115014,4.429293390506211,6.0734388854665,5.983552938091121,5.826162037518792,5.668771136946463,5.5113802363741335,5.3539893358018045,5.196598435229475,4.475548721134766,3.7544990070400566,3.033449292945347,2.3123995788506377
3978,0.4397550001969972,0.4989058467966161,0.6024793784527985,0.7060529101089809,0.8096264417651632,0.9131999734213457,1.016773505077528,1.4912714914090162,1.9657694777405041,2.4402674640719924,2.9147654504034803,3.6846018562989733,3.625451009699354,3.5218774780431716,3.418303946386989,3.314730414730807,3.2111568830746244,3.1075833514184423,2.633085365086954,2.158587378755466,1.6840893924239777,1.2095914060924897
3979,0.286284866305672,0.32479265405806435,0.39222005033488544,0.4596474466117065,0.5270748428885276,0.5945022391653487,0.6619296354421698,0.9708325302776295,1.2797354251130895,1.5886383199485492,1.8975412147840094,2.22844041223525,2.1899326244828576,2.1225052282060366,2.0550778319292156,1.9876504356523945,1.9202230393755735,1.8527956430987524,1.5438927482632927,1.2349898534278327,0.926086958592373,0.6171840637569128
3980,0.1600000684787465,0.18152145994052682,0.21920556165659857,0.25688966337267033,0.2945737650887421,0.33225786680481384,0.3699419685208856,0.5425828942000834,0.7152238198792811,0.887864745558479,1.0605056712376768,1.3303544742870113,1.308833082825231,1.2711489811091592,1.2334648793930874,1.1957807776770155,1.1580966759609437,1.1204125742448718,0.947771648565674,0.7751307228864763,0.6024897972072784,0.4298488715280806
3981,0.0966650333943288,0.10966731548161278,0.1324343991801003,0.15520148287858784,0.17796856657707538,0.20073565027556292,0.2235027339740505,0.3278048196211218,0.432106905268193,0.5364089909152644,0.6407110765623357,0.8750441895076194,0.8620419074203355,0.8392748237218479,0.8165077400233604,0.7937406563248728,0.7709735726263852,0.7482064889278977,0.6439044032808263,0.5396023176337551,0.4353002319866837,0.3309981463396124
3982,0.060485888935644626,0.06862176353916513,0.08286773488598757,0.09711370623281,0.11135967757963244,0.1256056489264549,0.13985162027327736,0.2051162164429092,0.27038081261254104,0.33564540878217297,0.40091000495180484,0.6530761972950729,0.6449403226915524,0.63069435134473,0.6164483799979075,0.602202408651085,0.5879564373042625,0.57371046595744,0.5084458697878081,0.4431812736181763,0.37791667744854435,0.3126520812789125
3983,0.04326251605801909,0.04908169821561838,0.059271125452270715,0.06946055268892304,0.07964997992557539,0.08983940716222773,0.10002883439888008,0.1467093195416705,0.19338980468446088,0.24007028982725132,0.28675077497004176,0.499578441059629,0.4937592589020297,0.48356983166537737,0.47338040442872503,0.4631909771920727,0.45300154995542036,0.442812122718768,0.3961316375759776,0.3494511524331872,0.30277066729039676,0.2560901821476063
3984,0.06656898268586907,0.07552308595105217,0.09120178120737912,0.10688047646370606,0.12255917172003303,0.13823786697635998,0.1539165622326869,0.2257448489433112,0.29757313565393556,0.36940142236455986,0.44122970907518416,0.4271966781704077,0.4182425749052246,0.4025638796488976,0.3868851843925707,0.3712064891362437,0.35552779387991673,0.3398490986235898,0.2680208119129655,0.19619252520234115,0.12436423849171685,0.05253595178109255
3985,0.056639086305014866,0.06425753272192815,0.07759748382143074,0.09093743492093335,0.10427738602043597,0.11761733711993858,0.1309572882194412,0.19207116387144205,0.25318503952344296,0.31429891517544384,0.3754127908274448,0.3168441383691494,0.3092256919522361,0.2958857408527335,0.28254578975323086,0.26920583865372827,0.2558658875542257,0.24252593645472306,0.1814120608027222,0.1202981851507213,0.05918430949872042,-0.0019295661532805208
3986,0.03392680220936796,0.038490250202461725,0.046480878441028384,0.05447150667959503,0.06246213491816169,0.07045276315672834,0.07844339139529499,0.1150505915949522,0.15165779179460942,0.18826499199426663,0.22487219219392388,0.22601923126692836,0.22145578327383458,0.21346515503526792,0.20547452679670128,0.1974838985581346,0.18949327031956797,0.1815026420810013,0.1448954418813441,0.10828824168168688,0.07168104148202967,0.035073841282372425
3987,0.0236676925723058,0.026851201690074235,0.03242554764354464,0.03799989359701504,0.043574239550485436,0.049148585503955844,0.05472293145742625,0.08026049774238261,0.10579806402733898,0.13133563031229536,0.15687319659725174,0.20284547879051973,0.1996619696727513,0.1940876237192809,0.1885132777658105,0.1829389318123401,0.17736458585886972,0.17179023990539932,0.14625267362044297,0.12071510733548661,0.09517754105053022,0.06963997476557385
3988,0.02469635730095266,0.028018230711428102,0.03383485347536883,0.03965147623930954,0.04546809900325027,0.051284721767191,0.05710134453113172,0.08374884553458932,0.11039634653804692,0.1370438475415045,0.16369134854496212,0.2086410790622131,0.20531920565173767,0.19950258288779693,0.19368596012385622,0.18786933735991548,0.18205271459597477,0.17623609183203404,0.14958859082857645,0.12294108982511885,0.09629358882166127,0.06964608781820365
3989,0.018530992112733714,0.02102357064238779,0.025388092472381524,0.02975261430237525,0.03411713613236898,0.03848165796236271,0.04284617979235644,0.06284121893523797,0.08283625807811949,0.10283129722100104,0.12282633636388257,0.23076451461001737,0.2282719360803633,0.22390741425036959,0.21954289242037586,0.21517837059038214,0.21081384876038842,0.2064493269303947,0.18645428778751316,0.16645924864463163,0.1464642095017501,0.12646917035886857
3990,0.022723898938375474,0.025780459658883387,0.031132518111866028,0.036484576564848666,0.0418366350178313,0.04718869347081395,0.05254075192379659,0.0770599598532782,0.10157916778275981,0.12609837571224142,0.15061758364172306,0.3411068640072945,0.3380503032867866,0.33269824483380395,0.3273461863808213,0.32199412792783866,0.316642069474856,0.31129001102187337,0.2867708030923918,0.2622515951629102,0.2377323872334286,0.21321317930394695
3991,0.05954035988303085,0.0675490526604855,0.08157232777140645,0.0955956028823274,0.10961887799324835,0.12364215310416929,0.13766542821509023,0.20190979350324906,0.2661541587914079,0.33039852407956677,0.3946428893677256,0.5323949645104806,0.524386271733026,0.510362996622105,0.4963397215111841,0.48231644640026317,0.4682931712893422,0.4542698961784213,0.3900255308902625,0.32578116560210363,0.2615368003139448,0.19729243502578592
3992,0.09422208070711786,0.10689576455313886,0.129087470513181,0.15127917647322317,0.17347088243326533,0.1956625883933075,0.21785429435334966,0.31952042104539957,0.42118654773744957,0.5228526744294996,0.6245188011215496,0.7630054397344619,0.7503317558884409,0.7281400499283988,0.7059483439683566,0.6837566380083144,0.6615649320482723,0.6393732260882301,0.5377070993961802,0.4360409727041302,0.33437484601208023,0.23270871932003023
3993,0.11060462621291975,0.12548190395938727,0.1515321177130734,0.17758233146675953,0.2036325452204457,0.22968275897413182,0.255732972727818,0.37507595323620807,0.49441893374459817,0.6137619142529884,0.7331048947613785,1.04243040931092,1.0275531315644524,1.0015029178107662,0.9754527040570801,0.949402490303394,0.9233522765497079,0.8973020627960218,0.7779590822876317,0.6586161017792416,0.5392731212708513,0.41993014076246116
3994,0.14593538259187422,0.16556495229609972,0.19993646134515083,0.23430797039420195,0.2686794794432531,0.3030509884923042,0.3374224975413554,0.4948875522726021,0.6523526070038489,0.8098176617350957,0.9672827164663426,1.3368623237393928,1.3172327540351674,1.2828612449861163,1.2484897359370652,1.2141182268880142,1.1797467178389631,1.145375208789912,0.9879101540586653,0.8304450993274186,0.6729800445961718,0.5155149898649249
3995,0.17412844867806587,0.1975502293326846,0.2385619253527876,0.2795736213728906,0.3205853173929936,0.3615970134130966,0.40260870943319965,0.5904942325625675,0.7783797556919354,0.9662652788213034,1.1541508019506714,1.6963697765134498,1.6729479958588311,1.6319362998387281,1.590924603818625,1.549912907798522,1.508901211778419,1.467889515758316,1.2800039926289482,1.0921184694995802,0.9042329463702122,0.7163474232408442
3996,0.20258246617249245,0.22983155799628885,0.277544901707457,0.32525824541862514,0.3729715891297932,0.4206849328409614,0.46839827655212957,0.6869858360383282,0.9055733955245269,1.1241609550107257,1.3427485144969247,1.9211150761464808,1.8938659843226844,1.8461526406115163,1.7984392969003482,1.7507259531891801,1.7030126094780118,1.6552992657668437,1.4367117062806452,1.2181241467944464,0.9995365873082476,0.7809490278220486
3997,0.22682064156334378,0.25732997737244256,0.31075203030808307,0.3641740832437235,0.4175961361793641,0.4710181891150046,0.5244402420506451,0.769180921820084,1.013921601589523,1.2586622813589619,1.5034029611284008,2.0428941262432594,2.0123847904341607,1.9589627374985201,1.9055406845628797,1.852118631627239,1.7986965786915987,1.745274525755958,1.5005338459865192,1.2557931662170803,1.0110524864476413,0.7663118066782024
3998,0.28713168866453304,0.3257533813399477,0.3933802259058238,0.46100707047169975,0.5286339150375757,0.5962607596034519,0.6638876041693279,0.9737042248382178,1.2835208455071077,1.5933374661759976,1.9031540868448875,2.133676930271694,2.095055237596279,2.027428393030403,1.9598015484645268,1.8921747038986507,1.8245478593327746,1.7569210147668985,1.4471043940980086,1.1372877734291187,0.8274711527602288,0.5176545320913388
3999,0.3067951188581142,0.3480617127682659,0.42031979724889373,0.49257788172952155,0.5648359662101494,0.6370940506907772,0.709352135171405,1.040385701701159,1.3714192682309132,1.7024528347606676,2.0334864012904217,2.1612776545091203,2.120011060598969,2.047752976118341,1.975494891637713,1.9032368071570853,1.8309787226764576,1.7587206381958298,1.427687071666076,1.0966535051363218,0.7656199386065674,0.4345863720768133
4000,0.27598175878396375,0.31310368956544515,0.3781044409318533,0.44310519229826134,0.5081059436646694,0.5731066950310776,0.6381074463974856,0.9358932333664804,1.233679020335475,1.53146480730447,1.829250594273465,1.9097257114610804,1.872603780679599,1.8076030293131908,1.7426022779467827,1.6776015265803745,1.6126007752139664,1.5476000238475582,1.2498142368785634,0.9520284499095688,0.6542426629405738,0.35645687597157893
4001,0.2253108014307007,0.2556170506983482,0.3086834977291007,0.36174994475985317,0.4148163917906057,0.46788283882135817,0.5209492858521106,0.7640608400805081,1.0071723943089055,1.2502839485373032,1.4933955027657007,1.6192575536297766,1.588951304362129,1.5358848573313766,1.4828184103006241,1.4297519632698716,1.3766855162391192,1.3236190692083667,1.0805075149799692,0.8373959607515719,0.5942844065231742,0.3511728522947767
4002,0.181071206183045,0.20542684770103406,0.24807374039633354,0.290720633091633,0.3333675257869325,0.376014418482232,0.41866131117753147,0.6140381066158548,0.809414902054178,1.0047916974925013,1.200168492930825,1.489569188741577,1.4652135472235879,1.4225666545282885,1.379919761832989,1.3372728691376894,1.29462597644239,1.2519790837470905,1.0566022883087673,0.8612254928704441,0.6658486974321208,0.4704719019937972
4003,0.1371027565822645,0.15554426178254532,0.18783546186591396,0.22012666194928254,0.2524178620326512,0.2847090621160198,0.3170002621993884,0.464934866444111,0.6128694706888336,0.7608040749335562,0.9087386791782788,1.2544431595756709,1.23600165437539,1.2037104542920214,1.1714192542086528,1.1391280541252842,1.1068368540419156,1.074545653958547,0.9266110497138245,0.7786764454691019,0.6307418412243793,0.48280723697965666
4004,0.12288693681507708,0.1394162914452449,0.16835930297358676,0.19730231450192862,0.22624532603027048,0.25518833755861237,0.28413134908695425,0.4167270081222759,0.5493226671575976,0.6819183261929194,0.8145139852282411,0.965950353268064,0.9494209986378962,0.9204779871095543,0.8915349755812124,0.8625919640528705,0.8336489525245286,0.8047059409961868,0.6721102819608651,0.5395146229255434,0.40691896389022164,0.27432330485489986
4005,0.10407025709033581,0.11806860573895996,0.14257980870966933,0.16709101168037868,0.19160221465108804,0.2161134176217974,0.24062462059250678,0.3529169820306787,0.4652093434688507,0.5775017049070227,0.6897940663451948,0.756275578156249,0.7422772295076249,0.7177660265369155,0.6932548235662062,0.6687436205954969,0.6442324176247876,0.6197212146540781,0.5074288532159061,0.3951364917777342,0.2828441303395622,0.17055176890139007
4006,0.09174496304809825,0.10408545316899447,0.1256937346673304,0.14730201616566632,0.16891029766400223,0.19051857916233816,0.21212686066067407,0.3111201642112374,0.4101134677618008,0.5091067713123641,0.6081000748629275,0.6380177307790044,0.6256772406581081,0.6040689591597722,0.5824606776614363,0.5608523961631003,0.5392441146647644,0.5176358331664285,0.4186425296158651,0.3196492260653017,0.22065592251473837,0.12166261896417502
4007,0.0756798511426919,0.0858594449247251,0.10368398234795255,0.12150851977117999,0.13933305719440744,0.15715759461763487,0.17498213204086233,0.2566410943198301,0.33830005659879786,0.4199590188777657,0.5016179811567335,0.5589042903878931,0.54872469660586,0.5309001591826326,0.5130756217594051,0.4952510843361777,0.4774265469129503,0.45960200948972285,0.37794304721075506,0.2962840849317873,0.21462512265281947,0.13296616037385167
4008,0.06656898268586907,0.07552308595105217,0.09120178120737912,0.10688047646370606,0.12255917172003303,0.13823786697635998,0.1539165622326869,0.2257448489433112,0.29757313565393556,0.36940142236455986,0.44122970907518416,0.4271966781704077,0.4182425749052246,0.4025638796488976,0.3868851843925707,0.3712064891362437,0.35552779387991673,0.3398490986235898,0.2680208119129655,0.19619252520234115,0.12436423849171685,0.05253595178109255
4009,0.056639086305014866,0.06425753272192815,0.07759748382143074,0.09093743492093335,0.10427738602043597,0.11761733711993858,0.1309572882194412,0.19207116387144205,0.25318503952344296,0.31429891517544384,0.3754127908274448,0.3168441383691494,0.3092256919522361,0.2958857408527335,0.28254578975323086,0.26920583865372827,0.2558658875542257,0.24252593645472306,0.1814120608027222,0.1202981851507213,0.05918430949872042,-0.0019295661532805208
4010,0.03392680220936796,0.038490250202461725,0.046480878441028384,0.05447150667959503,0.06246213491816169,0.07045276315672834,0.07844339139529499,0.1150505915949522,0.15165779179460942,0.18826499199426663,0.22487219219392388,0.22601923126692836,0.22145578327383458,0.21346515503526792,0.20547452679670128,0.1974838985581346,0.18949327031956797,0.1815026420810013,0.1448954418813441,0.10828824168168688,0.07168104148202967,0.035073841282372425
4011,0.0236676925723058,0.026851201690074235,0.03242554764354464,0.03799989359701504,0.043574239550485436,0.049148585503955844,0.05472293145742625,0.08026049774238261,0.10579806402733898,0.13133563031229536,0.15687319659725174,0.20284547879051973,0.1996619696727513,0.1940876237192809,0.1885132777658105,0.1829389318123401,0.17736458585886972,0.17179023990539932,0.14625267362044297,0.12071510733548661,0.09517754105053022,0.06963997476557385
4012,0.02469635730095266,0.028018230711428102,0.03383485347536883,0.03965147623930954,0.04546809900325027,0.051284721767191,0.05710134453113172,0.08374884553458932,0.11039634653804692,0.1370438475415045,0.16369134854496212,0.2086410790622131,0.20531920565173767,0.19950258288779693,0.19368596012385622,0.18786933735991548,0.18205271459597477,0.17623609183203404,0.14958859082857645,0.12294108982511885,0.09629358882166127,0.06964608781820365
4013,0.018530992112733714,0.02102357064238779,0.025388092472381524,0.02975261430237525,0.03411713613236898,0.03848165796236271,0.04284617979235644,0.06284121893523797,0.08283625807811949,0.10283129722100104,0.12282633636388257,0.23076451461001737,0.2282719360803633,0.22390741425036959,0.21954289242037586,0.21517837059038214,0.21081384876038842,0.2064493269303947,0.18645428778751316,0.16645924864463163,0.1464642095017501,0.12646917035886857
4014,0.022723898938375474,0.025780459658883387,0.031132518111866028,0.036484576564848666,0.0418366350178313,0.04718869347081395,0.05254075192379659,0.0770599598532782,0.10157916778275981,0.12609837571224142,0.15061758364172306,0.3411068640072945,0.3380503032867866,0.33269824483380395,0.3273461863808213,0.32199412792783866,0.316642069474856,0.31129001102187337,0.2867708030923918,0.2622515951629102,0.2377323872334286,0.21321317930394695
4015,0.05954035988303085,0.0675490526604855,0.08157232777140645,0.0955956028823274,0.10961887799324835,0.12364215310416929,0.13766542821509023,0.20190979350324906,0.2661541587914079,0.33039852407956677,0.3946428893677256,0.5323949645104806,0.524386271733026,0.510362996622105,0.4963397215111841,0.48231644640026317,0.4682931712893422,0.4542698961784213,0.3900255308902625,0.32578116560210363,0.2615368003139448,0.19729243502578592
4016,0.09422208070711786,0.10689576455313886,0.129087470513181,0.15127917647322317,0.17347088243326533,0.1956625883933075,0.21785429435334966,0.31952042104539957,0.42118654773744957,0.5228526744294996,0.6245188011215496,0.7630054397344619,0.7503317558884409,0.7281400499283988,0.7059483439683566,0.6837566380083144,0.6615649320482723,0.6393732260882301,0.5377070993961802,0.4360409727041302,0.33437484601208023,0.23270871932003023
4017,0.11060462621291975,0.12548190395938727,0.1515321177130734,0.17758233146675953,0.2036325452204457,0.22968275897413182,0.255732972727818,0.37507595323620807,0.49441893374459817,0.6137619142529884,0.7331048947613785,1.04243040931092,1.0275531315644524,1.0015029178107662,0.9754527040570801,0.949402490303394,0.9233522765497079,0.8973020627960218,0.7779590822876317,0.6586161017792416,0.5392731212708513,0.41993014076246116
4018,0.14593538259187422,0.16556495229609972,0.19993646134515083,0.23430797039420195,0.2686794794432531,0.3030509884923042,0.3374224975413554,0.4948875522726021,0.6523526070038489,0.8098176617350957,0.9672827164663426,1.3368623237393928,1.3172327540351674,1.2828612449861163,1.2484897359370652,1.2141182268880142,1.1797467178389631,1.145375208789912,0.9879101540586653,0.8304450993274186,0.6729800445961718,0.5155149898649249
4019,0.17412844867806587,0.1975502293326846,0.2385619253527876,0.2795736213728906,0.3205853173929936,0.3615970134130966,0.40260870943319965,0.5904942325625675,0.7783797556919354,0.9662652788213034,1.1541508019506714,1.6963697765134498,1.6729479958588311,1.6319362998387281,1.590924603818625,1.549912907798522,1.508901211778419,1.467889515758316,1.2800039926289482,1.0921184694995802,0.9042329463702122,0.7163474232408442
4020,0.20258246617249245,0.22983155799628885,0.277544901707457,0.32525824541862514,0.3729715891297932,0.4206849328409614,0.46839827655212957,0.6869858360383282,0.9055733955245269,1.1241609550107257,1.3427485144969247,1.9211150761464808,1.8938659843226844,1.8461526406115163,1.7984392969003482,1.7507259531891801,1.7030126094780118,1.6552992657668437,1.4367117062806452,1.2181241467944464,0.9995365873082476,0.7809490278220486
4021,0.22682064156334378,0.25732997737244256,0.31075203030808307,0.3641740832437235,0.4175961361793641,0.4710181891150046,0.5244402420506451,0.769180921820084,1.013921601589523,1.2586622813589619,1.5034029611284008,2.0428941262432594,2.0123847904341607,1.9589627374985201,1.9055406845628797,1.852118631627239,1.7986965786915987,1.745274525755958,1.5005338459865192,1.2557931662170803,1.0110524864476413,0.7663118066782024
4022,0.28713168866453304,0.3257533813399477,0.3933802259058238,0.46100707047169975,0.5286339150375757,0.5962607596034519,0.6638876041693279,0.9737042248382178,1.2835208455071077,1.5933374661759976,1.9031540868448875,2.133676930271694,2.095055237596279,2.027428393030403,1.9598015484645268,1.8921747038986507,1.8245478593327746,1.7569210147668985,1.4471043940980086,1.1372877734291187,0.8274711527602288,0.5176545320913388
4023,0.3067951188581142,0.3480617127682659,0.42031979724889373,0.49257788172952155,0.5648359662101494,0.6370940506907772,0.709352135171405,1.040385701701159,1.3714192682309132,1.7024528347606676,2.0334864012904217,2.1612776545091203,2.120011060598969,2.047752976118341,1.975494891637713,1.9032368071570853,1.8309787226764576,1.7587206381958298,1.427687071666076,1.0966535051363218,0.7656199386065674,0.4345863720768133
4024,0.27598175878396375,0.31310368956544515,0.3781044409318533,0.44310519229826134,0.5081059436646694,0.5731066950310776,0.6381074463974856,0.9358932333664804,1.233679020335475,1.53146480730447,1.829250594273465,1.9097257114610804,1.872603780679599,1.8076030293131908,1.7426022779467827,1.6776015265803745,1.6126007752139664,1.5476000238475582,1.2498142368785634,0.9520284499095688,0.6542426629405738,0.35645687597157893
4025,0.2253108014307007,0.2556170506983482,0.3086834977291007,0.36174994475985317,0.4148163917906057,0.46788283882135817,0.5209492858521106,0.7640608400805081,1.0071723943089055,1.2502839485373032,1.4933955027657007,1.6192575536297766,1.588951304362129,1.5358848573313766,1.4828184103006241,1.4297519632698716,1.3766855162391192,1.3236190692083667,1.0805075149799692,0.8373959607515719,0.5942844065231742,0.3511728522947767
4026,0.181071206183045,0.20542684770103406,0.24807374039633354,0.290720633091633,0.3333675257869325,0.376014418482232,0.41866131117753147,0.6140381066158548,0.809414902054178,1.0047916974925013,1.200168492930825,1.489569188741577,1.4652135472235879,1.4225666545282885,1.379919761832989,1.3372728691376894,1.29462597644239,1.2519790837470905,1.0566022883087673,0.8612254928704441,0.6658486974321208,0.4704719019937972
4027,0.1371027565822645,0.15554426178254532,0.18783546186591396,0.22012666194928254,0.2524178620326512,0.2847090621160198,0.3170002621993884,0.464934866444111,0.6128694706888336,0.7608040749335562,0.9087386791782788,1.2544431595756709,1.23600165437539,1.2037104542920214,1.1714192542086528,1.1391280541252842,1.1068368540419156,1.074545653958547,0.9266110497138245,0.7786764454691019,0.6307418412243793,0.48280723697965666
4028,0.12288693681507708,0.1394162914452449,0.16835930297358676,0.19730231450192862,0.22624532603027048,0.25518833755861237,0.28413134908695425,0.4167270081222759,0.5493226671575976,0.6819183261929194,0.8145139852282411,0.965950353268064,0.9494209986378962,0.9204779871095543,0.8915349755812124,0.8625919640528705,0.8336489525245286,0.8047059409961868,0.6721102819608651,0.5395146229255434,0.40691896389022164,0.27432330485489986
4029,0.10407025709033581,0.11806860573895996,0.14257980870966933,0.16709101168037868,0.19160221465108804,0.2161134176217974,0.24062462059250678,0.3529169820306787,0.4652093434688507,0.5775017049070227,0.6897940663451948,0.756275578156249,0.7422772295076249,0.7177660265369155,0.6932548235662062,0.6687436205954969,0.6442324176247876,0.6197212146540781,0.5074288532159061,0.3951364917777342,0.2828441303395622,0.17055176890139007
4030,0.09174496304809825,0.10408545316899447,0.1256937346673304,0.14730201616566632,0.16891029766400223,0.19051857916233816,0.21212686066067407,0.3111201642112374,0.4101134677618008,0.5091067713123641,0.6081000748629275,0.6380177307790044,0.6256772406581081,0.6040689591597722,0.5824606776614363,0.5608523961631003,0.5392441146647644,0.5176358331664285,0.4186425296158651,0.3196492260653017,0.22065592251473837,0.12166261896417502
4031,0.0756798511426919,0.0858594449247251,0.10368398234795255,0.12150851977117999,0.13933305719440744,0.15715759461763487,0.17498213204086233,0.2566410943198301,0.33830005659879786,0.4199590188777657,0.5016179811567335,0.5589042903878931,0.54872469660586,0.5309001591826326,0.5130756217594051,0.4952510843361777,0.4774265469129503,0.45960200948972285,0.37794304721075506,0.2962840849317873,0.21462512265281947,0.13296616037385167
4032,0.031367184720614005,0.03558634204876214,0.04297411500909338,0.050361887969424625,0.057749660929755864,0.0651374338900871,0.07252520685041834,0.10637056615310214,0.14021592545578596,0.17406128475846977,0.20790664406115364,0.38513873965896495,0.3809195823308168,0.3735318093704856,0.36614403641015436,0.35875626344982314,0.3513684904894919,0.3439807175291607,0.3101353582264769,0.27628999892379313,0.24244463962110932,0.20859928031842545
4033,0.027541528392130105,0.031246101893993974,0.037732835101129916,0.04421956830826585,0.05070630151540179,0.057193034722537735,0.06367976792967367,0.09339722368731823,0.1231146794449628,0.15283213520260736,0.18254959096025195,0.2947264391013124,0.29102186559944854,0.2845351323923126,0.27804839918517665,0.2715616659780407,0.26507493277090477,0.25858819956376883,0.22887074380612427,0.1991532880484797,0.16943583229083514,0.13971837653319055
4034,0.021214760756460276,0.024068329353953997,0.029064947229369295,0.03406156510478459,0.03905818298019989,0.04405480085561519,0.049051418731030486,0.07194225852804301,0.09483309832505553,0.11772393812206808,0.1406147779190806,0.2196416620198345,0.2167880934223408,0.21179147554692548,0.20679485767151018,0.20179823979609487,0.19680162192067957,0.19180500404526427,0.16891416424825173,0.14602332445123922,0.12313248465422667,0.10024164485721414
4035,0.017379901386824617,0.01971764826949346,0.023811058840523276,0.02790446941155309,0.03199787998258291,0.03609129055361272,0.04018470112464254,0.058937707246218926,0.07769071336779533,0.09644371948937172,0.11519672561094813,0.1725522635160582,0.17021451663338938,0.16612110606235955,0.16202769549132973,0.1579342849202999,0.15384087434927007,0.14974746377824025,0.13099445765666387,0.11224145153508747,0.09348844541351108,0.07473543929193467
4036,0.018861538995962508,0.02139857893702769,0.025840952998510806,0.030283327059993915,0.03472570112147703,0.03916807518296014,0.04361044924444325,0.0639621502340575,0.08431385122367176,0.10466555221328604,0.1250172532029003,0.16219714722554288,0.1596601072844777,0.15521773322299456,0.15077535916151147,0.14633298510002835,0.14189061103854522,0.1374482369770621,0.11709653598744785,0.0967448349978336,0.07639313400821932,0.05604143301860505
4037,0.06031042844298219,0.06842270209442457,0.08262734801485494,0.09683199393528533,0.1110366398557157,0.1252412857761461,0.1394459316965765,0.20452120506052845,0.2695964784244804,0.33467175178843245,0.39974702515238447,0.4566317751531136,0.4485195015016712,0.43431485558124083,0.4201102096608105,0.4059055637403801,0.3917009178199497,0.3774962718995193,0.3124209985355673,0.24734572517161535,0.18227045180766333,0.1171951784437113
4038,0.30895518501738617,0.35051232648691727,0.4232791617051753,0.4960459969234333,0.5688128321416914,0.6415796673599494,0.7143465025782075,1.0477107919933368,1.3810750814084662,1.7144393708235957,2.0478036602387255,2.1024107163262697,2.0608535748567385,1.9880867396384805,1.9153199044202225,1.8425530692019643,1.7697862339837063,1.6970193987654483,1.363655109350319,1.0302908199351897,0.6969265305200603,0.3635622411049304
4039,1.1612949269476076,1.3174991271273024,1.5910137359992662,1.8645283448712298,2.1380429537431938,2.4115575626151577,2.685072171487121,3.9381155800368046,5.191158988586489,6.444202397136173,7.697245805685856,8.797592590406415,8.64138839022672,8.367873781354756,8.094359172482793,7.820844563610829,7.547329954738865,7.273815345866902,6.020771937317218,4.767728528767535,3.514685120217851,2.261641711668167
4040,2.8365400828547638,3.218079229059924,3.8861568494030205,4.554234469746118,5.222312090089215,5.890389710432311,6.558467330775408,9.61910918103339,12.679751031291374,15.74039288154936,18.801034731807345,21.40384848736475,21.02230934115959,20.354231720816493,19.686154100473395,19.018076480130297,18.3499988597872,17.6819212394441,14.621279389186117,11.560637538928134,8.499995688670149,5.439353838412163
4041,4.187241305649756,4.750461435119857,5.736663683482037,6.722865931844216,7.709068180206397,8.695270428568575,9.681472676930756,14.199528337297998,18.717583997665233,23.23563965803248,27.75369531839972,32.29130966000392,31.72808953053382,30.74188728217164,29.75568503380946,28.76948278544728,27.7832805370851,26.797078288722922,22.27902262835568,17.760966967988445,13.242911307621199,8.724855647253957
4042,4.1224380187469025,4.6769415462886,5.647880965838258,6.618820385387915,7.5897598049375725,8.56069922448723,9.53163864403689,13.979771212843394,18.427903781649896,22.876036350456406,27.324168919262913,32.91035711924829,32.35585359170659,31.384914172156932,30.413974752607274,29.443035333057615,28.472095913507957,27.501156493958298,23.053023925151795,18.60489135634529,14.15675878753878,9.708626218732274
4043,3.351595880008395,3.8024144805325077,4.591800893015079,5.381187305497649,6.170573717980221,6.959960130462791,7.7493465429453625,11.365736340329079,14.982126137712793,18.59851593509651,22.21490573248023,27.356769827551037,26.905951227026925,26.116564814544354,25.327178402061783,24.537791989579212,23.74840557709664,22.95901916461407,19.34262936723035,15.726239569846637,12.109849772462919,8.493459975079201
4044,2.9910124143164416,3.3933294236000933,4.097789222441407,4.80224902128272,5.506708820124034,6.211168618965348,6.915628417806662,10.142946736074473,13.370265054342282,16.597583372610092,19.82490169087791,24.2284335048095,23.82611649552585,23.121656696684536,22.417196897843223,21.71273709900191,21.008277300160596,20.303817501319283,17.076499183051475,13.849180864783666,10.621862546515855,7.394544228248039
4045,2.7047846416677372,3.0686015427890947,3.7056473923676854,4.342693241946275,4.979739091524866,5.6167849411034565,6.253830790682048,9.172307818474215,12.090784846266383,15.009261874058554,17.92773890185072,22.802692522038395,22.438875620917038,21.801829771338447,21.164783921759856,20.527738072181265,19.890692222602674,19.253646373024083,16.335169345231915,13.416692317439747,10.498215289647575,7.579738261855409
4046,2.20733046474823,2.5042354815337093,3.0241181699939683,3.544000858454227,4.063883546914486,4.583766235374744,5.103648923835004,7.485370246439614,9.867091569044224,12.248812891648836,14.630534214253444,19.724931122724897,19.428026105939416,18.908143417479156,18.388260729018896,17.868378040558635,17.348495352098375,16.828612663638115,14.446891341033504,12.065170018428894,9.683448695824282,7.3017273732196735
4047,1.677916042855984,1.903610246250039,2.298802319798513,2.693994393346985,3.0891864668954585,3.484378540443932,3.879570613992405,5.690050956937462,7.500531299882518,9.311011642827577,11.121491985772634,14.871256559632515,14.645562356238461,14.250370282689987,13.855178209141515,13.459986135593041,13.064794062044568,12.669601988496094,10.859121645551037,9.04864130260598,7.238160959660921,5.427680616715864
4048,1.1172675321315855,1.2675496673528908,1.5306947005095728,1.7938397336662546,2.0569847668229366,2.3201297999796187,2.583274833136301,3.7888124482913326,4.9943500634463645,6.199887678601396,7.405425293756428,10.033161309414842,9.882879174193537,9.619734141036854,9.356589107880172,9.09344407472349,8.830299041566807,8.567154008410125,7.361616393255093,6.156078778100062,4.95054116294503,3.745003547789998
4049,0.6682540838903488,0.7581400312657272,0.9155309318380566,1.0729218324103855,1.2303127329827148,1.3877036335550441,1.5450945341273732,2.2661442482220826,2.987193962316792,3.7082436764115014,4.429293390506211,6.0734388854665,5.983552938091121,5.826162037518792,5.668771136946463,5.5113802363741335,5.3539893358018045,5.196598435229475,4.475548721134766,3.7544990070400566,3.033449292945347,2.3123995788506377
4050,0.4397550001969972,0.4989058467966161,0.6024793784527985,0.7060529101089809,0.8096264417651632,0.9131999734213457,1.016773505077528,1.4912714914090162,1.9657694777405041,2.4402674640719924,2.9147654504034803,3.6846018562989733,3.625451009699354,3.5218774780431716,3.418303946386989,3.314730414730807,3.2111568830746244,3.1075833514184423,2.633085365086954,2.158587378755466,1.6840893924239777,1.2095914060924897
4051,0.286284866305672,0.32479265405806435,0.39222005033488544,0.4596474466117065,0.5270748428885276,0.5945022391653487,0.6619296354421698,0.9708325302776295,1.2797354251130895,1.5886383199485492,1.8975412147840094,2.22844041223525,2.1899326244828576,2.1225052282060366,2.0550778319292156,1.9876504356523945,1.9202230393755735,1.8527956430987524,1.5438927482632927,1.2349898534278327,0.926086958592373,0.6171840637569128
4052,0.1600000684787465,0.18152145994052682,0.21920556165659857,0.25688966337267033,0.2945737650887421,0.33225786680481384,0.3699419685208856,0.5425828942000834,0.7152238198792811,0.887864745558479,1.0605056712376768,1.3303544742870113,1.308833082825231,1.2711489811091592,1.2334648793930874,1.1957807776770155,1.1580966759609437,1.1204125742448718,0.947771648565674,0.7751307228864763,0.6024897972072784,0.4298488715280806
4053,0.0966650333943288,0.10966731548161278,0.1324343991801003,0.15520148287858784,0.17796856657707538,0.20073565027556292,0.2235027339740505,0.3278048196211218,0.432106905268193,0.5364089909152644,0.6407110765623357,0.8750441895076194,0.8620419074203355,0.8392748237218479,0.8165077400233604,0.7937406563248728,0.7709735726263852,0.7482064889278977,0.6439044032808263,0.5396023176337551,0.4353002319866837,0.3309981463396124
4054,0.060485888935644626,0.06862176353916513,0.08286773488598757,0.09711370623281,0.11135967757963244,0.1256056489264549,0.13985162027327736,0.2051162164429092,0.27038081261254104,0.33564540878217297,0.40091000495180484,0.6530761972950729,0.6449403226915524,0.63069435134473,0.6164483799979075,0.602202408651085,0.5879564373042625,0.57371046595744,0.5084458697878081,0.4431812736181763,0.37791667744854435,0.3126520812789125
4055,0.04326251605801909,0.04908169821561838,0.059271125452270715,0.06946055268892304,0.07964997992557539,0.08983940716222773,0.10002883439888008,0.1467093195416705,0.19338980468446088,0.24007028982725132,0.28675077497004176,0.499578441059629,0.4937592589020297,0.48356983166537737,0.47338040442872503,0.4631909771920727,0.45300154995542036,0.442812122718768,0.3961316375759776,0.3494511524331872,0.30277066729039676,0.2560901821476063
4056,0.031367184720614005,0.03558634204876214,0.04297411500909338,0.050361887969424625,0.057749660929755864,0.0651374338900871,0.07252520685041834,0.10637056615310214,0.14021592545578596,0.17406128475846977,0.20790664406115364,0.38513873965896495,0.3809195823308168,0.3735318093704856,0.36614403641015436,0.35875626344982314,0.3513684904894919,0.3439807175291607,0.3101353582264769,0.27628999892379313,0.24244463962110932,0.20859928031842545
4057,0.027541528392130105,0.031246101893993974,0.037732835101129916,0.04421956830826585,0.05070630151540179,0.057193034722537735,0.06367976792967367,0.09339722368731823,0.1231146794449628,0.15283213520260736,0.18254959096025195,0.2947264391013124,0.29102186559944854,0.2845351323923126,0.27804839918517665,0.2715616659780407,0.26507493277090477,0.25858819956376883,0.22887074380612427,0.1991532880484797,0.16943583229083514,0.13971837653319055
4058,0.021214760756460276,0.024068329353953997,0.029064947229369295,0.03406156510478459,0.03905818298019989,0.04405480085561519,0.049051418731030486,0.07194225852804301,0.09483309832505553,0.11772393812206808,0.1406147779190806,0.2196416620198345,0.2167880934223408,0.21179147554692548,0.20679485767151018,0.20179823979609487,0.19680162192067957,0.19180500404526427,0.16891416424825173,0.14602332445123922,0.12313248465422667,0.10024164485721414
4059,0.017379901386824617,0.01971764826949346,0.023811058840523276,0.02790446941155309,0.03199787998258291,0.03609129055361272,0.04018470112464254,0.058937707246218926,0.07769071336779533,0.09644371948937172,0.11519672561094813,0.1725522635160582,0.17021451663338938,0.16612110606235955,0.16202769549132973,0.1579342849202999,0.15384087434927007,0.14974746377824025,0.13099445765666387,0.11224145153508747,0.09348844541351108,0.07473543929193467
4060,0.018861538995962508,0.02139857893702769,0.025840952998510806,0.030283327059993915,0.03472570112147703,0.03916807518296014,0.04361044924444325,0.0639621502340575,0.08431385122367176,0.10466555221328604,0.1250172532029003,0.16219714722554288,0.1596601072844777,0.15521773322299456,0.15077535916151147,0.14633298510002835,0.14189061103854522,0.1374482369770621,0.11709653598744785,0.0967448349978336,0.07639313400821932,0.05604143301860505
4061,0.06031042844298219,0.06842270209442457,0.08262734801485494,0.09683199393528533,0.1110366398557157,0.1252412857761461,0.1394459316965765,0.20452120506052845,0.2695964784244804,0.33467175178843245,0.39974702515238447,0.4566317751531136,0.4485195015016712,0.43431485558124083,0.4201102096608105,0.4059055637403801,0.3917009178199497,0.3774962718995193,0.3124209985355673,0.24734572517161535,0.18227045180766333,0.1171951784437113
4062,0.30895518501738617,0.35051232648691727,0.4232791617051753,0.4960459969234333,0.5688128321416914,0.6415796673599494,0.7143465025782075,1.0477107919933368,1.3810750814084662,1.7144393708235957,2.0478036602387255,2.1024107163262697,2.0608535748567385,1.9880867396384805,1.9153199044202225,1.8425530692019643,1.7697862339837063,1.6970193987654483,1.363655109350319,1.0302908199351897,0.6969265305200603,0.3635622411049304
4063,1.1612949269476076,1.3174991271273024,1.5910137359992662,1.8645283448712298,2.1380429537431938,2.4115575626151577,2.685072171487121,3.9381155800368046,5.191158988586489,6.444202397136173,7.697245805685856,8.797592590406415,8.64138839022672,8.367873781354756,8.094359172482793,7.820844563610829,7.547329954738865,7.273815345866902,6.020771937317218,4.767728528767535,3.514685120217851,2.261641711668167
4064,2.8365400828547638,3.218079229059924,3.8861568494030205,4.554234469746118,5.222312090089215,5.890389710432311,6.558467330775408,9.61910918103339,12.679751031291374,15.74039288154936,18.801034731807345,21.40384848736475,21.02230934115959,20.354231720816493,19.686154100473395,19.018076480130297,18.3499988597872,17.6819212394441,14.621279389186117,11.560637538928134,8.499995688670149,5.439353838412163
4065,4.187241305649756,4.750461435119857,5.736663683482037,6.722865931844216,7.709068180206397,8.695270428568575,9.681472676930756,14.199528337297998,18.717583997665233,23.23563965803248,27.75369531839972,32.29130966000392,31.72808953053382,30.74188728217164,29.75568503380946,28.76948278544728,27.7832805370851,26.797078288722922,22.27902262835568,17.760966967988445,13.242911307621199,8.724855647253957
4066,4.1224380187469025,4.6769415462886,5.647880965838258,6.618820385387915,7.5897598049375725,8.56069922448723,9.53163864403689,13.979771212843394,18.427903781649896,22.876036350456406,27.324168919262913,32.91035711924829,32.35585359170659,31.384914172156932,30.413974752607274,29.443035333057615,28.472095913507957,27.501156493958298,23.053023925151795,18.60489135634529,14.15675878753878,9.708626218732274
4067,3.351595880008395,3.8024144805325077,4.591800893015079,5.381187305497649,6.170573717980221,6.959960130462791,7.7493465429453625,11.365736340329079,14.982126137712793,18.59851593509651,22.21490573248023,27.356769827551037,26.905951227026925,26.116564814544354,25.327178402061783,24.537791989579212,23.74840557709664,22.95901916461407,19.34262936723035,15.726239569846637,12.109849772462919,8.493459975079201
4068,2.9910124143164416,3.3933294236000933,4.097789222441407,4.80224902128272,5.506708820124034,6.211168618965348,6.915628417806662,10.142946736074473,13.370265054342282,16.597583372610092,19.82490169087791,24.2284335048095,23.82611649552585,23.121656696684536,22.417196897843223,21.71273709900191,21.008277300160596,20.303817501319283,17.076499183051475,13.849180864783666,10.621862546515855,7.394544228248039
4069,2.7047846416677372,3.0686015427890947,3.7056473923676854,4.342693241946275,4.979739091524866,5.6167849411034565,6.253830790682048,9.172307818474215,12.090784846266383,15.009261874058554,17.92773890185072,22.802692522038395,22.438875620917038,21.801829771338447,21.164783921759856,20.527738072181265,19.890692222602674,19.253646373024083,16.335169345231915,13.416692317439747,10.498215289647575,7.579738261855409
4070,2.20733046474823,2.5042354815337093,3.0241181699939683,3.544000858454227,4.063883546914486,4.583766235374744,5.103648923835004,7.485370246439614,9.867091569044224,12.248812891648836,14.630534214253444,19.724931122724897,19.428026105939416,18.908143417479156,18.388260729018896,17.868378040558635,17.348495352098375,16.828612663638115,14.446891341033504,12.065170018428894,9.683448695824282,7.3017273732196735
4071,1.677916042855984,1.903610246250039,2.298802319798513,2.693994393346985,3.0891864668954585,3.484378540443932,3.879570613992405,5.690050956937462,7.500531299882518,9.311011642827577,11.121491985772634,14.871256559632515,14.645562356238461,14.250370282689987,13.855178209141515,13.459986135593041,13.064794062044568,12.669601988496094,10.859121645551037,9.04864130260598,7.238160959660921,5.427680616715864
4072,1.1172675321315855,1.2675496673528908,1.5306947005095728,1.7938397336662546,2.0569847668229366,2.3201297999796187,2.583274833136301,3.7888124482913326,4.9943500634463645,6.199887678601396,7.405425293756428,10.033161309414842,9.882879174193537,9.619734141036854,9.356589107880172,9.09344407472349,8.830299041566807,8.567154008410125,7.361616393255093,6.156078778100062,4.95054116294503,3.745003547789998
4073,0.6682540838903488,0.7581400312657272,0.9155309318380566,1.0729218324103855,1.2303127329827148,1.3877036335550441,1.5450945341273732,2.2661442482220826,2.987193962316792,3.7082436764115014,4.429293390506211,6.0734388854665,5.983552938091121,5.826162037518792,5.668771136946463,5.5113802363741335,5.3539893358018045,5.196598435229475,4.475548721134766,3.7544990070400566,3.033449292945347,2.3123995788506377
4074,0.4397550001969972,0.4989058467966161,0.6024793784527985,0.7060529101089809,0.8096264417651632,0.9131999734213457,1.016773505077528,1.4912714914090162,1.9657694777405041,2.4402674640719924,2.9147654504034803,3.6846018562989733,3.625451009699354,3.5218774780431716,3.418303946386989,3.314730414730807,3.2111568830746244,3.1075833514184423,2.633085365086954,2.158587378755466,1.6840893924239777,1.2095914060924897
4075,0.286284866305672,0.32479265405806435,0.39222005033488544,0.4596474466117065,0.5270748428885276,0.5945022391653487,0.6619296354421698,0.9708325302776295,1.2797354251130895,1.5886383199485492,1.8975412147840094,2.22844041223525,2.1899326244828576,2.1225052282060366,2.0550778319292156,1.9876504356523945,1.9202230393755735,1.8527956430987524,1.5438927482632927,1.2349898534278327,0.926086958592373,0.6171840637569128
4076,0.1600000684787465,0.18152145994052682,0.21920556165659857,0.25688966337267033,0.2945737650887421,0.33225786680481384,0.3699419685208856,0.5425828942000834,0.7152238198792811,0.887864745558479,1.0605056712376768,1.3303544742870113,1.308833082825231,1.2711489811091592,1.2334648793930874,1.1957807776770155,1.1580966759609437,1.1204125742448718,0.947771648565674,0.7751307228864763,0.6024897972072784,0.4298488715280806
4077,0.0966650333943288,0.10966731548161278,0.1324343991801003,0.15520148287858784,0.17796856657707538,0.20073565027556292,0.2235027339740505,0.3278048196211218,0.432106905268193,0.5364089909152644,0.6407110765623357,0.8750441895076194,0.8620419074203355,0.8392748237218479,0.8165077400233604,0.7937406563248728,0.7709735726263852,0.7482064889278977,0.6439044032808263,0.5396023176337551,0.4353002319866837,0.3309981463396124
4078,0.060485888935644626,0.06862176353916513,0.08286773488598757,0.09711370623281,0.11135967757963244,0.1256056489264549,0.13985162027327736,0.2051162164429092,0.27038081261254104,0.33564540878217297,0.40091000495180484,0.6530761972950729,0.6449403226915524,0.63069435134473,0.6164483799979075,0.602202408651085,0.5879564373042625,0.57371046595744,0.5084458697878081,0.4431812736181763,0.37791667744854435,0.3126520812789125
4079,0.04326251605801909,0.04908169821561838,0.059271125452270715,0.06946055268892304,0.07964997992557539,0.08983940716222773,0.10002883439888008,0.1467093195416705,0.19338980468446088,0.24007028982725132,0.28675077497004176,0.499578441059629,0.4937592589020297,0.48356983166537737,0.47338040442872503,0.4631909771920727,0.45300154995542036,0.442812122718768,0.3961316375759776,0.3494511524331872,0.30277066729039676,0.2560901821476063
4080,0.031367184720614005,0.03558634204876214,0.04297411500909338,0.050361887969424625,0.057749660929755864,0.0651374338900871,0.07252520685041834,0.10637056615310214,0.14021592545578596,0.17406128475846977,0.20790664406115364,0.38513873965896495,0.3809195823308168,0.3735318093704856,0.36614403641015436,0.35875626344982314,0.3513684904894919,0.3439807175291607,0.3101353582264769,0.27628999892379313,0.24244463962110932,0.20859928031842545
4081,0.027541528392130105,0.031246101893993974,0.037732835101129916,0.04421956830826585,0.05070630151540179,0.057193034722537735,0.06367976792967367,0.09339722368731823,0.1231146794449628,0.15283213520260736,0.18254959096025195,0.2947264391013124,0.29102186559944854,0.2845351323923126,0.27804839918517665,0.2715616659780407,0.26507493277090477,0.25858819956376883,0.22887074380612427,0.1991532880484797,0.16943583229083514,0.13971837653319055
4082,0.021214760756460276,0.024068329353953997,0.029064947229369295,0.03406156510478459,0.03905818298019989,0.04405480085561519,0.049051418731030486,0.07194225852804301,0.09483309832505553,0.11772393812206808,0.1406147779190806,0.2196416620198345,0.2167880934223408,0.21179147554692548,0.20679485767151018,0.20179823979609487,0.19680162192067957,0.19180500404526427,0.16891416424825173,0.14602332445123922,0.12313248465422667,0.10024164485721414
4083,0.017379901386824617,0.01971764826949346,0.023811058840523276,0.02790446941155309,0.03199787998258291,0.03609129055361272,0.04018470112464254,0.058937707246218926,0.07769071336779533,0.09644371948937172,0.11519672561094813,0.1725522635160582,0.17021451663338938,0.16612110606235955,0.16202769549132973,0.1579342849202999,0.15384087434927007,0.14974746377824025,0.13099445765666387,0.11224145153508747,0.09348844541351108,0.07473543929193467
4084,0.018861538995962508,0.02139857893702769,0.025840952998510806,0.030283327059993915,0.03472570112147703,0.03916807518296014,0.04361044924444325,0.0639621502340575,0.08431385122367176,0.10466555221328604,0.1250172532029003,0.16219714722554288,0.1596601072844777,0.15521773322299456,0.15077535916151147,0.14633298510002835,0.14189061103854522,0.1374482369770621,0.11709653598744785,0.0967448349978336,0.07639313400821932,0.05604143301860505
4085,0.06031042844298219,0.06842270209442457,0.08262734801485494,0.09683199393528533,0.1110366398557157,0.1252412857761461,0.1394459316965765,0.20452120506052845,0.2695964784244804,0.33467175178843245,0.39974702515238447,0.4566317751531136,0.4485195015016712,0.43431485558124083,0.4201102096608105,0.4059055637403801,0.3917009178199497,0.3774962718995193,0.3124209985355673,0.24734572517161535,0.18227045180766333,0.1171951784437113
4086,0.30895518501738617,0.35051232648691727,0.4232791617051753,0.4960459969234333,0.5688128321416914,0.6415796673599494,0.7143465025782075,1.0477107919933368,1.3810750814084662,1.7144393708235957,2.0478036602387255,2.1024107163262697,2.0608535748567385,1.9880867396384805,1.9153199044202225,1.8425530692019643,1.7697862339837063,1.6970193987654483,1.363655109350319,1.0302908199351897,0.6969265305200603,0.3635622411049304
4087,1.1612949269476076,1.3174991271273024,1.5910137359992662,1.8645283448712298,2.1380429537431938,2.4115575626151577,2.685072171487121,3.9381155800368046,5.191158988586489,6.444202397136173,7.697245805685856,8.797592590406415,8.64138839022672,8.367873781354756,8.094359172482793,7.820844563610829,7.547329954738865,7.273815345866902,6.020771937317218,4.767728528767535,3.514685120217851,2.261641711668167
4088,2.8365400828547638,3.218079229059924,3.8861568494030205,4.554234469746118,5.222312090089215,5.890389710432311,6.558467330775408,9.61910918103339,12.679751031291374,15.74039288154936,18.801034731807345,21.40384848736475,21.02230934115959,20.354231720816493,19.686154100473395,19.018076480130297,18.3499988597872,17.6819212394441,14.621279389186117,11.560637538928134,8.499995688670149,5.439353838412163
4089,4.187241305649756,4.750461435119857,5.736663683482037,6.722865931844216,7.709068180206397,8.695270428568575,9.681472676930756,14.199528337297998,18.717583997665233,23.23563965803248,27.75369531839972,32.29130966000392,31.72808953053382,30.74188728217164,29.75568503380946,28.76948278544728,27.7832805370851,26.797078288722922,22.27902262835568,17.760966967988445,13.242911307621199,8.724855647253957
4090,4.1224380187469025,4.6769415462886,5.647880965838258,6.618820385387915,7.5897598049375725,8.56069922448723,9.53163864403689,13.979771212843394,18.427903781649896,22.876036350456406,27.324168919262913,32.91035711924829,32.35585359170659,31.384914172156932,30.413974752607274,29.443035333057615,28.472095913507957,27.501156493958298,23.053023925151795,18.60489135634529,14.15675878753878,9.708626218732274
4091,3.351595880008395,3.8024144805325077,4.591800893015079,5.381187305497649,6.170573717980221,6.959960130462791,7.7493465429453625,11.365736340329079,14.982126137712793,18.59851593509651,22.21490573248023,27.356769827551037,26.905951227026925,26.116564814544354,25.327178402061783,24.537791989579212,23.74840557709664,22.95901916461407,19.34262936723035,15.726239569846637,12.109849772462919,8.493459975079201
4092,2.9910124143164416,3.3933294236000933,4.097789222441407,4.80224902128272,5.506708820124034,6.211168618965348,6.915628417806662,10.142946736074473,13.370265054342282,16.597583372610092,19.82490169087791,24.2284335048095,23.82611649552585,23.121656696684536,22.417196897843223,21.71273709900191,21.008277300160596,20.303817501319283,17.076499183051475,13.849180864783666,10.621862546515855,7.394544228248039
4093,2.7047846416677372,3.0686015427890947,3.7056473923676854,4.342693241946275,4.979739091524866,5.6167849411034565,6.253830790682048,9.172307818474215,12.090784846266383,15.009261874058554,17.92773890185072,22.802692522038395,22.438875620917038,21.801829771338447,21.164783921759856,20.527738072181265,19.890692222602674,19.253646373024083,16.335169345231915,13.416692317439747,10.498215289647575,7.579738261855409
4094,2.20733046474823,2.5042354815337093,3.0241181699939683,3.544000858454227,4.063883546914486,4.583766235374744,5.103648923835004,7.485370246439614,9.867091569044224,12.248812891648836,14.630534214253444,19.724931122724897,19.428026105939416,18.908143417479156,18.388260729018896,17.868378040558635,17.348495352098375,16.828612663638115,14.446891341033504,12.065170018428894,9.683448695824282,7.3017273732196735
4095,1.677916042855984,1.903610246250039,2.298802319798513,2.693994393346985,3.0891864668954585,3.484378540443932,3.879570613992405,5.690050956937462,7.500531299882518,9.311011642827577,11.121491985772634,14.871256559632515,14.645562356238461,14.250370282689987,13.855178209141515,13.459986135593041,13.064794062044568,12.669601988496094,10.859121645551037,9.04864130260598,7.238160959660921,5.427680616715864
4096,1.1172675321315855,1.2675496673528908,1.5306947005095728,1.7938397336662546,2.0569847668229366,2.3201297999796187,2.583274833136301,3.7888124482913326,4.9943500634463645,6.199887678601396,7.405425293756428,10.033161309414842,9.882879174193537,9.619734141036854,9.356589107880172,9.09344407472349,8.830299041566807,8.567154008410125,7.361616393255093,6.156078778100062,4.95054116294503,3.745003547789998
4097,0.6682540838903488,0.7581400312657272,0.9155309318380566,1.0729218324103855,1.2303127329827148,1.3877036335550441,1.5450945341273732,2.2661442482220826,2.987193962316792,3.7082436764115014,4.429293390506211,6.0734388854665,5.983552938091121,5.826162037518792,5.668771136946463,5.5113802363741335,5.3539893358018045,5.196598435229475,4.475548721134766,3.7544990070400566,3.033449292945347,2.3123995788506377
4098,0.4397550001969972,0.4989058467966161,0.6024793784527985,0.7060529101089809,0.8096264417651632,0.9131999734213457,1.016773505077528,1.4912714914090162,1.9657694777405041,2.4402674640719924,2.9147654504034803,3.6846018562989733,3.625451009699354,3.5218774780431716,3.418303946386989,3.314730414730807,3.2111568830746244,3.1075833514184423,2.633085365086954,2.158587378755466,1.6840893924239777,1.2095914060924897
4099,0.286284866305672,0.32479265405806435,0.39222005033488544,0.4596474466117065,0.5270748428885276,0.5945022391653487,0.6619296354421698,0.9708325302776295,1.2797354251130895,1.5886383199485492,1.8975412147840094,2.22844041223525,2.1899326244828576,2.1225052282060366,2.0550778319292156,1.9876504356523945,1.9202230393755735,1.8527956430987524,1.5438927482632927,1.2349898534278327,0.926086958592373,0.6171840637569128
4100,0.1600000684787465,0.18152145994052682,0.21920556165659857,0.25688966337267033,0.2945737650887421,0.33225786680481384,0.3699419685208856,0.5425828942000834,0.7152238198792811,0.887864745558479,1.0605056712376768,1.3303544742870113,1.308833082825231,1.2711489811091592,1.2334648793930874,1.1957807776770155,1.1580966759609437,1.1204125742448718,0.947771648565674,0.7751307228864763,0.6024897972072784,0.4298488715280806
4101,0.0966650333943288,0.10966731548161278,0.1324343991801003,0.15520148287858784,0.17796856657707538,0.20073565027556292,0.2235027339740505,0.3278048196211218,0.432106905268193,0.5364089909152644,0.6407110765623357,0.8750441895076194,0.8620419074203355,0.8392748237218479,0.8165077400233604,0.7937406563248728,0.7709735726263852,0.7482064889278977,0.6439044032808263,0.5396023176337551,0.4353002319866837,0.3309981463396124
4102,0.060485888935644626,0.06862176353916513,0.08286773488598757,0.09711370623281,0.11135967757963244,0.1256056489264549,0.13985162027327736,0.2051162164429092,0.27038081261254104,0.33564540878217297,0.40091000495180484,0.6530761972950729,0.6449403226915524,0.63069435134473,0.6164483799979075,0.602202408651085,0.5879564373042625,0.57371046595744,0.5084458697878081,0.4431812736181763,0.37791667744854435,0.3126520812789125
4103,0.04326251605801909,0.04908169821561838,0.059271125452270715,0.06946055268892304,0.07964997992557539,0.08983940716222773,0.10002883439888008,0.1467093195416705,0.19338980468446088,0.24007028982725132,0.28675077497004176,0.499578441059629,0.4937592589020297,0.48356983166537737,0.47338040442872503,0.4631909771920727,0.45300154995542036,0.442812122718768,0.3961316375759776,0.3494511524331872,0.30277066729039676,0.2560901821476063
4104,0.031367184720614005,0.03558634204876214,0.04297411500909338,0.050361887969424625,0.057749660929755864,0.0651374338900871,0.07252520685041834,0.10637056615310214,0.14021592545578596,0.17406128475846977,0.20790664406115364,0.38513873965896495,0.3809195823308168,0.3735318093704856,0.36614403641015436,0.35875626344982314,0.3513684904894919,0.3439807175291607,0.3101353582264769,0.27628999892379313,0.24244463962110932,0.20859928031842545
4105,0.027541528392130105,0.031246101893993974,0.037732835101129916,0.04421956830826585,0.05070630151540179,0.057193034722537735,0.06367976792967367,0.09339722368731823,0.1231146794449628,0.15283213520260736,0.18254959096025195,0.2947264391013124,0.29102186559944854,0.2845351323923126,0.27804839918517665,0.2715616659780407,0.26507493277090477,0.25858819956376883,0.22887074380612427,0.1991532880484797,0.16943583229083514,0.13971837653319055
4106,0.021214760756460276,0.024068329353953997,0.029064947229369295,0.03406156510478459,0.03905818298019989,0.04405480085561519,0.049051418731030486,0.07194225852804301,0.09483309832505553,0.11772393812206808,0.1406147779190806,0.2196416620198345,0.2167880934223408,0.21179147554692548,0.20679485767151018,0.20179823979609487,0.19680162192067957,0.19180500404526427,0.16891416424825173,0.14602332445123922,0.12313248465422667,0.10024164485721414
4107,0.017379901386824617,0.01971764826949346,0.023811058840523276,0.02790446941155309,0.03199787998258291,0.03609129055361272,0.04018470112464254,0.058937707246218926,0.07769071336779533,0.09644371948937172,0.11519672561094813,0.1725522635160582,0.17021451663338938,0.16612110606235955,0.16202769549132973,0.1579342849202999,0.15384087434927007,0.14974746377824025,0.13099445765666387,0.11224145153508747,0.09348844541351108,0.07473543929193467
4108,0.018861538995962508,0.02139857893702769,0.025840952998510806,0.030283327059993915,0.03472570112147703,0.03916807518296014,0.04361044924444325,0.0639621502340575,0.08431385122367176,0.10466555221328604,0.1250172532029003,0.16219714722554288,0.1596601072844777,0.15521773322299456,0.15077535916151147,0.14633298510002835,0.14189061103854522,0.1374482369770621,0.11709653598744785,0.0967448349978336,0.07639313400821932,0.05604143301860505
4109,0.06031042844298219,0.06842270209442457,0.08262734801485494,0.09683199393528533,0.1110366398557157,0.1252412857761461,0.1394459316965765,0.20452120506052845,0.2695964784244804,0.33467175178843245,0.39974702515238447,0.4566317751531136,0.4485195015016712,0.43431485558124083,0.4201102096608105,0.4059055637403801,0.3917009178199497,0.3774962718995193,0.3124209985355673,0.24734572517161535,0.18227045180766333,0.1171951784437113
4110,0.30895518501738617,0.35051232648691727,0.4232791617051753,0.4960459969234333,0.5688128321416914,0.6415796673599494,0.7143465025782075,1.0477107919933368,1.3810750814084662,1.7144393708235957,2.0478036602387255,2.1024107163262697,2.0608535748567385,1.9880867396384805,1.9153199044202225,1.8425530692019643,1.7697862339837063,1.6970193987654483,1.363655109350319,1.0302908199351897,0.6969265305200603,0.3635622411049304
4111,1.1612949269476076,1.3174991271273024,1.5910137359992662,1.8645283448712298,2.1380429537431938,2.4115575626151577,2.685072171487121,3.9381155800368046,5.191158988586489,6.444202397136173,7.697245805685856,8.797592590406415,8.64138839022672,8.367873781354756,8.094359172482793,7.820844563610829,7.547329954738865,7.273815345866902,6.020771937317218,4.767728528767535,3.514685120217851,2.261641711668167
4112,2.8365400828547638,3.218079229059924,3.8861568494030205,4.554234469746118,5.222312090089215,5.890389710432311,6.558467330775408,9.61910918103339,12.679751031291374,15.74039288154936,18.801034731807345,21.40384848736475,21.02230934115959,20.354231720816493,19.686154100473395,19.018076480130297,18.3499988597872,17.6819212394441,14.621279389186117,11.560637538928134,8.499995688670149,5.439353838412163
4113,4.187241305649756,4.750461435119857,5.736663683482037,6.722865931844216,7.709068180206397,8.695270428568575,9.681472676930756,14.199528337297998,18.717583997665233,23.23563965803248,27.75369531839972,32.29130966000392,31.72808953053382,30.74188728217164,29.75568503380946,28.76948278544728,27.7832805370851,26.797078288722922,22.27902262835568,17.760966967988445,13.242911307621199,8.724855647253957
4114,4.1224380187469025,4.6769415462886,5.647880965838258,6.618820385387915,7.5897598049375725,8.56069922448723,9.53163864403689,13.979771212843394,18.427903781649896,22.876036350456406,27.324168919262913,32.91035711924829,32.35585359170659,31.384914172156932,30.413974752607274,29.443035333057615,28.472095913507957,27.501156493958298,23.053023925151795,18.60489135634529,14.15675878753878,9.708626218732274
4115,3.351595880008395,3.8024144805325077,4.591800893015079,5.381187305497649,6.170573717980221,6.959960130462791,7.7493465429453625,11.365736340329079,14.982126137712793,18.59851593509651,22.21490573248023,27.356769827551037,26.905951227026925,26.116564814544354,25.327178402061783,24.537791989579212,23.74840557709664,22.95901916461407,19.34262936723035,15.726239569846637,12.109849772462919,8.493459975079201
4116,2.9910124143164416,3.3933294236000933,4.097789222441407,4.80224902128272,5.506708820124034,6.211168618965348,6.915628417806662,10.142946736074473,13.370265054342282,16.597583372610092,19.82490169087791,24.2284335048095,23.82611649552585,23.121656696684536,22.417196897843223,21.71273709900191,21.008277300160596,20.303817501319283,17.076499183051475,13.849180864783666,10.621862546515855,7.394544228248039
4117,2.7047846416677372,3.0686015427890947,3.7056473923676854,4.342693241946275,4.979739091524866,5.6167849411034565,6.253830790682048,9.172307818474215,12.090784846266383,15.009261874058554,17.92773890185072,22.802692522038395,22.438875620917038,21.801829771338447,21.164783921759856,20.527738072181265,19.890692222602674,19.253646373024083,16.335169345231915,13.416692317439747,10.498215289647575,7.579738261855409
4118,2.20733046474823,2.5042354815337093,3.0241181699939683,3.544000858454227,4.063883546914486,4.583766235374744,5.103648923835004,7.485370246439614,9.867091569044224,12.248812891648836,14.630534214253444,19.724931122724897,19.428026105939416,18.908143417479156,18.388260729018896,17.868378040558635,17.348495352098375,16.828612663638115,14.446891341033504,12.065170018428894,9.683448695824282,7.3017273732196735
4119,1.677916042855984,1.903610246250039,2.298802319798513,2.693994393346985,3.0891864668954585,3.484378540443932,3.879570613992405,5.690050956937462,7.500531299882518,9.311011642827577,11.121491985772634,14.871256559632515,14.645562356238461,14.250370282689987,13.855178209141515,13.459986135593041,13.064794062044568,12.669601988496094,10.859121645551037,9.04864130260598,7.238160959660921,5.427680616715864
4120,1.1172675321315855,1.2675496673528908,1.5306947005095728,1.7938397336662546,2.0569847668229366,2.3201297999796187,2.583274833136301,3.7888124482913326,4.9943500634463645,6.199887678601396,7.405425293756428,10.033161309414842,9.882879174193537,9.619734141036854,9.356589107880172,9.09344407472349,8.830299041566807,8.567154008410125,7.361616393255093,6.156078778100062,4.95054116294503,3.745003547789998
4121,0.6682540838903488,0.7581400312657272,0.9155309318380566,1.0729218324103855,1.2303127329827148,1.3877036335550441,1.5450945341273732,2.2661442482220826,2.987193962316792,3.7082436764115014,4.429293390506211,6.0734388854665,5.983552938091121,5.826162037518792,5.668771136946463,5.5113802363741335,5.3539893358018045,5.196598435229475,4.475548721134766,3.7544990070400566,3.033449292945347,2.3123995788506377
4122,0.4397550001969972,0.4989058467966161,0.6024793784527985,0.7060529101089809,0.8096264417651632,0.9131999734213457,1.016773505077528,1.4912714914090162,1.9657694777405041,2.4402674640719924,2.9147654504034803,3.6846018562989733,3.625451009699354,3.5218774780431716,3.418303946386989,3.314730414730807,3.2111568830746244,3.1075833514184423,2.633085365086954,2.158587378755466,1.6840893924239777,1.2095914060924897
4123,0.286284866305672,0.32479265405806435,0.39222005033488544,0.4596474466117065,0.5270748428885276,0.5945022391653487,0.6619296354421698,0.9708325302776295,1.2797354251130895,1.5886383199485492,1.8975412147840094,2.22844041223525,2.1899326244828576,2.1225052282060366,2.0550778319292156,1.9876504356523945,1.9202230393755735,1.8527956430987524,1.5438927482632927,1.2349898534278327,0.926086958592373,0.6171840637569128
4124,0.1600000684787465,0.18152145994052682,0.21920556165659857,0.25688966337267033,0.2945737650887421,0.33225786680481384,0.3699419685208856,0.5425828942000834,0.7152238198792811,0.887864745558479,1.0605056712376768,1.3303544742870113,1.308833082825231,1.2711489811091592,1.2334648793930874,1.1957807776770155,1.1580966759609437,1.1204125742448718,0.947771648565674,0.7751307228864763,0.6024897972072784,0.4298488715280806
4125,0.0966650333943288,0.10966731548161278,0.1324343991801003,0.15520148287858784,0.17796856657707538,0.20073565027556292,0.2235027339740505,0.3278048196211218,0.432106905268193,0.5364089909152644,0.6407110765623357,0.8750441895076194,0.8620419074203355,0.8392748237218479,0.8165077400233604,0.7937406563248728,0.7709735726263852,0.7482064889278977,0.6439044032808263,0.5396023176337551,0.4353002319866837,0.3309981463396124
4126,0.060485888935644626,0.06862176353916513,0.08286773488598757,0.09711370623281,0.11135967757963244,0.1256056489264549,0.13985162027327736,0.2051162164429092,0.27038081261254104,0.33564540878217297,0.40091000495180484,0.6530761972950729,0.6449403226915524,0.63069435134473,0.6164483799979075,0.602202408651085,0.5879564373042625,0.57371046595744,0.5084458697878081,0.4431812736181763,0.37791667744854435,0.3126520812789125
4127,0.04326251605801909,0.04908169821561838,0.059271125452270715,0.06946055268892304,0.07964997992557539,0.08983940716222773,0.10002883439888008,0.1467093195416705,0.19338980468446088,0.24007028982725132,0.28675077497004176,0.499578441059629,0.4937592589020297,0.48356983166537737,0.47338040442872503,0.4631909771920727,0.45300154995542036,0.442812122718768,0.3961316375759776,0.3494511524331872,0.30277066729039676,0.2560901821476063
4128,0.031367184720614005,0.03558634204876214,0.04297411500909338,0.050361887969424625,0.057749660929755864,0.0651374338900871,0.07252520685041834,0.10637056615310214,0.14021592545578596,0.17406128475846977,0.20790664406115364,0.38513873965896495,0.3809195823308168,0.3735318093704856,0.36614403641015436,0.35875626344982314,0.3513684904894919,0.3439807175291607,0.3101353582264769,0.27628999892379313,0.24244463962110932,0.20859928031842545
4129,0.027541528392130105,0.031246101893993974,0.037732835101129916,0.04421956830826585,0.05070630151540179,0.057193034722537735,0.06367976792967367,0.09339722368731823,0.1231146794449628,0.15283213520260736,0.18254959096025195,0.2947264391013124,0.29102186559944854,0.2845351323923126,0.27804839918517665,0.2715616659780407,0.26507493277090477,0.25858819956376883,0.22887074380612427,0.1991532880484797,0.16943583229083514,0.13971837653319055
4130,0.021214760756460276,0.024068329353953997,0.029064947229369295,0.03406156510478459,0.03905818298019989,0.04405480085561519,0.049051418731030486,0.07194225852804301,0.09483309832505553,0.11772393812206808,0.1406147779190806,0.2196416620198345,0.2167880934223408,0.21179147554692548,0.20679485767151018,0.20179823979609487,0.19680162192067957,0.19180500404526427,0.16891416424825173,0.14602332445123922,0.12313248465422667,0.10024164485721414
4131,0.017379901386824617,0.01971764826949346,0.023811058840523276,0.02790446941155309,0.03199787998258291,0.03609129055361272,0.04018470112464254,0.058937707246218926,0.07769071336779533,0.09644371948937172,0.11519672561094813,0.1725522635160582,0.17021451663338938,0.16612110606235955,0.16202769549132973,0.1579342849202999,0.15384087434927007,0.14974746377824025,0.13099445765666387,0.11224145153508747,0.09348844541351108,0.07473543929193467
4132,0.018861538995962508,0.02139857893702769,0.025840952998510806,0.030283327059993915,0.03472570112147703,0.03916807518296014,0.04361044924444325,0.0639621502340575,0.08431385122367176,0.10466555221328604,0.1250172532029003,0.16219714722554288,0.1596601072844777,0.15521773322299456,0.15077535916151147,0.14633298510002835,0.14189061103854522,0.1374482369770621,0.11709653598744785,0.0967448349978336,0.07639313400821932,0.05604143301860505
4133,0.06031042844298219,0.06842270209442457,0.08262734801485494,0.09683199393528533,0.1110366398557157,0.1252412857761461,0.1394459316965765,0.20452120506052845,0.2695964784244804,0.33467175178843245,0.39974702515238447,0.4566317751531136,0.4485195015016712,0.43431485558124083,0.4201102096608105,0.4059055637403801,0.3917009178199497,0.3774962718995193,0.3124209985355673,0.24734572517161535,0.18227045180766333,0.1171951784437113
4134,0.30895518501738617,0.35051232648691727,0.4232791617051753,0.4960459969234333,0.5688128321416914,0.6415796673599494,0.7143465025782075,1.0477107919933368,1.3810750814084662,1.7144393708235957,2.0478036602387255,2.1024107163262697,2.0608535748567385,1.9880867396384805,1.9153199044202225,1.8425530692019643,1.7697862339837063,1.6970193987654483,1.363655109350319,1.0302908199351897,0.6969265305200603,0.3635622411049304
4135,1.1612949269476076,1.3174991271273024,1.5910137359992662,1.8645283448712298,2.1380429537431938,2.4115575626151577,2.685072171487121,3.9381155800368046,5.191158988586489,6.444202397136173,7.697245805685856,8.797592590406415,8.64138839022672,8.367873781354756,8.094359172482793,7.820844563610829,7.547329954738865,7.273815345866902,6.020771937317218,4.767728528767535,3.514685120217851,2.261641711668167
4136,2.8365400828547638,3.218079229059924,3.8861568494030205,4.554234469746118,5.222312090089215,5.890389710432311,6.558467330775408,9.61910918103339,12.679751031291374,15.74039288154936,18.801034731807345,21.40384848736475,21.02230934115959,20.354231720816493,19.686154100473395,19.018076480130297,18.3499988597872,17.6819212394441,14.621279389186117,11.560637538928134,8.499995688670149,5.439353838412163
4137,4.187241305649756,4.750461435119857,5.736663683482037,6.722865931844216,7.709068180206397,8.695270428568575,9.681472676930756,14.199528337297998,18.717583997665233,23.23563965803248,27.75369531839972,32.29130966000392,31.72808953053382,30.74188728217164,29.75568503380946,28.76948278544728,27.7832805370851,26.797078288722922,22.27902262835568,17.760966967988445,13.242911307621199,8.724855647253957
4138,4.1224380187469025,4.6769415462886,5.647880965838258,6.618820385387915,7.5897598049375725,8.56069922448723,9.53163864403689,13.979771212843394,18.427903781649896,22.876036350456406,27.324168919262913,32.91035711924829,32.35585359170659,31.384914172156932,30.413974752607274,29.443035333057615,28.472095913507957,27.501156493958298,23.053023925151795,18.60489135634529,14.15675878753878,9.708626218732274
4139,3.351595880008395,3.8024144805325077,4.591800893015079,5.381187305497649,6.170573717980221,6.959960130462791,7.7493465429453625,11.365736340329079,14.982126137712793,18.59851593509651,22.21490573248023,27.356769827551037,26.905951227026925,26.116564814544354,25.327178402061783,24.537791989579212,23.74840557709664,22.95901916461407,19.34262936723035,15.726239569846637,12.109849772462919,8.493459975079201
4140,2.9910124143164416,3.3933294236000933,4.097789222441407,4.80224902128272,5.506708820124034,6.211168618965348,6.915628417806662,10.142946736074473,13.370265054342282,16.597583372610092,19.82490169087791,24.2284335048095,23.82611649552585,23.121656696684536,22.417196897843223,21.71273709900191,21.008277300160596,20.303817501319283,17.076499183051475,13.849180864783666,10.621862546515855,7.394544228248039
4141,2.7047846416677372,3.0686015427890947,3.7056473923676854,4.342693241946275,4.979739091524866,5.6167849411034565,6.253830790682048,9.172307818474215,12.090784846266383,15.009261874058554,17.92773890185072,22.802692522038395,22.438875620917038,21.801829771338447,21.164783921759856,20.527738072181265,19.890692222602674,19.253646373024083,16.335169345231915,13.416692317439747,10.498215289647575,7.579738261855409
4142,2.20733046474823,2.5042354815337093,3.0241181699939683,3.544000858454227,4.063883546914486,4.583766235374744,5.103648923835004,7.485370246439614,9.867091569044224,12.248812891648836,14.630534214253444,19.724931122724897,19.428026105939416,18.908143417479156,18.388260729018896,17.868378040558635,17.348495352098375,16.828612663638115,14.446891341033504,12.065170018428894,9.683448695824282,7.3017273732196735
4143,1.677916042855984,1.903610246250039,2.298802319798513,2.693994393346985,3.0891864668954585,3.484378540443932,3.879570613992405,5.690050956937462,7.500531299882518,9.311011642827577,11.121491985772634,14.871256559632515,14.645562356238461,14.250370282689987,13.855178209141515,13.459986135593041,13.064794062044568,12.669601988496094,10.859121645551037,9.04864130260598,7.238160959660921,5.427680616715864
4144,1.1172675321315855,1.2675496673528908,1.5306947005095728,1.7938397336662546,2.0569847668229366,2.3201297999796187,2.583274833136301,3.7888124482913326,4.9943500634463645,6.199887678601396,7.405425293756428,10.033161309414842,9.882879174193537,9.619734141036854,9.356589107880172,9.09344407472349,8.830299041566807,8.567154008410125,7.361616393255093,6.156078778100062,4.95054116294503,3.745003547789998
4145,0.6682540838903488,0.7581400312657272,0.9155309318380566,1.0729218324103855,1.2303127329827148,1.3877036335550441,1.5450945341273732,2.2661442482220826,2.987193962316792,3.7082436764115014,4.429293390506211,6.0734388854665,5.983552938091121,5.826162037518792,5.668771136946463,5.5113802363741335,5.3539893358018045,5.196598435229475,4.475548721134766,3.7544990070400566,3.033449292945347,2.3123995788506377
4146,0.4397550001969972,0.4989058467966161,0.6024793784527985,0.7060529101089809,0.8096264417651632,0.9131999734213457,1.016773505077528,1.4912714914090162,1.9657694777405041,2.4402674640719924,2.9147654504034803,3.6846018562989733,3.625451009699354,3.5218774780431716,3.418303946386989,3.314730414730807,3.2111568830746244,3.1075833514184423,2.633085365086954,2.158587378755466,1.6840893924239777,1.2095914060924897
4147,0.286284866305672,0.32479265405806435,0.39222005033488544,0.4596474466117065,0.5270748428885276,0.5945022391653487,0.6619296354421698,0.9708325302776295,1.2797354251130895,1.5886383199485492,1.8975412147840094,2.22844041223525,2.1899326244828576,2.1225052282060366,2.0550778319292156,1.9876504356523945,1.9202230393755735,1.8527956430987524,1.5438927482632927,1.2349898534278327,0.926086958592373,0.6171840637569128
4148,0.1600000684787465,0.18152145994052682,0.21920556165659857,0.25688966337267033,0.2945737650887421,0.33225786680481384,0.3699419685208856,0.5425828942000834,0.7152238198792811,0.887864745558479,1.0605056712376768,1.3303544742870113,1.308833082825231,1.2711489811091592,1.2334648793930874,1.1957807776770155,1.1580966759609437,1.1204125742448718,0.947771648565674,0.7751307228864763,0.6024897972072784,0.4298488715280806
4149,0.0966650333943288,0.10966731548161278,0.1324343991801003,0.15520148287858784,0.17796856657707538,0.20073565027556292,0.2235027339740505,0.3278048196211218,0.432106905268193,0.5364089909152644,0.6407110765623357,0.8750441895076194,0.8620419074203355,0.8392748237218479,0.8165077400233604,0.7937406563248728,0.7709735726263852,0.7482064889278977,0.6439044032808263,0.5396023176337551,0.4353002319866837,0.3309981463396124
4150,0.060485888935644626,0.06862176353916513,0.08286773488598757,0.09711370623281,0.11135967757963244,0.1256056489264549,0.13985162027327736,0.2051162164429092,0.27038081261254104,0.33564540878217297,0.40091000495180484,0.6530761972950729,0.6449403226915524,0.63069435134473,0.6164483799979075,0.602202408651085,0.5879564373042625,0.57371046595744,0.5084458697878081,0.4431812736181763,0.37791667744854435,0.3126520812789125
4151,0.04326251605801909,0.04908169821561838,0.059271125452270715,0.06946055268892304,0.07964997992557539,0.08983940716222773,0.10002883439888008,0.1467093195416705,0.19338980468446088,0.24007028982725132,0.28675077497004176,0.499578441059629,0.4937592589020297,0.48356983166537737,0.47338040442872503,0.4631909771920727,0.45300154995542036,0.442812122718768,0.3961316375759776,0.3494511524331872,0.30277066729039676,0.2560901821476063
4152,0.06656898268586907,0.07552308595105217,0.09120178120737912,0.10688047646370606,0.12255917172003303,0.13823786697635998,0.1539165622326869,0.2257448489433112,0.29757313565393556,0.36940142236455986,0.44122970907518416,0.4271966781704077,0.4182425749052246,0.4025638796488976,0.3868851843925707,0.3712064891362437,0.35552779387991673,0.3398490986235898,0.2680208119129655,0.19619252520234115,0.12436423849171685,0.05253595178109255
4153,0.056639086305014866,0.06425753272192815,0.07759748382143074,0.09093743492093335,0.10427738602043597,0.11761733711993858,0.1309572882194412,0.19207116387144205,0.25318503952344296,0.31429891517544384,0.3754127908274448,0.3168441383691494,0.3092256919522361,0.2958857408527335,0.28254578975323086,0.26920583865372827,0.2558658875542257,0.24252593645472306,0.1814120608027222,0.1202981851507213,0.05918430949872042,-0.0019295661532805208
4154,0.03392680220936796,0.038490250202461725,0.046480878441028384,0.05447150667959503,0.06246213491816169,0.07045276315672834,0.07844339139529499,0.1150505915949522,0.15165779179460942,0.18826499199426663,0.22487219219392388,0.22601923126692836,0.22145578327383458,0.21346515503526792,0.20547452679670128,0.1974838985581346,0.18949327031956797,0.1815026420810013,0.1448954418813441,0.10828824168168688,0.07168104148202967,0.035073841282372425
4155,0.0236676925723058,0.026851201690074235,0.03242554764354464,0.03799989359701504,0.043574239550485436,0.049148585503955844,0.05472293145742625,0.08026049774238261,0.10579806402733898,0.13133563031229536,0.15687319659725174,0.20284547879051973,0.1996619696727513,0.1940876237192809,0.1885132777658105,0.1829389318123401,0.17736458585886972,0.17179023990539932,0.14625267362044297,0.12071510733548661,0.09517754105053022,0.06963997476557385
4156,0.02469635730095266,0.028018230711428102,0.03383485347536883,0.03965147623930954,0.04546809900325027,0.051284721767191,0.05710134453113172,0.08374884553458932,0.11039634653804692,0.1370438475415045,0.16369134854496212,0.2086410790622131,0.20531920565173767,0.19950258288779693,0.19368596012385622,0.18786933735991548,0.18205271459597477,0.17623609183203404,0.14958859082857645,0.12294108982511885,0.09629358882166127,0.06964608781820365
4157,0.018530992112733714,0.02102357064238779,0.025388092472381524,0.02975261430237525,0.03411713613236898,0.03848165796236271,0.04284617979235644,0.06284121893523797,0.08283625807811949,0.10283129722100104,0.12282633636388257,0.23076451461001737,0.2282719360803633,0.22390741425036959,0.21954289242037586,0.21517837059038214,0.21081384876038842,0.2064493269303947,0.18645428778751316,0.16645924864463163,0.1464642095017501,0.12646917035886857
4158,0.022723898938375474,0.025780459658883387,0.031132518111866028,0.036484576564848666,0.0418366350178313,0.04718869347081395,0.05254075192379659,0.0770599598532782,0.10157916778275981,0.12609837571224142,0.15061758364172306,0.3411068640072945,0.3380503032867866,0.33269824483380395,0.3273461863808213,0.32199412792783866,0.316642069474856,0.31129001102187337,0.2867708030923918,0.2622515951629102,0.2377323872334286,0.21321317930394695
4159,0.05954035988303085,0.0675490526604855,0.08157232777140645,0.0955956028823274,0.10961887799324835,0.12364215310416929,0.13766542821509023,0.20190979350324906,0.2661541587914079,0.33039852407956677,0.3946428893677256,0.5323949645104806,0.524386271733026,0.510362996622105,0.4963397215111841,0.48231644640026317,0.4682931712893422,0.4542698961784213,0.3900255308902625,0.32578116560210363,0.2615368003139448,0.19729243502578592
4160,0.09422208070711786,0.10689576455313886,0.129087470513181,0.15127917647322317,0.17347088243326533,0.1956625883933075,0.21785429435334966,0.31952042104539957,0.42118654773744957,0.5228526744294996,0.6245188011215496,0.7630054397344619,0.7503317558884409,0.7281400499283988,0.7059483439683566,0.6837566380083144,0.6615649320482723,0.6393732260882301,0.5377070993961802,0.4360409727041302,0.33437484601208023,0.23270871932003023
4161,0.11060462621291975,0.12548190395938727,0.1515321177130734,0.17758233146675953,0.2036325452204457,0.22968275897413182,0.255732972727818,0.37507595323620807,0.49441893374459817,0.6137619142529884,0.7331048947613785,1.04243040931092,1.0275531315644524,1.0015029178107662,0.9754527040570801,0.949402490303394,0.9233522765497079,0.8973020627960218,0.7779590822876317,0.6586161017792416,0.5392731212708513,0.41993014076246116
4162,0.14593538259187422,0.16556495229609972,0.19993646134515083,0.23430797039420195,0.2686794794432531,0.3030509884923042,0.3374224975413554,0.4948875522726021,0.6523526070038489,0.8098176617350957,0.9672827164663426,1.3368623237393928,1.3172327540351674,1.2828612449861163,1.2484897359370652,1.2141182268880142,1.1797467178389631,1.145375208789912,0.9879101540586653,0.8304450993274186,0.6729800445961718,0.5155149898649249
4163,0.17412844867806587,0.1975502293326846,0.2385619253527876,0.2795736213728906,0.3205853173929936,0.3615970134130966,0.40260870943319965,0.5904942325625675,0.7783797556919354,0.9662652788213034,1.1541508019506714,1.6963697765134498,1.6729479958588311,1.6319362998387281,1.590924603818625,1.549912907798522,1.508901211778419,1.467889515758316,1.2800039926289482,1.0921184694995802,0.9042329463702122,0.7163474232408442
4164,0.20258246617249245,0.22983155799628885,0.277544901707457,0.32525824541862514,0.3729715891297932,0.4206849328409614,0.46839827655212957,0.6869858360383282,0.9055733955245269,1.1241609550107257,1.3427485144969247,1.9211150761464808,1.8938659843226844,1.8461526406115163,1.7984392969003482,1.7507259531891801,1.7030126094780118,1.6552992657668437,1.4367117062806452,1.2181241467944464,0.9995365873082476,0.7809490278220486
4165,0.22682064156334378,0.25732997737244256,0.31075203030808307,0.3641740832437235,0.4175961361793641,0.4710181891150046,0.5244402420506451,0.769180921820084,1.013921601589523,1.2586622813589619,1.5034029611284008,2.0428941262432594,2.0123847904341607,1.9589627374985201,1.9055406845628797,1.852118631627239,1.7986965786915987,1.745274525755958,1.5005338459865192,1.2557931662170803,1.0110524864476413,0.7663118066782024
4166,0.28713168866453304,0.3257533813399477,0.3933802259058238,0.46100707047169975,0.5286339150375757,0.5962607596034519,0.6638876041693279,0.9737042248382178,1.2835208455071077,1.5933374661759976,1.9031540868448875,2.133676930271694,2.095055237596279,2.027428393030403,1.9598015484645268,1.8921747038986507,1.8245478593327746,1.7569210147668985,1.4471043940980086,1.1372877734291187,0.8274711527602288,0.5176545320913388
4167,0.3067951188581142,0.3480617127682659,0.42031979724889373,0.49257788172952155,0.5648359662101494,0.6370940506907772,0.709352135171405,1.040385701701159,1.3714192682309132,1.7024528347606676,2.0334864012904217,2.1612776545091203,2.120011060598969,2.047752976118341,1.975494891637713,1.9032368071570853,1.8309787226764576,1.7587206381958298,1.427687071666076,1.0966535051363218,0.7656199386065674,0.4345863720768133
4168,0.27598175878396375,0.31310368956544515,0.3781044409318533,0.44310519229826134,0.5081059436646694,0.5731066950310776,0.6381074463974856,0.9358932333664804,1.233679020335475,1.53146480730447,1.829250594273465,1.9097257114610804,1.872603780679599,1.8076030293131908,1.7426022779467827,1.6776015265803745,1.6126007752139664,1.5476000238475582,1.2498142368785634,0.9520284499095688,0.6542426629405738,0.35645687597157893
4169,0.2253108014307007,0.2556170506983482,0.3086834977291007,0.36174994475985317,0.4148163917906057,0.46788283882135817,0.5209492858521106,0.7640608400805081,1.0071723943089055,1.2502839485373032,1.4933955027657007,1.6192575536297766,1.588951304362129,1.5358848573313766,1.4828184103006241,1.4297519632698716,1.3766855162391192,1.3236190692083667,1.0805075149799692,0.8373959607515719,0.5942844065231742,0.3511728522947767
4170,0.181071206183045,0.20542684770103406,0.24807374039633354,0.290720633091633,0.3333675257869325,0.376014418482232,0.41866131117753147,0.6140381066158548,0.809414902054178,1.0047916974925013,1.200168492930825,1.489569188741577,1.4652135472235879,1.4225666545282885,1.379919761832989,1.3372728691376894,1.29462597644239,1.2519790837470905,1.0566022883087673,0.8612254928704441,0.6658486974321208,0.4704719019937972
4171,0.1371027565822645,0.15554426178254532,0.18783546186591396,0.22012666194928254,0.2524178620326512,0.2847090621160198,0.3170002621993884,0.464934866444111,0.6128694706888336,0.7608040749335562,0.9087386791782788,1.2544431595756709,1.23600165437539,1.2037104542920214,1.1714192542086528,1.1391280541252842,1.1068368540419156,1.074545653958547,0.9266110497138245,0.7786764454691019,0.6307418412243793,0.48280723697965666
4172,0.12288693681507708,0.1394162914452449,0.16835930297358676,0.19730231450192862,0.22624532603027048,0.25518833755861237,0.28413134908695425,0.4167270081222759,0.5493226671575976,0.6819183261929194,0.8145139852282411,0.965950353268064,0.9494209986378962,0.9204779871095543,0.8915349755812124,0.8625919640528705,0.8336489525245286,0.8047059409961868,0.6721102819608651,0.5395146229255434,0.40691896389022164,0.27432330485489986
4173,0.10407025709033581,0.11806860573895996,0.14257980870966933,0.16709101168037868,0.19160221465108804,0.2161134176217974,0.24062462059250678,0.3529169820306787,0.4652093434688507,0.5775017049070227,0.6897940663451948,0.756275578156249,0.7422772295076249,0.7177660265369155,0.6932548235662062,0.6687436205954969,0.6442324176247876,0.6197212146540781,0.5074288532159061,0.3951364917777342,0.2828441303395622,0.17055176890139007
4174,0.09174496304809825,0.10408545316899447,0.1256937346673304,0.14730201616566632,0.16891029766400223,0.19051857916233816,0.21212686066067407,0.3111201642112374,0.4101134677618008,0.5091067713123641,0.6081000748629275,0.6380177307790044,0.6256772406581081,0.6040689591597722,0.5824606776614363,0.5608523961631003,0.5392441146647644,0.5176358331664285,0.4186425296158651,0.3196492260653017,0.22065592251473837,0.12166261896417502
4175,0.0756798511426919,0.0858594449247251,0.10368398234795255,0.12150851977117999,0.13933305719440744,0.15715759461763487,0.17498213204086233,0.2566410943198301,0.33830005659879786,0.4199590188777657,0.5016179811567335,0.5589042903878931,0.54872469660586,0.5309001591826326,0.5130756217594051,0.4952510843361777,0.4774265469129503,0.45960200948972285,0.37794304721075506,0.2962840849317873,0.21462512265281947,0.13296616037385167
4176,0.06656898268586907,0.07552308595105217,0.09120178120737912,0.10688047646370606,0.12255917172003303,0.13823786697635998,0.1539165622326869,0.2257448489433112,0.29757313565393556,0.36940142236455986,0.44122970907518416,0.4271966781704077,0.4182425749052246,0.4025638796488976,0.3868851843925707,0.3712064891362437,0.35552779387991673,0.3398490986235898,0.2680208119129655,0.19619252520234115,0.12436423849171685,0.05253595178109255
4177,0.056639086305014866,0.06425753272192815,0.07759748382143074,0.09093743492093335,0.10427738602043597,0.11761733711993858,0.1309572882194412,0.19207116387144205,0.25318503952344296,0.31429891517544384,0.3754127908274448,0.3168441383691494,0.3092256919522361,0.2958857408527335,0.28254578975323086,0.26920583865372827,0.2558658875542257,0.24252593645472306,0.1814120608027222,0.1202981851507213,0.05918430949872042,-0.0019295661532805208
4178,0.03392680220936796,0.038490250202461725,0.046480878441028384,0.05447150667959503,0.06246213491816169,0.07045276315672834,0.07844339139529499,0.1150505915949522,0.15165779179460942,0.18826499199426663,0.22487219219392388,0.22601923126692836,0.22145578327383458,0.21346515503526792,0.20547452679670128,0.1974838985581346,0.18949327031956797,0.1815026420810013,0.1448954418813441,0.10828824168168688,0.07168104148202967,0.035073841282372425
4179,0.0236676925723058,0.026851201690074235,0.03242554764354464,0.03799989359701504,0.043574239550485436,0.049148585503955844,0.05472293145742625,0.08026049774238261,0.10579806402733898,0.13133563031229536,0.15687319659725174,0.20284547879051973,0.1996619696727513,0.1940876237192809,0.1885132777658105,0.1829389318123401,0.17736458585886972,0.17179023990539932,0.14625267362044297,0.12071510733548661,0.09517754105053022,0.06963997476557385
4180,0.02469635730095266,0.028018230711428102,0.03383485347536883,0.03965147623930954,0.04546809900325027,0.051284721767191,0.05710134453113172,0.08374884553458932,0.11039634653804692,0.1370438475415045,0.16369134854496212,0.2086410790622131,0.20531920565173767,0.19950258288779693,0.19368596012385622,0.18786933735991548,0.18205271459597477,0.17623609183203404,0.14958859082857645,0.12294108982511885,0.09629358882166127,0.06964608781820365
4181,0.018530992112733714,0.02102357064238779,0.025388092472381524,0.02975261430237525,0.03411713613236898,0.03848165796236271,0.04284617979235644,0.06284121893523797,0.08283625807811949,0.10283129722100104,0.12282633636388257,0.23076451461001737,0.2282719360803633,0.22390741425036959,0.21954289242037586,0.21517837059038214,0.21081384876038842,0.2064493269303947,0.18645428778751316,0.16645924864463163,0.1464642095017501,0.12646917035886857
4182,0.022723898938375474,0.025780459658883387,0.031132518111866028,0.036484576564848666,0.0418366350178313,0.04718869347081395,0.05254075192379659,0.0770599598532782,0.10157916778275981,0.12609837571224142,0.15061758364172306,0.3411068640072945,0.3380503032867866,0.33269824483380395,0.3273461863808213,0.32199412792783866,0.316642069474856,0.31129001102187337,0.2867708030923918,0.2622515951629102,0.2377323872334286,0.21321317930394695
4183,0.05954035988303085,0.0675490526604855,0.08157232777140645,0.0955956028823274,0.10961887799324835,0.12364215310416929,0.13766542821509023,0.20190979350324906,0.2661541587914079,0.33039852407956677,0.3946428893677256,0.5323949645104806,0.524386271733026,0.510362996622105,0.4963397215111841,0.48231644640026317,0.4682931712893422,0.4542698961784213,0.3900255308902625,0.32578116560210363,0.2615368003139448,0.19729243502578592
4184,0.09422208070711786,0.10689576455313886,0.129087470513181,0.15127917647322317,0.17347088243326533,0.1956625883933075,0.21785429435334966,0.31952042104539957,0.42118654773744957,0.5228526744294996,0.6245188011215496,0.7630054397344619,0.7503317558884409,0.7281400499283988,0.7059483439683566,0.6837566380083144,0.6615649320482723,0.6393732260882301,0.5377070993961802,0.4360409727041302,0.33437484601208023,0.23270871932003023
4185,0.11060462621291975,0.12548190395938727,0.1515321177130734,0.17758233146675953,0.2036325452204457,0.22968275897413182,0.255732972727818,0.37507595323620807,0.49441893374459817,0.6137619142529884,0.7331048947613785,1.04243040931092,1.0275531315644524,1.0015029178107662,0.9754527040570801,0.949402490303394,0.9233522765497079,0.8973020627960218,0.7779590822876317,0.6586161017792416,0.5392731212708513,0.41993014076246116
4186,0.14593538259187422,0.16556495229609972,0.19993646134515083,0.23430797039420195,0.2686794794432531,0.3030509884923042,0.3374224975413554,0.4948875522726021,0.6523526070038489,0.8098176617350957,0.9672827164663426,1.3368623237393928,1.3172327540351674,1.2828612449861163,1.2484897359370652,1.2141182268880142,1.1797467178389631,1.145375208789912,0.9879101540586653,0.8304450993274186,0.6729800445961718,0.5155149898649249
4187,0.17412844867806587,0.1975502293326846,0.2385619253527876,0.2795736213728906,0.3205853173929936,0.3615970134130966,0.40260870943319965,0.5904942325625675,0.7783797556919354,0.9662652788213034,1.1541508019506714,1.6963697765134498,1.6729479958588311,1.6319362998387281,1.590924603818625,1.549912907798522,1.508901211778419,1.467889515758316,1.2800039926289482,1.0921184694995802,0.9042329463702122,0.7163474232408442
4188,0.20258246617249245,0.22983155799628885,0.277544901707457,0.32525824541862514,0.3729715891297932,0.4206849328409614,0.46839827655212957,0.6869858360383282,0.9055733955245269,1.1241609550107257,1.3427485144969247,1.9211150761464808,1.8938659843226844,1.8461526406115163,1.7984392969003482,1.7507259531891801,1.7030126094780118,1.6552992657668437,1.4367117062806452,1.2181241467944464,0.9995365873082476,0.7809490278220486
4189,0.22682064156334378,0.25732997737244256,0.31075203030808307,0.3641740832437235,0.4175961361793641,0.4710181891150046,0.5244402420506451,0.769180921820084,1.013921601589523,1.2586622813589619,1.5034029611284008,2.0428941262432594,2.0123847904341607,1.9589627374985201,1.9055406845628797,1.852118631627239,1.7986965786915987,1.745274525755958,1.5005338459865192,1.2557931662170803,1.0110524864476413,0.7663118066782024
4190,0.28713168866453304,0.3257533813399477,0.3933802259058238,0.46100707047169975,0.5286339150375757,0.5962607596034519,0.6638876041693279,0.9737042248382178,1.2835208455071077,1.5933374661759976,1.9031540868448875,2.133676930271694,2.095055237596279,2.027428393030403,1.9598015484645268,1.8921747038986507,1.8245478593327746,1.7569210147668985,1.4471043940980086,1.1372877734291187,0.8274711527602288,0.5176545320913388
4191,0.3067951188581142,0.3480617127682659,0.42031979724889373,0.49257788172952155,0.5648359662101494,0.6370940506907772,0.709352135171405,1.040385701701159,1.3714192682309132,1.7024528347606676,2.0334864012904217,2.1612776545091203,2.120011060598969,2.047752976118341,1.975494891637713,1.9032368071570853,1.8309787226764576,1.7587206381958298,1.427687071666076,1.0966535051363218,0.7656199386065674,0.4345863720768133
4192,0.27598175878396375,0.31310368956544515,0.3781044409318533,0.44310519229826134,0.5081059436646694,0.5731066950310776,0.6381074463974856,0.9358932333664804,1.233679020335475,1.53146480730447,1.829250594273465,1.9097257114610804,1.872603780679599,1.8076030293131908,1.7426022779467827,1.6776015265803745,1.6126007752139664,1.5476000238475582,1.2498142368785634,0.9520284499095688,0.6542426629405738,0.35645687597157893
4193,0.2253108014307007,0.2556170506983482,0.3086834977291007,0.36174994475985317,0.4148163917906057,0.46788283882135817,0.5209492858521106,0.7640608400805081,1.0071723943089055,1.2502839485373032,1.4933955027657007,1.6192575536297766,1.588951304362129,1.5358848573313766,1.4828184103006241,1.4297519632698716,1.3766855162391192,1.3236190692083667,1.0805075149799692,0.8373959607515719,0.5942844065231742,0.3511728522947767
4194,0.181071206183045,0.20542684770103406,0.24807374039633354,0.290720633091633,0.3333675257869325,0.376014418482232,0.41866131117753147,0.6140381066158548,0.809414902054178,1.0047916974925013,1.200168492930825,1.489569188741577,1.4652135472235879,1.4225666545282885,1.379919761832989,1.3372728691376894,1.29462597644239,1.2519790837470905,1.0566022883087673,0.8612254928704441,0.6658486974321208,0.4704719019937972
4195,0.1371027565822645,0.15554426178254532,0.18783546186591396,0.22012666194928254,0.2524178620326512,0.2847090621160198,0.3170002621993884,0.464934866444111,0.6128694706888336,0.7608040749335562,0.9087386791782788,1.2544431595756709,1.23600165437539,1.2037104542920214,1.1714192542086528,1.1391280541252842,1.1068368540419156,1.074545653958547,0.9266110497138245,0.7786764454691019,0.6307418412243793,0.48280723697965666
4196,0.12288693681507708,0.1394162914452449,0.16835930297358676,0.19730231450192862,0.22624532603027048,0.25518833755861237,0.28413134908695425,0.4167270081222759,0.5493226671575976,0.6819183261929194,0.8145139852282411,0.965950353268064,0.9494209986378962,0.9204779871095543,0.8915349755812124,0.8625919640528705,0.8336489525245286,0.8047059409961868,0.6721102819608651,0.5395146229255434,0.40691896389022164,0.27432330485489986
4197,0.10407025709033581,0.11806860573895996,0.14257980870966933,0.16709101168037868,0.19160221465108804,0.2161134176217974,0.24062462059250678,0.3529169820306787,0.4652093434688507,0.5775017049070227,0.6897940663451948,0.756275578156249,0.7422772295076249,0.7177660265369155,0.6932548235662062,0.6687436205954969,0.6442324176247876,0.6197212146540781,0.5074288532159061,0.3951364917777342,0.2828441303395622,0.17055176890139007
4198,0.09174496304809825,0.10408545316899447,0.1256937346673304,0.14730201616566632,0.16891029766400223,0.19051857916233816,0.21212686066067407,0.3111201642112374,0.4101134677618008,0.5091067713123641,0.6081000748629275,0.6380177307790044,0.6256772406581081,0.6040689591597722,0.5824606776614363,0.5608523961631003,0.5392441146647644,0.5176358331664285,0.4186425296158651,0.3196492260653017,0.22065592251473837,0.12166261896417502
4199,0.0756798511426919,0.0858594449247251,0.10368398234795255,0.12150851977117999,0.13933305719440744,0.15715759461763487,0.17498213204086233,0.2566410943198301,0.33830005659879786,0.4199590188777657,0.5016179811567335,0.5589042903878931,0.54872469660586,0.5309001591826326,0.5130756217594051,0.4952510843361777,0.4774265469129503,0.45960200948972285,0.37794304721075506,0.2962840849317873,0.21462512265281947,0.13296616037385167
4200,0.031367184720614005,0.03558634204876214,0.04297411500909338,0.050361887969424625,0.057749660929755864,0.0651374338900871,0.07252520685041834,0.10637056615310214,0.14021592545578596,0.17406128475846977,0.20790664406115364,0.38513873965896495,0.3809195823308168,0.3735318093704856,0.36614403641015436,0.35875626344982314,0.3513684904894919,0.3439807175291607,0.3101353582264769,0.27628999892379313,0.24244463962110932,0.20859928031842545
4201,0.027541528392130105,0.031246101893993974,0.037732835101129916,0.04421956830826585,0.05070630151540179,0.057193034722537735,0.06367976792967367,0.09339722368731823,0.1231146794449628,0.15283213520260736,0.18254959096025195,0.2947264391013124,0.29102186559944854,0.2845351323923126,0.27804839918517665,0.2715616659780407,0.26507493277090477,0.25858819956376883,0.22887074380612427,0.1991532880484797,0.16943583229083514,0.13971837653319055
4202,0.021214760756460276,0.024068329353953997,0.029064947229369295,0.03406156510478459,0.03905818298019989,0.04405480085561519,0.049051418731030486,0.07194225852804301,0.09483309832505553,0.11772393812206808,0.1406147779190806,0.2196416620198345,0.2167880934223408,0.21179147554692548,0.20679485767151018,0.20179823979609487,0.19680162192067957,0.19180500404526427,0.16891416424825173,0.14602332445123922,0.12313248465422667,0.10024164485721414
4203,0.017379901386824617,0.01971764826949346,0.023811058840523276,0.02790446941155309,0.03199787998258291,0.03609129055361272,0.04018470112464254,0.058937707246218926,0.07769071336779533,0.09644371948937172,0.11519672561094813,0.1725522635160582,0.17021451663338938,0.16612110606235955,0.16202769549132973,0.1579342849202999,0.15384087434927007,0.14974746377824025,0.13099445765666387,0.11224145153508747,0.09348844541351108,0.07473543929193467
4204,0.018861538995962508,0.02139857893702769,0.025840952998510806,0.030283327059993915,0.03472570112147703,0.03916807518296014,0.04361044924444325,0.0639621502340575,0.08431385122367176,0.10466555221328604,0.1250172532029003,0.16219714722554288,0.1596601072844777,0.15521773322299456,0.15077535916151147,0.14633298510002835,0.14189061103854522,0.1374482369770621,0.11709653598744785,0.0967448349978336,0.07639313400821932,0.05604143301860505
4205,0.06031042844298219,0.06842270209442457,0.08262734801485494,0.09683199393528533,0.1110366398557157,0.1252412857761461,0.1394459316965765,0.20452120506052845,0.2695964784244804,0.33467175178843245,0.39974702515238447,0.4566317751531136,0.4485195015016712,0.43431485558124083,0.4201102096608105,0.4059055637403801,0.3917009178199497,0.3774962718995193,0.3124209985355673,0.24734572517161535,0.18227045180766333,0.1171951784437113
4206,0.30895518501738617,0.35051232648691727,0.4232791617051753,0.4960459969234333,0.5688128321416914,0.6415796673599494,0.7143465025782075,1.0477107919933368,1.3810750814084662,1.7144393708235957,2.0478036602387255,2.1024107163262697,2.0608535748567385,1.9880867396384805,1.9153199044202225,1.8425530692019643,1.7697862339837063,1.6970193987654483,1.363655109350319,1.0302908199351897,0.6969265305200603,0.3635622411049304
4207,1.1612949269476076,1.3174991271273024,1.5910137359992662,1.8645283448712298,2.1380429537431938,2.4115575626151577,2.685072171487121,3.9381155800368046,5.191158988586489,6.444202397136173,7.697245805685856,8.797592590406415,8.64138839022672,8.367873781354756,8.094359172482793,7.820844563610829,7.547329954738865,7.273815345866902,6.020771937317218,4.767728528767535,3.514685120217851,2.261641711668167
4208,2.8365400828547638,3.218079229059924,3.8861568494030205,4.554234469746118,5.222312090089215,5.890389710432311,6.558467330775408,9.61910918103339,12.679751031291374,15.74039288154936,18.801034731807345,21.40384848736475,21.02230934115959,20.354231720816493,19.686154100473395,19.018076480130297,18.3499988597872,17.6819212394441,14.621279389186117,11.560637538928134,8.499995688670149,5.439353838412163
4209,4.187241305649756,4.750461435119857,5.736663683482037,6.722865931844216,7.709068180206397,8.695270428568575,9.681472676930756,14.199528337297998,18.717583997665233,23.23563965803248,27.75369531839972,32.29130966000392,31.72808953053382,30.74188728217164,29.75568503380946,28.76948278544728,27.7832805370851,26.797078288722922,22.27902262835568,17.760966967988445,13.242911307621199,8.724855647253957
4210,4.1224380187469025,4.6769415462886,5.647880965838258,6.618820385387915,7.5897598049375725,8.56069922448723,9.53163864403689,13.979771212843394,18.427903781649896,22.876036350456406,27.324168919262913,32.91035711924829,32.35585359170659,31.384914172156932,30.413974752607274,29.443035333057615,28.472095913507957,27.501156493958298,23.053023925151795,18.60489135634529,14.15675878753878,9.708626218732274
4211,3.351595880008395,3.8024144805325077,4.591800893015079,5.381187305497649,6.170573717980221,6.959960130462791,7.7493465429453625,11.365736340329079,14.982126137712793,18.59851593509651,22.21490573248023,27.356769827551037,26.905951227026925,26.116564814544354,25.327178402061783,24.537791989579212,23.74840557709664,22.95901916461407,19.34262936723035,15.726239569846637,12.109849772462919,8.493459975079201
4212,2.9910124143164416,3.3933294236000933,4.097789222441407,4.80224902128272,5.506708820124034,6.211168618965348,6.915628417806662,10.142946736074473,13.370265054342282,16.597583372610092,19.82490169087791,24.2284335048095,23.82611649552585,23.121656696684536,22.417196897843223,21.71273709900191,21.008277300160596,20.303817501319283,17.076499183051475,13.849180864783666,10.621862546515855,7.394544228248039
4213,2.7047846416677372,3.0686015427890947,3.7056473923676854,4.342693241946275,4.979739091524866,5.6167849411034565,6.253830790682048,9.172307818474215,12.090784846266383,15.009261874058554,17.92773890185072,22.802692522038395,22.438875620917038,21.801829771338447,21.164783921759856,20.527738072181265,19.890692222602674,19.253646373024083,16.335169345231915,13.416692317439747,10.498215289647575,7.579738261855409
4214,2.20733046474823,2.5042354815337093,3.0241181699939683,3.544000858454227,4.063883546914486,4.583766235374744,5.103648923835004,7.485370246439614,9.867091569044224,12.248812891648836,14.630534214253444,19.724931122724897,19.428026105939416,18.908143417479156,18.388260729018896,17.868378040558635,17.348495352098375,16.828612663638115,14.446891341033504,12.065170018428894,9.683448695824282,7.3017273732196735
4215,1.677916042855984,1.903610246250039,2.298802319798513,2.693994393346985,3.0891864668954585,3.484378540443932,3.879570613992405,5.690050956937462,7.500531299882518,9.311011642827577,11.121491985772634,14.871256559632515,14.645562356238461,14.250370282689987,13.855178209141515,13.459986135593041,13.064794062044568,12.669601988496094,10.859121645551037,9.04864130260598,7.238160959660921,5.427680616715864
4216,1.1172675321315855,1.2675496673528908,1.5306947005095728,1.7938397336662546,2.0569847668229366,2.3201297999796187,2.583274833136301,3.7888124482913326,4.9943500634463645,6.199887678601396,7.405425293756428,10.033161309414842,9.882879174193537,9.619734141036854,9.356589107880172,9.09344407472349,8.830299041566807,8.567154008410125,7.361616393255093,6.156078778100062,4.95054116294503,3.745003547789998
4217,0.6682540838903488,0.7581400312657272,0.9155309318380566,1.0729218324103855,1.2303127329827148,1.3877036335550441,1.5450945341273732,2.2661442482220826,2.987193962316792,3.7082436764115014,4.429293390506211,6.0734388854665,5.983552938091121,5.826162037518792,5.668771136946463,5.5113802363741335,5.3539893358018045,5.196598435229475,4.475548721134766,3.7544990070400566,3.033449292945347,2.3123995788506377
4218,0.4397550001969972,0.4989058467966161,0.6024793784527985,0.7060529101089809,0.8096264417651632,0.9131999734213457,1.016773505077528,1.4912714914090162,1.9657694777405041,2.4402674640719924,2.9147654504034803,3.6846018562989733,3.625451009699354,3.5218774780431716,3.418303946386989,3.314730414730807,3.2111568830746244,3.1075833514184423,2.633085365086954,2.158587378755466,1.6840893924239777,1.2095914060924897
4219,0.286284866305672,0.32479265405806435,0.39222005033488544,0.4596474466117065,0.5270748428885276,0.5945022391653487,0.6619296354421698,0.9708325302776295,1.2797354251130895,1.5886383199485492,1.8975412147840094,2.22844041223525,2.1899326244828576,2.1225052282060366,2.0550778319292156,1.9876504356523945,1.9202230393755735,1.8527956430987524,1.5438927482632927,1.2349898534278327,0.926086958592373,0.6171840637569128
4220,0.1600000684787465,0.18152145994052682,0.21920556165659857,0.25688966337267033,0.2945737650887421,0.33225786680481384,0.3699419685208856,0.5425828942000834,0.7152238198792811,0.887864745558479,1.0605056712376768,1.3303544742870113,1.308833082825231,1.2711489811091592,1.2334648793930874,1.1957807776770155,1.1580966759609437,1.1204125742448718,0.947771648565674,0.7751307228864763,0.6024897972072784,0.4298488715280806
4221,0.0966650333943288,0.10966731548161278,0.1324343991801003,0.15520148287858784,0.17796856657707538,0.20073565027556292,0.2235027339740505,0.3278048196211218,0.432106905268193,0.5364089909152644,0.6407110765623357,0.8750441895076194,0.8620419074203355,0.8392748237218479,0.8165077400233604,0.7937406563248728,0.7709735726263852,0.7482064889278977,0.6439044032808263,0.5396023176337551,0.4353002319866837,0.3309981463396124
4222,0.060485888935644626,0.06862176353916513,0.08286773488598757,0.09711370623281,0.11135967757963244,0.1256056489264549,0.13985162027327736,0.2051162164429092,0.27038081261254104,0.33564540878217297,0.40091000495180484,0.6530761972950729,0.6449403226915524,0.63069435134473,0.6164483799979075,0.602202408651085,0.5879564373042625,0.57371046595744,0.5084458697878081,0.4431812736181763,0.37791667744854435,0.3126520812789125
4223,0.04326251605801909,0.04908169821561838,0.059271125452270715,0.06946055268892304,0.07964997992557539,0.08983940716222773,0.10002883439888008,0.1467093195416705,0.19338980468446088,0.24007028982725132,0.28675077497004176,0.499578441059629,0.4937592589020297,0.48356983166537737,0.47338040442872503,0.4631909771920727,0.45300154995542036,0.442812122718768,0.3961316375759776,0.3494511524331872,0.30277066729039676,0.2560901821476063
4224,0.031367184720614005,0.03558634204876214,0.04297411500909338,0.050361887969424625,0.057749660929755864,0.0651374338900871,0.07252520685041834,0.10637056615310214,0.14021592545578596,0.17406128475846977,0.20790664406115364,0.38513873965896495,0.3809195823308168,0.3735318093704856,0.36614403641015436,0.35875626344982314,0.3513684904894919,0.3439807175291607,0.3101353582264769,0.27628999892379313,0.24244463962110932,0.20859928031842545
4225,0.027541528392130105,0.031246101893993974,0.037732835101129916,0.04421956830826585,0.05070630151540179,0.057193034722537735,0.06367976792967367,0.09339722368731823,0.1231146794449628,0.15283213520260736,0.18254959096025195,0.2947264391013124,0.29102186559944854,0.2845351323923126,0.27804839918517665,0.2715616659780407,0.26507493277090477,0.25858819956376883,0.22887074380612427,0.1991532880484797,0.16943583229083514,0.13971837653319055
4226,0.021214760756460276,0.024068329353953997,0.029064947229369295,0.03406156510478459,0.03905818298019989,0.04405480085561519,0.049051418731030486,0.07194225852804301,0.09483309832505553,0.11772393812206808,0.1406147779190806,0.2196416620198345,0.2167880934223408,0.21179147554692548,0.20679485767151018,0.20179823979609487,0.19680162192067957,0.19180500404526427,0.16891416424825173,0.14602332445123922,0.12313248465422667,0.10024164485721414
4227,0.017379901386824617,0.01971764826949346,0.023811058840523276,0.02790446941155309,0.03199787998258291,0.03609129055361272,0.04018470112464254,0.058937707246218926,0.07769071336779533,0.09644371948937172,0.11519672561094813,0.1725522635160582,0.17021451663338938,0.16612110606235955,0.16202769549132973,0.1579342849202999,0.15384087434927007,0.14974746377824025,0.13099445765666387,0.11224145153508747,0.09348844541351108,0.07473543929193467
4228,0.018861538995962508,0.02139857893702769,0.025840952998510806,0.030283327059993915,0.03472570112147703,0.03916807518296014,0.04361044924444325,0.0639621502340575,0.08431385122367176,0.10466555221328604,0.1250172532029003,0.16219714722554288,0.1596601072844777,0.15521773322299456,0.15077535916151147,0.14633298510002835,0.14189061103854522,0.1374482369770621,0.11709653598744785,0.0967448349978336,0.07639313400821932,0.05604143301860505
4229,0.06031042844298219,0.06842270209442457,0.08262734801485494,0.09683199393528533,0.1110366398557157,0.1252412857761461,0.1394459316965765,0.20452120506052845,0.2695964784244804,0.33467175178843245,0.39974702515238447,0.4566317751531136,0.4485195015016712,0.43431485558124083,0.4201102096608105,0.4059055637403801,0.3917009178199497,0.3774962718995193,0.3124209985355673,0.24734572517161535,0.18227045180766333,0.1171951784437113
4230,0.30895518501738617,0.35051232648691727,0.4232791617051753,0.4960459969234333,0.5688128321416914,0.6415796673599494,0.7143465025782075,1.0477107919933368,1.3810750814084662,1.7144393708235957,2.0478036602387255,2.1024107163262697,2.0608535748567385,1.9880867396384805,1.9153199044202225,1.8425530692019643,1.7697862339837063,1.6970193987654483,1.363655109350319,1.0302908199351897,0.6969265305200603,0.3635622411049304
4231,1.1612949269476076,1.3174991271273024,1.5910137359992662,1.8645283448712298,2.1380429537431938,2.4115575626151577,2.685072171487121,3.9381155800368046,5.191158988586489,6.444202397136173,7.697245805685856,8.797592590406415,8.64138839022672,8.367873781354756,8.094359172482793,7.820844563610829,7.547329954738865,7.273815345866902,6.020771937317218,4.767728528767535,3.514685120217851,2.261641711668167
4232,2.8365400828547638,3.218079229059924,3.8861568494030205,4.554234469746118,5.222312090089215,5.890389710432311,6.558467330775408,9.61910918103339,12.679751031291374,15.74039288154936,18.801034731807345,21.40384848736475,21.02230934115959,20.354231720816493,19.686154100473395,19.018076480130297,18.3499988597872,17.6819212394441,14.621279389186117,11.560637538928134,8.499995688670149,5.439353838412163
4233,4.187241305649756,4.750461435119857,5.736663683482037,6.722865931844216,7.709068180206397,8.695270428568575,9.681472676930756,14.199528337297998,18.717583997665233,23.23563965803248,27.75369531839972,32.29130966000392,31.72808953053382,30.74188728217164,29.75568503380946,28.76948278544728,27.7832805370851,26.797078288722922,22.27902262835568,17.760966967988445,13.242911307621199,8.724855647253957
4234,4.1224380187469025,4.6769415462886,5.647880965838258,6.618820385387915,7.5897598049375725,8.56069922448723,9.53163864403689,13.979771212843394,18.427903781649896,22.876036350456406,27.324168919262913,32.91035711924829,32.35585359170659,31.384914172156932,30.413974752607274,29.443035333057615,28.472095913507957,27.501156493958298,23.053023925151795,18.60489135634529,14.15675878753878,9.708626218732274
4235,3.351595880008395,3.8024144805325077,4.591800893015079,5.381187305497649,6.170573717980221,6.959960130462791,7.7493465429453625,11.365736340329079,14.982126137712793,18.59851593509651,22.21490573248023,27.356769827551037,26.905951227026925,26.116564814544354,25.327178402061783,24.537791989579212,23.74840557709664,22.95901916461407,19.34262936723035,15.726239569846637,12.109849772462919,8.493459975079201
4236,2.9910124143164416,3.3933294236000933,4.097789222441407,4.80224902128272,5.506708820124034,6.211168618965348,6.915628417806662,10.142946736074473,13.370265054342282,16.597583372610092,19.82490169087791,24.2284335048095,23.82611649552585,23.121656696684536,22.417196897843223,21.71273709900191,21.008277300160596,20.303817501319283,17.076499183051475,13.849180864783666,10.621862546515855,7.394544228248039
4237,2.7047846416677372,3.0686015427890947,3.7056473923676854,4.342693241946275,4.979739091524866,5.6167849411034565,6.253830790682048,9.172307818474215,12.090784846266383,15.009261874058554,17.92773890185072,22.802692522038395,22.438875620917038,21.801829771338447,21.164783921759856,20.527738072181265,19.890692222602674,19.253646373024083,16.335169345231915,13.416692317439747,10.498215289647575,7.579738261855409
4238,2.20733046474823,2.5042354815337093,3.0241181699939683,3.544000858454227,4.063883546914486,4.583766235374744,5.103648923835004,7.485370246439614,9.867091569044224,12.248812891648836,14.630534214253444,19.724931122724897,19.428026105939416,18.908143417479156,18.388260729018896,17.868378040558635,17.348495352098375,16.828612663638115,14.446891341033504,12.065170018428894,9.683448695824282,7.3017273732196735
4239,1.677916042855984,1.903610246250039,2.298802319798513,2.693994393346985,3.0891864668954585,3.484378540443932,3.879570613992405,5.690050956937462,7.500531299882518,9.311011642827577,11.121491985772634,14.871256559632515,14.645562356238461,14.250370282689987,13.855178209141515,13.459986135593041,13.064794062044568,12.669601988496094,10.859121645551037,9.04864130260598,7.238160959660921,5.427680616715864
4240,1.1172675321315855,1.2675496673528908,1.5306947005095728,1.7938397336662546,2.0569847668229366,2.3201297999796187,2.583274833136301,3.7888124482913326,4.9943500634463645,6.199887678601396,7.405425293756428,10.033161309414842,9.882879174193537,9.619734141036854,9.356589107880172,9.09344407472349,8.830299041566807,8.567154008410125,7.361616393255093,6.156078778100062,4.95054116294503,3.745003547789998
4241,0.6682540838903488,0.7581400312657272,0.9155309318380566,1.0729218324103855,1.2303127329827148,1.3877036335550441,1.5450945341273732,2.2661442482220826,2.987193962316792,3.7082436764115014,4.429293390506211,6.0734388854665,5.983552938091121,5.826162037518792,5.668771136946463,5.5113802363741335,5.3539893358018045,5.196598435229475,4.475548721134766,3.7544990070400566,3.033449292945347,2.3123995788506377
4242,0.4397550001969972,0.4989058467966161,0.6024793784527985,0.7060529101089809,0.8096264417651632,0.9131999734213457,1.016773505077528,1.4912714914090162,1.9657694777405041,2.4402674640719924,2.9147654504034803,3.6846018562989733,3.625451009699354,3.5218774780431716,3.418303946386989,3.314730414730807,3.2111568830746244,3.1075833514184423,2.633085365086954,2.158587378755466,1.6840893924239777,1.2095914060924897
4243,0.286284866305672,0.32479265405806435,0.39222005033488544,0.4596474466117065,0.5270748428885276,0.5945022391653487,0.6619296354421698,0.9708325302776295,1.2797354251130895,1.5886383199485492,1.8975412147840094,2.22844041223525,2.1899326244828576,2.1225052282060366,2.0550778319292156,1.9876504356523945,1.9202230393755735,1.8527956430987524,1.5438927482632927,1.2349898534278327,0.926086958592373,0.6171840637569128
4244,0.1600000684787465,0.18152145994052682,0.21920556165659857,0.25688966337267033,0.2945737650887421,0.33225786680481384,0.3699419685208856,0.5425828942000834,0.7152238198792811,0.887864745558479,1.0605056712376768,1.3303544742870113,1.308833082825231,1.2711489811091592,1.2334648793930874,1.1957807776770155,1.1580966759609437,1.1204125742448718,0.947771648565674,0.7751307228864763,0.6024897972072784,0.4298488715280806
4245,0.0966650333943288,0.10966731548161278,0.1324343991801003,0.15520148287858784,0.17796856657707538,0.20073565027556292,0.2235027339740505,0.3278048196211218,0.432106905268193,0.5364089909152644,0.6407110765623357,0.8750441895076194,0.8620419074203355,0.8392748237218479,0.8165077400233604,0.7937406563248728,0.7709735726263852,0.7482064889278977,0.6439044032808263,0.5396023176337551,0.4353002319866837,0.3309981463396124
4246,0.060485888935644626,0.06862176353916513,0.08286773488598757,0.09711370623281,0.11135967757963244,0.1256056489264549,0.13985162027327736,0.2051162164429092,0.27038081261254104,0.33564540878217297,0.40091000495180484,0.6530761972950729,0.6449403226915524,0.63069435134473,0.6164483799979075,0.602202408651085,0.5879564373042625,0.57371046595744,0.5084458697878081,0.4431812736181763,0.37791667744854435,0.3126520812789125
4247,0.04326251605801909,0.04908169821561838,0.059271125452270715,0.06946055268892304,0.07964997992557539,0.08983940716222773,0.10002883439888008,0.1467093195416705,0.19338980468446088,0.24007028982725132,0.28675077497004176,0.499578441059629,0.4937592589020297,0.48356983166537737,0.47338040442872503,0.4631909771920727,0.45300154995542036,0.442812122718768,0.3961316375759776,0.3494511524331872,0.30277066729039676,0.2560901821476063
4248,0.031367184720614005,0.03558634204876214,0.04297411500909338,0.050361887969424625,0.057749660929755864,0.0651374338900871,0.07252520685041834,0.10637056615310214,0.14021592545578596,0.17406128475846977,0.20790664406115364,0.38513873965896495,0.3809195823308168,0.3735318093704856,0.36614403641015436,0.35875626344982314,0.3513684904894919,0.3439807175291607,0.3101353582264769,0.27628999892379313,0.24244463962110932,0.20859928031842545
4249,0.027541528392130105,0.031246101893993974,0.037732835101129916,0.04421956830826585,0.05070630151540179,0.057193034722537735,0.06367976792967367,0.09339722368731823,0.1231146794449628,0.15283213520260736,0.18254959096025195,0.2947264391013124,0.29102186559944854,0.2845351323923126,0.27804839918517665,0.2715616659780407,0.26507493277090477,0.25858819956376883,0.22887074380612427,0.1991532880484797,0.16943583229083514,0.13971837653319055
4250,0.021214760756460276,0.024068329353953997,0.029064947229369295,0.03406156510478459,0.03905818298019989,0.04405480085561519,0.049051418731030486,0.07194225852804301,0.09483309832505553,0.11772393812206808,0.1406147779190806,0.2196416620198345,0.2167880934223408,0.21179147554692548,0.20679485767151018,0.20179823979609487,0.19680162192067957,0.19180500404526427,0.16891416424825173,0.14602332445123922,0.12313248465422667,0.10024164485721414
4251,0.017379901386824617,0.01971764826949346,0.023811058840523276,0.02790446941155309,0.03199787998258291,0.03609129055361272,0.04018470112464254,0.058937707246218926,0.07769071336779533,0.09644371948937172,0.11519672561094813,0.1725522635160582,0.17021451663338938,0.16612110606235955,0.16202769549132973,0.1579342849202999,0.15384087434927007,0.14974746377824025,0.13099445765666387,0.11224145153508747,0.09348844541351108,0.07473543929193467
4252,0.018861538995962508,0.02139857893702769,0.025840952998510806,0.030283327059993915,0.03472570112147703,0.03916807518296014,0.04361044924444325,0.0639621502340575,0.08431385122367176,0.10466555221328604,0.1250172532029003,0.16219714722554288,0.1596601072844777,0.15521773322299456,0.15077535916151147,0.14633298510002835,0.14189061103854522,0.1374482369770621,0.11709653598744785,0.0967448349978336,0.07639313400821932,0.05604143301860505
4253,0.06031042844298219,0.06842270209442457,0.08262734801485494,0.09683199393528533,0.1110366398557157,0.1252412857761461,0.1394459316965765,0.20452120506052845,0.2695964784244804,0.33467175178843245,0.39974702515238447,0.4566317751531136,0.4485195015016712,0.43431485558124083,0.4201102096608105,0.4059055637403801,0.3917009178199497,0.3774962718995193,0.3124209985355673,0.24734572517161535,0.18227045180766333,0.1171951784437113
4254,0.30895518501738617,0.35051232648691727,0.4232791617051753,0.4960459969234333,0.5688128321416914,0.6415796673599494,0.7143465025782075,1.0477107919933368,1.3810750814084662,1.7144393708235957,2.0478036602387255,2.1024107163262697,2.0608535748567385,1.9880867396384805,1.9153199044202225,1.8425530692019643,1.7697862339837063,1.6970193987654483,1.363655109350319,1.0302908199351897,0.6969265305200603,0.3635622411049304
4255,1.1612949269476076,1.3174991271273024,1.5910137359992662,1.8645283448712298,2.1380429537431938,2.4115575626151577,2.685072171487121,3.9381155800368046,5.191158988586489,6.444202397136173,7.697245805685856,8.797592590406415,8.64138839022672,8.367873781354756,8.094359172482793,7.820844563610829,7.547329954738865,7.273815345866902,6.020771937317218,4.767728528767535,3.514685120217851,2.261641711668167
4256,2.8365400828547638,3.218079229059924,3.8861568494030205,4.554234469746118,5.222312090089215,5.890389710432311,6.558467330775408,9.61910918103339,12.679751031291374,15.74039288154936,18.801034731807345,21.40384848736475,21.02230934115959,20.354231720816493,19.686154100473395,19.018076480130297,18.3499988597872,17.6819212394441,14.621279389186117,11.560637538928134,8.499995688670149,5.439353838412163
4257,4.187241305649756,4.750461435119857,5.736663683482037,6.722865931844216,7.709068180206397,8.695270428568575,9.681472676930756,14.199528337297998,18.717583997665233,23.23563965803248,27.75369531839972,32.29130966000392,31.72808953053382,30.74188728217164,29.75568503380946,28.76948278544728,27.7832805370851,26.797078288722922,22.27902262835568,17.760966967988445,13.242911307621199,8.724855647253957
4258,4.1224380187469025,4.6769415462886,5.647880965838258,6.618820385387915,7.5897598049375725,8.56069922448723,9.53163864403689,13.979771212843394,18.427903781649896,22.876036350456406,27.324168919262913,32.91035711924829,32.35585359170659,31.384914172156932,30.413974752607274,29.443035333057615,28.472095913507957,27.501156493958298,23.053023925151795,18.60489135634529,14.15675878753878,9.708626218732274
4259,3.351595880008395,3.8024144805325077,4.591800893015079,5.381187305497649,6.170573717980221,6.959960130462791,7.7493465429453625,11.365736340329079,14.982126137712793,18.59851593509651,22.21490573248023,27.356769827551037,26.905951227026925,26.116564814544354,25.327178402061783,24.537791989579212,23.74840557709664,22.95901916461407,19.34262936723035,15.726239569846637,12.109849772462919,8.493459975079201
4260,2.9910124143164416,3.3933294236000933,4.097789222441407,4.80224902128272,5.506708820124034,6.211168618965348,6.915628417806662,10.142946736074473,13.370265054342282,16.597583372610092,19.82490169087791,24.2284335048095,23.82611649552585,23.121656696684536,22.417196897843223,21.71273709900191,21.008277300160596,20.303817501319283,17.076499183051475,13.849180864783666,10.621862546515855,7.394544228248039
4261,2.7047846416677372,3.0686015427890947,3.7056473923676854,4.342693241946275,4.979739091524866,5.6167849411034565,6.253830790682048,9.172307818474215,12.090784846266383,15.009261874058554,17.92773890185072,22.802692522038395,22.438875620917038,21.801829771338447,21.164783921759856,20.527738072181265,19.890692222602674,19.253646373024083,16.335169345231915,13.416692317439747,10.498215289647575,7.579738261855409
4262,2.20733046474823,2.5042354815337093,3.0241181699939683,3.544000858454227,4.063883546914486,4.583766235374744,5.103648923835004,7.485370246439614,9.867091569044224,12.248812891648836,14.630534214253444,19.724931122724897,19.428026105939416,18.908143417479156,18.388260729018896,17.868378040558635,17.348495352098375,16.828612663638115,14.446891341033504,12.065170018428894,9.683448695824282,7.3017273732196735
4263,1.677916042855984,1.903610246250039,2.298802319798513,2.693994393346985,3.0891864668954585,3.484378540443932,3.879570613992405,5.690050956937462,7.500531299882518,9.311011642827577,11.121491985772634,14.871256559632515,14.645562356238461,14.250370282689987,13.855178209141515,13.459986135593041,13.064794062044568,12.669601988496094,10.859121645551037,9.04864130260598,7.238160959660921,5.427680616715864
4264,1.1172675321315855,1.2675496673528908,1.5306947005095728,1.7938397336662546,2.0569847668229366,2.3201297999796187,2.583274833136301,3.7888124482913326,4.9943500634463645,6.199887678601396,7.405425293756428,10.033161309414842,9.882879174193537,9.619734141036854,9.356589107880172,9.09344407472349,8.830299041566807,8.567154008410125,7.361616393255093,6.156078778100062,4.95054116294503,3.745003547789998
4265,0.6682540838903488,0.7581400312657272,0.9155309318380566,1.0729218324103855,1.2303127329827148,1.3877036335550441,1.5450945341273732,2.2661442482220826,2.987193962316792,3.7082436764115014,4.429293390506211,6.0734388854665,5.983552938091121,5.826162037518792,5.668771136946463,5.5113802363741335,5.3539893358018045,5.196598435229475,4.475548721134766,3.7544990070400566,3.033449292945347,2.3123995788506377
4266,0.4397550001969972,0.4989058467966161,0.6024793784527985,0.7060529101089809,0.8096264417651632,0.9131999734213457,1.016773505077528,1.4912714914090162,1.9657694777405041,2.4402674640719924,2.9147654504034803,3.6846018562989733,3.625451009699354,3.5218774780431716,3.418303946386989,3.314730414730807,3.2111568830746244,3.1075833514184423,2.633085365086954,2.158587378755466,1.6840893924239777,1.2095914060924897
4267,0.286284866305672,0.32479265405806435,0.39222005033488544,0.4596474466117065,0.5270748428885276,0.5945022391653487,0.6619296354421698,0.9708325302776295,1.2797354251130895,1.5886383199485492,1.8975412147840094,2.22844041223525,2.1899326244828576,2.1225052282060366,2.0550778319292156,1.9876504356523945,1.9202230393755735,1.8527956430987524,1.5438927482632927,1.2349898534278327,0.926086958592373,0.6171840637569128
4268,0.1600000684787465,0.18152145994052682,0.21920556165659857,0.25688966337267033,0.2945737650887421,0.33225786680481384,0.3699419685208856,0.5425828942000834,0.7152238198792811,0.887864745558479,1.0605056712376768,1.3303544742870113,1.308833082825231,1.2711489811091592,1.2334648793930874,1.1957807776770155,1.1580966759609437,1.1204125742448718,0.947771648565674,0.7751307228864763,0.6024897972072784,0.4298488715280806
4269,0.0966650333943288,0.10966731548161278,0.1324343991801003,0.15520148287858784,0.17796856657707538,0.20073565027556292,0.2235027339740505,0.3278048196211218,0.432106905268193,0.5364089909152644,0.6407110765623357,0.8750441895076194,0.8620419074203355,0.8392748237218479,0.8165077400233604,0.7937406563248728,0.7709735726263852,0.7482064889278977,0.6439044032808263,0.5396023176337551,0.4353002319866837,0.3309981463396124
4270,0.060485888935644626,0.06862176353916513,0.08286773488598757,0.09711370623281,0.11135967757963244,0.1256056489264549,0.13985162027327736,0.2051162164429092,0.27038081261254104,0.33564540878217297,0.40091000495180484,0.6530761972950729,0.6449403226915524,0.63069435134473,0.6164483799979075,0.602202408651085,0.5879564373042625,0.57371046595744,0.5084458697878081,0.4431812736181763,0.37791667744854435,0.3126520812789125
4271,0.04326251605801909,0.04908169821561838,0.059271125452270715,0.06946055268892304,0.07964997992557539,0.08983940716222773,0.10002883439888008,0.1467093195416705,0.19338980468446088,0.24007028982725132,0.28675077497004176,0.499578441059629,0.4937592589020297,0.48356983166537737,0.47338040442872503,0.4631909771920727,0.45300154995542036,0.442812122718768,0.3961316375759776,0.3494511524331872,0.30277066729039676,0.2560901821476063
4272,0.031367184720614005,0.03558634204876214,0.04297411500909338,0.050361887969424625,0.057749660929755864,0.0651374338900871,0.07252520685041834,0.10637056615310214,0.14021592545578596,0.17406128475846977,0.20790664406115364,0.38513873965896495,0.3809195823308168,0.3735318093704856,0.36614403641015436,0.35875626344982314,0.3513684904894919,0.3439807175291607,0.3101353582264769,0.27628999892379313,0.24244463962110932,0.20859928031842545
4273,0.027541528392130105,0.031246101893993974,0.037732835101129916,0.04421956830826585,0.05070630151540179,0.057193034722537735,0.06367976792967367,0.09339722368731823,0.1231146794449628,0.15283213520260736,0.18254959096025195,0.2947264391013124,0.29102186559944854,0.2845351323923126,0.27804839918517665,0.2715616659780407,0.26507493277090477,0.25858819956376883,0.22887074380612427,0.1991532880484797,0.16943583229083514,0.13971837653319055
4274,0.021214760756460276,0.024068329353953997,0.029064947229369295,0.03406156510478459,0.03905818298019989,0.04405480085561519,0.049051418731030486,0.07194225852804301,0.09483309832505553,0.11772393812206808,0.1406147779190806,0.2196416620198345,0.2167880934223408,0.21179147554692548,0.20679485767151018,0.20179823979609487,0.19680162192067957,0.19180500404526427,0.16891416424825173,0.14602332445123922,0.12313248465422667,0.10024164485721414
4275,0.017379901386824617,0.01971764826949346,0.023811058840523276,0.02790446941155309,0.03199787998258291,0.03609129055361272,0.04018470112464254,0.058937707246218926,0.07769071336779533,0.09644371948937172,0.11519672561094813,0.1725522635160582,0.17021451663338938,0.16612110606235955,0.16202769549132973,0.1579342849202999,0.15384087434927007,0.14974746377824025,0.13099445765666387,0.11224145153508747,0.09348844541351108,0.07473543929193467
4276,0.018861538995962508,0.02139857893702769,0.025840952998510806,0.030283327059993915,0.03472570112147703,0.03916807518296014,0.04361044924444325,0.0639621502340575,0.08431385122367176,0.10466555221328604,0.1250172532029003,0.16219714722554288,0.1596601072844777,0.15521773322299456,0.15077535916151147,0.14633298510002835,0.14189061103854522,0.1374482369770621,0.11709653598744785,0.0967448349978336,0.07639313400821932,0.05604143301860505
4277,0.06031042844298219,0.06842270209442457,0.08262734801485494,0.09683199393528533,0.1110366398557157,0.1252412857761461,0.1394459316965765,0.20452120506052845,0.2695964784244804,0.33467175178843245,0.39974702515238447,0.4566317751531136,0.4485195015016712,0.43431485558124083,0.4201102096608105,0.4059055637403801,0.3917009178199497,0.3774962718995193,0.3124209985355673,0.24734572517161535,0.18227045180766333,0.1171951784437113
4278,0.30895518501738617,0.35051232648691727,0.4232791617051753,0.4960459969234333,0.5688128321416914,0.6415796673599494,0.7143465025782075,1.0477107919933368,1.3810750814084662,1.7144393708235957,2.0478036602387255,2.1024107163262697,2.0608535748567385,1.9880867396384805,1.9153199044202225,1.8425530692019643,1.7697862339837063,1.6970193987654483,1.363655109350319,1.0302908199351897,0.6969265305200603,0.3635622411049304
4279,1.1612949269476076,1.3174991271273024,1.5910137359992662,1.8645283448712298,2.1380429537431938,2.4115575626151577,2.685072171487121,3.9381155800368046,5.191158988586489,6.444202397136173,7.697245805685856,8.797592590406415,8.64138839022672,8.367873781354756,8.094359172482793,7.820844563610829,7.547329954738865,7.273815345866902,6.020771937317218,4.767728528767535,3.514685120217851,2.261641711668167
4280,2.8365400828547638,3.218079229059924,3.8861568494030205,4.554234469746118,5.222312090089215,5.890389710432311,6.558467330775408,9.61910918103339,12.679751031291374,15.74039288154936,18.801034731807345,21.40384848736475,21.02230934115959,20.354231720816493,19.686154100473395,19.018076480130297,18.3499988597872,17.6819212394441,14.621279389186117,11.560637538928134,8.499995688670149,5.439353838412163
4281,4.187241305649756,4.750461435119857,5.736663683482037,6.722865931844216,7.709068180206397,8.695270428568575,9.681472676930756,14.199528337297998,18.717583997665233,23.23563965803248,27.75369531839972,32.29130966000392,31.72808953053382,30.74188728217164,29.75568503380946,28.76948278544728,27.7832805370851,26.797078288722922,22.27902262835568,17.760966967988445,13.242911307621199,8.724855647253957
4282,4.1224380187469025,4.6769415462886,5.647880965838258,6.618820385387915,7.5897598049375725,8.56069922448723,9.53163864403689,13.979771212843394,18.427903781649896,22.876036350456406,27.324168919262913,32.91035711924829,32.35585359170659,31.384914172156932,30.413974752607274,29.443035333057615,28.472095913507957,27.501156493958298,23.053023925151795,18.60489135634529,14.15675878753878,9.708626218732274
4283,3.351595880008395,3.8024144805325077,4.591800893015079,5.381187305497649,6.170573717980221,6.959960130462791,7.7493465429453625,11.365736340329079,14.982126137712793,18.59851593509651,22.21490573248023,27.356769827551037,26.905951227026925,26.116564814544354,25.327178402061783,24.537791989579212,23.74840557709664,22.95901916461407,19.34262936723035,15.726239569846637,12.109849772462919,8.493459975079201
4284,2.9910124143164416,3.3933294236000933,4.097789222441407,4.80224902128272,5.506708820124034,6.211168618965348,6.915628417806662,10.142946736074473,13.370265054342282,16.597583372610092,19.82490169087791,24.2284335048095,23.82611649552585,23.121656696684536,22.417196897843223,21.71273709900191,21.008277300160596,20.303817501319283,17.076499183051475,13.849180864783666,10.621862546515855,7.394544228248039
4285,2.7047846416677372,3.0686015427890947,3.7056473923676854,4.342693241946275,4.979739091524866,5.6167849411034565,6.253830790682048,9.172307818474215,12.090784846266383,15.009261874058554,17.92773890185072,22.802692522038395,22.438875620917038,21.801829771338447,21.164783921759856,20.527738072181265,19.890692222602674,19.253646373024083,16.335169345231915,13.416692317439747,10.498215289647575,7.579738261855409
4286,2.20733046474823,2.5042354815337093,3.0241181699939683,3.544000858454227,4.063883546914486,4.583766235374744,5.103648923835004,7.485370246439614,9.867091569044224,12.248812891648836,14.630534214253444,19.724931122724897,19.428026105939416,18.908143417479156,18.388260729018896,17.868378040558635,17.348495352098375,16.828612663638115,14.446891341033504,12.065170018428894,9.683448695824282,7.3017273732196735
4287,1.677916042855984,1.903610246250039,2.298802319798513,2.693994393346985,3.0891864668954585,3.484378540443932,3.879570613992405,5.690050956937462,7.500531299882518,9.311011642827577,11.121491985772634,14.871256559632515,14.645562356238461,14.250370282689987,13.855178209141515,13.459986135593041,13.064794062044568,12.669601988496094,10.859121645551037,9.04864130260598,7.238160959660921,5.427680616715864
4288,1.1172675321315855,1.2675496673528908,1.5306947005095728,1.7938397336662546,2.0569847668229366,2.3201297999796187,2.583274833136301,3.7888124482913326,4.9943500634463645,6.199887678601396,7.405425293756428,10.033161309414842,9.882879174193537,9.619734141036854,9.356589107880172,9.09344407472349,8.830299041566807,8.567154008410125,7.361616393255093,6.156078778100062,4.95054116294503,3.745003547789998
4289,0.6682540838903488,0.7581400312657272,0.9155309318380566,1.0729218324103855,1.2303127329827148,1.3877036335550441,1.5450945341273732,2.2661442482220826,2.987193962316792,3.7082436764115014,4.429293390506211,6.0734388854665,5.983552938091121,5.826162037518792,5.668771136946463,5.5113802363741335,5.3539893358018045,5.196598435229475,4.475548721134766,3.7544990070400566,3.033449292945347,2.3123995788506377
4290,0.4397550001969972,0.4989058467966161,0.6024793784527985,0.7060529101089809,0.8096264417651632,0.9131999734213457,1.016773505077528,1.4912714914090162,1.9657694777405041,2.4402674640719924,2.9147654504034803,3.6846018562989733,3.625451009699354,3.5218774780431716,3.418303946386989,3.314730414730807,3.2111568830746244,3.1075833514184423,2.633085365086954,2.158587378755466,1.6840893924239777,1.2095914060924897
4291,0.286284866305672,0.32479265405806435,0.39222005033488544,0.4596474466117065,0.5270748428885276,0.5945022391653487,0.6619296354421698,0.9708325302776295,1.2797354251130895,1.5886383199485492,1.8975412147840094,2.22844041223525,2.1899326244828576,2.1225052282060366,2.0550778319292156,1.9876504356523945,1.9202230393755735,1.8527956430987524,1.5438927482632927,1.2349898534278327,0.926086958592373,0.6171840637569128
4292,0.1600000684787465,0.18152145994052682,0.21920556165659857,0.25688966337267033,0.2945737650887421,0.33225786680481384,0.3699419685208856,0.5425828942000834,0.7152238198792811,0.887864745558479,1.0605056712376768,1.3303544742870113,1.308833082825231,1.2711489811091592,1.2334648793930874,1.1957807776770155,1.1580966759609437,1.1204125742448718,0.947771648565674,0.7751307228864763,0.6024897972072784,0.4298488715280806
4293,0.0966650333943288,0.10966731548161278,0.1324343991801003,0.15520148287858784,0.17796856657707538,0.20073565027556292,0.2235027339740505,0.3278048196211218,0.432106905268193,0.5364089909152644,0.6407110765623357,0.8750441895076194,0.8620419074203355,0.8392748237218479,0.8165077400233604,0.7937406563248728,0.7709735726263852,0.7482064889278977,0.6439044032808263,0.5396023176337551,0.4353002319866837,0.3309981463396124
4294,0.060485888935644626,0.06862176353916513,0.08286773488598757,0.09711370623281,0.11135967757963244,0.1256056489264549,0.13985162027327736,0.2051162164429092,0.27038081261254104,0.33564540878217297,0.40091000495180484,0.6530761972950729,0.6449403226915524,0.63069435134473,0.6164483799979075,0.602202408651085,0.5879564373042625,0.57371046595744,0.5084458697878081,0.4431812736181763,0.37791667744854435,0.3126520812789125
4295,0.04326251605801909,0.04908169821561838,0.059271125452270715,0.06946055268892304,0.07964997992557539,0.08983940716222773,0.10002883439888008,0.1467093195416705,0.19338980468446088,0.24007028982725132,0.28675077497004176,0.499578441059629,0.4937592589020297,0.48356983166537737,0.47338040442872503,0.4631909771920727,0.45300154995542036,0.442812122718768,0.3961316375759776,0.3494511524331872,0.30277066729039676,0.2560901821476063
4296,0.031367184720614005,0.03558634204876214,0.04297411500909338,0.050361887969424625,0.057749660929755864,0.0651374338900871,0.07252520685041834,0.10637056615310214,0.14021592545578596,0.17406128475846977,0.20790664406115364,0.38513873965896495,0.3809195823308168,0.3735318093704856,0.36614403641015436,0.35875626344982314,0.3513684904894919,0.3439807175291607,0.3101353582264769,0.27628999892379313,0.24244463962110932,0.20859928031842545
4297,0.027541528392130105,0.031246101893993974,0.037732835101129916,0.04421956830826585,0.05070630151540179,0.057193034722537735,0.06367976792967367,0.09339722368731823,0.1231146794449628,0.15283213520260736,0.18254959096025195,0.2947264391013124,0.29102186559944854,0.2845351323923126,0.27804839918517665,0.2715616659780407,0.26507493277090477,0.25858819956376883,0.22887074380612427,0.1991532880484797,0.16943583229083514,0.13971837653319055
4298,0.021214760756460276,0.024068329353953997,0.029064947229369295,0.03406156510478459,0.03905818298019989,0.04405480085561519,0.049051418731030486,0.07194225852804301,0.09483309832505553,0.11772393812206808,0.1406147779190806,0.2196416620198345,0.2167880934223408,0.21179147554692548,0.20679485767151018,0.20179823979609487,0.19680162192067957,0.19180500404526427,0.16891416424825173,0.14602332445123922,0.12313248465422667,0.10024164485721414
4299,0.017379901386824617,0.01971764826949346,0.023811058840523276,0.02790446941155309,0.03199787998258291,0.03609129055361272,0.04018470112464254,0.058937707246218926,0.07769071336779533,0.09644371948937172,0.11519672561094813,0.1725522635160582,0.17021451663338938,0.16612110606235955,0.16202769549132973,0.1579342849202999,0.15384087434927007,0.14974746377824025,0.13099445765666387,0.11224145153508747,0.09348844541351108,0.07473543929193467
4300,0.018861538995962508,0.02139857893702769,0.025840952998510806,0.030283327059993915,0.03472570112147703,0.03916807518296014,0.04361044924444325,0.0639621502340575,0.08431385122367176,0.10466555221328604,0.1250172532029003,0.16219714722554288,0.1596601072844777,0.15521773322299456,0.15077535916151147,0.14633298510002835,0.14189061103854522,0.1374482369770621,0.11709653598744785,0.0967448349978336,0.07639313400821932,0.05604143301860505
4301,0.06031042844298219,0.06842270209442457,0.08262734801485494,0.09683199393528533,0.1110366398557157,0.1252412857761461,0.1394459316965765,0.20452120506052845,0.2695964784244804,0.33467175178843245,0.39974702515238447,0.4566317751531136,0.4485195015016712,0.43431485558124083,0.4201102096608105,0.4059055637403801,0.3917009178199497,0.3774962718995193,0.3124209985355673,0.24734572517161535,0.18227045180766333,0.1171951784437113
4302,0.30895518501738617,0.35051232648691727,0.4232791617051753,0.4960459969234333,0.5688128321416914,0.6415796673599494,0.7143465025782075,1.0477107919933368,1.3810750814084662,1.7144393708235957,2.0478036602387255,2.1024107163262697,2.0608535748567385,1.9880867396384805,1.9153199044202225,1.8425530692019643,1.7697862339837063,1.6970193987654483,1.363655109350319,1.0302908199351897,0.6969265305200603,0.3635622411049304
4303,1.1612949269476076,1.3174991271273024,1.5910137359992662,1.8645283448712298,2.1380429537431938,2.4115575626151577,2.685072171487121,3.9381155800368046,5.191158988586489,6.444202397136173,7.697245805685856,8.797592590406415,8.64138839022672,8.367873781354756,8.094359172482793,7.820844563610829,7.547329954738865,7.273815345866902,6.020771937317218,4.767728528767535,3.514685120217851,2.261641711668167
4304,2.8365400828547638,3.218079229059924,3.8861568494030205,4.554234469746118,5.222312090089215,5.890389710432311,6.558467330775408,9.61910918103339,12.679751031291374,15.74039288154936,18.801034731807345,21.40384848736475,21.02230934115959,20.354231720816493,19.686154100473395,19.018076480130297,18.3499988597872,17.6819212394441,14.621279389186117,11.560637538928134,8.499995688670149,5.439353838412163
4305,4.187241305649756,4.750461435119857,5.736663683482037,6.722865931844216,7.709068180206397,8.695270428568575,9.681472676930756,14.199528337297998,18.717583997665233,23.23563965803248,27.75369531839972,32.29130966000392,31.72808953053382,30.74188728217164,29.75568503380946,28.76948278544728,27.7832805370851,26.797078288722922,22.27902262835568,17.760966967988445,13.242911307621199,8.724855647253957
4306,4.1224380187469025,4.6769415462886,5.647880965838258,6.618820385387915,7.5897598049375725,8.56069922448723,9.53163864403689,13.979771212843394,18.427903781649896,22.876036350456406,27.324168919262913,32.91035711924829,32.35585359170659,31.384914172156932,30.413974752607274,29.443035333057615,28.472095913507957,27.501156493958298,23.053023925151795,18.60489135634529,14.15675878753878,9.708626218732274
4307,3.351595880008395,3.8024144805325077,4.591800893015079,5.381187305497649,6.170573717980221,6.959960130462791,7.7493465429453625,11.365736340329079,14.982126137712793,18.59851593509651,22.21490573248023,27.356769827551037,26.905951227026925,26.116564814544354,25.327178402061783,24.537791989579212,23.74840557709664,22.95901916461407,19.34262936723035,15.726239569846637,12.109849772462919,8.493459975079201
4308,2.9910124143164416,3.3933294236000933,4.097789222441407,4.80224902128272,5.506708820124034,6.211168618965348,6.915628417806662,10.142946736074473,13.370265054342282,16.597583372610092,19.82490169087791,24.2284335048095,23.82611649552585,23.121656696684536,22.417196897843223,21.71273709900191,21.008277300160596,20.303817501319283,17.076499183051475,13.849180864783666,10.621862546515855,7.394544228248039
4309,2.7047846416677372,3.0686015427890947,3.7056473923676854,4.342693241946275,4.979739091524866,5.6167849411034565,6.253830790682048,9.172307818474215,12.090784846266383,15.009261874058554,17.92773890185072,22.802692522038395,22.438875620917038,21.801829771338447,21.164783921759856,20.527738072181265,19.890692222602674,19.253646373024083,16.335169345231915,13.416692317439747,10.498215289647575,7.579738261855409
4310,2.20733046474823,2.5042354815337093,3.0241181699939683,3.544000858454227,4.063883546914486,4.583766235374744,5.103648923835004,7.485370246439614,9.867091569044224,12.248812891648836,14.630534214253444,19.724931122724897,19.428026105939416,18.908143417479156,18.388260729018896,17.868378040558635,17.348495352098375,16.828612663638115,14.446891341033504,12.065170018428894,9.683448695824282,7.3017273732196735
4311,1.677916042855984,1.903610246250039,2.298802319798513,2.693994393346985,3.0891864668954585,3.484378540443932,3.879570613992405,5.690050956937462,7.500531299882518,9.311011642827577,11.121491985772634,14.871256559632515,14.645562356238461,14.250370282689987,13.855178209141515,13.459986135593041,13.064794062044568,12.669601988496094,10.859121645551037,9.04864130260598,7.238160959660921,5.427680616715864
4312,1.1172675321315855,1.2675496673528908,1.5306947005095728,1.7938397336662546,2.0569847668229366,2.3201297999796187,2.583274833136301,3.7888124482913326,4.9943500634463645,6.199887678601396,7.405425293756428,10.033161309414842,9.882879174193537,9.619734141036854,9.356589107880172,9.09344407472349,8.830299041566807,8.567154008410125,7.361616393255093,6.156078778100062,4.95054116294503,3.745003547789998
4313,0.6682540838903488,0.7581400312657272,0.9155309318380566,1.0729218324103855,1.2303127329827148,1.3877036335550441,1.5450945341273732,2.2661442482220826,2.987193962316792,3.7082436764115014,4.429293390506211,6.0734388854665,5.983552938091121,5.826162037518792,5.668771136946463,5.5113802363741335,5.3539893358018045,5.196598435229475,4.475548721134766,3.7544990070400566,3.033449292945347,2.3123995788506377
4314,0.4397550001969972,0.4989058467966161,0.6024793784527985,0.7060529101089809,0.8096264417651632,0.9131999734213457,1.016773505077528,1.4912714914090162,1.9657694777405041,2.4402674640719924,2.9147654504034803,3.6846018562989733,3.625451009699354,3.5218774780431716,3.418303946386989,3.314730414730807,3.2111568830746244,3.1075833514184423,2.633085365086954,2.158587378755466,1.6840893924239777,1.2095914060924897
4315,0.286284866305672,0.32479265405806435,0.39222005033488544,0.4596474466117065,0.5270748428885276,0.5945022391653487,0.6619296354421698,0.9708325302776295,1.2797354251130895,1.5886383199485492,1.8975412147840094,2.22844041223525,2.1899326244828576,2.1225052282060366,2.0550778319292156,1.9876504356523945,1.9202230393755735,1.8527956430987524,1.5438927482632927,1.2349898534278327,0.926086958592373,0.6171840637569128
4316,0.1600000684787465,0.18152145994052682,0.21920556165659857,0.25688966337267033,0.2945737650887421,0.33225786680481384,0.3699419685208856,0.5425828942000834,0.7152238198792811,0.887864745558479,1.0605056712376768,1.3303544742870113,1.308833082825231,1.2711489811091592,1.2334648793930874,1.1957807776770155,1.1580966759609437,1.1204125742448718,0.947771648565674,0.7751307228864763,0.6024897972072784,0.4298488715280806
4317,0.0966650333943288,0.10966731548161278,0.1324343991801003,0.15520148287858784,0.17796856657707538,0.20073565027556292,0.2235027339740505,0.3278048196211218,0.432106905268193,0.5364089909152644,0.6407110765623357,0.8750441895076194,0.8620419074203355,0.8392748237218479,0.8165077400233604,0.7937406563248728,0.7709735726263852,0.7482064889278977,0.6439044032808263,0.5396023176337551,0.4353002319866837,0.3309981463396124
4318,0.060485888935644626,0.06862176353916513,0.08286773488598757,0.09711370623281,0.11135967757963244,0.1256056489264549,0.13985162027327736,0.2051162164429092,0.27038081261254104,0.33564540878217297,0.40091000495180484,0.6530761972950729,0.6449403226915524,0.63069435134473,0.6164483799979075,0.602202408651085,0.5879564373042625,0.57371046595744,0.5084458697878081,0.4431812736181763,0.37791667744854435,0.3126520812789125
4319,0.04326251605801909,0.04908169821561838,0.059271125452270715,0.06946055268892304,0.07964997992557539,0.08983940716222773,0.10002883439888008,0.1467093195416705,0.19338980468446088,0.24007028982725132,0.28675077497004176,0.499578441059629,0.4937592589020297,0.48356983166537737,0.47338040442872503,0.4631909771920727,0.45300154995542036,0.442812122718768,0.3961316375759776,0.3494511524331872,0.30277066729039676,0.2560901821476063
4320,0.06656898268586907,0.07552308595105217,0.09120178120737912,0.10688047646370606,0.12255917172003303,0.13823786697635998,0.1539165622326869,0.2257448489433112,0.29757313565393556,0.36940142236455986,0.44122970907518416,0.4271966781704077,0.4182425749052246,0.4025638796488976,0.3868851843925707,0.3712064891362437,0.35552779387991673,0.3398490986235898,0.2680208119129655,0.19619252520234115,0.12436423849171685,0.05253595178109255
4321,0.056639086305014866,0.06425753272192815,0.07759748382143074,0.09093743492093335,0.10427738602043597,0.11761733711993858,0.1309572882194412,0.19207116387144205,0.25318503952344296,0.31429891517544384,0.3754127908274448,0.3168441383691494,0.3092256919522361,0.2958857408527335,0.28254578975323086,0.26920583865372827,0.2558658875542257,0.24252593645472306,0.1814120608027222,0.1202981851507213,0.05918430949872042,-0.0019295661532805208
4322,0.03392680220936796,0.038490250202461725,0.046480878441028384,0.05447150667959503,0.06246213491816169,0.07045276315672834,0.07844339139529499,0.1150505915949522,0.15165779179460942,0.18826499199426663,0.22487219219392388,0.22601923126692836,0.22145578327383458,0.21346515503526792,0.20547452679670128,0.1974838985581346,0.18949327031956797,0.1815026420810013,0.1448954418813441,0.10828824168168688,0.07168104148202967,0.035073841282372425
4323,0.0236676925723058,0.026851201690074235,0.03242554764354464,0.03799989359701504,0.043574239550485436,0.049148585503955844,0.05472293145742625,0.08026049774238261,0.10579806402733898,0.13133563031229536,0.15687319659725174,0.20284547879051973,0.1996619696727513,0.1940876237192809,0.1885132777658105,0.1829389318123401,0.17736458585886972,0.17179023990539932,0.14625267362044297,0.12071510733548661,0.09517754105053022,0.06963997476557385
4324,0.02469635730095266,0.028018230711428102,0.03383485347536883,0.03965147623930954,0.04546809900325027,0.051284721767191,0.05710134453113172,0.08374884553458932,0.11039634653804692,0.1370438475415045,0.16369134854496212,0.2086410790622131,0.20531920565173767,0.19950258288779693,0.19368596012385622,0.18786933735991548,0.18205271459597477,0.17623609183203404,0.14958859082857645,0.12294108982511885,0.09629358882166127,0.06964608781820365
4325,0.018530992112733714,0.02102357064238779,0.025388092472381524,0.02975261430237525,0.03411713613236898,0.03848165796236271,0.04284617979235644,0.06284121893523797,0.08283625807811949,0.10283129722100104,0.12282633636388257,0.23076451461001737,0.2282719360803633,0.22390741425036959,0.21954289242037586,0.21517837059038214,0.21081384876038842,0.2064493269303947,0.18645428778751316,0.16645924864463163,0.1464642095017501,0.12646917035886857
4326,0.022723898938375474,0.025780459658883387,0.031132518111866028,0.036484576564848666,0.0418366350178313,0.04718869347081395,0.05254075192379659,0.0770599598532782,0.10157916778275981,0.12609837571224142,0.15061758364172306,0.3411068640072945,0.3380503032867866,0.33269824483380395,0.3273461863808213,0.32199412792783866,0.316642069474856,0.31129001102187337,0.2867708030923918,0.2622515951629102,0.2377323872334286,0.21321317930394695
4327,0.05954035988303085,0.0675490526604855,0.08157232777140645,0.0955956028823274,0.10961887799324835,0.12364215310416929,0.13766542821509023,0.20190979350324906,0.2661541587914079,0.33039852407956677,0.3946428893677256,0.5323949645104806,0.524386271733026,0.510362996622105,0.4963397215111841,0.48231644640026317,0.4682931712893422,0.4542698961784213,0.3900255308902625,0.32578116560210363,0.2615368003139448,0.19729243502578592
4328,0.09422208070711786,0.10689576455313886,0.129087470513181,0.15127917647322317,0.17347088243326533,0.1956625883933075,0.21785429435334966,0.31952042104539957,0.42118654773744957,0.5228526744294996,0.6245188011215496,0.7630054397344619,0.7503317558884409,0.7281400499283988,0.7059483439683566,0.6837566380083144,0.6615649320482723,0.6393732260882301,0.5377070993961802,0.4360409727041302,0.33437484601208023,0.23270871932003023
4329,0.11060462621291975,0.12548190395938727,0.1515321177130734,0.17758233146675953,0.2036325452204457,0.22968275897413182,0.255732972727818,0.37507595323620807,0.49441893374459817,0.6137619142529884,0.7331048947613785,1.04243040931092,1.0275531315644524,1.0015029178107662,0.9754527040570801,0.949402490303394,0.9233522765497079,0.8973020627960218,0.7779590822876317,0.6586161017792416,0.5392731212708513,0.41993014076246116
4330,0.14593538259187422,0.16556495229609972,0.19993646134515083,0.23430797039420195,0.2686794794432531,0.3030509884923042,0.3374224975413554,0.4948875522726021,0.6523526070038489,0.8098176617350957,0.9672827164663426,1.3368623237393928,1.3172327540351674,1.2828612449861163,1.2484897359370652,1.2141182268880142,1.1797467178389631,1.145375208789912,0.9879101540586653,0.8304450993274186,0.6729800445961718,0.5155149898649249
4331,0.17412844867806587,0.1975502293326846,0.2385619253527876,0.2795736213728906,0.3205853173929936,0.3615970134130966,0.40260870943319965,0.5904942325625675,0.7783797556919354,0.9662652788213034,1.1541508019506714,1.6963697765134498,1.6729479958588311,1.6319362998387281,1.590924603818625,1.549912907798522,1.508901211778419,1.467889515758316,1.2800039926289482,1.0921184694995802,0.9042329463702122,0.7163474232408442
4332,0.20258246617249245,0.22983155799628885,0.277544901707457,0.32525824541862514,0.3729715891297932,0.4206849328409614,0.46839827655212957,0.6869858360383282,0.9055733955245269,1.1241609550107257,1.3427485144969247,1.9211150761464808,1.8938659843226844,1.8461526406115163,1.7984392969003482,1.7507259531891801,1.7030126094780118,1.6552992657668437,1.4367117062806452,1.2181241467944464,0.9995365873082476,0.7809490278220486
4333,0.22682064156334378,0.25732997737244256,0.31075203030808307,0.3641740832437235,0.4175961361793641,0.4710181891150046,0.5244402420506451,0.769180921820084,1.013921601589523,1.2586622813589619,1.5034029611284008,2.0428941262432594,2.0123847904341607,1.9589627374985201,1.9055406845628797,1.852118631627239,1.7986965786915987,1.745274525755958,1.5005338459865192,1.2557931662170803,1.0110524864476413,0.7663118066782024
4334,0.28713168866453304,0.3257533813399477,0.3933802259058238,0.46100707047169975,0.5286339150375757,0.5962607596034519,0.6638876041693279,0.9737042248382178,1.2835208455071077,1.5933374661759976,1.9031540868448875,2.133676930271694,2.095055237596279,2.027428393030403,1.9598015484645268,1.8921747038986507,1.8245478593327746,1.7569210147668985,1.4471043940980086,1.1372877734291187,0.8274711527602288,0.5176545320913388
4335,0.3067951188581142,0.3480617127682659,0.42031979724889373,0.49257788172952155,0.5648359662101494,0.6370940506907772,0.709352135171405,1.040385701701159,1.3714192682309132,1.7024528347606676,2.0334864012904217,2.1612776545091203,2.120011060598969,2.047752976118341,1.975494891637713,1.9032368071570853,1.8309787226764576,1.7587206381958298,1.427687071666076,1.0966535051363218,0.7656199386065674,0.4345863720768133
4336,0.27598175878396375,0.31310368956544515,0.3781044409318533,0.44310519229826134,0.5081059436646694,0.5731066950310776,0.6381074463974856,0.9358932333664804,1.233679020335475,1.53146480730447,1.829250594273465,1.9097257114610804,1.872603780679599,1.8076030293131908,1.7426022779467827,1.6776015265803745,1.6126007752139664,1.5476000238475582,1.2498142368785634,0.9520284499095688,0.6542426629405738,0.35645687597157893
4337,0.2253108014307007,0.2556170506983482,0.3086834977291007,0.36174994475985317,0.4148163917906057,0.46788283882135817,0.5209492858521106,0.7640608400805081,1.0071723943089055,1.2502839485373032,1.4933955027657007,1.6192575536297766,1.588951304362129,1.5358848573313766,1.4828184103006241,1.4297519632698716,1.3766855162391192,1.3236190692083667,1.0805075149799692,0.8373959607515719,0.5942844065231742,0.3511728522947767
4338,0.181071206183045,0.20542684770103406,0.24807374039633354,0.290720633091633,0.3333675257869325,0.376014418482232,0.41866131117753147,0.6140381066158548,0.809414902054178,1.0047916974925013,1.200168492930825,1.489569188741577,1.4652135472235879,1.4225666545282885,1.379919761832989,1.3372728691376894,1.29462597644239,1.2519790837470905,1.0566022883087673,0.8612254928704441,0.6658486974321208,0.4704719019937972
4339,0.1371027565822645,0.15554426178254532,0.18783546186591396,0.22012666194928254,0.2524178620326512,0.2847090621160198,0.3170002621993884,0.464934866444111,0.6128694706888336,0.7608040749335562,0.9087386791782788,1.2544431595756709,1.23600165437539,1.2037104542920214,1.1714192542086528,1.1391280541252842,1.1068368540419156,1.074545653958547,0.9266110497138245,0.7786764454691019,0.6307418412243793,0.48280723697965666
4340,0.12288693681507708,0.1394162914452449,0.16835930297358676,0.19730231450192862,0.22624532603027048,0.25518833755861237,0.28413134908695425,0.4167270081222759,0.5493226671575976,0.6819183261929194,0.8145139852282411,0.965950353268064,0.9494209986378962,0.9204779871095543,0.8915349755812124,0.8625919640528705,0.8336489525245286,0.8047059409961868,0.6721102819608651,0.5395146229255434,0.40691896389022164,0.27432330485489986
4341,0.10407025709033581,0.11806860573895996,0.14257980870966933,0.16709101168037868,0.19160221465108804,0.2161134176217974,0.24062462059250678,0.3529169820306787,0.4652093434688507,0.5775017049070227,0.6897940663451948,0.756275578156249,0.7422772295076249,0.7177660265369155,0.6932548235662062,0.6687436205954969,0.6442324176247876,0.6197212146540781,0.5074288532159061,0.3951364917777342,0.2828441303395622,0.17055176890139007
4342,0.09174496304809825,0.10408545316899447,0.1256937346673304,0.14730201616566632,0.16891029766400223,0.19051857916233816,0.21212686066067407,0.3111201642112374,0.4101134677618008,0.5091067713123641,0.6081000748629275,0.6380177307790044,0.6256772406581081,0.6040689591597722,0.5824606776614363,0.5608523961631003,0.5392441146647644,0.5176358331664285,0.4186425296158651,0.3196492260653017,0.22065592251473837,0.12166261896417502
4343,0.0756798511426919,0.0858594449247251,0.10368398234795255,0.12150851977117999,0.13933305719440744,0.15715759461763487,0.17498213204086233,0.2566410943198301,0.33830005659879786,0.4199590188777657,0.5016179811567335,0.5589042903878931,0.54872469660586,0.5309001591826326,0.5130756217594051,0.4952510843361777,0.4774265469129503,0.45960200948972285,0.37794304721075506,0.2962840849317873,0.21462512265281947,0.13296616037385167
4344,0.06656898268586907,0.07552308595105217,0.09120178120737912,0.10688047646370606,0.12255917172003303,0.13823786697635998,0.1539165622326869,0.2257448489433112,0.29757313565393556,0.36940142236455986,0.44122970907518416,0.4271966781704077,0.4182425749052246,0.4025638796488976,0.3868851843925707,0.3712064891362437,0.35552779387991673,0.3398490986235898,0.2680208119129655,0.19619252520234115,0.12436423849171685,0.05253595178109255
4345,0.056639086305014866,0.06425753272192815,0.07759748382143074,0.09093743492093335,0.10427738602043597,0.11761733711993858,0.1309572882194412,0.19207116387144205,0.25318503952344296,0.31429891517544384,0.3754127908274448,0.3168441383691494,0.3092256919522361,0.2958857408527335,0.28254578975323086,0.26920583865372827,0.2558658875542257,0.24252593645472306,0.1814120608027222,0.1202981851507213,0.05918430949872042,-0.0019295661532805208
4346,0.03392680220936796,0.038490250202461725,0.046480878441028384,0.05447150667959503,0.06246213491816169,0.07045276315672834,0.07844339139529499,0.1150505915949522,0.15165779179460942,0.18826499199426663,0.22487219219392388,0.22601923126692836,0.22145578327383458,0.21346515503526792,0.20547452679670128,0.1974838985581346,0.18949327031956797,0.1815026420810013,0.1448954418813441,0.10828824168168688,0.07168104148202967,0.035073841282372425
4347,0.0236676925723058,0.026851201690074235,0.03242554764354464,0.03799989359701504,0.043574239550485436,0.049148585503955844,0.05472293145742625,0.08026049774238261,0.10579806402733898,0.13133563031229536,0.15687319659725174,0.20284547879051973,0.1996619696727513,0.1940876237192809,0.1885132777658105,0.1829389318123401,0.17736458585886972,0.17179023990539932,0.14625267362044297,0.12071510733548661,0.09517754105053022,0.06963997476557385
4348,0.02469635730095266,0.028018230711428102,0.03383485347536883,0.03965147623930954,0.04546809900325027,0.051284721767191,0.05710134453113172,0.08374884553458932,0.11039634653804692,0.1370438475415045,0.16369134854496212,0.2086410790622131,0.20531920565173767,0.19950258288779693,0.19368596012385622,0.18786933735991548,0.18205271459597477,0.17623609183203404,0.14958859082857645,0.12294108982511885,0.09629358882166127,0.06964608781820365
4349,0.018530992112733714,0.02102357064238779,0.025388092472381524,0.02975261430237525,0.03411713613236898,0.03848165796236271,0.04284617979235644,0.06284121893523797,0.08283625807811949,0.10283129722100104,0.12282633636388257,0.23076451461001737,0.2282719360803633,0.22390741425036959,0.21954289242037586,0.21517837059038214,0.21081384876038842,0.2064493269303947,0.18645428778751316,0.16645924864463163,0.1464642095017501,0.12646917035886857
4350,0.022723898938375474,0.025780459658883387,0.031132518111866028,0.036484576564848666,0.0418366350178313,0.04718869347081395,0.05254075192379659,0.0770599598532782,0.10157916778275981,0.12609837571224142,0.15061758364172306,0.3411068640072945,0.3380503032867866,0.33269824483380395,0.3273461863808213,0.32199412792783866,0.316642069474856,0.31129001102187337,0.2867708030923918,0.2622515951629102,0.2377323872334286,0.21321317930394695
4351,0.05954035988303085,0.0675490526604855,0.08157232777140645,0.0955956028823274,0.10961887799324835,0.12364215310416929,0.13766542821509023,0.20190979350324906,0.2661541587914079,0.33039852407956677,0.3946428893677256,0.5323949645104806,0.524386271733026,0.510362996622105,0.4963397215111841,0.48231644640026317,0.4682931712893422,0.4542698961784213,0.3900255308902625,0.32578116560210363,0.2615368003139448,0.19729243502578592
4352,0.09422208070711786,0.10689576455313886,0.129087470513181,0.15127917647322317,0.17347088243326533,0.1956625883933075,0.21785429435334966,0.31952042104539957,0.42118654773744957,0.5228526744294996,0.6245188011215496,0.7630054397344619,0.7503317558884409,0.7281400499283988,0.7059483439683566,0.6837566380083144,0.6615649320482723,0.6393732260882301,0.5377070993961802,0.4360409727041302,0.33437484601208023,0.23270871932003023
4353,0.11060462621291975,0.12548190395938727,0.1515321177130734,0.17758233146675953,0.2036325452204457,0.22968275897413182,0.255732972727818,0.37507595323620807,0.49441893374459817,0.6137619142529884,0.7331048947613785,1.04243040931092,1.0275531315644524,1.0015029178107662,0.9754527040570801,0.949402490303394,0.9233522765497079,0.8973020627960218,0.7779590822876317,0.6586161017792416,0.5392731212708513,0.41993014076246116
4354,0.14593538259187422,0.16556495229609972,0.19993646134515083,0.23430797039420195,0.2686794794432531,0.3030509884923042,0.3374224975413554,0.4948875522726021,0.6523526070038489,0.8098176617350957,0.9672827164663426,1.3368623237393928,1.3172327540351674,1.2828612449861163,1.2484897359370652,1.2141182268880142,1.1797467178389631,1.145375208789912,0.9879101540586653,0.8304450993274186,0.6729800445961718,0.5155149898649249
4355,0.17412844867806587,0.1975502293326846,0.2385619253527876,0.2795736213728906,0.3205853173929936,0.3615970134130966,0.40260870943319965,0.5904942325625675,0.7783797556919354,0.9662652788213034,1.1541508019506714,1.6963697765134498,1.6729479958588311,1.6319362998387281,1.590924603818625,1.549912907798522,1.508901211778419,1.467889515758316,1.2800039926289482,1.0921184694995802,0.9042329463702122,0.7163474232408442
4356,0.20258246617249245,0.22983155799628885,0.277544901707457,0.32525824541862514,0.3729715891297932,0.4206849328409614,0.46839827655212957,0.6869858360383282,0.9055733955245269,1.1241609550107257,1.3427485144969247,1.9211150761464808,1.8938659843226844,1.8461526406115163,1.7984392969003482,1.7507259531891801,1.7030126094780118,1.6552992657668437,1.4367117062806452,1.2181241467944464,0.9995365873082476,0.7809490278220486
4357,0.22682064156334378,0.25732997737244256,0.31075203030808307,0.3641740832437235,0.4175961361793641,0.4710181891150046,0.5244402420506451,0.769180921820084,1.013921601589523,1.2586622813589619,1.5034029611284008,2.0428941262432594,2.0123847904341607,1.9589627374985201,1.9055406845628797,1.852118631627239,1.7986965786915987,1.745274525755958,1.5005338459865192,1.2557931662170803,1.0110524864476413,0.7663118066782024
4358,0.28713168866453304,0.3257533813399477,0.3933802259058238,0.46100707047169975,0.5286339150375757,0.5962607596034519,0.6638876041693279,0.9737042248382178,1.2835208455071077,1.5933374661759976,1.9031540868448875,2.133676930271694,2.095055237596279,2.027428393030403,1.9598015484645268,1.8921747038986507,1.8245478593327746,1.7569210147668985,1.4471043940980086,1.1372877734291187,0.8274711527602288,0.5176545320913388
4359,0.3067951188581142,0.3480617127682659,0.42031979724889373,0.49257788172952155,0.5648359662101494,0.6370940506907772,0.709352135171405,1.040385701701159,1.3714192682309132,1.7024528347606676,2.0334864012904217,2.1612776545091203,2.120011060598969,2.047752976118341,1.975494891637713,1.9032368071570853,1.8309787226764576,1.7587206381958298,1.427687071666076,1.0966535051363218,0.7656199386065674,0.4345863720768133
4360,0.27598175878396375,0.31310368956544515,0.3781044409318533,0.44310519229826134,0.5081059436646694,0.5731066950310776,0.6381074463974856,0.9358932333664804,1.233679020335475,1.53146480730447,1.829250594273465,1.9097257114610804,1.872603780679599,1.8076030293131908,1.7426022779467827,1.6776015265803745,1.6126007752139664,1.5476000238475582,1.2498142368785634,0.9520284499095688,0.6542426629405738,0.35645687597157893
4361,0.2253108014307007,0.2556170506983482,0.3086834977291007,0.36174994475985317,0.4148163917906057,0.46788283882135817,0.5209492858521106,0.7640608400805081,1.0071723943089055,1.2502839485373032,1.4933955027657007,1.6192575536297766,1.588951304362129,1.5358848573313766,1.4828184103006241,1.4297519632698716,1.3766855162391192,1.3236190692083667,1.0805075149799692,0.8373959607515719,0.5942844065231742,0.3511728522947767
4362,0.181071206183045,0.20542684770103406,0.24807374039633354,0.290720633091633,0.3333675257869325,0.376014418482232,0.41866131117753147,0.6140381066158548,0.809414902054178,1.0047916974925013,1.200168492930825,1.489569188741577,1.4652135472235879,1.4225666545282885,1.379919761832989,1.3372728691376894,1.29462597644239,1.2519790837470905,1.0566022883087673,0.8612254928704441,0.6658486974321208,0.4704719019937972
4363,0.1371027565822645,0.15554426178254532,0.18783546186591396,0.22012666194928254,0.2524178620326512,0.2847090621160198,0.3170002621993884,0.464934866444111,0.6128694706888336,0.7608040749335562,0.9087386791782788,1.2544431595756709,1.23600165437539,1.2037104542920214,1.1714192542086528,1.1391280541252842,1.1068368540419156,1.074545653958547,0.9266110497138245,0.7786764454691019,0.6307418412243793,0.48280723697965666
4364,0.12288693681507708,0.1394162914452449,0.16835930297358676,0.19730231450192862,0.22624532603027048,0.25518833755861237,0.28413134908695425,0.4167270081222759,0.5493226671575976,0.6819183261929194,0.8145139852282411,0.965950353268064,0.9494209986378962,0.9204779871095543,0.8915349755812124,0.8625919640528705,0.8336489525245286,0.8047059409961868,0.6721102819608651,0.5395146229255434,0.40691896389022164,0.27432330485489986
4365,0.10407025709033581,0.11806860573895996,0.14257980870966933,0.16709101168037868,0.19160221465108804,0.2161134176217974,0.24062462059250678,0.3529169820306787,0.4652093434688507,0.5775017049070227,0.6897940663451948,0.756275578156249,0.7422772295076249,0.7177660265369155,0.6932548235662062,0.6687436205954969,0.6442324176247876,0.6197212146540781,0.5074288532159061,0.3951364917777342,0.2828441303395622,0.17055176890139007
4366,0.09174496304809825,0.10408545316899447,0.1256937346673304,0.14730201616566632,0.16891029766400223,0.19051857916233816,0.21212686066067407,0.3111201642112374,0.4101134677618008,0.5091067713123641,0.6081000748629275,0.6380177307790044,0.6256772406581081,0.6040689591597722,0.5824606776614363,0.5608523961631003,0.5392441146647644,0.5176358331664285,0.4186425296158651,0.3196492260653017,0.22065592251473837,0.12166261896417502
4367,0.0756798511426919,0.0858594449247251,0.10368398234795255,0.12150851977117999,0.13933305719440744,0.15715759461763487,0.17498213204086233,0.2566410943198301,0.33830005659879786,0.4199590188777657,0.5016179811567335,0.5589042903878931,0.54872469660586,0.5309001591826326,0.5130756217594051,0.4952510843361777,0.4774265469129503,0.45960200948972285,0.37794304721075506,0.2962840849317873,0.21462512265281947,0.13296616037385167
4368,0.031367184720614005,0.03558634204876214,0.04297411500909338,0.050361887969424625,0.057749660929755864,0.0651374338900871,0.07252520685041834,0.10637056615310214,0.14021592545578596,0.17406128475846977,0.20790664406115364,0.38513873965896495,0.3809195823308168,0.3735318093704856,0.36614403641015436,0.35875626344982314,0.3513684904894919,0.3439807175291607,0.3101353582264769,0.27628999892379313,0.24244463962110932,0.20859928031842545
4369,0.027541528392130105,0.031246101893993974,0.037732835101129916,0.04421956830826585,0.05070630151540179,0.057193034722537735,0.06367976792967367,0.09339722368731823,0.1231146794449628,0.15283213520260736,0.18254959096025195,0.2947264391013124,0.29102186559944854,0.2845351323923126,0.27804839918517665,0.2715616659780407,0.26507493277090477,0.25858819956376883,0.22887074380612427,0.1991532880484797,0.16943583229083514,0.13971837653319055
4370,0.021214760756460276,0.024068329353953997,0.029064947229369295,0.03406156510478459,0.03905818298019989,0.04405480085561519,0.049051418731030486,0.07194225852804301,0.09483309832505553,0.11772393812206808,0.1406147779190806,0.2196416620198345,0.2167880934223408,0.21179147554692548,0.20679485767151018,0.20179823979609487,0.19680162192067957,0.19180500404526427,0.16891416424825173,0.14602332445123922,0.12313248465422667,0.10024164485721414
4371,0.017379901386824617,0.01971764826949346,0.023811058840523276,0.02790446941155309,0.03199787998258291,0.03609129055361272,0.04018470112464254,0.058937707246218926,0.07769071336779533,0.09644371948937172,0.11519672561094813,0.1725522635160582,0.17021451663338938,0.16612110606235955,0.16202769549132973,0.1579342849202999,0.15384087434927007,0.14974746377824025,0.13099445765666387,0.11224145153508747,0.09348844541351108,0.07473543929193467
4372,0.018861538995962508,0.02139857893702769,0.025840952998510806,0.030283327059993915,0.03472570112147703,0.03916807518296014,0.04361044924444325,0.0639621502340575,0.08431385122367176,0.10466555221328604,0.1250172532029003,0.16219714722554288,0.1596601072844777,0.15521773322299456,0.15077535916151147,0.14633298510002835,0.14189061103854522,0.1374482369770621,0.11709653598744785,0.0967448349978336,0.07639313400821932,0.05604143301860505
4373,0.06031042844298219,0.06842270209442457,0.08262734801485494,0.09683199393528533,0.1110366398557157,0.1252412857761461,0.1394459316965765,0.20452120506052845,0.2695964784244804,0.33467175178843245,0.39974702515238447,0.4566317751531136,0.4485195015016712,0.43431485558124083,0.4201102096608105,0.4059055637403801,0.3917009178199497,0.3774962718995193,0.3124209985355673,0.24734572517161535,0.18227045180766333,0.1171951784437113
4374,0.30895518501738617,0.35051232648691727,0.4232791617051753,0.4960459969234333,0.5688128321416914,0.6415796673599494,0.7143465025782075,1.0477107919933368,1.3810750814084662,1.7144393708235957,2.0478036602387255,2.1024107163262697,2.0608535748567385,1.9880867396384805,1.9153199044202225,1.8425530692019643,1.7697862339837063,1.6970193987654483,1.363655109350319,1.0302908199351897,0.6969265305200603,0.3635622411049304
4375,1.1612949269476076,1.3174991271273024,1.5910137359992662,1.8645283448712298,2.1380429537431938,2.4115575626151577,2.685072171487121,3.9381155800368046,5.191158988586489,6.444202397136173,7.697245805685856,8.797592590406415,8.64138839022672,8.367873781354756,8.094359172482793,7.820844563610829,7.547329954738865,7.273815345866902,6.020771937317218,4.767728528767535,3.514685120217851,2.261641711668167
4376,2.8365400828547638,3.218079229059924,3.8861568494030205,4.554234469746118,5.222312090089215,5.890389710432311,6.558467330775408,9.61910918103339,12.679751031291374,15.74039288154936,18.801034731807345,21.40384848736475,21.02230934115959,20.354231720816493,19.686154100473395,19.018076480130297,18.3499988597872,17.6819212394441,14.621279389186117,11.560637538928134,8.499995688670149,5.439353838412163
4377,4.187241305649756,4.750461435119857,5.736663683482037,6.722865931844216,7.709068180206397,8.695270428568575,9.681472676930756,14.199528337297998,18.717583997665233,23.23563965803248,27.75369531839972,32.29130966000392,31.72808953053382,30.74188728217164,29.75568503380946,28.76948278544728,27.7832805370851,26.797078288722922,22.27902262835568,17.760966967988445,13.242911307621199,8.724855647253957
4378,4.1224380187469025,4.6769415462886,5.647880965838258,6.618820385387915,7.5897598049375725,8.56069922448723,9.53163864403689,13.979771212843394,18.427903781649896,22.876036350456406,27.324168919262913,32.91035711924829,32.35585359170659,31.384914172156932,30.413974752607274,29.443035333057615,28.472095913507957,27.501156493958298,23.053023925151795,18.60489135634529,14.15675878753878,9.708626218732274
4379,3.351595880008395,3.8024144805325077,4.591800893015079,5.381187305497649,6.170573717980221,6.959960130462791,7.7493465429453625,11.365736340329079,14.982126137712793,18.59851593509651,22.21490573248023,27.356769827551037,26.905951227026925,26.116564814544354,25.327178402061783,24.537791989579212,23.74840557709664,22.95901916461407,19.34262936723035,15.726239569846637,12.109849772462919,8.493459975079201
4380,2.9910124143164416,3.3933294236000933,4.097789222441407,4.80224902128272,5.506708820124034,6.211168618965348,6.915628417806662,10.142946736074473,13.370265054342282,16.597583372610092,19.82490169087791,24.2284335048095,23.82611649552585,23.121656696684536,22.417196897843223,21.71273709900191,21.008277300160596,20.303817501319283,17.076499183051475,13.849180864783666,10.621862546515855,7.394544228248039
4381,2.7047846416677372,3.0686015427890947,3.7056473923676854,4.342693241946275,4.979739091524866,5.6167849411034565,6.253830790682048,9.172307818474215,12.090784846266383,15.009261874058554,17.92773890185072,22.802692522038395,22.438875620917038,21.801829771338447,21.164783921759856,20.527738072181265,19.890692222602674,19.253646373024083,16.335169345231915,13.416692317439747,10.498215289647575,7.579738261855409
4382,2.20733046474823,2.5042354815337093,3.0241181699939683,3.544000858454227,4.063883546914486,4.583766235374744,5.103648923835004,7.485370246439614,9.867091569044224,12.248812891648836,14.630534214253444,19.724931122724897,19.428026105939416,18.908143417479156,18.388260729018896,17.868378040558635,17.348495352098375,16.828612663638115,14.446891341033504,12.065170018428894,9.683448695824282,7.3017273732196735
4383,1.677916042855984,1.903610246250039,2.298802319798513,2.693994393346985,3.0891864668954585,3.484378540443932,3.879570613992405,5.690050956937462,7.500531299882518,9.311011642827577,11.121491985772634,14.871256559632515,14.645562356238461,14.250370282689987,13.855178209141515,13.459986135593041,13.064794062044568,12.669601988496094,10.859121645551037,9.04864130260598,7.238160959660921,5.427680616715864
4384,1.1172675321315855,1.2675496673528908,1.5306947005095728,1.7938397336662546,2.0569847668229366,2.3201297999796187,2.583274833136301,3.7888124482913326,4.9943500634463645,6.199887678601396,7.405425293756428,10.033161309414842,9.882879174193537,9.619734141036854,9.356589107880172,9.09344407472349,8.830299041566807,8.567154008410125,7.361616393255093,6.156078778100062,4.95054116294503,3.745003547789998
4385,0.6682540838903488,0.7581400312657272,0.9155309318380566,1.0729218324103855,1.2303127329827148,1.3877036335550441,1.5450945341273732,2.2661442482220826,2.987193962316792,3.7082436764115014,4.429293390506211,6.0734388854665,5.983552938091121,5.826162037518792,5.668771136946463,5.5113802363741335,5.3539893358018045,5.196598435229475,4.475548721134766,3.7544990070400566,3.033449292945347,2.3123995788506377
4386,0.4397550001969972,0.4989058467966161,0.6024793784527985,0.7060529101089809,0.8096264417651632,0.9131999734213457,1.016773505077528,1.4912714914090162,1.9657694777405041,2.4402674640719924,2.9147654504034803,3.6846018562989733,3.625451009699354,3.5218774780431716,3.418303946386989,3.314730414730807,3.2111568830746244,3.1075833514184423,2.633085365086954,2.158587378755466,1.6840893924239777,1.2095914060924897
4387,0.286284866305672,0.32479265405806435,0.39222005033488544,0.4596474466117065,0.5270748428885276,0.5945022391653487,0.6619296354421698,0.9708325302776295,1.2797354251130895,1.5886383199485492,1.8975412147840094,2.22844041223525,2.1899326244828576,2.1225052282060366,2.0550778319292156,1.9876504356523945,1.9202230393755735,1.8527956430987524,1.5438927482632927,1.2349898534278327,0.926086958592373,0.6171840637569128
4388,0.1600000684787465,0.18152145994052682,0.21920556165659857,0.25688966337267033,0.2945737650887421,0.33225786680481384,0.3699419685208856,0.5425828942000834,0.7152238198792811,0.887864745558479,1.0605056712376768,1.3303544742870113,1.308833082825231,1.2711489811091592,1.2334648793930874,1.1957807776770155,1.1580966759609437,1.1204125742448718,0.947771648565674,0.7751307228864763,0.6024897972072784,0.4298488715280806
4389,0.0966650333943288,0.10966731548161278,0.1324343991801003,0.15520148287858784,0.17796856657707538,0.20073565027556292,0.2235027339740505,0.3278048196211218,0.432106905268193,0.5364089909152644,0.6407110765623357,0.8750441895076194,0.8620419074203355,0.8392748237218479,0.8165077400233604,0.7937406563248728,0.7709735726263852,0.7482064889278977,0.6439044032808263,0.5396023176337551,0.4353002319866837,0.3309981463396124
4390,0.060485888935644626,0.06862176353916513,0.08286773488598757,0.09711370623281,0.11135967757963244,0.1256056489264549,0.13985162027327736,0.2051162164429092,0.27038081261254104,0.33564540878217297,0.40091000495180484,0.6530761972950729,0.6449403226915524,0.63069435134473,0.6164483799979075,0.602202408651085,0.5879564373042625,0.57371046595744,0.5084458697878081,0.4431812736181763,0.37791667744854435,0.3126520812789125
4391,0.04326251605801909,0.04908169821561838,0.059271125452270715,0.06946055268892304,0.07964997992557539,0.08983940716222773,0.10002883439888008,0.1467093195416705,0.19338980468446088,0.24007028982725132,0.28675077497004176,0.499578441059629,0.4937592589020297,0.48356983166537737,0.47338040442872503,0.4631909771920727,0.45300154995542036,0.442812122718768,0.3961316375759776,0.3494511524331872,0.30277066729039676,0.2560901821476063
4392,0.031367184720614005,0.03558634204876214,0.04297411500909338,0.050361887969424625,0.057749660929755864,0.0651374338900871,0.07252520685041834,0.10637056615310214,0.14021592545578596,0.17406128475846977,0.20790664406115364,0.38513873965896495,0.3809195823308168,0.3735318093704856,0.36614403641015436,0.35875626344982314,0.3513684904894919,0.3439807175291607,0.3101353582264769,0.27628999892379313,0.24244463962110932,0.20859928031842545
4393,0.027541528392130105,0.031246101893993974,0.037732835101129916,0.04421956830826585,0.05070630151540179,0.057193034722537735,0.06367976792967367,0.09339722368731823,0.1231146794449628,0.15283213520260736,0.18254959096025195,0.2947264391013124,0.29102186559944854,0.2845351323923126,0.27804839918517665,0.2715616659780407,0.26507493277090477,0.25858819956376883,0.22887074380612427,0.1991532880484797,0.16943583229083514,0.13971837653319055
4394,0.021214760756460276,0.024068329353953997,0.029064947229369295,0.03406156510478459,0.03905818298019989,0.04405480085561519,0.049051418731030486,0.07194225852804301,0.09483309832505553,0.11772393812206808,0.1406147779190806,0.2196416620198345,0.2167880934223408,0.21179147554692548,0.20679485767151018,0.20179823979609487,0.19680162192067957,0.19180500404526427,0.16891416424825173,0.14602332445123922,0.12313248465422667,0.10024164485721414
4395,0.017379901386824617,0.01971764826949346,0.023811058840523276,0.02790446941155309,0.03199787998258291,0.03609129055361272,0.04018470112464254,0.058937707246218926,0.07769071336779533,0.09644371948937172,0.11519672561094813,0.1725522635160582,0.17021451663338938,0.16612110606235955,0.16202769549132973,0.1579342849202999,0.15384087434927007,0.14974746377824025,0.13099445765666387,0.11224145153508747,0.09348844541351108,0.07473543929193467
4396,0.018861538995962508,0.02139857893702769,0.025840952998510806,0.030283327059993915,0.03472570112147703,0.03916807518296014,0.04361044924444325,0.0639621502340575,0.08431385122367176,0.10466555221328604,0.1250172532029003,0.16219714722554288,0.1596601072844777,0.15521773322299456,0.15077535916151147,0.14633298510002835,0.14189061103854522,0.1374482369770621,0.11709653598744785,0.0967448349978336,0.07639313400821932,0.05604143301860505
4397,0.06031042844298219,0.06842270209442457,0.08262734801485494,0.09683199393528533,0.1110366398557157,0.1252412857761461,0.1394459316965765,0.20452120506052845,0.2695964784244804,0.33467175178843245,0.39974702515238447,0.4566317751531136,0.4485195015016712,0.43431485558124083,0.4201102096608105,0.4059055637403801,0.3917009178199497,0.3774962718995193,0.3124209985355673,0.24734572517161535,0.18227045180766333,0.1171951784437113
4398,0.30895518501738617,0.35051232648691727,0.4232791617051753,0.4960459969234333,0.5688128321416914,0.6415796673599494,0.7143465025782075,1.0477107919933368,1.3810750814084662,1.7144393708235957,2.0478036602387255,2.1024107163262697,2.0608535748567385,1.9880867396384805,1.9153199044202225,1.8425530692019643,1.7697862339837063,1.6970193987654483,1.363655109350319,1.0302908199351897,0.6969265305200603,0.3635622411049304
4399,1.1612949269476076,1.3174991271273024,1.5910137359992662,1.8645283448712298,2.1380429537431938,2.4115575626151577,2.685072171487121,3.9381155800368046,5.191158988586489,6.444202397136173,7.697245805685856,8.797592590406415,8.64138839022672,8.367873781354756,8.094359172482793,7.820844563610829,7.547329954738865,7.273815345866902,6.020771937317218,4.767728528767535,3.514685120217851,2.261641711668167
4400,2.8365400828547638,3.218079229059924,3.8861568494030205,4.554234469746118,5.222312090089215,5.890389710432311,6.558467330775408,9.61910918103339,12.679751031291374,15.74039288154936,18.801034731807345,21.40384848736475,21.02230934115959,20.354231720816493,19.686154100473395,19.018076480130297,18.3499988597872,17.6819212394441,14.621279389186117,11.560637538928134,8.499995688670149,5.439353838412163
4401,4.187241305649756,4.750461435119857,5.736663683482037,6.722865931844216,7.709068180206397,8.695270428568575,9.681472676930756,14.199528337297998,18.717583997665233,23.23563965803248,27.75369531839972,32.29130966000392,31.72808953053382,30.74188728217164,29.75568503380946,28.76948278544728,27.7832805370851,26.797078288722922,22.27902262835568,17.760966967988445,13.242911307621199,8.724855647253957
4402,4.1224380187469025,4.6769415462886,5.647880965838258,6.618820385387915,7.5897598049375725,8.56069922448723,9.53163864403689,13.979771212843394,18.427903781649896,22.876036350456406,27.324168919262913,32.91035711924829,32.35585359170659,31.384914172156932,30.413974752607274,29.443035333057615,28.472095913507957,27.501156493958298,23.053023925151795,18.60489135634529,14.15675878753878,9.708626218732274
4403,3.351595880008395,3.8024144805325077,4.591800893015079,5.381187305497649,6.170573717980221,6.959960130462791,7.7493465429453625,11.365736340329079,14.982126137712793,18.59851593509651,22.21490573248023,27.356769827551037,26.905951227026925,26.116564814544354,25.327178402061783,24.537791989579212,23.74840557709664,22.95901916461407,19.34262936723035,15.726239569846637,12.109849772462919,8.493459975079201
4404,2.9910124143164416,3.3933294236000933,4.097789222441407,4.80224902128272,5.506708820124034,6.211168618965348,6.915628417806662,10.142946736074473,13.370265054342282,16.597583372610092,19.82490169087791,24.2284335048095,23.82611649552585,23.121656696684536,22.417196897843223,21.71273709900191,21.008277300160596,20.303817501319283,17.076499183051475,13.849180864783666,10.621862546515855,7.394544228248039
4405,2.7047846416677372,3.0686015427890947,3.7056473923676854,4.342693241946275,4.979739091524866,5.6167849411034565,6.253830790682048,9.172307818474215,12.090784846266383,15.009261874058554,17.92773890185072,22.802692522038395,22.438875620917038,21.801829771338447,21.164783921759856,20.527738072181265,19.890692222602674,19.253646373024083,16.335169345231915,13.416692317439747,10.498215289647575,7.579738261855409
4406,2.20733046474823,2.5042354815337093,3.0241181699939683,3.544000858454227,4.063883546914486,4.583766235374744,5.103648923835004,7.485370246439614,9.867091569044224,12.248812891648836,14.630534214253444,19.724931122724897,19.428026105939416,18.908143417479156,18.388260729018896,17.868378040558635,17.348495352098375,16.828612663638115,14.446891341033504,12.065170018428894,9.683448695824282,7.3017273732196735
4407,1.677916042855984,1.903610246250039,2.298802319798513,2.693994393346985,3.0891864668954585,3.484378540443932,3.879570613992405,5.690050956937462,7.500531299882518,9.311011642827577,11.121491985772634,14.871256559632515,14.645562356238461,14.250370282689987,13.855178209141515,13.459986135593041,13.064794062044568,12.669601988496094,10.859121645551037,9.04864130260598,7.238160959660921,5.427680616715864
4408,1.1172675321315855,1.2675496673528908,1.5306947005095728,1.7938397336662546,2.0569847668229366,2.3201297999796187,2.583274833136301,3.7888124482913326,4.9943500634463645,6.199887678601396,7.405425293756428,10.033161309414842,9.882879174193537,9.619734141036854,9.356589107880172,9.09344407472349,8.830299041566807,8.567154008410125,7.361616393255093,6.156078778100062,4.95054116294503,3.745003547789998
4409,0.6682540838903488,0.7581400312657272,0.9155309318380566,1.0729218324103855,1.2303127329827148,1.3877036335550441,1.5450945341273732,2.2661442482220826,2.987193962316792,3.7082436764115014,4.429293390506211,6.0734388854665,5.983552938091121,5.826162037518792,5.668771136946463,5.5113802363741335,5.3539893358018045,5.196598435229475,4.475548721134766,3.7544990070400566,3.033449292945347,2.3123995788506377
4410,0.4397550001969972,0.4989058467966161,0.6024793784527985,0.7060529101089809,0.8096264417651632,0.9131999734213457,1.016773505077528,1.4912714914090162,1.9657694777405041,2.4402674640719924,2.9147654504034803,3.6846018562989733,3.625451009699354,3.5218774780431716,3.418303946386989,3.314730414730807,3.2111568830746244,3.1075833514184423,2.633085365086954,2.158587378755466,1.6840893924239777,1.2095914060924897
4411,0.286284866305672,0.32479265405806435,0.39222005033488544,0.4596474466117065,0.5270748428885276,0.5945022391653487,0.6619296354421698,0.9708325302776295,1.2797354251130895,1.5886383199485492,1.8975412147840094,2.22844041223525,2.1899326244828576,2.1225052282060366,2.0550778319292156,1.9876504356523945,1.9202230393755735,1.8527956430987524,1.5438927482632927,1.2349898534278327,0.926086958592373,0.6171840637569128
4412,0.1600000684787465,0.18152145994052682,0.21920556165659857,0.25688966337267033,0.2945737650887421,0.33225786680481384,0.3699419685208856,0.5425828942000834,0.7152238198792811,0.887864745558479,1.0605056712376768,1.3303544742870113,1.308833082825231,1.2711489811091592,1.2334648793930874,1.1957807776770155,1.1580966759609437,1.1204125742448718,0.947771648565674,0.7751307228864763,0.6024897972072784,0.4298488715280806
4413,0.0966650333943288,0.10966731548161278,0.1324343991801003,0.15520148287858784,0.17796856657707538,0.20073565027556292,0.2235027339740505,0.3278048196211218,0.432106905268193,0.5364089909152644,0.6407110765623357,0.8750441895076194,0.8620419074203355,0.8392748237218479,0.8165077400233604,0.7937406563248728,0.7709735726263852,0.7482064889278977,0.6439044032808263,0.5396023176337551,0.4353002319866837,0.3309981463396124
4414,0.060485888935644626,0.06862176353916513,0.08286773488598757,0.09711370623281,0.11135967757963244,0.1256056489264549,0.13985162027327736,0.2051162164429092,0.27038081261254104,0.33564540878217297,0.40091000495180484,0.6530761972950729,0.6449403226915524,0.63069435134473,0.6164483799979075,0.602202408651085,0.5879564373042625,0.57371046595744,0.5084458697878081,0.4431812736181763,0.37791667744854435,0.3126520812789125
4415,0.04326251605801909,0.04908169821561838,0.059271125452270715,0.06946055268892304,0.07964997992557539,0.08983940716222773,0.10002883439888008,0.1467093195416705,0.19338980468446088,0.24007028982725132,0.28675077497004176,0.499578441059629,0.4937592589020297,0.48356983166537737,0.47338040442872503,0.4631909771920727,0.45300154995542036,0.442812122718768,0.3961316375759776,0.3494511524331872,0.30277066729039676,0.2560901821476063
4416,0.031367184720614005,0.03558634204876214,0.04297411500909338,0.050361887969424625,0.057749660929755864,0.0651374338900871,0.07252520685041834,0.10637056615310214,0.14021592545578596,0.17406128475846977,0.20790664406115364,0.38513873965896495,0.3809195823308168,0.3735318093704856,0.36614403641015436,0.35875626344982314,0.3513684904894919,0.3439807175291607,0.3101353582264769,0.27628999892379313,0.24244463962110932,0.20859928031842545
4417,0.027541528392130105,0.031246101893993974,0.037732835101129916,0.04421956830826585,0.05070630151540179,0.057193034722537735,0.06367976792967367,0.09339722368731823,0.1231146794449628,0.15283213520260736,0.18254959096025195,0.2947264391013124,0.29102186559944854,0.2845351323923126,0.27804839918517665,0.2715616659780407,0.26507493277090477,0.25858819956376883,0.22887074380612427,0.1991532880484797,0.16943583229083514,0.13971837653319055
4418,0.021214760756460276,0.024068329353953997,0.029064947229369295,0.03406156510478459,0.03905818298019989,0.04405480085561519,0.049051418731030486,0.07194225852804301,0.09483309832505553,0.11772393812206808,0.1406147779190806,0.2196416620198345,0.2167880934223408,0.21179147554692548,0.20679485767151018,0.20179823979609487,0.19680162192067957,0.19180500404526427,0.16891416424825173,0.14602332445123922,0.12313248465422667,0.10024164485721414
4419,0.017379901386824617,0.01971764826949346,0.023811058840523276,0.02790446941155309,0.03199787998258291,0.03609129055361272,0.04018470112464254,0.058937707246218926,0.07769071336779533,0.09644371948937172,0.11519672561094813,0.1725522635160582,0.17021451663338938,0.16612110606235955,0.16202769549132973,0.1579342849202999,0.15384087434927007,0.14974746377824025,0.13099445765666387,0.11224145153508747,0.09348844541351108,0.07473543929193467
4420,0.018861538995962508,0.02139857893702769,0.025840952998510806,0.030283327059993915,0.03472570112147703,0.03916807518296014,0.04361044924444325,0.0639621502340575,0.08431385122367176,0.10466555221328604,0.1250172532029003,0.16219714722554288,0.1596601072844777,0.15521773322299456,0.15077535916151147,0.14633298510002835,0.14189061103854522,0.1374482369770621,0.11709653598744785,0.0967448349978336,0.07639313400821932,0.05604143301860505
4421,0.06031042844298219,0.06842270209442457,0.08262734801485494,0.09683199393528533,0.1110366398557157,0.1252412857761461,0.1394459316965765,0.20452120506052845,0.2695964784244804,0.33467175178843245,0.39974702515238447,0.4566317751531136,0.4485195015016712,0.43431485558124083,0.4201102096608105,0.4059055637403801,0.3917009178199497,0.3774962718995193,0.3124209985355673,0.24734572517161535,0.18227045180766333,0.1171951784437113
4422,0.30895518501738617,0.35051232648691727,0.4232791617051753,0.4960459969234333,0.5688128321416914,0.6415796673599494,0.7143465025782075,1.0477107919933368,1.3810750814084662,1.7144393708235957,2.0478036602387255,2.1024107163262697,2.0608535748567385,1.9880867396384805,1.9153199044202225,1.8425530692019643,1.7697862339837063,1.6970193987654483,1.363655109350319,1.0302908199351897,0.6969265305200603,0.3635622411049304
4423,1.1612949269476076,1.3174991271273024,1.5910137359992662,1.8645283448712298,2.1380429537431938,2.4115575626151577,2.685072171487121,3.9381155800368046,5.191158988586489,6.444202397136173,7.697245805685856,8.797592590406415,8.64138839022672,8.367873781354756,8.094359172482793,7.820844563610829,7.547329954738865,7.273815345866902,6.020771937317218,4.767728528767535,3.514685120217851,2.261641711668167
4424,2.8365400828547638,3.218079229059924,3.8861568494030205,4.554234469746118,5.222312090089215,5.890389710432311,6.558467330775408,9.61910918103339,12.679751031291374,15.74039288154936,18.801034731807345,21.40384848736475,21.02230934115959,20.354231720816493,19.686154100473395,19.018076480130297,18.3499988597872,17.6819212394441,14.621279389186117,11.560637538928134,8.499995688670149,5.439353838412163
4425,4.187241305649756,4.750461435119857,5.736663683482037,6.722865931844216,7.709068180206397,8.695270428568575,9.681472676930756,14.199528337297998,18.717583997665233,23.23563965803248,27.75369531839972,32.29130966000392,31.72808953053382,30.74188728217164,29.75568503380946,28.76948278544728,27.7832805370851,26.797078288722922,22.27902262835568,17.760966967988445,13.242911307621199,8.724855647253957
4426,4.1224380187469025,4.6769415462886,5.647880965838258,6.618820385387915,7.5897598049375725,8.56069922448723,9.53163864403689,13.979771212843394,18.427903781649896,22.876036350456406,27.324168919262913,32.91035711924829,32.35585359170659,31.384914172156932,30.413974752607274,29.443035333057615,28.472095913507957,27.501156493958298,23.053023925151795,18.60489135634529,14.15675878753878,9.708626218732274
4427,3.351595880008395,3.8024144805325077,4.591800893015079,5.381187305497649,6.170573717980221,6.959960130462791,7.7493465429453625,11.365736340329079,14.982126137712793,18.59851593509651,22.21490573248023,27.356769827551037,26.905951227026925,26.116564814544354,25.327178402061783,24.537791989579212,23.74840557709664,22.95901916461407,19.34262936723035,15.726239569846637,12.109849772462919,8.493459975079201
4428,2.9910124143164416,3.3933294236000933,4.097789222441407,4.80224902128272,5.506708820124034,6.211168618965348,6.915628417806662,10.142946736074473,13.370265054342282,16.597583372610092,19.82490169087791,24.2284335048095,23.82611649552585,23.121656696684536,22.417196897843223,21.71273709900191,21.008277300160596,20.303817501319283,17.076499183051475,13.849180864783666,10.621862546515855,7.394544228248039
4429,2.7047846416677372,3.0686015427890947,3.7056473923676854,4.342693241946275,4.979739091524866,5.6167849411034565,6.253830790682048,9.172307818474215,12.090784846266383,15.009261874058554,17.92773890185072,22.802692522038395,22.438875620917038,21.801829771338447,21.164783921759856,20.527738072181265,19.890692222602674,19.253646373024083,16.335169345231915,13.416692317439747,10.498215289647575,7.579738261855409
4430,2.20733046474823,2.5042354815337093,3.0241181699939683,3.544000858454227,4.063883546914486,4.583766235374744,5.103648923835004,7.485370246439614,9.867091569044224,12.248812891648836,14.630534214253444,19.724931122724897,19.428026105939416,18.908143417479156,18.388260729018896,17.868378040558635,17.348495352098375,16.828612663638115,14.446891341033504,12.065170018428894,9.683448695824282,7.3017273732196735
4431,1.677916042855984,1.903610246250039,2.298802319798513,2.693994393346985,3.0891864668954585,3.484378540443932,3.879570613992405,5.690050956937462,7.500531299882518,9.311011642827577,11.121491985772634,14.871256559632515,14.645562356238461,14.250370282689987,13.855178209141515,13.459986135593041,13.064794062044568,12.669601988496094,10.859121645551037,9.04864130260598,7.238160959660921,5.427680616715864
4432,1.1172675321315855,1.2675496673528908,1.5306947005095728,1.7938397336662546,2.0569847668229366,2.3201297999796187,2.583274833136301,3.7888124482913326,4.9943500634463645,6.199887678601396,7.405425293756428,10.033161309414842,9.882879174193537,9.619734141036854,9.356589107880172,9.09344407472349,8.830299041566807,8.567154008410125,7.361616393255093,6.156078778100062,4.95054116294503,3.745003547789998
4433,0.6682540838903488,0.7581400312657272,0.9155309318380566,1.0729218324103855,1.2303127329827148,1.3877036335550441,1.5450945341273732,2.2661442482220826,2.987193962316792,3.7082436764115014,4.429293390506211,6.0734388854665,5.983552938091121,5.826162037518792,5.668771136946463,5.5113802363741335,5.3539893358018045,5.196598435229475,4.475548721134766,3.7544990070400566,3.033449292945347,2.3123995788506377
4434,0.4397550001969972,0.4989058467966161,0.6024793784527985,0.7060529101089809,0.8096264417651632,0.9131999734213457,1.016773505077528,1.4912714914090162,1.9657694777405041,2.4402674640719924,2.9147654504034803,3.6846018562989733,3.625451009699354,3.5218774780431716,3.418303946386989,3.314730414730807,3.2111568830746244,3.1075833514184423,2.633085365086954,2.158587378755466,1.6840893924239777,1.2095914060924897
4435,0.286284866305672,0.32479265405806435,0.39222005033488544,0.4596474466117065,0.5270748428885276,0.5945022391653487,0.6619296354421698,0.9708325302776295,1.2797354251130895,1.5886383199485492,1.8975412147840094,2.22844041223525,2.1899326244828576,2.1225052282060366,2.0550778319292156,1.9876504356523945,1.9202230393755735,1.8527956430987524,1.5438927482632927,1.2349898534278327,0.926086958592373,0.6171840637569128
4436,0.1600000684787465,0.18152145994052682,0.21920556165659857,0.25688966337267033,0.2945737650887421,0.33225786680481384,0.3699419685208856,0.5425828942000834,0.7152238198792811,0.887864745558479,1.0605056712376768,1.3303544742870113,1.308833082825231,1.2711489811091592,1.2334648793930874,1.1957807776770155,1.1580966759609437,1.1204125742448718,0.947771648565674,0.7751307228864763,0.6024897972072784,0.4298488715280806
4437,0.0966650333943288,0.10966731548161278,0.1324343991801003,0.15520148287858784,0.17796856657707538,0.20073565027556292,0.2235027339740505,0.3278048196211218,0.432106905268193,0.5364089909152644,0.6407110765623357,0.8750441895076194,0.8620419074203355,0.8392748237218479,0.8165077400233604,0.7937406563248728,0.7709735726263852,0.7482064889278977,0.6439044032808263,0.5396023176337551,0.4353002319866837,0.3309981463396124
4438,0.060485888935644626,0.06862176353916513,0.08286773488598757,0.09711370623281,0.11135967757963244,0.1256056489264549,0.13985162027327736,0.2051162164429092,0.27038081261254104,0.33564540878217297,0.40091000495180484,0.6530761972950729,0.6449403226915524,0.63069435134473,0.6164483799979075,0.602202408651085,0.5879564373042625,0.57371046595744,0.5084458697878081,0.4431812736181763,0.37791667744854435,0.3126520812789125
4439,0.04326251605801909,0.04908169821561838,0.059271125452270715,0.06946055268892304,0.07964997992557539,0.08983940716222773,0.10002883439888008,0.1467093195416705,0.19338980468446088,0.24007028982725132,0.28675077497004176,0.499578441059629,0.4937592589020297,0.48356983166537737,0.47338040442872503,0.4631909771920727,0.45300154995542036,0.442812122718768,0.3961316375759776,0.3494511524331872,0.30277066729039676,0.2560901821476063
4440,0.031367184720614005,0.03558634204876214,0.04297411500909338,0.050361887969424625,0.057749660929755864,0.0651374338900871,0.07252520685041834,0.10637056615310214,0.14021592545578596,0.17406128475846977,0.20790664406115364,0.38513873965896495,0.3809195823308168,0.3735318093704856,0.36614403641015436,0.35875626344982314,0.3513684904894919,0.3439807175291607,0.3101353582264769,0.27628999892379313,0.24244463962110932,0.20859928031842545
4441,0.027541528392130105,0.031246101893993974,0.037732835101129916,0.04421956830826585,0.05070630151540179,0.057193034722537735,0.06367976792967367,0.09339722368731823,0.1231146794449628,0.15283213520260736,0.18254959096025195,0.2947264391013124,0.29102186559944854,0.2845351323923126,0.27804839918517665,0.2715616659780407,0.26507493277090477,0.25858819956376883,0.22887074380612427,0.1991532880484797,0.16943583229083514,0.13971837653319055
4442,0.021214760756460276,0.024068329353953997,0.029064947229369295,0.03406156510478459,0.03905818298019989,0.04405480085561519,0.049051418731030486,0.07194225852804301,0.09483309832505553,0.11772393812206808,0.1406147779190806,0.2196416620198345,0.2167880934223408,0.21179147554692548,0.20679485767151018,0.20179823979609487,0.19680162192067957,0.19180500404526427,0.16891416424825173,0.14602332445123922,0.12313248465422667,0.10024164485721414
4443,0.017379901386824617,0.01971764826949346,0.023811058840523276,0.02790446941155309,0.03199787998258291,0.03609129055361272,0.04018470112464254,0.058937707246218926,0.07769071336779533,0.09644371948937172,0.11519672561094813,0.1725522635160582,0.17021451663338938,0.16612110606235955,0.16202769549132973,0.1579342849202999,0.15384087434927007,0.14974746377824025,0.13099445765666387,0.11224145153508747,0.09348844541351108,0.07473543929193467
4444,0.018861538995962508,0.02139857893702769,0.025840952998510806,0.030283327059993915,0.03472570112147703,0.03916807518296014,0.04361044924444325,0.0639621502340575,0.08431385122367176,0.10466555221328604,0.1250172532029003,0.16219714722554288,0.1596601072844777,0.15521773322299456,0.15077535916151147,0.14633298510002835,0.14189061103854522,0.1374482369770621,0.11709653598744785,0.0967448349978336,0.07639313400821932,0.05604143301860505
4445,0.06031042844298219,0.06842270209442457,0.08262734801485494,0.09683199393528533,0.1110366398557157,0.1252412857761461,0.1394459316965765,0.20452120506052845,0.2695964784244804,0.33467175178843245,0.39974702515238447,0.4566317751531136,0.4485195015016712,0.43431485558124083,0.4201102096608105,0.4059055637403801,0.3917009178199497,0.3774962718995193,0.3124209985355673,0.24734572517161535,0.18227045180766333,0.1171951784437113
4446,0.30895518501738617,0.35051232648691727,0.4232791617051753,0.4960459969234333,0.5688128321416914,0.6415796673599494,0.7143465025782075,1.0477107919933368,1.3810750814084662,1.7144393708235957,2.0478036602387255,2.1024107163262697,2.0608535748567385,1.9880867396384805,1.9153199044202225,1.8425530692019643,1.7697862339837063,1.6970193987654483,1.363655109350319,1.0302908199351897,0.6969265305200603,0.3635622411049304
4447,1.1612949269476076,1.3174991271273024,1.5910137359992662,1.8645283448712298,2.1380429537431938,2.4115575626151577,2.685072171487121,3.9381155800368046,5.191158988586489,6.444202397136173,7.697245805685856,8.797592590406415,8.64138839022672,8.367873781354756,8.094359172482793,7.820844563610829,7.547329954738865,7.273815345866902,6.020771937317218,4.767728528767535,3.514685120217851,2.261641711668167
4448,2.8365400828547638,3.218079229059924,3.8861568494030205,4.554234469746118,5.222312090089215,5.890389710432311,6.558467330775408,9.61910918103339,12.679751031291374,15.74039288154936,18.801034731807345,21.40384848736475,21.02230934115959,20.354231720816493,19.686154100473395,19.018076480130297,18.3499988597872,17.6819212394441,14.621279389186117,11.560637538928134,8.499995688670149,5.439353838412163
4449,4.187241305649756,4.750461435119857,5.736663683482037,6.722865931844216,7.709068180206397,8.695270428568575,9.681472676930756,14.199528337297998,18.717583997665233,23.23563965803248,27.75369531839972,32.29130966000392,31.72808953053382,30.74188728217164,29.75568503380946,28.76948278544728,27.7832805370851,26.797078288722922,22.27902262835568,17.760966967988445,13.242911307621199,8.724855647253957
4450,4.1224380187469025,4.6769415462886,5.647880965838258,6.618820385387915,7.5897598049375725,8.56069922448723,9.53163864403689,13.979771212843394,18.427903781649896,22.876036350456406,27.324168919262913,32.91035711924829,32.35585359170659,31.384914172156932,30.413974752607274,29.443035333057615,28.472095913507957,27.501156493958298,23.053023925151795,18.60489135634529,14.15675878753878,9.708626218732274
4451,3.351595880008395,3.8024144805325077,4.591800893015079,5.381187305497649,6.170573717980221,6.959960130462791,7.7493465429453625,11.365736340329079,14.982126137712793,18.59851593509651,22.21490573248023,27.356769827551037,26.905951227026925,26.116564814544354,25.327178402061783,24.537791989579212,23.74840557709664,22.95901916461407,19.34262936723035,15.726239569846637,12.109849772462919,8.493459975079201
4452,2.9910124143164416,3.3933294236000933,4.097789222441407,4.80224902128272,5.506708820124034,6.211168618965348,6.915628417806662,10.142946736074473,13.370265054342282,16.597583372610092,19.82490169087791,24.2284335048095,23.82611649552585,23.121656696684536,22.417196897843223,21.71273709900191,21.008277300160596,20.303817501319283,17.076499183051475,13.849180864783666,10.621862546515855,7.394544228248039
4453,2.7047846416677372,3.0686015427890947,3.7056473923676854,4.342693241946275,4.979739091524866,5.6167849411034565,6.253830790682048,9.172307818474215,12.090784846266383,15.009261874058554,17.92773890185072,22.802692522038395,22.438875620917038,21.801829771338447,21.164783921759856,20.527738072181265,19.890692222602674,19.253646373024083,16.335169345231915,13.416692317439747,10.498215289647575,7.579738261855409
4454,2.20733046474823,2.5042354815337093,3.0241181699939683,3.544000858454227,4.063883546914486,4.583766235374744,5.103648923835004,7.485370246439614,9.867091569044224,12.248812891648836,14.630534214253444,19.724931122724897,19.428026105939416,18.908143417479156,18.388260729018896,17.868378040558635,17.348495352098375,16.828612663638115,14.446891341033504,12.065170018428894,9.683448695824282,7.3017273732196735
4455,1.677916042855984,1.903610246250039,2.298802319798513,2.693994393346985,3.0891864668954585,3.484378540443932,3.879570613992405,5.690050956937462,7.500531299882518,9.311011642827577,11.121491985772634,14.871256559632515,14.645562356238461,14.250370282689987,13.855178209141515,13.459986135593041,13.064794062044568,12.669601988496094,10.859121645551037,9.04864130260598,7.238160959660921,5.427680616715864
4456,1.1172675321315855,1.2675496673528908,1.5306947005095728,1.7938397336662546,2.0569847668229366,2.3201297999796187,2.583274833136301,3.7888124482913326,4.9943500634463645,6.199887678601396,7.405425293756428,10.033161309414842,9.882879174193537,9.619734141036854,9.356589107880172,9.09344407472349,8.830299041566807,8.567154008410125,7.361616393255093,6.156078778100062,4.95054116294503,3.745003547789998
4457,0.6682540838903488,0.7581400312657272,0.9155309318380566,1.0729218324103855,1.2303127329827148,1.3877036335550441,1.5450945341273732,2.2661442482220826,2.987193962316792,3.7082436764115014,4.429293390506211,6.0734388854665,5.983552938091121,5.826162037518792,5.668771136946463,5.5113802363741335,5.3539893358018045,5.196598435229475,4.475548721134766,3.7544990070400566,3.033449292945347,2.3123995788506377
4458,0.4397550001969972,0.4989058467966161,0.6024793784527985,0.7060529101089809,0.8096264417651632,0.9131999734213457,1.016773505077528,1.4912714914090162,1.9657694777405041,2.4402674640719924,2.9147654504034803,3.6846018562989733,3.625451009699354,3.5218774780431716,3.418303946386989,3.314730414730807,3.2111568830746244,3.1075833514184423,2.633085365086954,2.158587378755466,1.6840893924239777,1.2095914060924897
4459,0.286284866305672,0.32479265405806435,0.39222005033488544,0.4596474466117065,0.5270748428885276,0.5945022391653487,0.6619296354421698,0.9708325302776295,1.2797354251130895,1.5886383199485492,1.8975412147840094,2.22844041223525,2.1899326244828576,2.1225052282060366,2.0550778319292156,1.9876504356523945,1.9202230393755735,1.8527956430987524,1.5438927482632927,1.2349898534278327,0.926086958592373,0.6171840637569128
4460,0.1600000684787465,0.18152145994052682,0.21920556165659857,0.25688966337267033,0.2945737650887421,0.33225786680481384,0.3699419685208856,0.5425828942000834,0.7152238198792811,0.887864745558479,1.0605056712376768,1.3303544742870113,1.308833082825231,1.2711489811091592,1.2334648793930874,1.1957807776770155,1.1580966759609437,1.1204125742448718,0.947771648565674,0.7751307228864763,0.6024897972072784,0.4298488715280806
4461,0.0966650333943288,0.10966731548161278,0.1324343991801003,0.15520148287858784,0.17796856657707538,0.20073565027556292,0.2235027339740505,0.3278048196211218,0.432106905268193,0.5364089909152644,0.6407110765623357,0.8750441895076194,0.8620419074203355,0.8392748237218479,0.8165077400233604,0.7937406563248728,0.7709735726263852,0.7482064889278977,0.6439044032808263,0.5396023176337551,0.4353002319866837,0.3309981463396124
4462,0.060485888935644626,0.06862176353916513,0.08286773488598757,0.09711370623281,0.11135967757963244,0.1256056489264549,0.13985162027327736,0.2051162164429092,0.27038081261254104,0.33564540878217297,0.40091000495180484,0.6530761972950729,0.6449403226915524,0.63069435134473,0.6164483799979075,0.602202408651085,0.5879564373042625,0.57371046595744,0.5084458697878081,0.4431812736181763,0.37791667744854435,0.3126520812789125
4463,0.04326251605801909,0.04908169821561838,0.059271125452270715,0.06946055268892304,0.07964997992557539,0.08983940716222773,0.10002883439888008,0.1467093195416705,0.19338980468446088,0.24007028982725132,0.28675077497004176,0.499578441059629,0.4937592589020297,0.48356983166537737,0.47338040442872503,0.4631909771920727,0.45300154995542036,0.442812122718768,0.3961316375759776,0.3494511524331872,0.30277066729039676,0.2560901821476063
4464,0.031367184720614005,0.03558634204876214,0.04297411500909338,0.050361887969424625,0.057749660929755864,0.0651374338900871,0.07252520685041834,0.10637056615310214,0.14021592545578596,0.17406128475846977,0.20790664406115364,0.38513873965896495,0.3809195823308168,0.3735318093704856,0.36614403641015436,0.35875626344982314,0.3513684904894919,0.3439807175291607,0.3101353582264769,0.27628999892379313,0.24244463962110932,0.20859928031842545
4465,0.027541528392130105,0.031246101893993974,0.037732835101129916,0.04421956830826585,0.05070630151540179,0.057193034722537735,0.06367976792967367,0.09339722368731823,0.1231146794449628,0.15283213520260736,0.18254959096025195,0.2947264391013124,0.29102186559944854,0.2845351323923126,0.27804839918517665,0.2715616659780407,0.26507493277090477,0.25858819956376883,0.22887074380612427,0.1991532880484797,0.16943583229083514,0.13971837653319055
4466,0.021214760756460276,0.024068329353953997,0.029064947229369295,0.03406156510478459,0.03905818298019989,0.04405480085561519,0.049051418731030486,0.07194225852804301,0.09483309832505553,0.11772393812206808,0.1406147779190806,0.2196416620198345,0.2167880934223408,0.21179147554692548,0.20679485767151018,0.20179823979609487,0.19680162192067957,0.19180500404526427,0.16891416424825173,0.14602332445123922,0.12313248465422667,0.10024164485721414
4467,0.017379901386824617,0.01971764826949346,0.023811058840523276,0.02790446941155309,0.03199787998258291,0.03609129055361272,0.04018470112464254,0.058937707246218926,0.07769071336779533,0.09644371948937172,0.11519672561094813,0.1725522635160582,0.17021451663338938,0.16612110606235955,0.16202769549132973,0.1579342849202999,0.15384087434927007,0.14974746377824025,0.13099445765666387,0.11224145153508747,0.09348844541351108,0.07473543929193467
4468,0.018861538995962508,0.02139857893702769,0.025840952998510806,0.030283327059993915,0.03472570112147703,0.03916807518296014,0.04361044924444325,0.0639621502340575,0.08431385122367176,0.10466555221328604,0.1250172532029003,0.16219714722554288,0.1596601072844777,0.15521773322299456,0.15077535916151147,0.14633298510002835,0.14189061103854522,0.1374482369770621,0.11709653598744785,0.0967448349978336,0.07639313400821932,0.05604143301860505
4469,0.06031042844298219,0.06842270209442457,0.08262734801485494,0.09683199393528533,0.1110366398557157,0.1252412857761461,0.1394459316965765,0.20452120506052845,0.2695964784244804,0.33467175178843245,0.39974702515238447,0.4566317751531136,0.4485195015016712,0.43431485558124083,0.4201102096608105,0.4059055637403801,0.3917009178199497,0.3774962718995193,0.3124209985355673,0.24734572517161535,0.18227045180766333,0.1171951784437113
4470,0.30895518501738617,0.35051232648691727,0.4232791617051753,0.4960459969234333,0.5688128321416914,0.6415796673599494,0.7143465025782075,1.0477107919933368,1.3810750814084662,1.7144393708235957,2.0478036602387255,2.1024107163262697,2.0608535748567385,1.9880867396384805,1.9153199044202225,1.8425530692019643,1.7697862339837063,1.6970193987654483,1.363655109350319,1.0302908199351897,0.6969265305200603,0.3635622411049304
4471,1.1612949269476076,1.3174991271273024,1.5910137359992662,1.8645283448712298,2.1380429537431938,2.4115575626151577,2.685072171487121,3.9381155800368046,5.191158988586489,6.444202397136173,7.697245805685856,8.797592590406415,8.64138839022672,8.367873781354756,8.094359172482793,7.820844563610829,7.547329954738865,7.273815345866902,6.020771937317218,4.767728528767535,3.514685120217851,2.261641711668167
4472,2.8365400828547638,3.218079229059924,3.8861568494030205,4.554234469746118,5.222312090089215,5.890389710432311,6.558467330775408,9.61910918103339,12.679751031291374,15.74039288154936,18.801034731807345,21.40384848736475,21.02230934115959,20.354231720816493,19.686154100473395,19.018076480130297,18.3499988597872,17.6819212394441,14.621279389186117,11.560637538928134,8.499995688670149,5.439353838412163
4473,4.187241305649756,4.750461435119857,5.736663683482037,6.722865931844216,7.709068180206397,8.695270428568575,9.681472676930756,14.199528337297998,18.717583997665233,23.23563965803248,27.75369531839972,32.29130966000392,31.72808953053382,30.74188728217164,29.75568503380946,28.76948278544728,27.7832805370851,26.797078288722922,22.27902262835568,17.760966967988445,13.242911307621199,8.724855647253957
4474,4.1224380187469025,4.6769415462886,5.647880965838258,6.618820385387915,7.5897598049375725,8.56069922448723,9.53163864403689,13.979771212843394,18.427903781649896,22.876036350456406,27.324168919262913,32.91035711924829,32.35585359170659,31.384914172156932,30.413974752607274,29.443035333057615,28.472095913507957,27.501156493958298,23.053023925151795,18.60489135634529,14.15675878753878,9.708626218732274
4475,3.351595880008395,3.8024144805325077,4.591800893015079,5.381187305497649,6.170573717980221,6.959960130462791,7.7493465429453625,11.365736340329079,14.982126137712793,18.59851593509651,22.21490573248023,27.356769827551037,26.905951227026925,26.116564814544354,25.327178402061783,24.537791989579212,23.74840557709664,22.95901916461407,19.34262936723035,15.726239569846637,12.109849772462919,8.493459975079201
4476,2.9910124143164416,3.3933294236000933,4.097789222441407,4.80224902128272,5.506708820124034,6.211168618965348,6.915628417806662,10.142946736074473,13.370265054342282,16.597583372610092,19.82490169087791,24.2284335048095,23.82611649552585,23.121656696684536,22.417196897843223,21.71273709900191,21.008277300160596,20.303817501319283,17.076499183051475,13.849180864783666,10.621862546515855,7.394544228248039
4477,2.7047846416677372,3.0686015427890947,3.7056473923676854,4.342693241946275,4.979739091524866,5.6167849411034565,6.253830790682048,9.172307818474215,12.090784846266383,15.009261874058554,17.92773890185072,22.802692522038395,22.438875620917038,21.801829771338447,21.164783921759856,20.527738072181265,19.890692222602674,19.253646373024083,16.335169345231915,13.416692317439747,10.498215289647575,7.579738261855409
4478,2.20733046474823,2.5042354815337093,3.0241181699939683,3.544000858454227,4.063883546914486,4.583766235374744,5.103648923835004,7.485370246439614,9.867091569044224,12.248812891648836,14.630534214253444,19.724931122724897,19.428026105939416,18.908143417479156,18.388260729018896,17.868378040558635,17.348495352098375,16.828612663638115,14.446891341033504,12.065170018428894,9.683448695824282,7.3017273732196735
4479,1.677916042855984,1.903610246250039,2.298802319798513,2.693994393346985,3.0891864668954585,3.484378540443932,3.879570613992405,5.690050956937462,7.500531299882518,9.311011642827577,11.121491985772634,14.871256559632515,14.645562356238461,14.250370282689987,13.855178209141515,13.459986135593041,13.064794062044568,12.669601988496094,10.859121645551037,9.04864130260598,7.238160959660921,5.427680616715864
4480,1.1172675321315855,1.2675496673528908,1.5306947005095728,1.7938397336662546,2.0569847668229366,2.3201297999796187,2.583274833136301,3.7888124482913326,4.9943500634463645,6.199887678601396,7.405425293756428,10.033161309414842,9.882879174193537,9.619734141036854,9.356589107880172,9.09344407472349,8.830299041566807,8.567154008410125,7.361616393255093,6.156078778100062,4.95054116294503,3.745003547789998
4481,0.6682540838903488,0.7581400312657272,0.9155309318380566,1.0729218324103855,1.2303127329827148,1.3877036335550441,1.5450945341273732,2.2661442482220826,2.987193962316792,3.7082436764115014,4.429293390506211,6.0734388854665,5.983552938091121,5.826162037518792,5.668771136946463,5.5113802363741335,5.3539893358018045,5.196598435229475,4.475548721134766,3.7544990070400566,3.033449292945347,2.3123995788506377
4482,0.4397550001969972,0.4989058467966161,0.6024793784527985,0.7060529101089809,0.8096264417651632,0.9131999734213457,1.016773505077528,1.4912714914090162,1.9657694777405041,2.4402674640719924,2.9147654504034803,3.6846018562989733,3.625451009699354,3.5218774780431716,3.418303946386989,3.314730414730807,3.2111568830746244,3.1075833514184423,2.633085365086954,2.158587378755466,1.6840893924239777,1.2095914060924897
4483,0.286284866305672,0.32479265405806435,0.39222005033488544,0.4596474466117065,0.5270748428885276,0.5945022391653487,0.6619296354421698,0.9708325302776295,1.2797354251130895,1.5886383199485492,1.8975412147840094,2.22844041223525,2.1899326244828576,2.1225052282060366,2.0550778319292156,1.9876504356523945,1.9202230393755735,1.8527956430987524,1.5438927482632927,1.2349898534278327,0.926086958592373,0.6171840637569128
4484,0.1600000684787465,0.18152145994052682,0.21920556165659857,0.25688966337267033,0.2945737650887421,0.33225786680481384,0.3699419685208856,0.5425828942000834,0.7152238198792811,0.887864745558479,1.0605056712376768,1.3303544742870113,1.308833082825231,1.2711489811091592,1.2334648793930874,1.1957807776770155,1.1580966759609437,1.1204125742448718,0.947771648565674,0.7751307228864763,0.6024897972072784,0.4298488715280806
4485,0.0966650333943288,0.10966731548161278,0.1324343991801003,0.15520148287858784,0.17796856657707538,0.20073565027556292,0.2235027339740505,0.3278048196211218,0.432106905268193,0.5364089909152644,0.6407110765623357,0.8750441895076194,0.8620419074203355,0.8392748237218479,0.8165077400233604,0.7937406563248728,0.7709735726263852,0.7482064889278977,0.6439044032808263,0.5396023176337551,0.4353002319866837,0.3309981463396124
4486,0.060485888935644626,0.06862176353916513,0.08286773488598757,0.09711370623281,0.11135967757963244,0.1256056489264549,0.13985162027327736,0.2051162164429092,0.27038081261254104,0.33564540878217297,0.40091000495180484,0.6530761972950729,0.6449403226915524,0.63069435134473,0.6164483799979075,0.602202408651085,0.5879564373042625,0.57371046595744,0.5084458697878081,0.4431812736181763,0.37791667744854435,0.3126520812789125
4487,0.04326251605801909,0.04908169821561838,0.059271125452270715,0.06946055268892304,0.07964997992557539,0.08983940716222773,0.10002883439888008,0.1467093195416705,0.19338980468446088,0.24007028982725132,0.28675077497004176,0.499578441059629,0.4937592589020297,0.48356983166537737,0.47338040442872503,0.4631909771920727,0.45300154995542036,0.442812122718768,0.3961316375759776,0.3494511524331872,0.30277066729039676,0.2560901821476063
4488,0.06656898268586907,0.07552308595105217,0.09120178120737912,0.10688047646370606,0.12255917172003303,0.13823786697635998,0.1539165622326869,0.2257448489433112,0.29757313565393556,0.36940142236455986,0.44122970907518416,0.4271966781704077,0.4182425749052246,0.4025638796488976,0.3868851843925707,0.3712064891362437,0.35552779387991673,0.3398490986235898,0.2680208119129655,0.19619252520234115,0.12436423849171685,0.05253595178109255
4489,0.056639086305014866,0.06425753272192815,0.07759748382143074,0.09093743492093335,0.10427738602043597,0.11761733711993858,0.1309572882194412,0.19207116387144205,0.25318503952344296,0.31429891517544384,0.3754127908274448,0.3168441383691494,0.3092256919522361,0.2958857408527335,0.28254578975323086,0.26920583865372827,0.2558658875542257,0.24252593645472306,0.1814120608027222,0.1202981851507213,0.05918430949872042,-0.0019295661532805208
4490,0.03392680220936796,0.038490250202461725,0.046480878441028384,0.05447150667959503,0.06246213491816169,0.07045276315672834,0.07844339139529499,0.1150505915949522,0.15165779179460942,0.18826499199426663,0.22487219219392388,0.22601923126692836,0.22145578327383458,0.21346515503526792,0.20547452679670128,0.1974838985581346,0.18949327031956797,0.1815026420810013,0.1448954418813441,0.10828824168168688,0.07168104148202967,0.035073841282372425
4491,0.0236676925723058,0.026851201690074235,0.03242554764354464,0.03799989359701504,0.043574239550485436,0.049148585503955844,0.05472293145742625,0.08026049774238261,0.10579806402733898,0.13133563031229536,0.15687319659725174,0.20284547879051973,0.1996619696727513,0.1940876237192809,0.1885132777658105,0.1829389318123401,0.17736458585886972,0.17179023990539932,0.14625267362044297,0.12071510733548661,0.09517754105053022,0.06963997476557385
4492,0.02469635730095266,0.028018230711428102,0.03383485347536883,0.03965147623930954,0.04546809900325027,0.051284721767191,0.05710134453113172,0.08374884553458932,0.11039634653804692,0.1370438475415045,0.16369134854496212,0.2086410790622131,0.20531920565173767,0.19950258288779693,0.19368596012385622,0.18786933735991548,0.18205271459597477,0.17623609183203404,0.14958859082857645,0.12294108982511885,0.09629358882166127,0.06964608781820365
4493,0.018530992112733714,0.02102357064238779,0.025388092472381524,0.02975261430237525,0.03411713613236898,0.03848165796236271,0.04284617979235644,0.06284121893523797,0.08283625807811949,0.10283129722100104,0.12282633636388257,0.23076451461001737,0.2282719360803633,0.22390741425036959,0.21954289242037586,0.21517837059038214,0.21081384876038842,0.2064493269303947,0.18645428778751316,0.16645924864463163,0.1464642095017501,0.12646917035886857
4494,0.022723898938375474,0.025780459658883387,0.031132518111866028,0.036484576564848666,0.0418366350178313,0.04718869347081395,0.05254075192379659,0.0770599598532782,0.10157916778275981,0.12609837571224142,0.15061758364172306,0.3411068640072945,0.3380503032867866,0.33269824483380395,0.3273461863808213,0.32199412792783866,0.316642069474856,0.31129001102187337,0.2867708030923918,0.2622515951629102,0.2377323872334286,0.21321317930394695
4495,0.05954035988303085,0.0675490526604855,0.08157232777140645,0.0955956028823274,0.10961887799324835,0.12364215310416929,0.13766542821509023,0.20190979350324906,0.2661541587914079,0.33039852407956677,0.3946428893677256,0.5323949645104806,0.524386271733026,0.510362996622105,0.4963397215111841,0.48231644640026317,0.4682931712893422,0.4542698961784213,0.3900255308902625,0.32578116560210363,0.2615368003139448,0.19729243502578592
4496,0.09422208070711786,0.10689576455313886,0.129087470513181,0.15127917647322317,0.17347088243326533,0.1956625883933075,0.21785429435334966,0.31952042104539957,0.42118654773744957,0.5228526744294996,0.6245188011215496,0.7630054397344619,0.7503317558884409,0.7281400499283988,0.7059483439683566,0.6837566380083144,0.6615649320482723,0.6393732260882301,0.5377070993961802,0.4360409727041302,0.33437484601208023,0.23270871932003023
4497,0.11060462621291975,0.12548190395938727,0.1515321177130734,0.17758233146675953,0.2036325452204457,0.22968275897413182,0.255732972727818,0.37507595323620807,0.49441893374459817,0.6137619142529884,0.7331048947613785,1.04243040931092,1.0275531315644524,1.0015029178107662,0.9754527040570801,0.949402490303394,0.9233522765497079,0.8973020627960218,0.7779590822876317,0.6586161017792416,0.5392731212708513,0.41993014076246116
4498,0.14593538259187422,0.16556495229609972,0.19993646134515083,0.23430797039420195,0.2686794794432531,0.3030509884923042,0.3374224975413554,0.4948875522726021,0.6523526070038489,0.8098176617350957,0.9672827164663426,1.3368623237393928,1.3172327540351674,1.2828612449861163,1.2484897359370652,1.2141182268880142,1.1797467178389631,1.145375208789912,0.9879101540586653,0.8304450993274186,0.6729800445961718,0.5155149898649249
4499,0.17412844867806587,0.1975502293326846,0.2385619253527876,0.2795736213728906,0.3205853173929936,0.3615970134130966,0.40260870943319965,0.5904942325625675,0.7783797556919354,0.9662652788213034,1.1541508019506714,1.6963697765134498,1.6729479958588311,1.6319362998387281,1.590924603818625,1.549912907798522,1.508901211778419,1.467889515758316,1.2800039926289482,1.0921184694995802,0.9042329463702122,0.7163474232408442
4500,0.20258246617249245,0.22983155799628885,0.277544901707457,0.32525824541862514,0.3729715891297932,0.4206849328409614,0.46839827655212957,0.6869858360383282,0.9055733955245269,1.1241609550107257,1.3427485144969247,1.9211150761464808,1.8938659843226844,1.8461526406115163,1.7984392969003482,1.7507259531891801,1.7030126094780118,1.6552992657668437,1.4367117062806452,1.2181241467944464,0.9995365873082476,0.7809490278220486
4501,0.22682064156334378,0.25732997737244256,0.31075203030808307,0.3641740832437235,0.4175961361793641,0.4710181891150046,0.5244402420506451,0.769180921820084,1.013921601589523,1.2586622813589619,1.5034029611284008,2.0428941262432594,2.0123847904341607,1.9589627374985201,1.9055406845628797,1.852118631627239,1.7986965786915987,1.745274525755958,1.5005338459865192,1.2557931662170803,1.0110524864476413,0.7663118066782024
4502,0.28713168866453304,0.3257533813399477,0.3933802259058238,0.46100707047169975,0.5286339150375757,0.5962607596034519,0.6638876041693279,0.9737042248382178,1.2835208455071077,1.5933374661759976,1.9031540868448875,2.133676930271694,2.095055237596279,2.027428393030403,1.9598015484645268,1.8921747038986507,1.8245478593327746,1.7569210147668985,1.4471043940980086,1.1372877734291187,0.8274711527602288,0.5176545320913388
4503,0.3067951188581142,0.3480617127682659,0.42031979724889373,0.49257788172952155,0.5648359662101494,0.6370940506907772,0.709352135171405,1.040385701701159,1.3714192682309132,1.7024528347606676,2.0334864012904217,2.1612776545091203,2.120011060598969,2.047752976118341,1.975494891637713,1.9032368071570853,1.8309787226764576,1.7587206381958298,1.427687071666076,1.0966535051363218,0.7656199386065674,0.4345863720768133
4504,0.27598175878396375,0.31310368956544515,0.3781044409318533,0.44310519229826134,0.5081059436646694,0.5731066950310776,0.6381074463974856,0.9358932333664804,1.233679020335475,1.53146480730447,1.829250594273465,1.9097257114610804,1.872603780679599,1.8076030293131908,1.7426022779467827,1.6776015265803745,1.6126007752139664,1.5476000238475582,1.2498142368785634,0.9520284499095688,0.6542426629405738,0.35645687597157893
4505,0.2253108014307007,0.2556170506983482,0.3086834977291007,0.36174994475985317,0.4148163917906057,0.46788283882135817,0.5209492858521106,0.7640608400805081,1.0071723943089055,1.2502839485373032,1.4933955027657007,1.6192575536297766,1.588951304362129,1.5358848573313766,1.4828184103006241,1.4297519632698716,1.3766855162391192,1.3236190692083667,1.0805075149799692,0.8373959607515719,0.5942844065231742,0.3511728522947767
4506,0.181071206183045,0.20542684770103406,0.24807374039633354,0.290720633091633,0.3333675257869325,0.376014418482232,0.41866131117753147,0.6140381066158548,0.809414902054178,1.0047916974925013,1.200168492930825,1.489569188741577,1.4652135472235879,1.4225666545282885,1.379919761832989,1.3372728691376894,1.29462597644239,1.2519790837470905,1.0566022883087673,0.8612254928704441,0.6658486974321208,0.4704719019937972
4507,0.1371027565822645,0.15554426178254532,0.18783546186591396,0.22012666194928254,0.2524178620326512,0.2847090621160198,0.3170002621993884,0.464934866444111,0.6128694706888336,0.7608040749335562,0.9087386791782788,1.2544431595756709,1.23600165437539,1.2037104542920214,1.1714192542086528,1.1391280541252842,1.1068368540419156,1.074545653958547,0.9266110497138245,0.7786764454691019,0.6307418412243793,0.48280723697965666
4508,0.12288693681507708,0.1394162914452449,0.16835930297358676,0.19730231450192862,0.22624532603027048,0.25518833755861237,0.28413134908695425,0.4167270081222759,0.5493226671575976,0.6819183261929194,0.8145139852282411,0.965950353268064,0.9494209986378962,0.9204779871095543,0.8915349755812124,0.8625919640528705,0.8336489525245286,0.8047059409961868,0.6721102819608651,0.5395146229255434,0.40691896389022164,0.27432330485489986
4509,0.10407025709033581,0.11806860573895996,0.14257980870966933,0.16709101168037868,0.19160221465108804,0.2161134176217974,0.24062462059250678,0.3529169820306787,0.4652093434688507,0.5775017049070227,0.6897940663451948,0.756275578156249,0.7422772295076249,0.7177660265369155,0.6932548235662062,0.6687436205954969,0.6442324176247876,0.6197212146540781,0.5074288532159061,0.3951364917777342,0.2828441303395622,0.17055176890139007
4510,0.09174496304809825,0.10408545316899447,0.1256937346673304,0.14730201616566632,0.16891029766400223,0.19051857916233816,0.21212686066067407,0.3111201642112374,0.4101134677618008,0.5091067713123641,0.6081000748629275,0.6380177307790044,0.6256772406581081,0.6040689591597722,0.5824606776614363,0.5608523961631003,0.5392441146647644,0.5176358331664285,0.4186425296158651,0.3196492260653017,0.22065592251473837,0.12166261896417502
4511,0.0756798511426919,0.0858594449247251,0.10368398234795255,0.12150851977117999,0.13933305719440744,0.15715759461763487,0.17498213204086233,0.2566410943198301,0.33830005659879786,0.4199590188777657,0.5016179811567335,0.5589042903878931,0.54872469660586,0.5309001591826326,0.5130756217594051,0.4952510843361777,0.4774265469129503,0.45960200948972285,0.37794304721075506,0.2962840849317873,0.21462512265281947,0.13296616037385167
4512,0.06656898268586907,0.07552308595105217,0.09120178120737912,0.10688047646370606,0.12255917172003303,0.13823786697635998,0.1539165622326869,0.2257448489433112,0.29757313565393556,0.36940142236455986,0.44122970907518416,0.4271966781704077,0.4182425749052246,0.4025638796488976,0.3868851843925707,0.3712064891362437,0.35552779387991673,0.3398490986235898,0.2680208119129655,0.19619252520234115,0.12436423849171685,0.05253595178109255
4513,0.056639086305014866,0.06425753272192815,0.07759748382143074,0.09093743492093335,0.10427738602043597,0.11761733711993858,0.1309572882194412,0.19207116387144205,0.25318503952344296,0.31429891517544384,0.3754127908274448,0.3168441383691494,0.3092256919522361,0.2958857408527335,0.28254578975323086,0.26920583865372827,0.2558658875542257,0.24252593645472306,0.1814120608027222,0.1202981851507213,0.05918430949872042,-0.0019295661532805208
4514,0.03392680220936796,0.038490250202461725,0.046480878441028384,0.05447150667959503,0.06246213491816169,0.07045276315672834,0.07844339139529499,0.1150505915949522,0.15165779179460942,0.18826499199426663,0.22487219219392388,0.22601923126692836,0.22145578327383458,0.21346515503526792,0.20547452679670128,0.1974838985581346,0.18949327031956797,0.1815026420810013,0.1448954418813441,0.10828824168168688,0.07168104148202967,0.035073841282372425
4515,0.0236676925723058,0.026851201690074235,0.03242554764354464,0.03799989359701504,0.043574239550485436,0.049148585503955844,0.05472293145742625,0.08026049774238261,0.10579806402733898,0.13133563031229536,0.15687319659725174,0.20284547879051973,0.1996619696727513,0.1940876237192809,0.1885132777658105,0.1829389318123401,0.17736458585886972,0.17179023990539932,0.14625267362044297,0.12071510733548661,0.09517754105053022,0.06963997476557385
4516,0.02469635730095266,0.028018230711428102,0.03383485347536883,0.03965147623930954,0.04546809900325027,0.051284721767191,0.05710134453113172,0.08374884553458932,0.11039634653804692,0.1370438475415045,0.16369134854496212,0.2086410790622131,0.20531920565173767,0.19950258288779693,0.19368596012385622,0.18786933735991548,0.18205271459597477,0.17623609183203404,0.14958859082857645,0.12294108982511885,0.09629358882166127,0.06964608781820365
4517,0.018530992112733714,0.02102357064238779,0.025388092472381524,0.02975261430237525,0.03411713613236898,0.03848165796236271,0.04284617979235644,0.06284121893523797,0.08283625807811949,0.10283129722100104,0.12282633636388257,0.23076451461001737,0.2282719360803633,0.22390741425036959,0.21954289242037586,0.21517837059038214,0.21081384876038842,0.2064493269303947,0.18645428778751316,0.16645924864463163,0.1464642095017501,0.12646917035886857
4518,0.022723898938375474,0.025780459658883387,0.031132518111866028,0.036484576564848666,0.0418366350178313,0.04718869347081395,0.05254075192379659,0.0770599598532782,0.10157916778275981,0.12609837571224142,0.15061758364172306,0.3411068640072945,0.3380503032867866,0.33269824483380395,0.3273461863808213,0.32199412792783866,0.316642069474856,0.31129001102187337,0.2867708030923918,0.2622515951629102,0.2377323872334286,0.21321317930394695
4519,0.05954035988303085,0.0675490526604855,0.08157232777140645,0.0955956028823274,0.10961887799324835,0.12364215310416929,0.13766542821509023,0.20190979350324906,0.2661541587914079,0.33039852407956677,0.3946428893677256,0.5323949645104806,0.524386271733026,0.510362996622105,0.4963397215111841,0.48231644640026317,0.4682931712893422,0.4542698961784213,0.3900255308902625,0.32578116560210363,0.2615368003139448,0.19729243502578592
4520,0.09422208070711786,0.10689576455313886,0.129087470513181,0.15127917647322317,0.17347088243326533,0.1956625883933075,0.21785429435334966,0.31952042104539957,0.42118654773744957,0.5228526744294996,0.6245188011215496,0.7630054397344619,0.7503317558884409,0.7281400499283988,0.7059483439683566,0.6837566380083144,0.6615649320482723,0.6393732260882301,0.5377070993961802,0.4360409727041302,0.33437484601208023,0.23270871932003023
4521,0.11060462621291975,0.12548190395938727,0.1515321177130734,0.17758233146675953,0.2036325452204457,0.22968275897413182,0.255732972727818,0.37507595323620807,0.49441893374459817,0.6137619142529884,0.7331048947613785,1.04243040931092,1.0275531315644524,1.0015029178107662,0.9754527040570801,0.949402490303394,0.9233522765497079,0.8973020627960218,0.7779590822876317,0.6586161017792416,0.5392731212708513,0.41993014076246116
4522,0.14593538259187422,0.16556495229609972,0.19993646134515083,0.23430797039420195,0.2686794794432531,0.3030509884923042,0.3374224975413554,0.4948875522726021,0.6523526070038489,0.8098176617350957,0.9672827164663426,1.3368623237393928,1.3172327540351674,1.2828612449861163,1.2484897359370652,1.2141182268880142,1.1797467178389631,1.145375208789912,0.9879101540586653,0.8304450993274186,0.6729800445961718,0.5155149898649249
4523,0.17412844867806587,0.1975502293326846,0.2385619253527876,0.2795736213728906,0.3205853173929936,0.3615970134130966,0.40260870943319965,0.5904942325625675,0.7783797556919354,0.9662652788213034,1.1541508019506714,1.6963697765134498,1.6729479958588311,1.6319362998387281,1.590924603818625,1.549912907798522,1.508901211778419,1.467889515758316,1.2800039926289482,1.0921184694995802,0.9042329463702122,0.7163474232408442
4524,0.20258246617249245,0.22983155799628885,0.277544901707457,0.32525824541862514,0.3729715891297932,0.4206849328409614,0.46839827655212957,0.6869858360383282,0.9055733955245269,1.1241609550107257,1.3427485144969247,1.9211150761464808,1.8938659843226844,1.8461526406115163,1.7984392969003482,1.7507259531891801,1.7030126094780118,1.6552992657668437,1.4367117062806452,1.2181241467944464,0.9995365873082476,0.7809490278220486
4525,0.22682064156334378,0.25732997737244256,0.31075203030808307,0.3641740832437235,0.4175961361793641,0.4710181891150046,0.5244402420506451,0.769180921820084,1.013921601589523,1.2586622813589619,1.5034029611284008,2.0428941262432594,2.0123847904341607,1.9589627374985201,1.9055406845628797,1.852118631627239,1.7986965786915987,1.745274525755958,1.5005338459865192,1.2557931662170803,1.0110524864476413,0.7663118066782024
4526,0.28713168866453304,0.3257533813399477,0.3933802259058238,0.46100707047169975,0.5286339150375757,0.5962607596034519,0.6638876041693279,0.9737042248382178,1.2835208455071077,1.5933374661759976,1.9031540868448875,2.133676930271694,2.095055237596279,2.027428393030403,1.9598015484645268,1.8921747038986507,1.8245478593327746,1.7569210147668985,1.4471043940980086,1.1372877734291187,0.8274711527602288,0.5176545320913388
4527,0.3067951188581142,0.3480617127682659,0.42031979724889373,0.49257788172952155,0.5648359662101494,0.6370940506907772,0.709352135171405,1.040385701701159,1.3714192682309132,1.7024528347606676,2.0334864012904217,2.1612776545091203,2.120011060598969,2.047752976118341,1.975494891637713,1.9032368071570853,1.8309787226764576,1.7587206381958298,1.427687071666076,1.0966535051363218,0.7656199386065674,0.4345863720768133
4528,0.27598175878396375,0.31310368956544515,0.3781044409318533,0.44310519229826134,0.5081059436646694,0.5731066950310776,0.6381074463974856,0.9358932333664804,1.233679020335475,1.53146480730447,1.829250594273465,1.9097257114610804,1.872603780679599,1.8076030293131908,1.7426022779467827,1.6776015265803745,1.6126007752139664,1.5476000238475582,1.2498142368785634,0.9520284499095688,0.6542426629405738,0.35645687597157893
4529,0.2253108014307007,0.2556170506983482,0.3086834977291007,0.36174994475985317,0.4148163917906057,0.46788283882135817,0.5209492858521106,0.7640608400805081,1.0071723943089055,1.2502839485373032,1.4933955027657007,1.6192575536297766,1.588951304362129,1.5358848573313766,1.4828184103006241,1.4297519632698716,1.3766855162391192,1.3236190692083667,1.0805075149799692,0.8373959607515719,0.5942844065231742,0.3511728522947767
4530,0.181071206183045,0.20542684770103406,0.24807374039633354,0.290720633091633,0.3333675257869325,0.376014418482232,0.41866131117753147,0.6140381066158548,0.809414902054178,1.0047916974925013,1.200168492930825,1.489569188741577,1.4652135472235879,1.4225666545282885,1.379919761832989,1.3372728691376894,1.29462597644239,1.2519790837470905,1.0566022883087673,0.8612254928704441,0.6658486974321208,0.4704719019937972
4531,0.1371027565822645,0.15554426178254532,0.18783546186591396,0.22012666194928254,0.2524178620326512,0.2847090621160198,0.3170002621993884,0.464934866444111,0.6128694706888336,0.7608040749335562,0.9087386791782788,1.2544431595756709,1.23600165437539,1.2037104542920214,1.1714192542086528,1.1391280541252842,1.1068368540419156,1.074545653958547,0.9266110497138245,0.7786764454691019,0.6307418412243793,0.48280723697965666
4532,0.12288693681507708,0.1394162914452449,0.16835930297358676,0.19730231450192862,0.22624532603027048,0.25518833755861237,0.28413134908695425,0.4167270081222759,0.5493226671575976,0.6819183261929194,0.8145139852282411,0.965950353268064,0.9494209986378962,0.9204779871095543,0.8915349755812124,0.8625919640528705,0.8336489525245286,0.8047059409961868,0.6721102819608651,0.5395146229255434,0.40691896389022164,0.27432330485489986
4533,0.10407025709033581,0.11806860573895996,0.14257980870966933,0.16709101168037868,0.19160221465108804,0.2161134176217974,0.24062462059250678,0.3529169820306787,0.4652093434688507,0.5775017049070227,0.6897940663451948,0.756275578156249,0.7422772295076249,0.7177660265369155,0.6932548235662062,0.6687436205954969,0.6442324176247876,0.6197212146540781,0.5074288532159061,0.3951364917777342,0.2828441303395622,0.17055176890139007
4534,0.09174496304809825,0.10408545316899447,0.1256937346673304,0.14730201616566632,0.16891029766400223,0.19051857916233816,0.21212686066067407,0.3111201642112374,0.4101134677618008,0.5091067713123641,0.6081000748629275,0.6380177307790044,0.6256772406581081,0.6040689591597722,0.5824606776614363,0.5608523961631003,0.5392441146647644,0.5176358331664285,0.4186425296158651,0.3196492260653017,0.22065592251473837,0.12166261896417502
4535,0.0756798511426919,0.0858594449247251,0.10368398234795255,0.12150851977117999,0.13933305719440744,0.15715759461763487,0.17498213204086233,0.2566410943198301,0.33830005659879786,0.4199590188777657,0.5016179811567335,0.5589042903878931,0.54872469660586,0.5309001591826326,0.5130756217594051,0.4952510843361777,0.4774265469129503,0.45960200948972285,0.37794304721075506,0.2962840849317873,0.21462512265281947,0.13296616037385167
4536,0.031367184720614005,0.03558634204876214,0.04297411500909338,0.050361887969424625,0.057749660929755864,0.0651374338900871,0.07252520685041834,0.10637056615310214,0.14021592545578596,0.17406128475846977,0.20790664406115364,0.38513873965896495,0.3809195823308168,0.3735318093704856,0.36614403641015436,0.35875626344982314,0.3513684904894919,0.3439807175291607,0.3101353582264769,0.27628999892379313,0.24244463962110932,0.20859928031842545
4537,0.027541528392130105,0.031246101893993974,0.037732835101129916,0.04421956830826585,0.05070630151540179,0.057193034722537735,0.06367976792967367,0.09339722368731823,0.1231146794449628,0.15283213520260736,0.18254959096025195,0.2947264391013124,0.29102186559944854,0.2845351323923126,0.27804839918517665,0.2715616659780407,0.26507493277090477,0.25858819956376883,0.22887074380612427,0.1991532880484797,0.16943583229083514,0.13971837653319055
4538,0.021214760756460276,0.024068329353953997,0.029064947229369295,0.03406156510478459,0.03905818298019989,0.04405480085561519,0.049051418731030486,0.07194225852804301,0.09483309832505553,0.11772393812206808,0.1406147779190806,0.2196416620198345,0.2167880934223408,0.21179147554692548,0.20679485767151018,0.20179823979609487,0.19680162192067957,0.19180500404526427,0.16891416424825173,0.14602332445123922,0.12313248465422667,0.10024164485721414
4539,0.017379901386824617,0.01971764826949346,0.023811058840523276,0.02790446941155309,0.03199787998258291,0.03609129055361272,0.04018470112464254,0.058937707246218926,0.07769071336779533,0.09644371948937172,0.11519672561094813,0.1725522635160582,0.17021451663338938,0.16612110606235955,0.16202769549132973,0.1579342849202999,0.15384087434927007,0.14974746377824025,0.13099445765666387,0.11224145153508747,0.09348844541351108,0.07473543929193467
4540,0.018861538995962508,0.02139857893702769,0.025840952998510806,0.030283327059993915,0.03472570112147703,0.03916807518296014,0.04361044924444325,0.0639621502340575,0.08431385122367176,0.10466555221328604,0.1250172532029003,0.16219714722554288,0.1596601072844777,0.15521773322299456,0.15077535916151147,0.14633298510002835,0.14189061103854522,0.1374482369770621,0.11709653598744785,0.0967448349978336,0.07639313400821932,0.05604143301860505
4541,0.06031042844298219,0.06842270209442457,0.08262734801485494,0.09683199393528533,0.1110366398557157,0.1252412857761461,0.1394459316965765,0.20452120506052845,0.2695964784244804,0.33467175178843245,0.39974702515238447,0.4566317751531136,0.4485195015016712,0.43431485558124083,0.4201102096608105,0.4059055637403801,0.3917009178199497,0.3774962718995193,0.3124209985355673,0.24734572517161535,0.18227045180766333,0.1171951784437113
4542,0.30895518501738617,0.35051232648691727,0.4232791617051753,0.4960459969234333,0.5688128321416914,0.6415796673599494,0.7143465025782075,1.0477107919933368,1.3810750814084662,1.7144393708235957,2.0478036602387255,2.1024107163262697,2.0608535748567385,1.9880867396384805,1.9153199044202225,1.8425530692019643,1.7697862339837063,1.6970193987654483,1.363655109350319,1.0302908199351897,0.6969265305200603,0.3635622411049304
4543,1.1612949269476076,1.3174991271273024,1.5910137359992662,1.8645283448712298,2.1380429537431938,2.4115575626151577,2.685072171487121,3.9381155800368046,5.191158988586489,6.444202397136173,7.697245805685856,8.797592590406415,8.64138839022672,8.367873781354756,8.094359172482793,7.820844563610829,7.547329954738865,7.273815345866902,6.020771937317218,4.767728528767535,3.514685120217851,2.261641711668167
4544,2.8365400828547638,3.218079229059924,3.8861568494030205,4.554234469746118,5.222312090089215,5.890389710432311,6.558467330775408,9.61910918103339,12.679751031291374,15.74039288154936,18.801034731807345,21.40384848736475,21.02230934115959,20.354231720816493,19.686154100473395,19.018076480130297,18.3499988597872,17.6819212394441,14.621279389186117,11.560637538928134,8.499995688670149,5.439353838412163
4545,4.187241305649756,4.750461435119857,5.736663683482037,6.722865931844216,7.709068180206397,8.695270428568575,9.681472676930756,14.199528337297998,18.717583997665233,23.23563965803248,27.75369531839972,32.29130966000392,31.72808953053382,30.74188728217164,29.75568503380946,28.76948278544728,27.7832805370851,26.797078288722922,22.27902262835568,17.760966967988445,13.242911307621199,8.724855647253957
4546,4.1224380187469025,4.6769415462886,5.647880965838258,6.618820385387915,7.5897598049375725,8.56069922448723,9.53163864403689,13.979771212843394,18.427903781649896,22.876036350456406,27.324168919262913,32.91035711924829,32.35585359170659,31.384914172156932,30.413974752607274,29.443035333057615,28.472095913507957,27.501156493958298,23.053023925151795,18.60489135634529,14.15675878753878,9.708626218732274
4547,3.351595880008395,3.8024144805325077,4.591800893015079,5.381187305497649,6.170573717980221,6.959960130462791,7.7493465429453625,11.365736340329079,14.982126137712793,18.59851593509651,22.21490573248023,27.356769827551037,26.905951227026925,26.116564814544354,25.327178402061783,24.537791989579212,23.74840557709664,22.95901916461407,19.34262936723035,15.726239569846637,12.109849772462919,8.493459975079201
4548,2.9910124143164416,3.3933294236000933,4.097789222441407,4.80224902128272,5.506708820124034,6.211168618965348,6.915628417806662,10.142946736074473,13.370265054342282,16.597583372610092,19.82490169087791,24.2284335048095,23.82611649552585,23.121656696684536,22.417196897843223,21.71273709900191,21.008277300160596,20.303817501319283,17.076499183051475,13.849180864783666,10.621862546515855,7.394544228248039
4549,2.7047846416677372,3.0686015427890947,3.7056473923676854,4.342693241946275,4.979739091524866,5.6167849411034565,6.253830790682048,9.172307818474215,12.090784846266383,15.009261874058554,17.92773890185072,22.802692522038395,22.438875620917038,21.801829771338447,21.164783921759856,20.527738072181265,19.890692222602674,19.253646373024083,16.335169345231915,13.416692317439747,10.498215289647575,7.579738261855409
4550,2.20733046474823,2.5042354815337093,3.0241181699939683,3.544000858454227,4.063883546914486,4.583766235374744,5.103648923835004,7.485370246439614,9.867091569044224,12.248812891648836,14.630534214253444,19.724931122724897,19.428026105939416,18.908143417479156,18.388260729018896,17.868378040558635,17.348495352098375,16.828612663638115,14.446891341033504,12.065170018428894,9.683448695824282,7.3017273732196735
4551,1.677916042855984,1.903610246250039,2.298802319798513,2.693994393346985,3.0891864668954585,3.484378540443932,3.879570613992405,5.690050956937462,7.500531299882518,9.311011642827577,11.121491985772634,14.871256559632515,14.645562356238461,14.250370282689987,13.855178209141515,13.459986135593041,13.064794062044568,12.669601988496094,10.859121645551037,9.04864130260598,7.238160959660921,5.427680616715864
4552,1.1172675321315855,1.2675496673528908,1.5306947005095728,1.7938397336662546,2.0569847668229366,2.3201297999796187,2.583274833136301,3.7888124482913326,4.9943500634463645,6.199887678601396,7.405425293756428,10.033161309414842,9.882879174193537,9.619734141036854,9.356589107880172,9.09344407472349,8.830299041566807,8.567154008410125,7.361616393255093,6.156078778100062,4.95054116294503,3.745003547789998
4553,0.6682540838903488,0.7581400312657272,0.9155309318380566,1.0729218324103855,1.2303127329827148,1.3877036335550441,1.5450945341273732,2.2661442482220826,2.987193962316792,3.7082436764115014,4.429293390506211,6.0734388854665,5.983552938091121,5.826162037518792,5.668771136946463,5.5113802363741335,5.3539893358018045,5.196598435229475,4.475548721134766,3.7544990070400566,3.033449292945347,2.3123995788506377
4554,0.4397550001969972,0.4989058467966161,0.6024793784527985,0.7060529101089809,0.8096264417651632,0.9131999734213457,1.016773505077528,1.4912714914090162,1.9657694777405041,2.4402674640719924,2.9147654504034803,3.6846018562989733,3.625451009699354,3.5218774780431716,3.418303946386989,3.314730414730807,3.2111568830746244,3.1075833514184423,2.633085365086954,2.158587378755466,1.6840893924239777,1.2095914060924897
4555,0.286284866305672,0.32479265405806435,0.39222005033488544,0.4596474466117065,0.5270748428885276,0.5945022391653487,0.6619296354421698,0.9708325302776295,1.2797354251130895,1.5886383199485492,1.8975412147840094,2.22844041223525,2.1899326244828576,2.1225052282060366,2.0550778319292156,1.9876504356523945,1.9202230393755735,1.8527956430987524,1.5438927482632927,1.2349898534278327,0.926086958592373,0.6171840637569128
4556,0.1600000684787465,0.18152145994052682,0.21920556165659857,0.25688966337267033,0.2945737650887421,0.33225786680481384,0.3699419685208856,0.5425828942000834,0.7152238198792811,0.887864745558479,1.0605056712376768,1.3303544742870113,1.308833082825231,1.2711489811091592,1.2334648793930874,1.1957807776770155,1.1580966759609437,1.1204125742448718,0.947771648565674,0.7751307228864763,0.6024897972072784,0.4298488715280806
4557,0.0966650333943288,0.10966731548161278,0.1324343991801003,0.15520148287858784,0.17796856657707538,0.20073565027556292,0.2235027339740505,0.3278048196211218,0.432106905268193,0.5364089909152644,0.6407110765623357,0.8750441895076194,0.8620419074203355,0.8392748237218479,0.8165077400233604,0.7937406563248728,0.7709735726263852,0.7482064889278977,0.6439044032808263,0.5396023176337551,0.4353002319866837,0.3309981463396124
4558,0.060485888935644626,0.06862176353916513,0.08286773488598757,0.09711370623281,0.11135967757963244,0.1256056489264549,0.13985162027327736,0.2051162164429092,0.27038081261254104,0.33564540878217297,0.40091000495180484,0.6530761972950729,0.6449403226915524,0.63069435134473,0.6164483799979075,0.602202408651085,0.5879564373042625,0.57371046595744,0.5084458697878081,0.4431812736181763,0.37791667744854435,0.3126520812789125
4559,0.04326251605801909,0.04908169821561838,0.059271125452270715,0.06946055268892304,0.07964997992557539,0.08983940716222773,0.10002883439888008,0.1467093195416705,0.19338980468446088,0.24007028982725132,0.28675077497004176,0.499578441059629,0.4937592589020297,0.48356983166537737,0.47338040442872503,0.4631909771920727,0.45300154995542036,0.442812122718768,0.3961316375759776,0.3494511524331872,0.30277066729039676,0.2560901821476063
4560,0.031367184720614005,0.03558634204876214,0.04297411500909338,0.050361887969424625,0.057749660929755864,0.0651374338900871,0.07252520685041834,0.10637056615310214,0.14021592545578596,0.17406128475846977,0.20790664406115364,0.38513873965896495,0.3809195823308168,0.3735318093704856,0.36614403641015436,0.35875626344982314,0.3513684904894919,0.3439807175291607,0.3101353582264769,0.27628999892379313,0.24244463962110932,0.20859928031842545
4561,0.027541528392130105,0.031246101893993974,0.037732835101129916,0.04421956830826585,0.05070630151540179,0.057193034722537735,0.06367976792967367,0.09339722368731823,0.1231146794449628,0.15283213520260736,0.18254959096025195,0.2947264391013124,0.29102186559944854,0.2845351323923126,0.27804839918517665,0.2715616659780407,0.26507493277090477,0.25858819956376883,0.22887074380612427,0.1991532880484797,0.16943583229083514,0.13971837653319055
4562,0.021214760756460276,0.024068329353953997,0.029064947229369295,0.03406156510478459,0.03905818298019989,0.04405480085561519,0.049051418731030486,0.07194225852804301,0.09483309832505553,0.11772393812206808,0.1406147779190806,0.2196416620198345,0.2167880934223408,0.21179147554692548,0.20679485767151018,0.20179823979609487,0.19680162192067957,0.19180500404526427,0.16891416424825173,0.14602332445123922,0.12313248465422667,0.10024164485721414
4563,0.017379901386824617,0.01971764826949346,0.023811058840523276,0.02790446941155309,0.03199787998258291,0.03609129055361272,0.04018470112464254,0.058937707246218926,0.07769071336779533,0.09644371948937172,0.11519672561094813,0.1725522635160582,0.17021451663338938,0.16612110606235955,0.16202769549132973,0.1579342849202999,0.15384087434927007,0.14974746377824025,0.13099445765666387,0.11224145153508747,0.09348844541351108,0.07473543929193467
4564,0.018861538995962508,0.02139857893702769,0.025840952998510806,0.030283327059993915,0.03472570112147703,0.03916807518296014,0.04361044924444325,0.0639621502340575,0.08431385122367176,0.10466555221328604,0.1250172532029003,0.16219714722554288,0.1596601072844777,0.15521773322299456,0.15077535916151147,0.14633298510002835,0.14189061103854522,0.1374482369770621,0.11709653598744785,0.0967448349978336,0.07639313400821932,0.05604143301860505
4565,0.06031042844298219,0.06842270209442457,0.08262734801485494,0.09683199393528533,0.1110366398557157,0.1252412857761461,0.1394459316965765,0.20452120506052845,0.2695964784244804,0.33467175178843245,0.39974702515238447,0.4566317751531136,0.4485195015016712,0.43431485558124083,0.4201102096608105,0.4059055637403801,0.3917009178199497,0.3774962718995193,0.3124209985355673,0.24734572517161535,0.18227045180766333,0.1171951784437113
4566,0.30895518501738617,0.35051232648691727,0.4232791617051753,0.4960459969234333,0.5688128321416914,0.6415796673599494,0.7143465025782075,1.0477107919933368,1.3810750814084662,1.7144393708235957,2.0478036602387255,2.1024107163262697,2.0608535748567385,1.9880867396384805,1.9153199044202225,1.8425530692019643,1.7697862339837063,1.6970193987654483,1.363655109350319,1.0302908199351897,0.6969265305200603,0.3635622411049304
4567,1.1612949269476076,1.3174991271273024,1.5910137359992662,1.8645283448712298,2.1380429537431938,2.4115575626151577,2.685072171487121,3.9381155800368046,5.191158988586489,6.444202397136173,7.697245805685856,8.797592590406415,8.64138839022672,8.367873781354756,8.094359172482793,7.820844563610829,7.547329954738865,7.273815345866902,6.020771937317218,4.767728528767535,3.514685120217851,2.261641711668167
4568,2.8365400828547638,3.218079229059924,3.8861568494030205,4.554234469746118,5.222312090089215,5.890389710432311,6.558467330775408,9.61910918103339,12.679751031291374,15.74039288154936,18.801034731807345,21.40384848736475,21.02230934115959,20.354231720816493,19.686154100473395,19.018076480130297,18.3499988597872,17.6819212394441,14.621279389186117,11.560637538928134,8.499995688670149,5.439353838412163
4569,4.187241305649756,4.750461435119857,5.736663683482037,6.722865931844216,7.709068180206397,8.695270428568575,9.681472676930756,14.199528337297998,18.717583997665233,23.23563965803248,27.75369531839972,32.29130966000392,31.72808953053382,30.74188728217164,29.75568503380946,28.76948278544728,27.7832805370851,26.797078288722922,22.27902262835568,17.760966967988445,13.242911307621199,8.724855647253957
4570,4.1224380187469025,4.6769415462886,5.647880965838258,6.618820385387915,7.5897598049375725,8.56069922448723,9.53163864403689,13.979771212843394,18.427903781649896,22.876036350456406,27.324168919262913,32.91035711924829,32.35585359170659,31.384914172156932,30.413974752607274,29.443035333057615,28.472095913507957,27.501156493958298,23.053023925151795,18.60489135634529,14.15675878753878,9.708626218732274
4571,3.351595880008395,3.8024144805325077,4.591800893015079,5.381187305497649,6.170573717980221,6.959960130462791,7.7493465429453625,11.365736340329079,14.982126137712793,18.59851593509651,22.21490573248023,27.356769827551037,26.905951227026925,26.116564814544354,25.327178402061783,24.537791989579212,23.74840557709664,22.95901916461407,19.34262936723035,15.726239569846637,12.109849772462919,8.493459975079201
4572,2.9910124143164416,3.3933294236000933,4.097789222441407,4.80224902128272,5.506708820124034,6.211168618965348,6.915628417806662,10.142946736074473,13.370265054342282,16.597583372610092,19.82490169087791,24.2284335048095,23.82611649552585,23.121656696684536,22.417196897843223,21.71273709900191,21.008277300160596,20.303817501319283,17.076499183051475,13.849180864783666,10.621862546515855,7.394544228248039
4573,2.7047846416677372,3.0686015427890947,3.7056473923676854,4.342693241946275,4.979739091524866,5.6167849411034565,6.253830790682048,9.172307818474215,12.090784846266383,15.009261874058554,17.92773890185072,22.802692522038395,22.438875620917038,21.801829771338447,21.164783921759856,20.527738072181265,19.890692222602674,19.253646373024083,16.335169345231915,13.416692317439747,10.498215289647575,7.579738261855409
4574,2.20733046474823,2.5042354815337093,3.0241181699939683,3.544000858454227,4.063883546914486,4.583766235374744,5.103648923835004,7.485370246439614,9.867091569044224,12.248812891648836,14.630534214253444,19.724931122724897,19.428026105939416,18.908143417479156,18.388260729018896,17.868378040558635,17.348495352098375,16.828612663638115,14.446891341033504,12.065170018428894,9.683448695824282,7.3017273732196735
4575,1.677916042855984,1.903610246250039,2.298802319798513,2.693994393346985,3.0891864668954585,3.484378540443932,3.879570613992405,5.690050956937462,7.500531299882518,9.311011642827577,11.121491985772634,14.871256559632515,14.645562356238461,14.250370282689987,13.855178209141515,13.459986135593041,13.064794062044568,12.669601988496094,10.859121645551037,9.04864130260598,7.238160959660921,5.427680616715864
4576,1.1172675321315855,1.2675496673528908,1.5306947005095728,1.7938397336662546,2.0569847668229366,2.3201297999796187,2.583274833136301,3.7888124482913326,4.9943500634463645,6.199887678601396,7.405425293756428,10.033161309414842,9.882879174193537,9.619734141036854,9.356589107880172,9.09344407472349,8.830299041566807,8.567154008410125,7.361616393255093,6.156078778100062,4.95054116294503,3.745003547789998
4577,0.6682540838903488,0.7581400312657272,0.9155309318380566,1.0729218324103855,1.2303127329827148,1.3877036335550441,1.5450945341273732,2.2661442482220826,2.987193962316792,3.7082436764115014,4.429293390506211,6.0734388854665,5.983552938091121,5.826162037518792,5.668771136946463,5.5113802363741335,5.3539893358018045,5.196598435229475,4.475548721134766,3.7544990070400566,3.033449292945347,2.3123995788506377
4578,0.4397550001969972,0.4989058467966161,0.6024793784527985,0.7060529101089809,0.8096264417651632,0.9131999734213457,1.016773505077528,1.4912714914090162,1.9657694777405041,2.4402674640719924,2.9147654504034803,3.6846018562989733,3.625451009699354,3.5218774780431716,3.418303946386989,3.314730414730807,3.2111568830746244,3.1075833514184423,2.633085365086954,2.158587378755466,1.6840893924239777,1.2095914060924897
4579,0.286284866305672,0.32479265405806435,0.39222005033488544,0.4596474466117065,0.5270748428885276,0.5945022391653487,0.6619296354421698,0.9708325302776295,1.2797354251130895,1.5886383199485492,1.8975412147840094,2.22844041223525,2.1899326244828576,2.1225052282060366,2.0550778319292156,1.9876504356523945,1.9202230393755735,1.8527956430987524,1.5438927482632927,1.2349898534278327,0.926086958592373,0.6171840637569128
4580,0.1600000684787465,0.18152145994052682,0.21920556165659857,0.25688966337267033,0.2945737650887421,0.33225786680481384,0.3699419685208856,0.5425828942000834,0.7152238198792811,0.887864745558479,1.0605056712376768,1.3303544742870113,1.308833082825231,1.2711489811091592,1.2334648793930874,1.1957807776770155,1.1580966759609437,1.1204125742448718,0.947771648565674,0.7751307228864763,0.6024897972072784,0.4298488715280806
4581,0.0966650333943288,0.10966731548161278,0.1324343991801003,0.15520148287858784,0.17796856657707538,0.20073565027556292,0.2235027339740505,0.3278048196211218,0.432106905268193,0.5364089909152644,0.6407110765623357,0.8750441895076194,0.8620419074203355,0.8392748237218479,0.8165077400233604,0.7937406563248728,0.7709735726263852,0.7482064889278977,0.6439044032808263,0.5396023176337551,0.4353002319866837,0.3309981463396124
4582,0.060485888935644626,0.06862176353916513,0.08286773488598757,0.09711370623281,0.11135967757963244,0.1256056489264549,0.13985162027327736,0.2051162164429092,0.27038081261254104,0.33564540878217297,0.40091000495180484,0.6530761972950729,0.6449403226915524,0.63069435134473,0.6164483799979075,0.602202408651085,0.5879564373042625,0.57371046595744,0.5084458697878081,0.4431812736181763,0.37791667744854435,0.3126520812789125
4583,0.04326251605801909,0.04908169821561838,0.059271125452270715,0.06946055268892304,0.07964997992557539,0.08983940716222773,0.10002883439888008,0.1467093195416705,0.19338980468446088,0.24007028982725132,0.28675077497004176,0.499578441059629,0.4937592589020297,0.48356983166537737,0.47338040442872503,0.4631909771920727,0.45300154995542036,0.442812122718768,0.3961316375759776,0.3494511524331872,0.30277066729039676,0.2560901821476063
4584,0.031367184720614005,0.03558634204876214,0.04297411500909338,0.050361887969424625,0.057749660929755864,0.0651374338900871,0.07252520685041834,0.10637056615310214,0.14021592545578596,0.17406128475846977,0.20790664406115364,0.38513873965896495,0.3809195823308168,0.3735318093704856,0.36614403641015436,0.35875626344982314,0.3513684904894919,0.3439807175291607,0.3101353582264769,0.27628999892379313,0.24244463962110932,0.20859928031842545
4585,0.027541528392130105,0.031246101893993974,0.037732835101129916,0.04421956830826585,0.05070630151540179,0.057193034722537735,0.06367976792967367,0.09339722368731823,0.1231146794449628,0.15283213520260736,0.18254959096025195,0.2947264391013124,0.29102186559944854,0.2845351323923126,0.27804839918517665,0.2715616659780407,0.26507493277090477,0.25858819956376883,0.22887074380612427,0.1991532880484797,0.16943583229083514,0.13971837653319055
4586,0.021214760756460276,0.024068329353953997,0.029064947229369295,0.03406156510478459,0.03905818298019989,0.04405480085561519,0.049051418731030486,0.07194225852804301,0.09483309832505553,0.11772393812206808,0.1406147779190806,0.2196416620198345,0.2167880934223408,0.21179147554692548,0.20679485767151018,0.20179823979609487,0.19680162192067957,0.19180500404526427,0.16891416424825173,0.14602332445123922,0.12313248465422667,0.10024164485721414
4587,0.017379901386824617,0.01971764826949346,0.023811058840523276,0.02790446941155309,0.03199787998258291,0.03609129055361272,0.04018470112464254,0.058937707246218926,0.07769071336779533,0.09644371948937172,0.11519672561094813,0.1725522635160582,0.17021451663338938,0.16612110606235955,0.16202769549132973,0.1579342849202999,0.15384087434927007,0.14974746377824025,0.13099445765666387,0.11224145153508747,0.09348844541351108,0.07473543929193467
4588,0.018861538995962508,0.02139857893702769,0.025840952998510806,0.030283327059993915,0.03472570112147703,0.03916807518296014,0.04361044924444325,0.0639621502340575,0.08431385122367176,0.10466555221328604,0.1250172532029003,0.16219714722554288,0.1596601072844777,0.15521773322299456,0.15077535916151147,0.14633298510002835,0.14189061103854522,0.1374482369770621,0.11709653598744785,0.0967448349978336,0.07639313400821932,0.05604143301860505
4589,0.06031042844298219,0.06842270209442457,0.08262734801485494,0.09683199393528533,0.1110366398557157,0.1252412857761461,0.1394459316965765,0.20452120506052845,0.2695964784244804,0.33467175178843245,0.39974702515238447,0.4566317751531136,0.4485195015016712,0.43431485558124083,0.4201102096608105,0.4059055637403801,0.3917009178199497,0.3774962718995193,0.3124209985355673,0.24734572517161535,0.18227045180766333,0.1171951784437113
4590,0.30895518501738617,0.35051232648691727,0.4232791617051753,0.4960459969234333,0.5688128321416914,0.6415796673599494,0.7143465025782075,1.0477107919933368,1.3810750814084662,1.7144393708235957,2.0478036602387255,2.1024107163262697,2.0608535748567385,1.9880867396384805,1.9153199044202225,1.8425530692019643,1.7697862339837063,1.6970193987654483,1.363655109350319,1.0302908199351897,0.6969265305200603,0.3635622411049304
4591,1.1612949269476076,1.3174991271273024,1.5910137359992662,1.8645283448712298,2.1380429537431938,2.4115575626151577,2.685072171487121,3.9381155800368046,5.191158988586489,6.444202397136173,7.697245805685856,8.797592590406415,8.64138839022672,8.367873781354756,8.094359172482793,7.820844563610829,7.547329954738865,7.273815345866902,6.020771937317218,4.767728528767535,3.514685120217851,2.261641711668167
4592,2.8365400828547638,3.218079229059924,3.8861568494030205,4.554234469746118,5.222312090089215,5.890389710432311,6.558467330775408,9.61910918103339,12.679751031291374,15.74039288154936,18.801034731807345,21.40384848736475,21.02230934115959,20.354231720816493,19.686154100473395,19.018076480130297,18.3499988597872,17.6819212394441,14.621279389186117,11.560637538928134,8.499995688670149,5.439353838412163
4593,4.187241305649756,4.750461435119857,5.736663683482037,6.722865931844216,7.709068180206397,8.695270428568575,9.681472676930756,14.199528337297998,18.717583997665233,23.23563965803248,27.75369531839972,32.29130966000392,31.72808953053382,30.74188728217164,29.75568503380946,28.76948278544728,27.7832805370851,26.797078288722922,22.27902262835568,17.760966967988445,13.242911307621199,8.724855647253957
4594,4.1224380187469025,4.6769415462886,5.647880965838258,6.618820385387915,7.5897598049375725,8.56069922448723,9.53163864403689,13.979771212843394,18.427903781649896,22.876036350456406,27.324168919262913,32.91035711924829,32.35585359170659,31.384914172156932,30.413974752607274,29.443035333057615,28.472095913507957,27.501156493958298,23.053023925151795,18.60489135634529,14.15675878753878,9.708626218732274
4595,3.351595880008395,3.8024144805325077,4.591800893015079,5.381187305497649,6.170573717980221,6.959960130462791,7.7493465429453625,11.365736340329079,14.982126137712793,18.59851593509651,22.21490573248023,27.356769827551037,26.905951227026925,26.116564814544354,25.327178402061783,24.537791989579212,23.74840557709664,22.95901916461407,19.34262936723035,15.726239569846637,12.109849772462919,8.493459975079201
4596,2.9910124143164416,3.3933294236000933,4.097789222441407,4.80224902128272,5.506708820124034,6.211168618965348,6.915628417806662,10.142946736074473,13.370265054342282,16.597583372610092,19.82490169087791,24.2284335048095,23.82611649552585,23.121656696684536,22.417196897843223,21.71273709900191,21.008277300160596,20.303817501319283,17.076499183051475,13.849180864783666,10.621862546515855,7.394544228248039
4597,2.7047846416677372,3.0686015427890947,3.7056473923676854,4.342693241946275,4.979739091524866,5.6167849411034565,6.253830790682048,9.172307818474215,12.090784846266383,15.009261874058554,17.92773890185072,22.802692522038395,22.438875620917038,21.801829771338447,21.164783921759856,20.527738072181265,19.890692222602674,19.253646373024083,16.335169345231915,13.416692317439747,10.498215289647575,7.579738261855409
4598,2.20733046474823,2.5042354815337093,3.0241181699939683,3.544000858454227,4.063883546914486,4.583766235374744,5.103648923835004,7.485370246439614,9.867091569044224,12.248812891648836,14.630534214253444,19.724931122724897,19.428026105939416,18.908143417479156,18.388260729018896,17.868378040558635,17.348495352098375,16.828612663638115,14.446891341033504,12.065170018428894,9.683448695824282,7.3017273732196735
4599,1.677916042855984,1.903610246250039,2.298802319798513,2.693994393346985,3.0891864668954585,3.484378540443932,3.879570613992405,5.690050956937462,7.500531299882518,9.311011642827577,11.121491985772634,14.871256559632515,14.645562356238461,14.250370282689987,13.855178209141515,13.459986135593041,13.064794062044568,12.669601988496094,10.859121645551037,9.04864130260598,7.238160959660921,5.427680616715864
4600,1.1172675321315855,1.2675496673528908,1.5306947005095728,1.7938397336662546,2.0569847668229366,2.3201297999796187,2.583274833136301,3.7888124482913326,4.9943500634463645,6.199887678601396,7.405425293756428,10.033161309414842,9.882879174193537,9.619734141036854,9.356589107880172,9.09344407472349,8.830299041566807,8.567154008410125,7.361616393255093,6.156078778100062,4.95054116294503,3.745003547789998
4601,0.6682540838903488,0.7581400312657272,0.9155309318380566,1.0729218324103855,1.2303127329827148,1.3877036335550441,1.5450945341273732,2.2661442482220826,2.987193962316792,3.7082436764115014,4.429293390506211,6.0734388854665,5.983552938091121,5.826162037518792,5.668771136946463,5.5113802363741335,5.3539893358018045,5.196598435229475,4.475548721134766,3.7544990070400566,3.033449292945347,2.3123995788506377
4602,0.4397550001969972,0.4989058467966161,0.6024793784527985,0.7060529101089809,0.8096264417651632,0.9131999734213457,1.016773505077528,1.4912714914090162,1.9657694777405041,2.4402674640719924,2.9147654504034803,3.6846018562989733,3.625451009699354,3.5218774780431716,3.418303946386989,3.314730414730807,3.2111568830746244,3.1075833514184423,2.633085365086954,2.158587378755466,1.6840893924239777,1.2095914060924897
4603,0.286284866305672,0.32479265405806435,0.39222005033488544,0.4596474466117065,0.5270748428885276,0.5945022391653487,0.6619296354421698,0.9708325302776295,1.2797354251130895,1.5886383199485492,1.8975412147840094,2.22844041223525,2.1899326244828576,2.1225052282060366,2.0550778319292156,1.9876504356523945,1.9202230393755735,1.8527956430987524,1.5438927482632927,1.2349898534278327,0.926086958592373,0.6171840637569128
4604,0.1600000684787465,0.18152145994052682,0.21920556165659857,0.25688966337267033,0.2945737650887421,0.33225786680481384,0.3699419685208856,0.5425828942000834,0.7152238198792811,0.887864745558479,1.0605056712376768,1.3303544742870113,1.308833082825231,1.2711489811091592,1.2334648793930874,1.1957807776770155,1.1580966759609437,1.1204125742448718,0.947771648565674,0.7751307228864763,0.6024897972072784,0.4298488715280806
4605,0.0966650333943288,0.10966731548161278,0.1324343991801003,0.15520148287858784,0.17796856657707538,0.20073565027556292,0.2235027339740505,0.3278048196211218,0.432106905268193,0.5364089909152644,0.6407110765623357,0.8750441895076194,0.8620419074203355,0.8392748237218479,0.8165077400233604,0.7937406563248728,0.7709735726263852,0.7482064889278977,0.6439044032808263,0.5396023176337551,0.4353002319866837,0.3309981463396124
4606,0.060485888935644626,0.06862176353916513,0.08286773488598757,0.09711370623281,0.11135967757963244,0.1256056489264549,0.13985162027327736,0.2051162164429092,0.27038081261254104,0.33564540878217297,0.40091000495180484,0.6530761972950729,0.6449403226915524,0.63069435134473,0.6164483799979075,0.602202408651085,0.5879564373042625,0.57371046595744,0.5084458697878081,0.4431812736181763,0.37791667744854435,0.3126520812789125
4607,0.04326251605801909,0.04908169821561838,0.059271125452270715,0.06946055268892304,0.07964997992557539,0.08983940716222773,0.10002883439888008,0.1467093195416705,0.19338980468446088,0.24007028982725132,0.28675077497004176,0.499578441059629,0.4937592589020297,0.48356983166537737,0.47338040442872503,0.4631909771920727,0.45300154995542036,0.442812122718768,0.3961316375759776,0.3494511524331872,0.30277066729039676,0.2560901821476063
4608,0.031367184720614005,0.03558634204876214,0.04297411500909338,0.050361887969424625,0.057749660929755864,0.0651374338900871,0.07252520685041834,0.10637056615310214,0.14021592545578596,0.17406128475846977,0.20790664406115364,0.38513873965896495,0.3809195823308168,0.3735318093704856,0.36614403641015436,0.35875626344982314,0.3513684904894919,0.3439807175291607,0.3101353582264769,0.27628999892379313,0.24244463962110932,0.20859928031842545
4609,0.027541528392130105,0.031246101893993974,0.037732835101129916,0.04421956830826585,0.05070630151540179,0.057193034722537735,0.06367976792967367,0.09339722368731823,0.1231146794449628,0.15283213520260736,0.18254959096025195,0.2947264391013124,0.29102186559944854,0.2845351323923126,0.27804839918517665,0.2715616659780407,0.26507493277090477,0.25858819956376883,0.22887074380612427,0.1991532880484797,0.16943583229083514,0.13971837653319055
4610,0.021214760756460276,0.024068329353953997,0.029064947229369295,0.03406156510478459,0.03905818298019989,0.04405480085561519,0.049051418731030486,0.07194225852804301,0.09483309832505553,0.11772393812206808,0.1406147779190806,0.2196416620198345,0.2167880934223408,0.21179147554692548,0.20679485767151018,0.20179823979609487,0.19680162192067957,0.19180500404526427,0.16891416424825173,0.14602332445123922,0.12313248465422667,0.10024164485721414
4611,0.017379901386824617,0.01971764826949346,0.023811058840523276,0.02790446941155309,0.03199787998258291,0.03609129055361272,0.04018470112464254,0.058937707246218926,0.07769071336779533,0.09644371948937172,0.11519672561094813,0.1725522635160582,0.17021451663338938,0.16612110606235955,0.16202769549132973,0.1579342849202999,0.15384087434927007,0.14974746377824025,0.13099445765666387,0.11224145153508747,0.09348844541351108,0.07473543929193467
4612,0.018861538995962508,0.02139857893702769,0.025840952998510806,0.030283327059993915,0.03472570112147703,0.03916807518296014,0.04361044924444325,0.0639621502340575,0.08431385122367176,0.10466555221328604,0.1250172532029003,0.16219714722554288,0.1596601072844777,0.15521773322299456,0.15077535916151147,0.14633298510002835,0.14189061103854522,0.1374482369770621,0.11709653598744785,0.0967448349978336,0.07639313400821932,0.05604143301860505
4613,0.06031042844298219,0.06842270209442457,0.08262734801485494,0.09683199393528533,0.1110366398557157,0.1252412857761461,0.1394459316965765,0.20452120506052845,0.2695964784244804,0.33467175178843245,0.39974702515238447,0.4566317751531136,0.4485195015016712,0.43431485558124083,0.4201102096608105,0.4059055637403801,0.3917009178199497,0.3774962718995193,0.3124209985355673,0.24734572517161535,0.18227045180766333,0.1171951784437113
4614,0.30895518501738617,0.35051232648691727,0.4232791617051753,0.4960459969234333,0.5688128321416914,0.6415796673599494,0.7143465025782075,1.0477107919933368,1.3810750814084662,1.7144393708235957,2.0478036602387255,2.1024107163262697,2.0608535748567385,1.9880867396384805,1.9153199044202225,1.8425530692019643,1.7697862339837063,1.6970193987654483,1.363655109350319,1.0302908199351897,0.6969265305200603,0.3635622411049304
4615,1.1612949269476076,1.3174991271273024,1.5910137359992662,1.8645283448712298,2.1380429537431938,2.4115575626151577,2.685072171487121,3.9381155800368046,5.191158988586489,6.444202397136173,7.697245805685856,8.797592590406415,8.64138839022672,8.367873781354756,8.094359172482793,7.820844563610829,7.547329954738865,7.273815345866902,6.020771937317218,4.767728528767535,3.514685120217851,2.261641711668167
4616,2.8365400828547638,3.218079229059924,3.8861568494030205,4.554234469746118,5.222312090089215,5.890389710432311,6.558467330775408,9.61910918103339,12.679751031291374,15.74039288154936,18.801034731807345,21.40384848736475,21.02230934115959,20.354231720816493,19.686154100473395,19.018076480130297,18.3499988597872,17.6819212394441,14.621279389186117,11.560637538928134,8.499995688670149,5.439353838412163
4617,4.187241305649756,4.750461435119857,5.736663683482037,6.722865931844216,7.709068180206397,8.695270428568575,9.681472676930756,14.199528337297998,18.717583997665233,23.23563965803248,27.75369531839972,32.29130966000392,31.72808953053382,30.74188728217164,29.75568503380946,28.76948278544728,27.7832805370851,26.797078288722922,22.27902262835568,17.760966967988445,13.242911307621199,8.724855647253957
4618,4.1224380187469025,4.6769415462886,5.647880965838258,6.618820385387915,7.5897598049375725,8.56069922448723,9.53163864403689,13.979771212843394,18.427903781649896,22.876036350456406,27.324168919262913,32.91035711924829,32.35585359170659,31.384914172156932,30.413974752607274,29.443035333057615,28.472095913507957,27.501156493958298,23.053023925151795,18.60489135634529,14.15675878753878,9.708626218732274
4619,3.351595880008395,3.8024144805325077,4.591800893015079,5.381187305497649,6.170573717980221,6.959960130462791,7.7493465429453625,11.365736340329079,14.982126137712793,18.59851593509651,22.21490573248023,27.356769827551037,26.905951227026925,26.116564814544354,25.327178402061783,24.537791989579212,23.74840557709664,22.95901916461407,19.34262936723035,15.726239569846637,12.109849772462919,8.493459975079201
4620,2.9910124143164416,3.3933294236000933,4.097789222441407,4.80224902128272,5.506708820124034,6.211168618965348,6.915628417806662,10.142946736074473,13.370265054342282,16.597583372610092,19.82490169087791,24.2284335048095,23.82611649552585,23.121656696684536,22.417196897843223,21.71273709900191,21.008277300160596,20.303817501319283,17.076499183051475,13.849180864783666,10.621862546515855,7.394544228248039
4621,2.7047846416677372,3.0686015427890947,3.7056473923676854,4.342693241946275,4.979739091524866,5.6167849411034565,6.253830790682048,9.172307818474215,12.090784846266383,15.009261874058554,17.92773890185072,22.802692522038395,22.438875620917038,21.801829771338447,21.164783921759856,20.527738072181265,19.890692222602674,19.253646373024083,16.335169345231915,13.416692317439747,10.498215289647575,7.579738261855409
4622,2.20733046474823,2.5042354815337093,3.0241181699939683,3.544000858454227,4.063883546914486,4.583766235374744,5.103648923835004,7.485370246439614,9.867091569044224,12.248812891648836,14.630534214253444,19.724931122724897,19.428026105939416,18.908143417479156,18.388260729018896,17.868378040558635,17.348495352098375,16.828612663638115,14.446891341033504,12.065170018428894,9.683448695824282,7.3017273732196735
4623,1.677916042855984,1.903610246250039,2.298802319798513,2.693994393346985,3.0891864668954585,3.484378540443932,3.879570613992405,5.690050956937462,7.500531299882518,9.311011642827577,11.121491985772634,14.871256559632515,14.645562356238461,14.250370282689987,13.855178209141515,13.459986135593041,13.064794062044568,12.669601988496094,10.859121645551037,9.04864130260598,7.238160959660921,5.427680616715864
4624,1.1172675321315855,1.2675496673528908,1.5306947005095728,1.7938397336662546,2.0569847668229366,2.3201297999796187,2.583274833136301,3.7888124482913326,4.9943500634463645,6.199887678601396,7.405425293756428,10.033161309414842,9.882879174193537,9.619734141036854,9.356589107880172,9.09344407472349,8.830299041566807,8.567154008410125,7.361616393255093,6.156078778100062,4.95054116294503,3.745003547789998
4625,0.6682540838903488,0.7581400312657272,0.9155309318380566,1.0729218324103855,1.2303127329827148,1.3877036335550441,1.5450945341273732,2.2661442482220826,2.987193962316792,3.7082436764115014,4.429293390506211,6.0734388854665,5.983552938091121,5.826162037518792,5.668771136946463,5.5113802363741335,5.3539893358018045,5.196598435229475,4.475548721134766,3.7544990070400566,3.033449292945347,2.3123995788506377
4626,0.4397550001969972,0.4989058467966161,0.6024793784527985,0.7060529101089809,0.8096264417651632,0.9131999734213457,1.016773505077528,1.4912714914090162,1.9657694777405041,2.4402674640719924,2.9147654504034803,3.6846018562989733,3.625451009699354,3.5218774780431716,3.418303946386989,3.314730414730807,3.2111568830746244,3.1075833514184423,2.633085365086954,2.158587378755466,1.6840893924239777,1.2095914060924897
4627,0.286284866305672,0.32479265405806435,0.39222005033488544,0.4596474466117065,0.5270748428885276,0.5945022391653487,0.6619296354421698,0.9708325302776295,1.2797354251130895,1.5886383199485492,1.8975412147840094,2.22844041223525,2.1899326244828576,2.1225052282060366,2.0550778319292156,1.9876504356523945,1.9202230393755735,1.8527956430987524,1.5438927482632927,1.2349898534278327,0.926086958592373,0.6171840637569128
4628,0.1600000684787465,0.18152145994052682,0.21920556165659857,0.25688966337267033,0.2945737650887421,0.33225786680481384,0.3699419685208856,0.5425828942000834,0.7152238198792811,0.887864745558479,1.0605056712376768,1.3303544742870113,1.308833082825231,1.2711489811091592,1.2334648793930874,1.1957807776770155,1.1580966759609437,1.1204125742448718,0.947771648565674,0.7751307228864763,0.6024897972072784,0.4298488715280806
4629,0.0966650333943288,0.10966731548161278,0.1324343991801003,0.15520148287858784,0.17796856657707538,0.20073565027556292,0.2235027339740505,0.3278048196211218,0.432106905268193,0.5364089909152644,0.6407110765623357,0.8750441895076194,0.8620419074203355,0.8392748237218479,0.8165077400233604,0.7937406563248728,0.7709735726263852,0.7482064889278977,0.6439044032808263,0.5396023176337551,0.4353002319866837,0.3309981463396124
4630,0.060485888935644626,0.06862176353916513,0.08286773488598757,0.09711370623281,0.11135967757963244,0.1256056489264549,0.13985162027327736,0.2051162164429092,0.27038081261254104,0.33564540878217297,0.40091000495180484,0.6530761972950729,0.6449403226915524,0.63069435134473,0.6164483799979075,0.602202408651085,0.5879564373042625,0.57371046595744,0.5084458697878081,0.4431812736181763,0.37791667744854435,0.3126520812789125
4631,0.04326251605801909,0.04908169821561838,0.059271125452270715,0.06946055268892304,0.07964997992557539,0.08983940716222773,0.10002883439888008,0.1467093195416705,0.19338980468446088,0.24007028982725132,0.28675077497004176,0.499578441059629,0.4937592589020297,0.48356983166537737,0.47338040442872503,0.4631909771920727,0.45300154995542036,0.442812122718768,0.3961316375759776,0.3494511524331872,0.30277066729039676,0.2560901821476063
4632,0.031367184720614005,0.03558634204876214,0.04297411500909338,0.050361887969424625,0.057749660929755864,0.0651374338900871,0.07252520685041834,0.10637056615310214,0.14021592545578596,0.17406128475846977,0.20790664406115364,0.38513873965896495,0.3809195823308168,0.3735318093704856,0.36614403641015436,0.35875626344982314,0.3513684904894919,0.3439807175291607,0.3101353582264769,0.27628999892379313,0.24244463962110932,0.20859928031842545
4633,0.027541528392130105,0.031246101893993974,0.037732835101129916,0.04421956830826585,0.05070630151540179,0.057193034722537735,0.06367976792967367,0.09339722368731823,0.1231146794449628,0.15283213520260736,0.18254959096025195,0.2947264391013124,0.29102186559944854,0.2845351323923126,0.27804839918517665,0.2715616659780407,0.26507493277090477,0.25858819956376883,0.22887074380612427,0.1991532880484797,0.16943583229083514,0.13971837653319055
4634,0.021214760756460276,0.024068329353953997,0.029064947229369295,0.03406156510478459,0.03905818298019989,0.04405480085561519,0.049051418731030486,0.07194225852804301,0.09483309832505553,0.11772393812206808,0.1406147779190806,0.2196416620198345,0.2167880934223408,0.21179147554692548,0.20679485767151018,0.20179823979609487,0.19680162192067957,0.19180500404526427,0.16891416424825173,0.14602332445123922,0.12313248465422667,0.10024164485721414
4635,0.017379901386824617,0.01971764826949346,0.023811058840523276,0.02790446941155309,0.03199787998258291,0.03609129055361272,0.04018470112464254,0.058937707246218926,0.07769071336779533,0.09644371948937172,0.11519672561094813,0.1725522635160582,0.17021451663338938,0.16612110606235955,0.16202769549132973,0.1579342849202999,0.15384087434927007,0.14974746377824025,0.13099445765666387,0.11224145153508747,0.09348844541351108,0.07473543929193467
4636,0.018861538995962508,0.02139857893702769,0.025840952998510806,0.030283327059993915,0.03472570112147703,0.03916807518296014,0.04361044924444325,0.0639621502340575,0.08431385122367176,0.10466555221328604,0.1250172532029003,0.16219714722554288,0.1596601072844777,0.15521773322299456,0.15077535916151147,0.14633298510002835,0.14189061103854522,0.1374482369770621,0.11709653598744785,0.0967448349978336,0.07639313400821932,0.05604143301860505
4637,0.06031042844298219,0.06842270209442457,0.08262734801485494,0.09683199393528533,0.1110366398557157,0.1252412857761461,0.1394459316965765,0.20452120506052845,0.2695964784244804,0.33467175178843245,0.39974702515238447,0.4566317751531136,0.4485195015016712,0.43431485558124083,0.4201102096608105,0.4059055637403801,0.3917009178199497,0.3774962718995193,0.3124209985355673,0.24734572517161535,0.18227045180766333,0.1171951784437113
4638,0.30895518501738617,0.35051232648691727,0.4232791617051753,0.4960459969234333,0.5688128321416914,0.6415796673599494,0.7143465025782075,1.0477107919933368,1.3810750814084662,1.7144393708235957,2.0478036602387255,2.1024107163262697,2.0608535748567385,1.9880867396384805,1.9153199044202225,1.8425530692019643,1.7697862339837063,1.6970193987654483,1.363655109350319,1.0302908199351897,0.6969265305200603,0.3635622411049304
4639,1.1612949269476076,1.3174991271273024,1.5910137359992662,1.8645283448712298,2.1380429537431938,2.4115575626151577,2.685072171487121,3.9381155800368046,5.191158988586489,6.444202397136173,7.697245805685856,8.797592590406415,8.64138839022672,8.367873781354756,8.094359172482793,7.820844563610829,7.547329954738865,7.273815345866902,6.020771937317218,4.767728528767535,3.514685120217851,2.261641711668167
4640,2.8365400828547638,3.218079229059924,3.8861568494030205,4.554234469746118,5.222312090089215,5.890389710432311,6.558467330775408,9.61910918103339,12.679751031291374,15.74039288154936,18.801034731807345,21.40384848736475,21.02230934115959,20.354231720816493,19.686154100473395,19.018076480130297,18.3499988597872,17.6819212394441,14.621279389186117,11.560637538928134,8.499995688670149,5.439353838412163
4641,4.187241305649756,4.750461435119857,5.736663683482037,6.722865931844216,7.709068180206397,8.695270428568575,9.681472676930756,14.199528337297998,18.717583997665233,23.23563965803248,27.75369531839972,32.29130966000392,31.72808953053382,30.74188728217164,29.75568503380946,28.76948278544728,27.7832805370851,26.797078288722922,22.27902262835568,17.760966967988445,13.242911307621199,8.724855647253957
4642,4.1224380187469025,4.6769415462886,5.647880965838258,6.618820385387915,7.5897598049375725,8.56069922448723,9.53163864403689,13.979771212843394,18.427903781649896,22.876036350456406,27.324168919262913,32.91035711924829,32.35585359170659,31.384914172156932,30.413974752607274,29.443035333057615,28.472095913507957,27.501156493958298,23.053023925151795,18.60489135634529,14.15675878753878,9.708626218732274
4643,3.351595880008395,3.8024144805325077,4.591800893015079,5.381187305497649,6.170573717980221,6.959960130462791,7.7493465429453625,11.365736340329079,14.982126137712793,18.59851593509651,22.21490573248023,27.356769827551037,26.905951227026925,26.116564814544354,25.327178402061783,24.537791989579212,23.74840557709664,22.95901916461407,19.34262936723035,15.726239569846637,12.109849772462919,8.493459975079201
4644,2.9910124143164416,3.3933294236000933,4.097789222441407,4.80224902128272,5.506708820124034,6.211168618965348,6.915628417806662,10.142946736074473,13.370265054342282,16.597583372610092,19.82490169087791,24.2284335048095,23.82611649552585,23.121656696684536,22.417196897843223,21.71273709900191,21.008277300160596,20.303817501319283,17.076499183051475,13.849180864783666,10.621862546515855,7.394544228248039
4645,2.7047846416677372,3.0686015427890947,3.7056473923676854,4.342693241946275,4.979739091524866,5.6167849411034565,6.253830790682048,9.172307818474215,12.090784846266383,15.009261874058554,17.92773890185072,22.802692522038395,22.438875620917038,21.801829771338447,21.164783921759856,20.527738072181265,19.890692222602674,19.253646373024083,16.335169345231915,13.416692317439747,10.498215289647575,7.579738261855409
4646,2.20733046474823,2.5042354815337093,3.0241181699939683,3.544000858454227,4.063883546914486,4.583766235374744,5.103648923835004,7.485370246439614,9.867091569044224,12.248812891648836,14.630534214253444,19.724931122724897,19.428026105939416,18.908143417479156,18.388260729018896,17.868378040558635,17.348495352098375,16.828612663638115,14.446891341033504,12.065170018428894,9.683448695824282,7.3017273732196735
4647,1.677916042855984,1.903610246250039,2.298802319798513,2.693994393346985,3.0891864668954585,3.484378540443932,3.879570613992405,5.690050956937462,7.500531299882518,9.311011642827577,11.121491985772634,14.871256559632515,14.645562356238461,14.250370282689987,13.855178209141515,13.459986135593041,13.064794062044568,12.669601988496094,10.859121645551037,9.04864130260598,7.238160959660921,5.427680616715864
4648,1.1172675321315855,1.2675496673528908,1.5306947005095728,1.7938397336662546,2.0569847668229366,2.3201297999796187,2.583274833136301,3.7888124482913326,4.9943500634463645,6.199887678601396,7.405425293756428,10.033161309414842,9.882879174193537,9.619734141036854,9.356589107880172,9.09344407472349,8.830299041566807,8.567154008410125,7.361616393255093,6.156078778100062,4.95054116294503,3.745003547789998
4649,0.6682540838903488,0.7581400312657272,0.9155309318380566,1.0729218324103855,1.2303127329827148,1.3877036335550441,1.5450945341273732,2.2661442482220826,2.987193962316792,3.7082436764115014,4.429293390506211,6.0734388854665,5.983552938091121,5.826162037518792,5.668771136946463,5.5113802363741335,5.3539893358018045,5.196598435229475,4.475548721134766,3.7544990070400566,3.033449292945347,2.3123995788506377
4650,0.4397550001969972,0.4989058467966161,0.6024793784527985,0.7060529101089809,0.8096264417651632,0.9131999734213457,1.016773505077528,1.4912714914090162,1.9657694777405041,2.4402674640719924,2.9147654504034803,3.6846018562989733,3.625451009699354,3.5218774780431716,3.418303946386989,3.314730414730807,3.2111568830746244,3.1075833514184423,2.633085365086954,2.158587378755466,1.6840893924239777,1.2095914060924897
4651,0.286284866305672,0.32479265405806435,0.39222005033488544,0.4596474466117065,0.5270748428885276,0.5945022391653487,0.6619296354421698,0.9708325302776295,1.2797354251130895,1.5886383199485492,1.8975412147840094,2.22844041223525,2.1899326244828576,2.1225052282060366,2.0550778319292156,1.9876504356523945,1.9202230393755735,1.8527956430987524,1.5438927482632927,1.2349898534278327,0.926086958592373,0.6171840637569128
4652,0.1600000684787465,0.18152145994052682,0.21920556165659857,0.25688966337267033,0.2945737650887421,0.33225786680481384,0.3699419685208856,0.5425828942000834,0.7152238198792811,0.887864745558479,1.0605056712376768,1.3303544742870113,1.308833082825231,1.2711489811091592,1.2334648793930874,1.1957807776770155,1.1580966759609437,1.1204125742448718,0.947771648565674,0.7751307228864763,0.6024897972072784,0.4298488715280806
4653,0.0966650333943288,0.10966731548161278,0.1324343991801003,0.15520148287858784,0.17796856657707538,0.20073565027556292,0.2235027339740505,0.3278048196211218,0.432106905268193,0.5364089909152644,0.6407110765623357,0.8750441895076194,0.8620419074203355,0.8392748237218479,0.8165077400233604,0.7937406563248728,0.7709735726263852,0.7482064889278977,0.6439044032808263,0.5396023176337551,0.4353002319866837,0.3309981463396124
4654,0.060485888935644626,0.06862176353916513,0.08286773488598757,0.09711370623281,0.11135967757963244,0.1256056489264549,0.13985162027327736,0.2051162164429092,0.27038081261254104,0.33564540878217297,0.40091000495180484,0.6530761972950729,0.6449403226915524,0.63069435134473,0.6164483799979075,0.602202408651085,0.5879564373042625,0.57371046595744,0.5084458697878081,0.4431812736181763,0.37791667744854435,0.3126520812789125
4655,0.04326251605801909,0.04908169821561838,0.059271125452270715,0.06946055268892304,0.07964997992557539,0.08983940716222773,0.10002883439888008,0.1467093195416705,0.19338980468446088,0.24007028982725132,0.28675077497004176,0.499578441059629,0.4937592589020297,0.48356983166537737,0.47338040442872503,0.4631909771920727,0.45300154995542036,0.442812122718768,0.3961316375759776,0.3494511524331872,0.30277066729039676,0.2560901821476063
4656,0.06656898268586907,0.07552308595105217,0.09120178120737912,0.10688047646370606,0.12255917172003303,0.13823786697635998,0.1539165622326869,0.2257448489433112,0.29757313565393556,0.36940142236455986,0.44122970907518416,0.4271966781704077,0.4182425749052246,0.4025638796488976,0.3868851843925707,0.3712064891362437,0.35552779387991673,0.3398490986235898,0.2680208119129655,0.19619252520234115,0.12436423849171685,0.05253595178109255
4657,0.056639086305014866,0.06425753272192815,0.07759748382143074,0.09093743492093335,0.10427738602043597,0.11761733711993858,0.1309572882194412,0.19207116387144205,0.25318503952344296,0.31429891517544384,0.3754127908274448,0.3168441383691494,0.3092256919522361,0.2958857408527335,0.28254578975323086,0.26920583865372827,0.2558658875542257,0.24252593645472306,0.1814120608027222,0.1202981851507213,0.05918430949872042,-0.0019295661532805208
4658,0.03392680220936796,0.038490250202461725,0.046480878441028384,0.05447150667959503,0.06246213491816169,0.07045276315672834,0.07844339139529499,0.1150505915949522,0.15165779179460942,0.18826499199426663,0.22487219219392388,0.22601923126692836,0.22145578327383458,0.21346515503526792,0.20547452679670128,0.1974838985581346,0.18949327031956797,0.1815026420810013,0.1448954418813441,0.10828824168168688,0.07168104148202967,0.035073841282372425
4659,0.0236676925723058,0.026851201690074235,0.03242554764354464,0.03799989359701504,0.043574239550485436,0.049148585503955844,0.05472293145742625,0.08026049774238261,0.10579806402733898,0.13133563031229536,0.15687319659725174,0.20284547879051973,0.1996619696727513,0.1940876237192809,0.1885132777658105,0.1829389318123401,0.17736458585886972,0.17179023990539932,0.14625267362044297,0.12071510733548661,0.09517754105053022,0.06963997476557385
4660,0.02469635730095266,0.028018230711428102,0.03383485347536883,0.03965147623930954,0.04546809900325027,0.051284721767191,0.05710134453113172,0.08374884553458932,0.11039634653804692,0.1370438475415045,0.16369134854496212,0.2086410790622131,0.20531920565173767,0.19950258288779693,0.19368596012385622,0.18786933735991548,0.18205271459597477,0.17623609183203404,0.14958859082857645,0.12294108982511885,0.09629358882166127,0.06964608781820365
4661,0.018530992112733714,0.02102357064238779,0.025388092472381524,0.02975261430237525,0.03411713613236898,0.03848165796236271,0.04284617979235644,0.06284121893523797,0.08283625807811949,0.10283129722100104,0.12282633636388257,0.23076451461001737,0.2282719360803633,0.22390741425036959,0.21954289242037586,0.21517837059038214,0.21081384876038842,0.2064493269303947,0.18645428778751316,0.16645924864463163,0.1464642095017501,0.12646917035886857
4662,0.022723898938375474,0.025780459658883387,0.031132518111866028,0.036484576564848666,0.0418366350178313,0.04718869347081395,0.05254075192379659,0.0770599598532782,0.10157916778275981,0.12609837571224142,0.15061758364172306,0.3411068640072945,0.3380503032867866,0.33269824483380395,0.3273461863808213,0.32199412792783866,0.316642069474856,0.31129001102187337,0.2867708030923918,0.2622515951629102,0.2377323872334286,0.21321317930394695
4663,0.05954035988303085,0.0675490526604855,0.08157232777140645,0.0955956028823274,0.10961887799324835,0.12364215310416929,0.13766542821509023,0.20190979350324906,0.2661541587914079,0.33039852407956677,0.3946428893677256,0.5323949645104806,0.524386271733026,0.510362996622105,0.4963397215111841,0.48231644640026317,0.4682931712893422,0.4542698961784213,0.3900255308902625,0.32578116560210363,0.2615368003139448,0.19729243502578592
4664,0.09422208070711786,0.10689576455313886,0.129087470513181,0.15127917647322317,0.17347088243326533,0.1956625883933075,0.21785429435334966,0.31952042104539957,0.42118654773744957,0.5228526744294996,0.6245188011215496,0.7630054397344619,0.7503317558884409,0.7281400499283988,0.7059483439683566,0.6837566380083144,0.6615649320482723,0.6393732260882301,0.5377070993961802,0.4360409727041302,0.33437484601208023,0.23270871932003023
4665,0.11060462621291975,0.12548190395938727,0.1515321177130734,0.17758233146675953,0.2036325452204457,0.22968275897413182,0.255732972727818,0.37507595323620807,0.49441893374459817,0.6137619142529884,0.7331048947613785,1.04243040931092,1.0275531315644524,1.0015029178107662,0.9754527040570801,0.949402490303394,0.9233522765497079,0.8973020627960218,0.7779590822876317,0.6586161017792416,0.5392731212708513,0.41993014076246116
4666,0.14593538259187422,0.16556495229609972,0.19993646134515083,0.23430797039420195,0.2686794794432531,0.3030509884923042,0.3374224975413554,0.4948875522726021,0.6523526070038489,0.8098176617350957,0.9672827164663426,1.3368623237393928,1.3172327540351674,1.2828612449861163,1.2484897359370652,1.2141182268880142,1.1797467178389631,1.145375208789912,0.9879101540586653,0.8304450993274186,0.6729800445961718,0.5155149898649249
4667,0.17412844867806587,0.1975502293326846,0.2385619253527876,0.2795736213728906,0.3205853173929936,0.3615970134130966,0.40260870943319965,0.5904942325625675,0.7783797556919354,0.9662652788213034,1.1541508019506714,1.6963697765134498,1.6729479958588311,1.6319362998387281,1.590924603818625,1.549912907798522,1.508901211778419,1.467889515758316,1.2800039926289482,1.0921184694995802,0.9042329463702122,0.7163474232408442
4668,0.20258246617249245,0.22983155799628885,0.277544901707457,0.32525824541862514,0.3729715891297932,0.4206849328409614,0.46839827655212957,0.6869858360383282,0.9055733955245269,1.1241609550107257,1.3427485144969247,1.9211150761464808,1.8938659843226844,1.8461526406115163,1.7984392969003482,1.7507259531891801,1.7030126094780118,1.6552992657668437,1.4367117062806452,1.2181241467944464,0.9995365873082476,0.7809490278220486
4669,0.22682064156334378,0.25732997737244256,0.31075203030808307,0.3641740832437235,0.4175961361793641,0.4710181891150046,0.5244402420506451,0.769180921820084,1.013921601589523,1.2586622813589619,1.5034029611284008,2.0428941262432594,2.0123847904341607,1.9589627374985201,1.9055406845628797,1.852118631627239,1.7986965786915987,1.745274525755958,1.5005338459865192,1.2557931662170803,1.0110524864476413,0.7663118066782024
4670,0.28713168866453304,0.3257533813399477,0.3933802259058238,0.46100707047169975,0.5286339150375757,0.5962607596034519,0.6638876041693279,0.9737042248382178,1.2835208455071077,1.5933374661759976,1.9031540868448875,2.133676930271694,2.095055237596279,2.027428393030403,1.9598015484645268,1.8921747038986507,1.8245478593327746,1.7569210147668985,1.4471043940980086,1.1372877734291187,0.8274711527602288,0.5176545320913388
4671,0.3067951188581142,0.3480617127682659,0.42031979724889373,0.49257788172952155,0.5648359662101494,0.6370940506907772,0.709352135171405,1.040385701701159,1.3714192682309132,1.7024528347606676,2.0334864012904217,2.1612776545091203,2.120011060598969,2.047752976118341,1.975494891637713,1.9032368071570853,1.8309787226764576,1.7587206381958298,1.427687071666076,1.0966535051363218,0.7656199386065674,0.4345863720768133
4672,0.27598175878396375,0.31310368956544515,0.3781044409318533,0.44310519229826134,0.5081059436646694,0.5731066950310776,0.6381074463974856,0.9358932333664804,1.233679020335475,1.53146480730447,1.829250594273465,1.9097257114610804,1.872603780679599,1.8076030293131908,1.7426022779467827,1.6776015265803745,1.6126007752139664,1.5476000238475582,1.2498142368785634,0.9520284499095688,0.6542426629405738,0.35645687597157893
4673,0.2253108014307007,0.2556170506983482,0.3086834977291007,0.36174994475985317,0.4148163917906057,0.46788283882135817,0.5209492858521106,0.7640608400805081,1.0071723943089055,1.2502839485373032,1.4933955027657007,1.6192575536297766,1.588951304362129,1.5358848573313766,1.4828184103006241,1.4297519632698716,1.3766855162391192,1.3236190692083667,1.0805075149799692,0.8373959607515719,0.5942844065231742,0.3511728522947767
4674,0.181071206183045,0.20542684770103406,0.24807374039633354,0.290720633091633,0.3333675257869325,0.376014418482232,0.41866131117753147,0.6140381066158548,0.809414902054178,1.0047916974925013,1.200168492930825,1.489569188741577,1.4652135472235879,1.4225666545282885,1.379919761832989,1.3372728691376894,1.29462597644239,1.2519790837470905,1.0566022883087673,0.8612254928704441,0.6658486974321208,0.4704719019937972
4675,0.1371027565822645,0.15554426178254532,0.18783546186591396,0.22012666194928254,0.2524178620326512,0.2847090621160198,0.3170002621993884,0.464934866444111,0.6128694706888336,0.7608040749335562,0.9087386791782788,1.2544431595756709,1.23600165437539,1.2037104542920214,1.1714192542086528,1.1391280541252842,1.1068368540419156,1.074545653958547,0.9266110497138245,0.7786764454691019,0.6307418412243793,0.48280723697965666
4676,0.12288693681507708,0.1394162914452449,0.16835930297358676,0.19730231450192862,0.22624532603027048,0.25518833755861237,0.28413134908695425,0.4167270081222759,0.5493226671575976,0.6819183261929194,0.8145139852282411,0.965950353268064,0.9494209986378962,0.9204779871095543,0.8915349755812124,0.8625919640528705,0.8336489525245286,0.8047059409961868,0.6721102819608651,0.5395146229255434,0.40691896389022164,0.27432330485489986
4677,0.10407025709033581,0.11806860573895996,0.14257980870966933,0.16709101168037868,0.19160221465108804,0.2161134176217974,0.24062462059250678,0.3529169820306787,0.4652093434688507,0.5775017049070227,0.6897940663451948,0.756275578156249,0.7422772295076249,0.7177660265369155,0.6932548235662062,0.6687436205954969,0.6442324176247876,0.6197212146540781,0.5074288532159061,0.3951364917777342,0.2828441303395622,0.17055176890139007
4678,0.09174496304809825,0.10408545316899447,0.1256937346673304,0.14730201616566632,0.16891029766400223,0.19051857916233816,0.21212686066067407,0.3111201642112374,0.4101134677618008,0.5091067713123641,0.6081000748629275,0.6380177307790044,0.6256772406581081,0.6040689591597722,0.5824606776614363,0.5608523961631003,0.5392441146647644,0.5176358331664285,0.4186425296158651,0.3196492260653017,0.22065592251473837,0.12166261896417502
4679,0.0756798511426919,0.0858594449247251,0.10368398234795255,0.12150851977117999,0.13933305719440744,0.15715759461763487,0.17498213204086233,0.2566410943198301,0.33830005659879786,0.4199590188777657,0.5016179811567335,0.5589042903878931,0.54872469660586,0.5309001591826326,0.5130756217594051,0.4952510843361777,0.4774265469129503,0.45960200948972285,0.37794304721075506,0.2962840849317873,0.21462512265281947,0.13296616037385167
4680,0.06656898268586907,0.07552308595105217,0.09120178120737912,0.10688047646370606,0.12255917172003303,0.13823786697635998,0.1539165622326869,0.2257448489433112,0.29757313565393556,0.36940142236455986,0.44122970907518416,0.4271966781704077,0.4182425749052246,0.4025638796488976,0.3868851843925707,0.3712064891362437,0.35552779387991673,0.3398490986235898,0.2680208119129655,0.19619252520234115,0.12436423849171685,0.05253595178109255
4681,0.056639086305014866,0.06425753272192815,0.07759748382143074,0.09093743492093335,0.10427738602043597,0.11761733711993858,0.1309572882194412,0.19207116387144205,0.25318503952344296,0.31429891517544384,0.3754127908274448,0.3168441383691494,0.3092256919522361,0.2958857408527335,0.28254578975323086,0.26920583865372827,0.2558658875542257,0.24252593645472306,0.1814120608027222,0.1202981851507213,0.05918430949872042,-0.0019295661532805208
4682,0.03392680220936796,0.038490250202461725,0.046480878441028384,0.05447150667959503,0.06246213491816169,0.07045276315672834,0.07844339139529499,0.1150505915949522,0.15165779179460942,0.18826499199426663,0.22487219219392388,0.22601923126692836,0.22145578327383458,0.21346515503526792,0.20547452679670128,0.1974838985581346,0.18949327031956797,0.1815026420810013,0.1448954418813441,0.10828824168168688,0.07168104148202967,0.035073841282372425
4683,0.0236676925723058,0.026851201690074235,0.03242554764354464,0.03799989359701504,0.043574239550485436,0.049148585503955844,0.05472293145742625,0.08026049774238261,0.10579806402733898,0.13133563031229536,0.15687319659725174,0.20284547879051973,0.1996619696727513,0.1940876237192809,0.1885132777658105,0.1829389318123401,0.17736458585886972,0.17179023990539932,0.14625267362044297,0.12071510733548661,0.09517754105053022,0.06963997476557385
4684,0.02469635730095266,0.028018230711428102,0.03383485347536883,0.03965147623930954,0.04546809900325027,0.051284721767191,0.05710134453113172,0.08374884553458932,0.11039634653804692,0.1370438475415045,0.16369134854496212,0.2086410790622131,0.20531920565173767,0.19950258288779693,0.19368596012385622,0.18786933735991548,0.18205271459597477,0.17623609183203404,0.14958859082857645,0.12294108982511885,0.09629358882166127,0.06964608781820365
4685,0.018530992112733714,0.02102357064238779,0.025388092472381524,0.02975261430237525,0.03411713613236898,0.03848165796236271,0.04284617979235644,0.06284121893523797,0.08283625807811949,0.10283129722100104,0.12282633636388257,0.23076451461001737,0.2282719360803633,0.22390741425036959,0.21954289242037586,0.21517837059038214,0.21081384876038842,0.2064493269303947,0.18645428778751316,0.16645924864463163,0.1464642095017501,0.12646917035886857
4686,0.022723898938375474,0.025780459658883387,0.031132518111866028,0.036484576564848666,0.0418366350178313,0.04718869347081395,0.05254075192379659,0.0770599598532782,0.10157916778275981,0.12609837571224142,0.15061758364172306,0.3411068640072945,0.3380503032867866,0.33269824483380395,0.3273461863808213,0.32199412792783866,0.316642069474856,0.31129001102187337,0.2867708030923918,0.2622515951629102,0.2377323872334286,0.21321317930394695
4687,0.05954035988303085,0.0675490526604855,0.08157232777140645,0.0955956028823274,0.10961887799324835,0.12364215310416929,0.13766542821509023,0.20190979350324906,0.2661541587914079,0.33039852407956677,0.3946428893677256,0.5323949645104806,0.524386271733026,0.510362996622105,0.4963397215111841,0.48231644640026317,0.4682931712893422,0.4542698961784213,0.3900255308902625,0.32578116560210363,0.2615368003139448,0.19729243502578592
4688,0.09422208070711786,0.10689576455313886,0.129087470513181,0.15127917647322317,0.17347088243326533,0.1956625883933075,0.21785429435334966,0.31952042104539957,0.42118654773744957,0.5228526744294996,0.6245188011215496,0.7630054397344619,0.7503317558884409,0.7281400499283988,0.7059483439683566,0.6837566380083144,0.6615649320482723,0.6393732260882301,0.5377070993961802,0.4360409727041302,0.33437484601208023,0.23270871932003023
4689,0.11060462621291975,0.12548190395938727,0.1515321177130734,0.17758233146675953,0.2036325452204457,0.22968275897413182,0.255732972727818,0.37507595323620807,0.49441893374459817,0.6137619142529884,0.7331048947613785,1.04243040931092,1.0275531315644524,1.0015029178107662,0.9754527040570801,0.949402490303394,0.9233522765497079,0.8973020627960218,0.7779590822876317,0.6586161017792416,0.5392731212708513,0.41993014076246116
4690,0.14593538259187422,0.16556495229609972,0.19993646134515083,0.23430797039420195,0.2686794794432531,0.3030509884923042,0.3374224975413554,0.4948875522726021,0.6523526070038489,0.8098176617350957,0.9672827164663426,1.3368623237393928,1.3172327540351674,1.2828612449861163,1.2484897359370652,1.2141182268880142,1.1797467178389631,1.145375208789912,0.9879101540586653,0.8304450993274186,0.6729800445961718,0.5155149898649249
4691,0.17412844867806587,0.1975502293326846,0.2385619253527876,0.2795736213728906,0.3205853173929936,0.3615970134130966,0.40260870943319965,0.5904942325625675,0.7783797556919354,0.9662652788213034,1.1541508019506714,1.6963697765134498,1.6729479958588311,1.6319362998387281,1.590924603818625,1.549912907798522,1.508901211778419,1.467889515758316,1.2800039926289482,1.0921184694995802,0.9042329463702122,0.7163474232408442
4692,0.20258246617249245,0.22983155799628885,0.277544901707457,0.32525824541862514,0.3729715891297932,0.4206849328409614,0.46839827655212957,0.6869858360383282,0.9055733955245269,1.1241609550107257,1.3427485144969247,1.9211150761464808,1.8938659843226844,1.8461526406115163,1.7984392969003482,1.7507259531891801,1.7030126094780118,1.6552992657668437,1.4367117062806452,1.2181241467944464,0.9995365873082476,0.7809490278220486
4693,0.22682064156334378,0.25732997737244256,0.31075203030808307,0.3641740832437235,0.4175961361793641,0.4710181891150046,0.5244402420506451,0.769180921820084,1.013921601589523,1.2586622813589619,1.5034029611284008,2.0428941262432594,2.0123847904341607,1.9589627374985201,1.9055406845628797,1.852118631627239,1.7986965786915987,1.745274525755958,1.5005338459865192,1.2557931662170803,1.0110524864476413,0.7663118066782024
4694,0.28713168866453304,0.3257533813399477,0.3933802259058238,0.46100707047169975,0.5286339150375757,0.5962607596034519,0.6638876041693279,0.9737042248382178,1.2835208455071077,1.5933374661759976,1.9031540868448875,2.133676930271694,2.095055237596279,2.027428393030403,1.9598015484645268,1.8921747038986507,1.8245478593327746,1.7569210147668985,1.4471043940980086,1.1372877734291187,0.8274711527602288,0.5176545320913388
4695,0.3067951188581142,0.3480617127682659,0.42031979724889373,0.49257788172952155,0.5648359662101494,0.6370940506907772,0.709352135171405,1.040385701701159,1.3714192682309132,1.7024528347606676,2.0334864012904217,2.1612776545091203,2.120011060598969,2.047752976118341,1.975494891637713,1.9032368071570853,1.8309787226764576,1.7587206381958298,1.427687071666076,1.0966535051363218,0.7656199386065674,0.4345863720768133
4696,0.27598175878396375,0.31310368956544515,0.3781044409318533,0.44310519229826134,0.5081059436646694,0.5731066950310776,0.6381074463974856,0.9358932333664804,1.233679020335475,1.53146480730447,1.829250594273465,1.9097257114610804,1.872603780679599,1.8076030293131908,1.7426022779467827,1.6776015265803745,1.6126007752139664,1.5476000238475582,1.2498142368785634,0.9520284499095688,0.6542426629405738,0.35645687597157893
4697,0.2253108014307007,0.2556170506983482,0.3086834977291007,0.36174994475985317,0.4148163917906057,0.46788283882135817,0.5209492858521106,0.7640608400805081,1.0071723943089055,1.2502839485373032,1.4933955027657007,1.6192575536297766,1.588951304362129,1.5358848573313766,1.4828184103006241,1.4297519632698716,1.3766855162391192,1.3236190692083667,1.0805075149799692,0.8373959607515719,0.5942844065231742,0.3511728522947767
4698,0.181071206183045,0.20542684770103406,0.24807374039633354,0.290720633091633,0.3333675257869325,0.376014418482232,0.41866131117753147,0.6140381066158548,0.809414902054178,1.0047916974925013,1.200168492930825,1.489569188741577,1.4652135472235879,1.4225666545282885,1.379919761832989,1.3372728691376894,1.29462597644239,1.2519790837470905,1.0566022883087673,0.8612254928704441,0.6658486974321208,0.4704719019937972
4699,0.1371027565822645,0.15554426178254532,0.18783546186591396,0.22012666194928254,0.2524178620326512,0.2847090621160198,0.3170002621993884,0.464934866444111,0.6128694706888336,0.7608040749335562,0.9087386791782788,1.2544431595756709,1.23600165437539,1.2037104542920214,1.1714192542086528,1.1391280541252842,1.1068368540419156,1.074545653958547,0.9266110497138245,0.7786764454691019,0.6307418412243793,0.48280723697965666
4700,0.12288693681507708,0.1394162914452449,0.16835930297358676,0.19730231450192862,0.22624532603027048,0.25518833755861237,0.28413134908695425,0.4167270081222759,0.5493226671575976,0.6819183261929194,0.8145139852282411,0.965950353268064,0.9494209986378962,0.9204779871095543,0.8915349755812124,0.8625919640528705,0.8336489525245286,0.8047059409961868,0.6721102819608651,0.5395146229255434,0.40691896389022164,0.27432330485489986
4701,0.10407025709033581,0.11806860573895996,0.14257980870966933,0.16709101168037868,0.19160221465108804,0.2161134176217974,0.24062462059250678,0.3529169820306787,0.4652093434688507,0.5775017049070227,0.6897940663451948,0.756275578156249,0.7422772295076249,0.7177660265369155,0.6932548235662062,0.6687436205954969,0.6442324176247876,0.6197212146540781,0.5074288532159061,0.3951364917777342,0.2828441303395622,0.17055176890139007
4702,0.09174496304809825,0.10408545316899447,0.1256937346673304,0.14730201616566632,0.16891029766400223,0.19051857916233816,0.21212686066067407,0.3111201642112374,0.4101134677618008,0.5091067713123641,0.6081000748629275,0.6380177307790044,0.6256772406581081,0.6040689591597722,0.5824606776614363,0.5608523961631003,0.5392441146647644,0.5176358331664285,0.4186425296158651,0.3196492260653017,0.22065592251473837,0.12166261896417502
4703,0.0756798511426919,0.0858594449247251,0.10368398234795255,0.12150851977117999,0.13933305719440744,0.15715759461763487,0.17498213204086233,0.2566410943198301,0.33830005659879786,0.4199590188777657,0.5016179811567335,0.5589042903878931,0.54872469660586,0.5309001591826326,0.5130756217594051,0.4952510843361777,0.4774265469129503,0.45960200948972285,0.37794304721075506,0.2962840849317873,0.21462512265281947,0.13296616037385167
4704,0.031367184720614005,0.03558634204876214,0.04297411500909338,0.050361887969424625,0.057749660929755864,0.0651374338900871,0.07252520685041834,0.10637056615310214,0.14021592545578596,0.17406128475846977,0.20790664406115364,0.38513873965896495,0.3809195823308168,0.3735318093704856,0.36614403641015436,0.35875626344982314,0.3513684904894919,0.3439807175291607,0.3101353582264769,0.27628999892379313,0.24244463962110932,0.20859928031842545
4705,0.027541528392130105,0.031246101893993974,0.037732835101129916,0.04421956830826585,0.05070630151540179,0.057193034722537735,0.06367976792967367,0.09339722368731823,0.1231146794449628,0.15283213520260736,0.18254959096025195,0.2947264391013124,0.29102186559944854,0.2845351323923126,0.27804839918517665,0.2715616659780407,0.26507493277090477,0.25858819956376883,0.22887074380612427,0.1991532880484797,0.16943583229083514,0.13971837653319055
4706,0.021214760756460276,0.024068329353953997,0.029064947229369295,0.03406156510478459,0.03905818298019989,0.04405480085561519,0.049051418731030486,0.07194225852804301,0.09483309832505553,0.11772393812206808,0.1406147779190806,0.2196416620198345,0.2167880934223408,0.21179147554692548,0.20679485767151018,0.20179823979609487,0.19680162192067957,0.19180500404526427,0.16891416424825173,0.14602332445123922,0.12313248465422667,0.10024164485721414
4707,0.017379901386824617,0.01971764826949346,0.023811058840523276,0.02790446941155309,0.03199787998258291,0.03609129055361272,0.04018470112464254,0.058937707246218926,0.07769071336779533,0.09644371948937172,0.11519672561094813,0.1725522635160582,0.17021451663338938,0.16612110606235955,0.16202769549132973,0.1579342849202999,0.15384087434927007,0.14974746377824025,0.13099445765666387,0.11224145153508747,0.09348844541351108,0.07473543929193467
4708,0.018861538995962508,0.02139857893702769,0.025840952998510806,0.030283327059993915,0.03472570112147703,0.03916807518296014,0.04361044924444325,0.0639621502340575,0.08431385122367176,0.10466555221328604,0.1250172532029003,0.16219714722554288,0.1596601072844777,0.15521773322299456,0.15077535916151147,0.14633298510002835,0.14189061103854522,0.1374482369770621,0.11709653598744785,0.0967448349978336,0.07639313400821932,0.05604143301860505
4709,0.06031042844298219,0.06842270209442457,0.08262734801485494,0.09683199393528533,0.1110366398557157,0.1252412857761461,0.1394459316965765,0.20452120506052845,0.2695964784244804,0.33467175178843245,0.39974702515238447,0.4566317751531136,0.4485195015016712,0.43431485558124083,0.4201102096608105,0.4059055637403801,0.3917009178199497,0.3774962718995193,0.3124209985355673,0.24734572517161535,0.18227045180766333,0.1171951784437113
4710,0.30895518501738617,0.35051232648691727,0.4232791617051753,0.4960459969234333,0.5688128321416914,0.6415796673599494,0.7143465025782075,1.0477107919933368,1.3810750814084662,1.7144393708235957,2.0478036602387255,2.1024107163262697,2.0608535748567385,1.9880867396384805,1.9153199044202225,1.8425530692019643,1.7697862339837063,1.6970193987654483,1.363655109350319,1.0302908199351897,0.6969265305200603,0.3635622411049304
4711,1.1612949269476076,1.3174991271273024,1.5910137359992662,1.8645283448712298,2.1380429537431938,2.4115575626151577,2.685072171487121,3.9381155800368046,5.191158988586489,6.444202397136173,7.697245805685856,8.797592590406415,8.64138839022672,8.367873781354756,8.094359172482793,7.820844563610829,7.547329954738865,7.273815345866902,6.020771937317218,4.767728528767535,3.514685120217851,2.261641711668167
4712,2.8365400828547638,3.218079229059924,3.8861568494030205,4.554234469746118,5.222312090089215,5.890389710432311,6.558467330775408,9.61910918103339,12.679751031291374,15.74039288154936,18.801034731807345,21.40384848736475,21.02230934115959,20.354231720816493,19.686154100473395,19.018076480130297,18.3499988597872,17.6819212394441,14.621279389186117,11.560637538928134,8.499995688670149,5.439353838412163
4713,4.187241305649756,4.750461435119857,5.736663683482037,6.722865931844216,7.709068180206397,8.695270428568575,9.681472676930756,14.199528337297998,18.717583997665233,23.23563965803248,27.75369531839972,32.29130966000392,31.72808953053382,30.74188728217164,29.75568503380946,28.76948278544728,27.7832805370851,26.797078288722922,22.27902262835568,17.760966967988445,13.242911307621199,8.724855647253957
4714,4.1224380187469025,4.6769415462886,5.647880965838258,6.618820385387915,7.5897598049375725,8.56069922448723,9.53163864403689,13.979771212843394,18.427903781649896,22.876036350456406,27.324168919262913,32.91035711924829,32.35585359170659,31.384914172156932,30.413974752607274,29.443035333057615,28.472095913507957,27.501156493958298,23.053023925151795,18.60489135634529,14.15675878753878,9.708626218732274
4715,3.351595880008395,3.8024144805325077,4.591800893015079,5.381187305497649,6.170573717980221,6.959960130462791,7.7493465429453625,11.365736340329079,14.982126137712793,18.59851593509651,22.21490573248023,27.356769827551037,26.905951227026925,26.116564814544354,25.327178402061783,24.537791989579212,23.74840557709664,22.95901916461407,19.34262936723035,15.726239569846637,12.109849772462919,8.493459975079201
4716,2.9910124143164416,3.3933294236000933,4.097789222441407,4.80224902128272,5.506708820124034,6.211168618965348,6.915628417806662,10.142946736074473,13.370265054342282,16.597583372610092,19.82490169087791,24.2284335048095,23.82611649552585,23.121656696684536,22.417196897843223,21.71273709900191,21.008277300160596,20.303817501319283,17.076499183051475,13.849180864783666,10.621862546515855,7.394544228248039
4717,2.7047846416677372,3.0686015427890947,3.7056473923676854,4.342693241946275,4.979739091524866,5.6167849411034565,6.253830790682048,9.172307818474215,12.090784846266383,15.009261874058554,17.92773890185072,22.802692522038395,22.438875620917038,21.801829771338447,21.164783921759856,20.527738072181265,19.890692222602674,19.253646373024083,16.335169345231915,13.416692317439747,10.498215289647575,7.579738261855409
4718,2.20733046474823,2.5042354815337093,3.0241181699939683,3.544000858454227,4.063883546914486,4.583766235374744,5.103648923835004,7.485370246439614,9.867091569044224,12.248812891648836,14.630534214253444,19.724931122724897,19.428026105939416,18.908143417479156,18.388260729018896,17.868378040558635,17.348495352098375,16.828612663638115,14.446891341033504,12.065170018428894,9.683448695824282,7.3017273732196735
4719,1.677916042855984,1.903610246250039,2.298802319798513,2.693994393346985,3.0891864668954585,3.484378540443932,3.879570613992405,5.690050956937462,7.500531299882518,9.311011642827577,11.121491985772634,14.871256559632515,14.645562356238461,14.250370282689987,13.855178209141515,13.459986135593041,13.064794062044568,12.669601988496094,10.859121645551037,9.04864130260598,7.238160959660921,5.427680616715864
4720,1.1172675321315855,1.2675496673528908,1.5306947005095728,1.7938397336662546,2.0569847668229366,2.3201297999796187,2.583274833136301,3.7888124482913326,4.9943500634463645,6.199887678601396,7.405425293756428,10.033161309414842,9.882879174193537,9.619734141036854,9.356589107880172,9.09344407472349,8.830299041566807,8.567154008410125,7.361616393255093,6.156078778100062,4.95054116294503,3.745003547789998
4721,0.6682540838903488,0.7581400312657272,0.9155309318380566,1.0729218324103855,1.2303127329827148,1.3877036335550441,1.5450945341273732,2.2661442482220826,2.987193962316792,3.7082436764115014,4.429293390506211,6.0734388854665,5.983552938091121,5.826162037518792,5.668771136946463,5.5113802363741335,5.3539893358018045,5.196598435229475,4.475548721134766,3.7544990070400566,3.033449292945347,2.3123995788506377
4722,0.4397550001969972,0.4989058467966161,0.6024793784527985,0.7060529101089809,0.8096264417651632,0.9131999734213457,1.016773505077528,1.4912714914090162,1.9657694777405041,2.4402674640719924,2.9147654504034803,3.6846018562989733,3.625451009699354,3.5218774780431716,3.418303946386989,3.314730414730807,3.2111568830746244,3.1075833514184423,2.633085365086954,2.158587378755466,1.6840893924239777,1.2095914060924897
4723,0.286284866305672,0.32479265405806435,0.39222005033488544,0.4596474466117065,0.5270748428885276,0.5945022391653487,0.6619296354421698,0.9708325302776295,1.2797354251130895,1.5886383199485492,1.8975412147840094,2.22844041223525,2.1899326244828576,2.1225052282060366,2.0550778319292156,1.9876504356523945,1.9202230393755735,1.8527956430987524,1.5438927482632927,1.2349898534278327,0.926086958592373,0.6171840637569128
4724,0.1600000684787465,0.18152145994052682,0.21920556165659857,0.25688966337267033,0.2945737650887421,0.33225786680481384,0.3699419685208856,0.5425828942000834,0.7152238198792811,0.887864745558479,1.0605056712376768,1.3303544742870113,1.308833082825231,1.2711489811091592,1.2334648793930874,1.1957807776770155,1.1580966759609437,1.1204125742448718,0.947771648565674,0.7751307228864763,0.6024897972072784,0.4298488715280806
4725,0.0966650333943288,0.10966731548161278,0.1324343991801003,0.15520148287858784,0.17796856657707538,0.20073565027556292,0.2235027339740505,0.3278048196211218,0.432106905268193,0.5364089909152644,0.6407110765623357,0.8750441895076194,0.8620419074203355,0.8392748237218479,0.8165077400233604,0.7937406563248728,0.7709735726263852,0.7482064889278977,0.6439044032808263,0.5396023176337551,0.4353002319866837,0.3309981463396124
4726,0.060485888935644626,0.06862176353916513,0.08286773488598757,0.09711370623281,0.11135967757963244,0.1256056489264549,0.13985162027327736,0.2051162164429092,0.27038081261254104,0.33564540878217297,0.40091000495180484,0.6530761972950729,0.6449403226915524,0.63069435134473,0.6164483799979075,0.602202408651085,0.5879564373042625,0.57371046595744,0.5084458697878081,0.4431812736181763,0.37791667744854435,0.3126520812789125
4727,0.04326251605801909,0.04908169821561838,0.059271125452270715,0.06946055268892304,0.07964997992557539,0.08983940716222773,0.10002883439888008,0.1467093195416705,0.19338980468446088,0.24007028982725132,0.28675077497004176,0.499578441059629,0.4937592589020297,0.48356983166537737,0.47338040442872503,0.4631909771920727,0.45300154995542036,0.442812122718768,0.3961316375759776,0.3494511524331872,0.30277066729039676,0.2560901821476063
4728,0.031367184720614005,0.03558634204876214,0.04297411500909338,0.050361887969424625,0.057749660929755864,0.0651374338900871,0.07252520685041834,0.10637056615310214,0.14021592545578596,0.17406128475846977,0.20790664406115364,0.38513873965896495,0.3809195823308168,0.3735318093704856,0.36614403641015436,0.35875626344982314,0.3513684904894919,0.3439807175291607,0.3101353582264769,0.27628999892379313,0.24244463962110932,0.20859928031842545
4729,0.027541528392130105,0.031246101893993974,0.037732835101129916,0.04421956830826585,0.05070630151540179,0.057193034722537735,0.06367976792967367,0.09339722368731823,0.1231146794449628,0.15283213520260736,0.18254959096025195,0.2947264391013124,0.29102186559944854,0.2845351323923126,0.27804839918517665,0.2715616659780407,0.26507493277090477,0.25858819956376883,0.22887074380612427,0.1991532880484797,0.16943583229083514,0.13971837653319055
4730,0.021214760756460276,0.024068329353953997,0.029064947229369295,0.03406156510478459,0.03905818298019989,0.04405480085561519,0.049051418731030486,0.07194225852804301,0.09483309832505553,0.11772393812206808,0.1406147779190806,0.2196416620198345,0.2167880934223408,0.21179147554692548,0.20679485767151018,0.20179823979609487,0.19680162192067957,0.19180500404526427,0.16891416424825173,0.14602332445123922,0.12313248465422667,0.10024164485721414
4731,0.017379901386824617,0.01971764826949346,0.023811058840523276,0.02790446941155309,0.03199787998258291,0.03609129055361272,0.04018470112464254,0.058937707246218926,0.07769071336779533,0.09644371948937172,0.11519672561094813,0.1725522635160582,0.17021451663338938,0.16612110606235955,0.16202769549132973,0.1579342849202999,0.15384087434927007,0.14974746377824025,0.13099445765666387,0.11224145153508747,0.09348844541351108,0.07473543929193467
4732,0.018861538995962508,0.02139857893702769,0.025840952998510806,0.030283327059993915,0.03472570112147703,0.03916807518296014,0.04361044924444325,0.0639621502340575,0.08431385122367176,0.10466555221328604,0.1250172532029003,0.16219714722554288,0.1596601072844777,0.15521773322299456,0.15077535916151147,0.14633298510002835,0.14189061103854522,0.1374482369770621,0.11709653598744785,0.0967448349978336,0.07639313400821932,0.05604143301860505
4733,0.06031042844298219,0.06842270209442457,0.08262734801485494,0.09683199393528533,0.1110366398557157,0.1252412857761461,0.1394459316965765,0.20452120506052845,0.2695964784244804,0.33467175178843245,0.39974702515238447,0.4566317751531136,0.4485195015016712,0.43431485558124083,0.4201102096608105,0.4059055637403801,0.3917009178199497,0.3774962718995193,0.3124209985355673,0.24734572517161535,0.18227045180766333,0.1171951784437113
4734,0.30895518501738617,0.35051232648691727,0.4232791617051753,0.4960459969234333,0.5688128321416914,0.6415796673599494,0.7143465025782075,1.0477107919933368,1.3810750814084662,1.7144393708235957,2.0478036602387255,2.1024107163262697,2.0608535748567385,1.9880867396384805,1.9153199044202225,1.8425530692019643,1.7697862339837063,1.6970193987654483,1.363655109350319,1.0302908199351897,0.6969265305200603,0.3635622411049304
4735,1.1612949269476076,1.3174991271273024,1.5910137359992662,1.8645283448712298,2.1380429537431938,2.4115575626151577,2.685072171487121,3.9381155800368046,5.191158988586489,6.444202397136173,7.697245805685856,8.797592590406415,8.64138839022672,8.367873781354756,8.094359172482793,7.820844563610829,7.547329954738865,7.273815345866902,6.020771937317218,4.767728528767535,3.514685120217851,2.261641711668167
4736,2.8365400828547638,3.218079229059924,3.8861568494030205,4.554234469746118,5.222312090089215,5.890389710432311,6.558467330775408,9.61910918103339,12.679751031291374,15.74039288154936,18.801034731807345,21.40384848736475,21.02230934115959,20.354231720816493,19.686154100473395,19.018076480130297,18.3499988597872,17.6819212394441,14.621279389186117,11.560637538928134,8.499995688670149,5.439353838412163
4737,4.187241305649756,4.750461435119857,5.736663683482037,6.722865931844216,7.709068180206397,8.695270428568575,9.681472676930756,14.199528337297998,18.717583997665233,23.23563965803248,27.75369531839972,32.29130966000392,31.72808953053382,30.74188728217164,29.75568503380946,28.76948278544728,27.7832805370851,26.797078288722922,22.27902262835568,17.760966967988445,13.242911307621199,8.724855647253957
4738,4.1224380187469025,4.6769415462886,5.647880965838258,6.618820385387915,7.5897598049375725,8.56069922448723,9.53163864403689,13.979771212843394,18.427903781649896,22.876036350456406,27.324168919262913,32.91035711924829,32.35585359170659,31.384914172156932,30.413974752607274,29.443035333057615,28.472095913507957,27.501156493958298,23.053023925151795,18.60489135634529,14.15675878753878,9.708626218732274
4739,3.351595880008395,3.8024144805325077,4.591800893015079,5.381187305497649,6.170573717980221,6.959960130462791,7.7493465429453625,11.365736340329079,14.982126137712793,18.59851593509651,22.21490573248023,27.356769827551037,26.905951227026925,26.116564814544354,25.327178402061783,24.537791989579212,23.74840557709664,22.95901916461407,19.34262936723035,15.726239569846637,12.109849772462919,8.493459975079201
4740,2.9910124143164416,3.3933294236000933,4.097789222441407,4.80224902128272,5.506708820124034,6.211168618965348,6.915628417806662,10.142946736074473,13.370265054342282,16.597583372610092,19.82490169087791,24.2284335048095,23.82611649552585,23.121656696684536,22.417196897843223,21.71273709900191,21.008277300160596,20.303817501319283,17.076499183051475,13.849180864783666,10.621862546515855,7.394544228248039
4741,2.7047846416677372,3.0686015427890947,3.7056473923676854,4.342693241946275,4.979739091524866,5.6167849411034565,6.253830790682048,9.172307818474215,12.090784846266383,15.009261874058554,17.92773890185072,22.802692522038395,22.438875620917038,21.801829771338447,21.164783921759856,20.527738072181265,19.890692222602674,19.253646373024083,16.335169345231915,13.416692317439747,10.498215289647575,7.579738261855409
4742,2.20733046474823,2.5042354815337093,3.0241181699939683,3.544000858454227,4.063883546914486,4.583766235374744,5.103648923835004,7.485370246439614,9.867091569044224,12.248812891648836,14.630534214253444,19.724931122724897,19.428026105939416,18.908143417479156,18.388260729018896,17.868378040558635,17.348495352098375,16.828612663638115,14.446891341033504,12.065170018428894,9.683448695824282,7.3017273732196735
4743,1.677916042855984,1.903610246250039,2.298802319798513,2.693994393346985,3.0891864668954585,3.484378540443932,3.879570613992405,5.690050956937462,7.500531299882518,9.311011642827577,11.121491985772634,14.871256559632515,14.645562356238461,14.250370282689987,13.855178209141515,13.459986135593041,13.064794062044568,12.669601988496094,10.859121645551037,9.04864130260598,7.238160959660921,5.427680616715864
4744,1.1172675321315855,1.2675496673528908,1.5306947005095728,1.7938397336662546,2.0569847668229366,2.3201297999796187,2.583274833136301,3.7888124482913326,4.9943500634463645,6.199887678601396,7.405425293756428,10.033161309414842,9.882879174193537,9.619734141036854,9.356589107880172,9.09344407472349,8.830299041566807,8.567154008410125,7.361616393255093,6.156078778100062,4.95054116294503,3.745003547789998
4745,0.6682540838903488,0.7581400312657272,0.9155309318380566,1.0729218324103855,1.2303127329827148,1.3877036335550441,1.5450945341273732,2.2661442482220826,2.987193962316792,3.7082436764115014,4.429293390506211,6.0734388854665,5.983552938091121,5.826162037518792,5.668771136946463,5.5113802363741335,5.3539893358018045,5.196598435229475,4.475548721134766,3.7544990070400566,3.033449292945347,2.3123995788506377
4746,0.4397550001969972,0.4989058467966161,0.6024793784527985,0.7060529101089809,0.8096264417651632,0.9131999734213457,1.016773505077528,1.4912714914090162,1.9657694777405041,2.4402674640719924,2.9147654504034803,3.6846018562989733,3.625451009699354,3.5218774780431716,3.418303946386989,3.314730414730807,3.2111568830746244,3.1075833514184423,2.633085365086954,2.158587378755466,1.6840893924239777,1.2095914060924897
4747,0.286284866305672,0.32479265405806435,0.39222005033488544,0.4596474466117065,0.5270748428885276,0.5945022391653487,0.6619296354421698,0.9708325302776295,1.2797354251130895,1.5886383199485492,1.8975412147840094,2.22844041223525,2.1899326244828576,2.1225052282060366,2.0550778319292156,1.9876504356523945,1.9202230393755735,1.8527956430987524,1.5438927482632927,1.2349898534278327,0.926086958592373,0.6171840637569128
4748,0.1600000684787465,0.18152145994052682,0.21920556165659857,0.25688966337267033,0.2945737650887421,0.33225786680481384,0.3699419685208856,0.5425828942000834,0.7152238198792811,0.887864745558479,1.0605056712376768,1.3303544742870113,1.308833082825231,1.2711489811091592,1.2334648793930874,1.1957807776770155,1.1580966759609437,1.1204125742448718,0.947771648565674,0.7751307228864763,0.6024897972072784,0.4298488715280806
4749,0.0966650333943288,0.10966731548161278,0.1324343991801003,0.15520148287858784,0.17796856657707538,0.20073565027556292,0.2235027339740505,0.3278048196211218,0.432106905268193,0.5364089909152644,0.6407110765623357,0.8750441895076194,0.8620419074203355,0.8392748237218479,0.8165077400233604,0.7937406563248728,0.7709735726263852,0.7482064889278977,0.6439044032808263,0.5396023176337551,0.4353002319866837,0.3309981463396124
4750,0.060485888935644626,0.06862176353916513,0.08286773488598757,0.09711370623281,0.11135967757963244,0.1256056489264549,0.13985162027327736,0.2051162164429092,0.27038081261254104,0.33564540878217297,0.40091000495180484,0.6530761972950729,0.6449403226915524,0.63069435134473,0.6164483799979075,0.602202408651085,0.5879564373042625,0.57371046595744,0.5084458697878081,0.4431812736181763,0.37791667744854435,0.3126520812789125
4751,0.04326251605801909,0.04908169821561838,0.059271125452270715,0.06946055268892304,0.07964997992557539,0.08983940716222773,0.10002883439888008,0.1467093195416705,0.19338980468446088,0.24007028982725132,0.28675077497004176,0.499578441059629,0.4937592589020297,0.48356983166537737,0.47338040442872503,0.4631909771920727,0.45300154995542036,0.442812122718768,0.3961316375759776,0.3494511524331872,0.30277066729039676,0.2560901821476063
4752,0.031367184720614005,0.03558634204876214,0.04297411500909338,0.050361887969424625,0.057749660929755864,0.0651374338900871,0.07252520685041834,0.10637056615310214,0.14021592545578596,0.17406128475846977,0.20790664406115364,0.38513873965896495,0.3809195823308168,0.3735318093704856,0.36614403641015436,0.35875626344982314,0.3513684904894919,0.3439807175291607,0.3101353582264769,0.27628999892379313,0.24244463962110932,0.20859928031842545
4753,0.027541528392130105,0.031246101893993974,0.037732835101129916,0.04421956830826585,0.05070630151540179,0.057193034722537735,0.06367976792967367,0.09339722368731823,0.1231146794449628,0.15283213520260736,0.18254959096025195,0.2947264391013124,0.29102186559944854,0.2845351323923126,0.27804839918517665,0.2715616659780407,0.26507493277090477,0.25858819956376883,0.22887074380612427,0.1991532880484797,0.16943583229083514,0.13971837653319055
4754,0.021214760756460276,0.024068329353953997,0.029064947229369295,0.03406156510478459,0.03905818298019989,0.04405480085561519,0.049051418731030486,0.07194225852804301,0.09483309832505553,0.11772393812206808,0.1406147779190806,0.2196416620198345,0.2167880934223408,0.21179147554692548,0.20679485767151018,0.20179823979609487,0.19680162192067957,0.19180500404526427,0.16891416424825173,0.14602332445123922,0.12313248465422667,0.10024164485721414
4755,0.017379901386824617,0.01971764826949346,0.023811058840523276,0.02790446941155309,0.03199787998258291,0.03609129055361272,0.04018470112464254,0.058937707246218926,0.07769071336779533,0.09644371948937172,0.11519672561094813,0.1725522635160582,0.17021451663338938,0.16612110606235955,0.16202769549132973,0.1579342849202999,0.15384087434927007,0.14974746377824025,0.13099445765666387,0.11224145153508747,0.09348844541351108,0.07473543929193467
4756,0.018861538995962508,0.02139857893702769,0.025840952998510806,0.030283327059993915,0.03472570112147703,0.03916807518296014,0.04361044924444325,0.0639621502340575,0.08431385122367176,0.10466555221328604,0.1250172532029003,0.16219714722554288,0.1596601072844777,0.15521773322299456,0.15077535916151147,0.14633298510002835,0.14189061103854522,0.1374482369770621,0.11709653598744785,0.0967448349978336,0.07639313400821932,0.05604143301860505
4757,0.06031042844298219,0.06842270209442457,0.08262734801485494,0.09683199393528533,0.1110366398557157,0.1252412857761461,0.1394459316965765,0.20452120506052845,0.2695964784244804,0.33467175178843245,0.39974702515238447,0.4566317751531136,0.4485195015016712,0.43431485558124083,0.4201102096608105,0.4059055637403801,0.3917009178199497,0.3774962718995193,0.3124209985355673,0.24734572517161535,0.18227045180766333,0.1171951784437113
4758,0.30895518501738617,0.35051232648691727,0.4232791617051753,0.4960459969234333,0.5688128321416914,0.6415796673599494,0.7143465025782075,1.0477107919933368,1.3810750814084662,1.7144393708235957,2.0478036602387255,2.1024107163262697,2.0608535748567385,1.9880867396384805,1.9153199044202225,1.8425530692019643,1.7697862339837063,1.6970193987654483,1.363655109350319,1.0302908199351897,0.6969265305200603,0.3635622411049304
4759,1.1612949269476076,1.3174991271273024,1.5910137359992662,1.8645283448712298,2.1380429537431938,2.4115575626151577,2.685072171487121,3.9381155800368046,5.191158988586489,6.444202397136173,7.697245805685856,8.797592590406415,8.64138839022672,8.367873781354756,8.094359172482793,7.820844563610829,7.547329954738865,7.273815345866902,6.020771937317218,4.767728528767535,3.514685120217851,2.261641711668167
4760,2.8365400828547638,3.218079229059924,3.8861568494030205,4.554234469746118,5.222312090089215,5.890389710432311,6.558467330775408,9.61910918103339,12.679751031291374,15.74039288154936,18.801034731807345,21.40384848736475,21.02230934115959,20.354231720816493,19.686154100473395,19.018076480130297,18.3499988597872,17.6819212394441,14.621279389186117,11.560637538928134,8.499995688670149,5.439353838412163
4761,4.187241305649756,4.750461435119857,5.736663683482037,6.722865931844216,7.709068180206397,8.695270428568575,9.681472676930756,14.199528337297998,18.717583997665233,23.23563965803248,27.75369531839972,32.29130966000392,31.72808953053382,30.74188728217164,29.75568503380946,28.76948278544728,27.7832805370851,26.797078288722922,22.27902262835568,17.760966967988445,13.242911307621199,8.724855647253957
4762,4.1224380187469025,4.6769415462886,5.647880965838258,6.618820385387915,7.5897598049375725,8.56069922448723,9.53163864403689,13.979771212843394,18.427903781649896,22.876036350456406,27.324168919262913,32.91035711924829,32.35585359170659,31.384914172156932,30.413974752607274,29.443035333057615,28.472095913507957,27.501156493958298,23.053023925151795,18.60489135634529,14.15675878753878,9.708626218732274
4763,3.351595880008395,3.8024144805325077,4.591800893015079,5.381187305497649,6.170573717980221,6.959960130462791,7.7493465429453625,11.365736340329079,14.982126137712793,18.59851593509651,22.21490573248023,27.356769827551037,26.905951227026925,26.116564814544354,25.327178402061783,24.537791989579212,23.74840557709664,22.95901916461407,19.34262936723035,15.726239569846637,12.109849772462919,8.493459975079201
4764,2.9910124143164416,3.3933294236000933,4.097789222441407,4.80224902128272,5.506708820124034,6.211168618965348,6.915628417806662,10.142946736074473,13.370265054342282,16.597583372610092,19.82490169087791,24.2284335048095,23.82611649552585,23.121656696684536,22.417196897843223,21.71273709900191,21.008277300160596,20.303817501319283,17.076499183051475,13.849180864783666,10.621862546515855,7.394544228248039
4765,2.7047846416677372,3.0686015427890947,3.7056473923676854,4.342693241946275,4.979739091524866,5.6167849411034565,6.253830790682048,9.172307818474215,12.090784846266383,15.009261874058554,17.92773890185072,22.802692522038395,22.438875620917038,21.801829771338447,21.164783921759856,20.527738072181265,19.890692222602674,19.253646373024083,16.335169345231915,13.416692317439747,10.498215289647575,7.579738261855409
4766,2.20733046474823,2.5042354815337093,3.0241181699939683,3.544000858454227,4.063883546914486,4.583766235374744,5.103648923835004,7.485370246439614,9.867091569044224,12.248812891648836,14.630534214253444,19.724931122724897,19.428026105939416,18.908143417479156,18.388260729018896,17.868378040558635,17.348495352098375,16.828612663638115,14.446891341033504,12.065170018428894,9.683448695824282,7.3017273732196735
4767,1.677916042855984,1.903610246250039,2.298802319798513,2.693994393346985,3.0891864668954585,3.484378540443932,3.879570613992405,5.690050956937462,7.500531299882518,9.311011642827577,11.121491985772634,14.871256559632515,14.645562356238461,14.250370282689987,13.855178209141515,13.459986135593041,13.064794062044568,12.669601988496094,10.859121645551037,9.04864130260598,7.238160959660921,5.427680616715864
4768,1.1172675321315855,1.2675496673528908,1.5306947005095728,1.7938397336662546,2.0569847668229366,2.3201297999796187,2.583274833136301,3.7888124482913326,4.9943500634463645,6.199887678601396,7.405425293756428,10.033161309414842,9.882879174193537,9.619734141036854,9.356589107880172,9.09344407472349,8.830299041566807,8.567154008410125,7.361616393255093,6.156078778100062,4.95054116294503,3.745003547789998
4769,0.6682540838903488,0.7581400312657272,0.9155309318380566,1.0729218324103855,1.2303127329827148,1.3877036335550441,1.5450945341273732,2.2661442482220826,2.987193962316792,3.7082436764115014,4.429293390506211,6.0734388854665,5.983552938091121,5.826162037518792,5.668771136946463,5.5113802363741335,5.3539893358018045,5.196598435229475,4.475548721134766,3.7544990070400566,3.033449292945347,2.3123995788506377
4770,0.4397550001969972,0.4989058467966161,0.6024793784527985,0.7060529101089809,0.8096264417651632,0.9131999734213457,1.016773505077528,1.4912714914090162,1.9657694777405041,2.4402674640719924,2.9147654504034803,3.6846018562989733,3.625451009699354,3.5218774780431716,3.418303946386989,3.314730414730807,3.2111568830746244,3.1075833514184423,2.633085365086954,2.158587378755466,1.6840893924239777,1.2095914060924897
4771,0.286284866305672,0.32479265405806435,0.39222005033488544,0.4596474466117065,0.5270748428885276,0.5945022391653487,0.6619296354421698,0.9708325302776295,1.2797354251130895,1.5886383199485492,1.8975412147840094,2.22844041223525,2.1899326244828576,2.1225052282060366,2.0550778319292156,1.9876504356523945,1.9202230393755735,1.8527956430987524,1.5438927482632927,1.2349898534278327,0.926086958592373,0.6171840637569128
4772,0.1600000684787465,0.18152145994052682,0.21920556165659857,0.25688966337267033,0.2945737650887421,0.33225786680481384,0.3699419685208856,0.5425828942000834,0.7152238198792811,0.887864745558479,1.0605056712376768,1.3303544742870113,1.308833082825231,1.2711489811091592,1.2334648793930874,1.1957807776770155,1.1580966759609437,1.1204125742448718,0.947771648565674,0.7751307228864763,0.6024897972072784,0.4298488715280806
4773,0.0966650333943288,0.10966731548161278,0.1324343991801003,0.15520148287858784,0.17796856657707538,0.20073565027556292,0.2235027339740505,0.3278048196211218,0.432106905268193,0.5364089909152644,0.6407110765623357,0.8750441895076194,0.8620419074203355,0.8392748237218479,0.8165077400233604,0.7937406563248728,0.7709735726263852,0.7482064889278977,0.6439044032808263,0.5396023176337551,0.4353002319866837,0.3309981463396124
4774,0.060485888935644626,0.06862176353916513,0.08286773488598757,0.09711370623281,0.11135967757963244,0.1256056489264549,0.13985162027327736,0.2051162164429092,0.27038081261254104,0.33564540878217297,0.40091000495180484,0.6530761972950729,0.6449403226915524,0.63069435134473,0.6164483799979075,0.602202408651085,0.5879564373042625,0.57371046595744,0.5084458697878081,0.4431812736181763,0.37791667744854435,0.3126520812789125
4775,0.04326251605801909,0.04908169821561838,0.059271125452270715,0.06946055268892304,0.07964997992557539,0.08983940716222773,0.10002883439888008,0.1467093195416705,0.19338980468446088,0.24007028982725132,0.28675077497004176,0.499578441059629,0.4937592589020297,0.48356983166537737,0.47338040442872503,0.4631909771920727,0.45300154995542036,0.442812122718768,0.3961316375759776,0.3494511524331872,0.30277066729039676,0.2560901821476063
4776,0.031367184720614005,0.03558634204876214,0.04297411500909338,0.050361887969424625,0.057749660929755864,0.0651374338900871,0.07252520685041834,0.10637056615310214,0.14021592545578596,0.17406128475846977,0.20790664406115364,0.38513873965896495,0.3809195823308168,0.3735318093704856,0.36614403641015436,0.35875626344982314,0.3513684904894919,0.3439807175291607,0.3101353582264769,0.27628999892379313,0.24244463962110932,0.20859928031842545
4777,0.027541528392130105,0.031246101893993974,0.037732835101129916,0.04421956830826585,0.05070630151540179,0.057193034722537735,0.06367976792967367,0.09339722368731823,0.1231146794449628,0.15283213520260736,0.18254959096025195,0.2947264391013124,0.29102186559944854,0.2845351323923126,0.27804839918517665,0.2715616659780407,0.26507493277090477,0.25858819956376883,0.22887074380612427,0.1991532880484797,0.16943583229083514,0.13971837653319055
4778,0.021214760756460276,0.024068329353953997,0.029064947229369295,0.03406156510478459,0.03905818298019989,0.04405480085561519,0.049051418731030486,0.07194225852804301,0.09483309832505553,0.11772393812206808,0.1406147779190806,0.2196416620198345,0.2167880934223408,0.21179147554692548,0.20679485767151018,0.20179823979609487,0.19680162192067957,0.19180500404526427,0.16891416424825173,0.14602332445123922,0.12313248465422667,0.10024164485721414
4779,0.017379901386824617,0.01971764826949346,0.023811058840523276,0.02790446941155309,0.03199787998258291,0.03609129055361272,0.04018470112464254,0.058937707246218926,0.07769071336779533,0.09644371948937172,0.11519672561094813,0.1725522635160582,0.17021451663338938,0.16612110606235955,0.16202769549132973,0.1579342849202999,0.15384087434927007,0.14974746377824025,0.13099445765666387,0.11224145153508747,0.09348844541351108,0.07473543929193467
4780,0.018861538995962508,0.02139857893702769,0.025840952998510806,0.030283327059993915,0.03472570112147703,0.03916807518296014,0.04361044924444325,0.0639621502340575,0.08431385122367176,0.10466555221328604,0.1250172532029003,0.16219714722554288,0.1596601072844777,0.15521773322299456,0.15077535916151147,0.14633298510002835,0.14189061103854522,0.1374482369770621,0.11709653598744785,0.0967448349978336,0.07639313400821932,0.05604143301860505
4781,0.06031042844298219,0.06842270209442457,0.08262734801485494,0.09683199393528533,0.1110366398557157,0.1252412857761461,0.1394459316965765,0.20452120506052845,0.2695964784244804,0.33467175178843245,0.39974702515238447,0.4566317751531136,0.4485195015016712,0.43431485558124083,0.4201102096608105,0.4059055637403801,0.3917009178199497,0.3774962718995193,0.3124209985355673,0.24734572517161535,0.18227045180766333,0.1171951784437113
4782,0.30895518501738617,0.35051232648691727,0.4232791617051753,0.4960459969234333,0.5688128321416914,0.6415796673599494,0.7143465025782075,1.0477107919933368,1.3810750814084662,1.7144393708235957,2.0478036602387255,2.1024107163262697,2.0608535748567385,1.9880867396384805,1.9153199044202225,1.8425530692019643,1.7697862339837063,1.6970193987654483,1.363655109350319,1.0302908199351897,0.6969265305200603,0.3635622411049304
4783,1.1612949269476076,1.3174991271273024,1.5910137359992662,1.8645283448712298,2.1380429537431938,2.4115575626151577,2.685072171487121,3.9381155800368046,5.191158988586489,6.444202397136173,7.697245805685856,8.797592590406415,8.64138839022672,8.367873781354756,8.094359172482793,7.820844563610829,7.547329954738865,7.273815345866902,6.020771937317218,4.767728528767535,3.514685120217851,2.261641711668167
4784,2.8365400828547638,3.218079229059924,3.8861568494030205,4.554234469746118,5.222312090089215,5.890389710432311,6.558467330775408,9.61910918103339,12.679751031291374,15.74039288154936,18.801034731807345,21.40384848736475,21.02230934115959,20.354231720816493,19.686154100473395,19.018076480130297,18.3499988597872,17.6819212394441,14.621279389186117,11.560637538928134,8.499995688670149,5.439353838412163
4785,4.187241305649756,4.750461435119857,5.736663683482037,6.722865931844216,7.709068180206397,8.695270428568575,9.681472676930756,14.199528337297998,18.717583997665233,23.23563965803248,27.75369531839972,32.29130966000392,31.72808953053382,30.74188728217164,29.75568503380946,28.76948278544728,27.7832805370851,26.797078288722922,22.27902262835568,17.760966967988445,13.242911307621199,8.724855647253957
4786,4.1224380187469025,4.6769415462886,5.647880965838258,6.618820385387915,7.5897598049375725,8.56069922448723,9.53163864403689,13.979771212843394,18.427903781649896,22.876036350456406,27.324168919262913,32.91035711924829,32.35585359170659,31.384914172156932,30.413974752607274,29.443035333057615,28.472095913507957,27.501156493958298,23.053023925151795,18.60489135634529,14.15675878753878,9.708626218732274
4787,3.351595880008395,3.8024144805325077,4.591800893015079,5.381187305497649,6.170573717980221,6.959960130462791,7.7493465429453625,11.365736340329079,14.982126137712793,18.59851593509651,22.21490573248023,27.356769827551037,26.905951227026925,26.116564814544354,25.327178402061783,24.537791989579212,23.74840557709664,22.95901916461407,19.34262936723035,15.726239569846637,12.109849772462919,8.493459975079201
4788,2.9910124143164416,3.3933294236000933,4.097789222441407,4.80224902128272,5.506708820124034,6.211168618965348,6.915628417806662,10.142946736074473,13.370265054342282,16.597583372610092,19.82490169087791,24.2284335048095,23.82611649552585,23.121656696684536,22.417196897843223,21.71273709900191,21.008277300160596,20.303817501319283,17.076499183051475,13.849180864783666,10.621862546515855,7.394544228248039
4789,2.7047846416677372,3.0686015427890947,3.7056473923676854,4.342693241946275,4.979739091524866,5.6167849411034565,6.253830790682048,9.172307818474215,12.090784846266383,15.009261874058554,17.92773890185072,22.802692522038395,22.438875620917038,21.801829771338447,21.164783921759856,20.527738072181265,19.890692222602674,19.253646373024083,16.335169345231915,13.416692317439747,10.498215289647575,7.579738261855409
4790,2.20733046474823,2.5042354815337093,3.0241181699939683,3.544000858454227,4.063883546914486,4.583766235374744,5.103648923835004,7.485370246439614,9.867091569044224,12.248812891648836,14.630534214253444,19.724931122724897,19.428026105939416,18.908143417479156,18.388260729018896,17.868378040558635,17.348495352098375,16.828612663638115,14.446891341033504,12.065170018428894,9.683448695824282,7.3017273732196735
4791,1.677916042855984,1.903610246250039,2.298802319798513,2.693994393346985,3.0891864668954585,3.484378540443932,3.879570613992405,5.690050956937462,7.500531299882518,9.311011642827577,11.121491985772634,14.871256559632515,14.645562356238461,14.250370282689987,13.855178209141515,13.459986135593041,13.064794062044568,12.669601988496094,10.859121645551037,9.04864130260598,7.238160959660921,5.427680616715864
4792,1.1172675321315855,1.2675496673528908,1.5306947005095728,1.7938397336662546,2.0569847668229366,2.3201297999796187,2.583274833136301,3.7888124482913326,4.9943500634463645,6.199887678601396,7.405425293756428,10.033161309414842,9.882879174193537,9.619734141036854,9.356589107880172,9.09344407472349,8.830299041566807,8.567154008410125,7.361616393255093,6.156078778100062,4.95054116294503,3.745003547789998
4793,0.6682540838903488,0.7581400312657272,0.9155309318380566,1.0729218324103855,1.2303127329827148,1.3877036335550441,1.5450945341273732,2.2661442482220826,2.987193962316792,3.7082436764115014,4.429293390506211,6.0734388854665,5.983552938091121,5.826162037518792,5.668771136946463,5.5113802363741335,5.3539893358018045,5.196598435229475,4.475548721134766,3.7544990070400566,3.033449292945347,2.3123995788506377
4794,0.4397550001969972,0.4989058467966161,0.6024793784527985,0.7060529101089809,0.8096264417651632,0.9131999734213457,1.016773505077528,1.4912714914090162,1.9657694777405041,2.4402674640719924,2.9147654504034803,3.6846018562989733,3.625451009699354,3.5218774780431716,3.418303946386989,3.314730414730807,3.2111568830746244,3.1075833514184423,2.633085365086954,2.158587378755466,1.6840893924239777,1.2095914060924897
4795,0.286284866305672,0.32479265405806435,0.39222005033488544,0.4596474466117065,0.5270748428885276,0.5945022391653487,0.6619296354421698,0.9708325302776295,1.2797354251130895,1.5886383199485492,1.8975412147840094,2.22844041223525,2.1899326244828576,2.1225052282060366,2.0550778319292156,1.9876504356523945,1.9202230393755735,1.8527956430987524,1.5438927482632927,1.2349898534278327,0.926086958592373,0.6171840637569128
4796,0.1600000684787465,0.18152145994052682,0.21920556165659857,0.25688966337267033,0.2945737650887421,0.33225786680481384,0.3699419685208856,0.5425828942000834,0.7152238198792811,0.887864745558479,1.0605056712376768,1.3303544742870113,1.308833082825231,1.2711489811091592,1.2334648793930874,1.1957807776770155,1.1580966759609437,1.1204125742448718,0.947771648565674,0.7751307228864763,0.6024897972072784,0.4298488715280806
4797,0.0966650333943288,0.10966731548161278,0.1324343991801003,0.15520148287858784,0.17796856657707538,0.20073565027556292,0.2235027339740505,0.3278048196211218,0.432106905268193,0.5364089909152644,0.6407110765623357,0.8750441895076194,0.8620419074203355,0.8392748237218479,0.8165077400233604,0.7937406563248728,0.7709735726263852,0.7482064889278977,0.6439044032808263,0.5396023176337551,0.4353002319866837,0.3309981463396124
4798,0.060485888935644626,0.06862176353916513,0.08286773488598757,0.09711370623281,0.11135967757963244,0.1256056489264549,0.13985162027327736,0.2051162164429092,0.27038081261254104,0.33564540878217297,0.40091000495180484,0.6530761972950729,0.6449403226915524,0.63069435134473,0.6164483799979075,0.602202408651085,0.5879564373042625,0.57371046595744,0.5084458697878081,0.4431812736181763,0.37791667744854435,0.3126520812789125
4799,0.04326251605801909,0.04908169821561838,0.059271125452270715,0.06946055268892304,0.07964997992557539,0.08983940716222773,0.10002883439888008,0.1467093195416705,0.19338980468446088,0.24007028982725132,0.28675077497004176,0.499578441059629,0.4937592589020297,0.48356983166537737,0.47338040442872503,0.4631909771920727,0.45300154995542036,0.442812122718768,0.3961316375759776,0.3494511524331872,0.30277066729039676,0.2560901821476063
4800,0.031367184720614005,0.03558634204876214,0.04297411500909338,0.050361887969424625,0.057749660929755864,0.0651374338900871,0.07252520685041834,0.10637056615310214,0.14021592545578596,0.17406128475846977,0.20790664406115364,0.38513873965896495,0.3809195823308168,0.3735318093704856,0.36614403641015436,0.35875626344982314,0.3513684904894919,0.3439807175291607,0.3101353582264769,0.27628999892379313,0.24244463962110932,0.20859928031842545
4801,0.027541528392130105,0.031246101893993974,0.037732835101129916,0.04421956830826585,0.05070630151540179,0.057193034722537735,0.06367976792967367,0.09339722368731823,0.1231146794449628,0.15283213520260736,0.18254959096025195,0.2947264391013124,0.29102186559944854,0.2845351323923126,0.27804839918517665,0.2715616659780407,0.26507493277090477,0.25858819956376883,0.22887074380612427,0.1991532880484797,0.16943583229083514,0.13971837653319055
4802,0.021214760756460276,0.024068329353953997,0.029064947229369295,0.03406156510478459,0.03905818298019989,0.04405480085561519,0.049051418731030486,0.07194225852804301,0.09483309832505553,0.11772393812206808,0.1406147779190806,0.2196416620198345,0.2167880934223408,0.21179147554692548,0.20679485767151018,0.20179823979609487,0.19680162192067957,0.19180500404526427,0.16891416424825173,0.14602332445123922,0.12313248465422667,0.10024164485721414
4803,0.017379901386824617,0.01971764826949346,0.023811058840523276,0.02790446941155309,0.03199787998258291,0.03609129055361272,0.04018470112464254,0.058937707246218926,0.07769071336779533,0.09644371948937172,0.11519672561094813,0.1725522635160582,0.17021451663338938,0.16612110606235955,0.16202769549132973,0.1579342849202999,0.15384087434927007,0.14974746377824025,0.13099445765666387,0.11224145153508747,0.09348844541351108,0.07473543929193467
4804,0.018861538995962508,0.02139857893702769,0.025840952998510806,0.030283327059993915,0.03472570112147703,0.03916807518296014,0.04361044924444325,0.0639621502340575,0.08431385122367176,0.10466555221328604,0.1250172532029003,0.16219714722554288,0.1596601072844777,0.15521773322299456,0.15077535916151147,0.14633298510002835,0.14189061103854522,0.1374482369770621,0.11709653598744785,0.0967448349978336,0.07639313400821932,0.05604143301860505
4805,0.06031042844298219,0.06842270209442457,0.08262734801485494,0.09683199393528533,0.1110366398557157,0.1252412857761461,0.1394459316965765,0.20452120506052845,0.2695964784244804,0.33467175178843245,0.39974702515238447,0.4566317751531136,0.4485195015016712,0.43431485558124083,0.4201102096608105,0.4059055637403801,0.3917009178199497,0.3774962718995193,0.3124209985355673,0.24734572517161535,0.18227045180766333,0.1171951784437113
4806,0.30895518501738617,0.35051232648691727,0.4232791617051753,0.4960459969234333,0.5688128321416914,0.6415796673599494,0.7143465025782075,1.0477107919933368,1.3810750814084662,1.7144393708235957,2.0478036602387255,2.1024107163262697,2.0608535748567385,1.9880867396384805,1.9153199044202225,1.8425530692019643,1.7697862339837063,1.6970193987654483,1.363655109350319,1.0302908199351897,0.6969265305200603,0.3635622411049304
4807,1.1612949269476076,1.3174991271273024,1.5910137359992662,1.8645283448712298,2.1380429537431938,2.4115575626151577,2.685072171487121,3.9381155800368046,5.191158988586489,6.444202397136173,7.697245805685856,8.797592590406415,8.64138839022672,8.367873781354756,8.094359172482793,7.820844563610829,7.547329954738865,7.273815345866902,6.020771937317218,4.767728528767535,3.514685120217851,2.261641711668167
4808,2.8365400828547638,3.218079229059924,3.8861568494030205,4.554234469746118,5.222312090089215,5.890389710432311,6.558467330775408,9.61910918103339,12.679751031291374,15.74039288154936,18.801034731807345,21.40384848736475,21.02230934115959,20.354231720816493,19.686154100473395,19.018076480130297,18.3499988597872,17.6819212394441,14.621279389186117,11.560637538928134,8.499995688670149,5.439353838412163
4809,4.187241305649756,4.750461435119857,5.736663683482037,6.722865931844216,7.709068180206397,8.695270428568575,9.681472676930756,14.199528337297998,18.717583997665233,23.23563965803248,27.75369531839972,32.29130966000392,31.72808953053382,30.74188728217164,29.75568503380946,28.76948278544728,27.7832805370851,26.797078288722922,22.27902262835568,17.760966967988445,13.242911307621199,8.724855647253957
4810,4.1224380187469025,4.6769415462886,5.647880965838258,6.618820385387915,7.5897598049375725,8.56069922448723,9.53163864403689,13.979771212843394,18.427903781649896,22.876036350456406,27.324168919262913,32.91035711924829,32.35585359170659,31.384914172156932,30.413974752607274,29.443035333057615,28.472095913507957,27.501156493958298,23.053023925151795,18.60489135634529,14.15675878753878,9.708626218732274
4811,3.351595880008395,3.8024144805325077,4.591800893015079,5.381187305497649,6.170573717980221,6.959960130462791,7.7493465429453625,11.365736340329079,14.982126137712793,18.59851593509651,22.21490573248023,27.356769827551037,26.905951227026925,26.116564814544354,25.327178402061783,24.537791989579212,23.74840557709664,22.95901916461407,19.34262936723035,15.726239569846637,12.109849772462919,8.493459975079201
4812,2.9910124143164416,3.3933294236000933,4.097789222441407,4.80224902128272,5.506708820124034,6.211168618965348,6.915628417806662,10.142946736074473,13.370265054342282,16.597583372610092,19.82490169087791,24.2284335048095,23.82611649552585,23.121656696684536,22.417196897843223,21.71273709900191,21.008277300160596,20.303817501319283,17.076499183051475,13.849180864783666,10.621862546515855,7.394544228248039
4813,2.7047846416677372,3.0686015427890947,3.7056473923676854,4.342693241946275,4.979739091524866,5.6167849411034565,6.253830790682048,9.172307818474215,12.090784846266383,15.009261874058554,17.92773890185072,22.802692522038395,22.438875620917038,21.801829771338447,21.164783921759856,20.527738072181265,19.890692222602674,19.253646373024083,16.335169345231915,13.416692317439747,10.498215289647575,7.579738261855409
4814,2.20733046474823,2.5042354815337093,3.0241181699939683,3.544000858454227,4.063883546914486,4.583766235374744,5.103648923835004,7.485370246439614,9.867091569044224,12.248812891648836,14.630534214253444,19.724931122724897,19.428026105939416,18.908143417479156,18.388260729018896,17.868378040558635,17.348495352098375,16.828612663638115,14.446891341033504,12.065170018428894,9.683448695824282,7.3017273732196735
4815,1.677916042855984,1.903610246250039,2.298802319798513,2.693994393346985,3.0891864668954585,3.484378540443932,3.879570613992405,5.690050956937462,7.500531299882518,9.311011642827577,11.121491985772634,14.871256559632515,14.645562356238461,14.250370282689987,13.855178209141515,13.459986135593041,13.064794062044568,12.669601988496094,10.859121645551037,9.04864130260598,7.238160959660921,5.427680616715864
4816,1.1172675321315855,1.2675496673528908,1.5306947005095728,1.7938397336662546,2.0569847668229366,2.3201297999796187,2.583274833136301,3.7888124482913326,4.9943500634463645,6.199887678601396,7.405425293756428,10.033161309414842,9.882879174193537,9.619734141036854,9.356589107880172,9.09344407472349,8.830299041566807,8.567154008410125,7.361616393255093,6.156078778100062,4.95054116294503,3.745003547789998
4817,0.6682540838903488,0.7581400312657272,0.9155309318380566,1.0729218324103855,1.2303127329827148,1.3877036335550441,1.5450945341273732,2.2661442482220826,2.987193962316792,3.7082436764115014,4.429293390506211,6.0734388854665,5.983552938091121,5.826162037518792,5.668771136946463,5.5113802363741335,5.3539893358018045,5.196598435229475,4.475548721134766,3.7544990070400566,3.033449292945347,2.3123995788506377
4818,0.4397550001969972,0.4989058467966161,0.6024793784527985,0.7060529101089809,0.8096264417651632,0.9131999734213457,1.016773505077528,1.4912714914090162,1.9657694777405041,2.4402674640719924,2.9147654504034803,3.6846018562989733,3.625451009699354,3.5218774780431716,3.418303946386989,3.314730414730807,3.2111568830746244,3.1075833514184423,2.633085365086954,2.158587378755466,1.6840893924239777,1.2095914060924897
4819,0.286284866305672,0.32479265405806435,0.39222005033488544,0.4596474466117065,0.5270748428885276,0.5945022391653487,0.6619296354421698,0.9708325302776295,1.2797354251130895,1.5886383199485492,1.8975412147840094,2.22844041223525,2.1899326244828576,2.1225052282060366,2.0550778319292156,1.9876504356523945,1.9202230393755735,1.8527956430987524,1.5438927482632927,1.2349898534278327,0.926086958592373,0.6171840637569128
4820,0.1600000684787465,0.18152145994052682,0.21920556165659857,0.25688966337267033,0.2945737650887421,0.33225786680481384,0.3699419685208856,0.5425828942000834,0.7152238198792811,0.887864745558479,1.0605056712376768,1.3303544742870113,1.308833082825231,1.2711489811091592,1.2334648793930874,1.1957807776770155,1.1580966759609437,1.1204125742448718,0.947771648565674,0.7751307228864763,0.6024897972072784,0.4298488715280806
4821,0.0966650333943288,0.10966731548161278,0.1324343991801003,0.15520148287858784,0.17796856657707538,0.20073565027556292,0.2235027339740505,0.3278048196211218,0.432106905268193,0.5364089909152644,0.6407110765623357,0.8750441895076194,0.8620419074203355,0.8392748237218479,0.8165077400233604,0.7937406563248728,0.7709735726263852,0.7482064889278977,0.6439044032808263,0.5396023176337551,0.4353002319866837,0.3309981463396124
4822,0.060485888935644626,0.06862176353916513,0.08286773488598757,0.09711370623281,0.11135967757963244,0.1256056489264549,0.13985162027327736,0.2051162164429092,0.27038081261254104,0.33564540878217297,0.40091000495180484,0.6530761972950729,0.6449403226915524,0.63069435134473,0.6164483799979075,0.602202408651085,0.5879564373042625,0.57371046595744,0.5084458697878081,0.4431812736181763,0.37791667744854435,0.3126520812789125
4823,0.04326251605801909,0.04908169821561838,0.059271125452270715,0.06946055268892304,0.07964997992557539,0.08983940716222773,0.10002883439888008,0.1467093195416705,0.19338980468446088,0.24007028982725132,0.28675077497004176,0.499578441059629,0.4937592589020297,0.48356983166537737,0.47338040442872503,0.4631909771920727,0.45300154995542036,0.442812122718768,0.3961316375759776,0.3494511524331872,0.30277066729039676,0.2560901821476063
4824,0.06656898268586907,0.07552308595105217,0.09120178120737912,0.10688047646370606,0.12255917172003303,0.13823786697635998,0.1539165622326869,0.2257448489433112,0.29757313565393556,0.36940142236455986,0.44122970907518416,0.4271966781704077,0.4182425749052246,0.4025638796488976,0.3868851843925707,0.3712064891362437,0.35552779387991673,0.3398490986235898,0.2680208119129655,0.19619252520234115,0.12436423849171685,0.05253595178109255
4825,0.056639086305014866,0.06425753272192815,0.07759748382143074,0.09093743492093335,0.10427738602043597,0.11761733711993858,0.1309572882194412,0.19207116387144205,0.25318503952344296,0.31429891517544384,0.3754127908274448,0.3168441383691494,0.3092256919522361,0.2958857408527335,0.28254578975323086,0.26920583865372827,0.2558658875542257,0.24252593645472306,0.1814120608027222,0.1202981851507213,0.05918430949872042,-0.0019295661532805208
4826,0.03392680220936796,0.038490250202461725,0.046480878441028384,0.05447150667959503,0.06246213491816169,0.07045276315672834,0.07844339139529499,0.1150505915949522,0.15165779179460942,0.18826499199426663,0.22487219219392388,0.22601923126692836,0.22145578327383458,0.21346515503526792,0.20547452679670128,0.1974838985581346,0.18949327031956797,0.1815026420810013,0.1448954418813441,0.10828824168168688,0.07168104148202967,0.035073841282372425
4827,0.0236676925723058,0.026851201690074235,0.03242554764354464,0.03799989359701504,0.043574239550485436,0.049148585503955844,0.05472293145742625,0.08026049774238261,0.10579806402733898,0.13133563031229536,0.15687319659725174,0.20284547879051973,0.1996619696727513,0.1940876237192809,0.1885132777658105,0.1829389318123401,0.17736458585886972,0.17179023990539932,0.14625267362044297,0.12071510733548661,0.09517754105053022,0.06963997476557385
4828,0.02469635730095266,0.028018230711428102,0.03383485347536883,0.03965147623930954,0.04546809900325027,0.051284721767191,0.05710134453113172,0.08374884553458932,0.11039634653804692,0.1370438475415045,0.16369134854496212,0.2086410790622131,0.20531920565173767,0.19950258288779693,0.19368596012385622,0.18786933735991548,0.18205271459597477,0.17623609183203404,0.14958859082857645,0.12294108982511885,0.09629358882166127,0.06964608781820365
4829,0.018530992112733714,0.02102357064238779,0.025388092472381524,0.02975261430237525,0.03411713613236898,0.03848165796236271,0.04284617979235644,0.06284121893523797,0.08283625807811949,0.10283129722100104,0.12282633636388257,0.23076451461001737,0.2282719360803633,0.22390741425036959,0.21954289242037586,0.21517837059038214,0.21081384876038842,0.2064493269303947,0.18645428778751316,0.16645924864463163,0.1464642095017501,0.12646917035886857
4830,0.022723898938375474,0.025780459658883387,0.031132518111866028,0.036484576564848666,0.0418366350178313,0.04718869347081395,0.05254075192379659,0.0770599598532782,0.10157916778275981,0.12609837571224142,0.15061758364172306,0.3411068640072945,0.3380503032867866,0.33269824483380395,0.3273461863808213,0.32199412792783866,0.316642069474856,0.31129001102187337,0.2867708030923918,0.2622515951629102,0.2377323872334286,0.21321317930394695
4831,0.05954035988303085,0.0675490526604855,0.08157232777140645,0.0955956028823274,0.10961887799324835,0.12364215310416929,0.13766542821509023,0.20190979350324906,0.2661541587914079,0.33039852407956677,0.3946428893677256,0.5323949645104806,0.524386271733026,0.510362996622105,0.4963397215111841,0.48231644640026317,0.4682931712893422,0.4542698961784213,0.3900255308902625,0.32578116560210363,0.2615368003139448,0.19729243502578592
4832,0.09422208070711786,0.10689576455313886,0.129087470513181,0.15127917647322317,0.17347088243326533,0.1956625883933075,0.21785429435334966,0.31952042104539957,0.42118654773744957,0.5228526744294996,0.6245188011215496,0.7630054397344619,0.7503317558884409,0.7281400499283988,0.7059483439683566,0.6837566380083144,0.6615649320482723,0.6393732260882301,0.5377070993961802,0.4360409727041302,0.33437484601208023,0.23270871932003023
4833,0.11060462621291975,0.12548190395938727,0.1515321177130734,0.17758233146675953,0.2036325452204457,0.22968275897413182,0.255732972727818,0.37507595323620807,0.49441893374459817,0.6137619142529884,0.7331048947613785,1.04243040931092,1.0275531315644524,1.0015029178107662,0.9754527040570801,0.949402490303394,0.9233522765497079,0.8973020627960218,0.7779590822876317,0.6586161017792416,0.5392731212708513,0.41993014076246116
4834,0.14593538259187422,0.16556495229609972,0.19993646134515083,0.23430797039420195,0.2686794794432531,0.3030509884923042,0.3374224975413554,0.4948875522726021,0.6523526070038489,0.8098176617350957,0.9672827164663426,1.3368623237393928,1.3172327540351674,1.2828612449861163,1.2484897359370652,1.2141182268880142,1.1797467178389631,1.145375208789912,0.9879101540586653,0.8304450993274186,0.6729800445961718,0.5155149898649249
4835,0.17412844867806587,0.1975502293326846,0.2385619253527876,0.2795736213728906,0.3205853173929936,0.3615970134130966,0.40260870943319965,0.5904942325625675,0.7783797556919354,0.9662652788213034,1.1541508019506714,1.6963697765134498,1.6729479958588311,1.6319362998387281,1.590924603818625,1.549912907798522,1.508901211778419,1.467889515758316,1.2800039926289482,1.0921184694995802,0.9042329463702122,0.7163474232408442
4836,0.20258246617249245,0.22983155799628885,0.277544901707457,0.32525824541862514,0.3729715891297932,0.4206849328409614,0.46839827655212957,0.6869858360383282,0.9055733955245269,1.1241609550107257,1.3427485144969247,1.9211150761464808,1.8938659843226844,1.8461526406115163,1.7984392969003482,1.7507259531891801,1.7030126094780118,1.6552992657668437,1.4367117062806452,1.2181241467944464,0.9995365873082476,0.7809490278220486
4837,0.22682064156334378,0.25732997737244256,0.31075203030808307,0.3641740832437235,0.4175961361793641,0.4710181891150046,0.5244402420506451,0.769180921820084,1.013921601589523,1.2586622813589619,1.5034029611284008,2.0428941262432594,2.0123847904341607,1.9589627374985201,1.9055406845628797,1.852118631627239,1.7986965786915987,1.745274525755958,1.5005338459865192,1.2557931662170803,1.0110524864476413,0.7663118066782024
4838,0.28713168866453304,0.3257533813399477,0.3933802259058238,0.46100707047169975,0.5286339150375757,0.5962607596034519,0.6638876041693279,0.9737042248382178,1.2835208455071077,1.5933374661759976,1.9031540868448875,2.133676930271694,2.095055237596279,2.027428393030403,1.9598015484645268,1.8921747038986507,1.8245478593327746,1.7569210147668985,1.4471043940980086,1.1372877734291187,0.8274711527602288,0.5176545320913388
4839,0.3067951188581142,0.3480617127682659,0.42031979724889373,0.49257788172952155,0.5648359662101494,0.6370940506907772,0.709352135171405,1.040385701701159,1.3714192682309132,1.7024528347606676,2.0334864012904217,2.1612776545091203,2.120011060598969,2.047752976118341,1.975494891637713,1.9032368071570853,1.8309787226764576,1.7587206381958298,1.427687071666076,1.0966535051363218,0.7656199386065674,0.4345863720768133
4840,0.27598175878396375,0.31310368956544515,0.3781044409318533,0.44310519229826134,0.5081059436646694,0.5731066950310776,0.6381074463974856,0.9358932333664804,1.233679020335475,1.53146480730447,1.829250594273465,1.9097257114610804,1.872603780679599,1.8076030293131908,1.7426022779467827,1.6776015265803745,1.6126007752139664,1.5476000238475582,1.2498142368785634,0.9520284499095688,0.6542426629405738,0.35645687597157893
4841,0.2253108014307007,0.2556170506983482,0.3086834977291007,0.36174994475985317,0.4148163917906057,0.46788283882135817,0.5209492858521106,0.7640608400805081,1.0071723943089055,1.2502839485373032,1.4933955027657007,1.6192575536297766,1.588951304362129,1.5358848573313766,1.4828184103006241,1.4297519632698716,1.3766855162391192,1.3236190692083667,1.0805075149799692,0.8373959607515719,0.5942844065231742,0.3511728522947767
4842,0.181071206183045,0.20542684770103406,0.24807374039633354,0.290720633091633,0.3333675257869325,0.376014418482232,0.41866131117753147,0.6140381066158548,0.809414902054178,1.0047916974925013,1.200168492930825,1.489569188741577,1.4652135472235879,1.4225666545282885,1.379919761832989,1.3372728691376894,1.29462597644239,1.2519790837470905,1.0566022883087673,0.8612254928704441,0.6658486974321208,0.4704719019937972
4843,0.1371027565822645,0.15554426178254532,0.18783546186591396,0.22012666194928254,0.2524178620326512,0.2847090621160198,0.3170002621993884,0.464934866444111,0.6128694706888336,0.7608040749335562,0.9087386791782788,1.2544431595756709,1.23600165437539,1.2037104542920214,1.1714192542086528,1.1391280541252842,1.1068368540419156,1.074545653958547,0.9266110497138245,0.7786764454691019,0.6307418412243793,0.48280723697965666
4844,0.12288693681507708,0.1394162914452449,0.16835930297358676,0.19730231450192862,0.22624532603027048,0.25518833755861237,0.28413134908695425,0.4167270081222759,0.5493226671575976,0.6819183261929194,0.8145139852282411,0.965950353268064,0.9494209986378962,0.9204779871095543,0.8915349755812124,0.8625919640528705,0.8336489525245286,0.8047059409961868,0.6721102819608651,0.5395146229255434,0.40691896389022164,0.27432330485489986
4845,0.10407025709033581,0.11806860573895996,0.14257980870966933,0.16709101168037868,0.19160221465108804,0.2161134176217974,0.24062462059250678,0.3529169820306787,0.4652093434688507,0.5775017049070227,0.6897940663451948,0.756275578156249,0.7422772295076249,0.7177660265369155,0.6932548235662062,0.6687436205954969,0.6442324176247876,0.6197212146540781,0.5074288532159061,0.3951364917777342,0.2828441303395622,0.17055176890139007
4846,0.09174496304809825,0.10408545316899447,0.1256937346673304,0.14730201616566632,0.16891029766400223,0.19051857916233816,0.21212686066067407,0.3111201642112374,0.4101134677618008,0.5091067713123641,0.6081000748629275,0.6380177307790044,0.6256772406581081,0.6040689591597722,0.5824606776614363,0.5608523961631003,0.5392441146647644,0.5176358331664285,0.4186425296158651,0.3196492260653017,0.22065592251473837,0.12166261896417502
4847,0.0756798511426919,0.0858594449247251,0.10368398234795255,0.12150851977117999,0.13933305719440744,0.15715759461763487,0.17498213204086233,0.2566410943198301,0.33830005659879786,0.4199590188777657,0.5016179811567335,0.5589042903878931,0.54872469660586,0.5309001591826326,0.5130756217594051,0.4952510843361777,0.4774265469129503,0.45960200948972285,0.37794304721075506,0.2962840849317873,0.21462512265281947,0.13296616037385167
4848,0.06656898268586907,0.07552308595105217,0.09120178120737912,0.10688047646370606,0.12255917172003303,0.13823786697635998,0.1539165622326869,0.2257448489433112,0.29757313565393556,0.36940142236455986,0.44122970907518416,0.4271966781704077,0.4182425749052246,0.4025638796488976,0.3868851843925707,0.3712064891362437,0.35552779387991673,0.3398490986235898,0.2680208119129655,0.19619252520234115,0.12436423849171685,0.05253595178109255
4849,0.056639086305014866,0.06425753272192815,0.07759748382143074,0.09093743492093335,0.10427738602043597,0.11761733711993858,0.1309572882194412,0.19207116387144205,0.25318503952344296,0.31429891517544384,0.3754127908274448,0.3168441383691494,0.3092256919522361,0.2958857408527335,0.28254578975323086,0.26920583865372827,0.2558658875542257,0.24252593645472306,0.1814120608027222,0.1202981851507213,0.05918430949872042,-0.0019295661532805208
4850,0.03392680220936796,0.038490250202461725,0.046480878441028384,0.05447150667959503,0.06246213491816169,0.07045276315672834,0.07844339139529499,0.1150505915949522,0.15165779179460942,0.18826499199426663,0.22487219219392388,0.22601923126692836,0.22145578327383458,0.21346515503526792,0.20547452679670128,0.1974838985581346,0.18949327031956797,0.1815026420810013,0.1448954418813441,0.10828824168168688,0.07168104148202967,0.035073841282372425
4851,0.0236676925723058,0.026851201690074235,0.03242554764354464,0.03799989359701504,0.043574239550485436,0.049148585503955844,0.05472293145742625,0.08026049774238261,0.10579806402733898,0.13133563031229536,0.15687319659725174,0.20284547879051973,0.1996619696727513,0.1940876237192809,0.1885132777658105,0.1829389318123401,0.17736458585886972,0.17179023990539932,0.14625267362044297,0.12071510733548661,0.09517754105053022,0.06963997476557385
4852,0.02469635730095266,0.028018230711428102,0.03383485347536883,0.03965147623930954,0.04546809900325027,0.051284721767191,0.05710134453113172,0.08374884553458932,0.11039634653804692,0.1370438475415045,0.16369134854496212,0.2086410790622131,0.20531920565173767,0.19950258288779693,0.19368596012385622,0.18786933735991548,0.18205271459597477,0.17623609183203404,0.14958859082857645,0.12294108982511885,0.09629358882166127,0.06964608781820365
4853,0.018530992112733714,0.02102357064238779,0.025388092472381524,0.02975261430237525,0.03411713613236898,0.03848165796236271,0.04284617979235644,0.06284121893523797,0.08283625807811949,0.10283129722100104,0.12282633636388257,0.23076451461001737,0.2282719360803633,0.22390741425036959,0.21954289242037586,0.21517837059038214,0.21081384876038842,0.2064493269303947,0.18645428778751316,0.16645924864463163,0.1464642095017501,0.12646917035886857
4854,0.022723898938375474,0.025780459658883387,0.031132518111866028,0.036484576564848666,0.0418366350178313,0.04718869347081395,0.05254075192379659,0.0770599598532782,0.10157916778275981,0.12609837571224142,0.15061758364172306,0.3411068640072945,0.3380503032867866,0.33269824483380395,0.3273461863808213,0.32199412792783866,0.316642069474856,0.31129001102187337,0.2867708030923918,0.2622515951629102,0.2377323872334286,0.21321317930394695
4855,0.05954035988303085,0.0675490526604855,0.08157232777140645,0.0955956028823274,0.10961887799324835,0.12364215310416929,0.13766542821509023,0.20190979350324906,0.2661541587914079,0.33039852407956677,0.3946428893677256,0.5323949645104806,0.524386271733026,0.510362996622105,0.4963397215111841,0.48231644640026317,0.4682931712893422,0.4542698961784213,0.3900255308902625,0.32578116560210363,0.2615368003139448,0.19729243502578592
4856,0.09422208070711786,0.10689576455313886,0.129087470513181,0.15127917647322317,0.17347088243326533,0.1956625883933075,0.21785429435334966,0.31952042104539957,0.42118654773744957,0.5228526744294996,0.6245188011215496,0.7630054397344619,0.7503317558884409,0.7281400499283988,0.7059483439683566,0.6837566380083144,0.6615649320482723,0.6393732260882301,0.5377070993961802,0.4360409727041302,0.33437484601208023,0.23270871932003023
4857,0.11060462621291975,0.12548190395938727,0.1515321177130734,0.17758233146675953,0.2036325452204457,0.22968275897413182,0.255732972727818,0.37507595323620807,0.49441893374459817,0.6137619142529884,0.7331048947613785,1.04243040931092,1.0275531315644524,1.0015029178107662,0.9754527040570801,0.949402490303394,0.9233522765497079,0.8973020627960218,0.7779590822876317,0.6586161017792416,0.5392731212708513,0.41993014076246116
4858,0.14593538259187422,0.16556495229609972,0.19993646134515083,0.23430797039420195,0.2686794794432531,0.3030509884923042,0.3374224975413554,0.4948875522726021,0.6523526070038489,0.8098176617350957,0.9672827164663426,1.3368623237393928,1.3172327540351674,1.2828612449861163,1.2484897359370652,1.2141182268880142,1.1797467178389631,1.145375208789912,0.9879101540586653,0.8304450993274186,0.6729800445961718,0.5155149898649249
4859,0.17412844867806587,0.1975502293326846,0.2385619253527876,0.2795736213728906,0.3205853173929936,0.3615970134130966,0.40260870943319965,0.5904942325625675,0.7783797556919354,0.9662652788213034,1.1541508019506714,1.6963697765134498,1.6729479958588311,1.6319362998387281,1.590924603818625,1.549912907798522,1.508901211778419,1.467889515758316,1.2800039926289482,1.0921184694995802,0.9042329463702122,0.7163474232408442
4860,0.20258246617249245,0.22983155799628885,0.277544901707457,0.32525824541862514,0.3729715891297932,0.4206849328409614,0.46839827655212957,0.6869858360383282,0.9055733955245269,1.1241609550107257,1.3427485144969247,1.9211150761464808,1.8938659843226844,1.8461526406115163,1.7984392969003482,1.7507259531891801,1.7030126094780118,1.6552992657668437,1.4367117062806452,1.2181241467944464,0.9995365873082476,0.7809490278220486
4861,0.22682064156334378,0.25732997737244256,0.31075203030808307,0.3641740832437235,0.4175961361793641,0.4710181891150046,0.5244402420506451,0.769180921820084,1.013921601589523,1.2586622813589619,1.5034029611284008,2.0428941262432594,2.0123847904341607,1.9589627374985201,1.9055406845628797,1.852118631627239,1.7986965786915987,1.745274525755958,1.5005338459865192,1.2557931662170803,1.0110524864476413,0.7663118066782024
4862,0.28713168866453304,0.3257533813399477,0.3933802259058238,0.46100707047169975,0.5286339150375757,0.5962607596034519,0.6638876041693279,0.9737042248382178,1.2835208455071077,1.5933374661759976,1.9031540868448875,2.133676930271694,2.095055237596279,2.027428393030403,1.9598015484645268,1.8921747038986507,1.8245478593327746,1.7569210147668985,1.4471043940980086,1.1372877734291187,0.8274711527602288,0.5176545320913388
4863,0.3067951188581142,0.3480617127682659,0.42031979724889373,0.49257788172952155,0.5648359662101494,0.6370940506907772,0.709352135171405,1.040385701701159,1.3714192682309132,1.7024528347606676,2.0334864012904217,2.1612776545091203,2.120011060598969,2.047752976118341,1.975494891637713,1.9032368071570853,1.8309787226764576,1.7587206381958298,1.427687071666076,1.0966535051363218,0.7656199386065674,0.4345863720768133
4864,0.27598175878396375,0.31310368956544515,0.3781044409318533,0.44310519229826134,0.5081059436646694,0.5731066950310776,0.6381074463974856,0.9358932333664804,1.233679020335475,1.53146480730447,1.829250594273465,1.9097257114610804,1.872603780679599,1.8076030293131908,1.7426022779467827,1.6776015265803745,1.6126007752139664,1.5476000238475582,1.2498142368785634,0.9520284499095688,0.6542426629405738,0.35645687597157893
4865,0.2253108014307007,0.2556170506983482,0.3086834977291007,0.36174994475985317,0.4148163917906057,0.46788283882135817,0.5209492858521106,0.7640608400805081,1.0071723943089055,1.2502839485373032,1.4933955027657007,1.6192575536297766,1.588951304362129,1.5358848573313766,1.4828184103006241,1.4297519632698716,1.3766855162391192,1.3236190692083667,1.0805075149799692,0.8373959607515719,0.5942844065231742,0.3511728522947767
4866,0.181071206183045,0.20542684770103406,0.24807374039633354,0.290720633091633,0.3333675257869325,0.376014418482232,0.41866131117753147,0.6140381066158548,0.809414902054178,1.0047916974925013,1.200168492930825,1.489569188741577,1.4652135472235879,1.4225666545282885,1.379919761832989,1.3372728691376894,1.29462597644239,1.2519790837470905,1.0566022883087673,0.8612254928704441,0.6658486974321208,0.4704719019937972
4867,0.1371027565822645,0.15554426178254532,0.18783546186591396,0.22012666194928254,0.2524178620326512,0.2847090621160198,0.3170002621993884,0.464934866444111,0.6128694706888336,0.7608040749335562,0.9087386791782788,1.2544431595756709,1.23600165437539,1.2037104542920214,1.1714192542086528,1.1391280541252842,1.1068368540419156,1.074545653958547,0.9266110497138245,0.7786764454691019,0.6307418412243793,0.48280723697965666
4868,0.12288693681507708,0.1394162914452449,0.16835930297358676,0.19730231450192862,0.22624532603027048,0.25518833755861237,0.28413134908695425,0.4167270081222759,0.5493226671575976,0.6819183261929194,0.8145139852282411,0.965950353268064,0.9494209986378962,0.9204779871095543,0.8915349755812124,0.8625919640528705,0.8336489525245286,0.8047059409961868,0.6721102819608651,0.5395146229255434,0.40691896389022164,0.27432330485489986
4869,0.10407025709033581,0.11806860573895996,0.14257980870966933,0.16709101168037868,0.19160221465108804,0.2161134176217974,0.24062462059250678,0.3529169820306787,0.4652093434688507,0.5775017049070227,0.6897940663451948,0.756275578156249,0.7422772295076249,0.7177660265369155,0.6932548235662062,0.6687436205954969,0.6442324176247876,0.6197212146540781,0.5074288532159061,0.3951364917777342,0.2828441303395622,0.17055176890139007
4870,0.09174496304809825,0.10408545316899447,0.1256937346673304,0.14730201616566632,0.16891029766400223,0.19051857916233816,0.21212686066067407,0.3111201642112374,0.4101134677618008,0.5091067713123641,0.6081000748629275,0.6380177307790044,0.6256772406581081,0.6040689591597722,0.5824606776614363,0.5608523961631003,0.5392441146647644,0.5176358331664285,0.4186425296158651,0.3196492260653017,0.22065592251473837,0.12166261896417502
4871,0.0756798511426919,0.0858594449247251,0.10368398234795255,0.12150851977117999,0.13933305719440744,0.15715759461763487,0.17498213204086233,0.2566410943198301,0.33830005659879786,0.4199590188777657,0.5016179811567335,0.5589042903878931,0.54872469660586,0.5309001591826326,0.5130756217594051,0.4952510843361777,0.4774265469129503,0.45960200948972285,0.37794304721075506,0.2962840849317873,0.21462512265281947,0.13296616037385167
4872,0.031367184720614005,0.03558634204876214,0.04297411500909338,0.050361887969424625,0.057749660929755864,0.0651374338900871,0.07252520685041834,0.10637056615310214,0.14021592545578596,0.17406128475846977,0.20790664406115364,0.38513873965896495,0.3809195823308168,0.3735318093704856,0.36614403641015436,0.35875626344982314,0.3513684904894919,0.3439807175291607,0.3101353582264769,0.27628999892379313,0.24244463962110932,0.20859928031842545
4873,0.027541528392130105,0.031246101893993974,0.037732835101129916,0.04421956830826585,0.05070630151540179,0.057193034722537735,0.06367976792967367,0.09339722368731823,0.1231146794449628,0.15283213520260736,0.18254959096025195,0.2947264391013124,0.29102186559944854,0.2845351323923126,0.27804839918517665,0.2715616659780407,0.26507493277090477,0.25858819956376883,0.22887074380612427,0.1991532880484797,0.16943583229083514,0.13971837653319055
4874,0.021214760756460276,0.024068329353953997,0.029064947229369295,0.03406156510478459,0.03905818298019989,0.04405480085561519,0.049051418731030486,0.07194225852804301,0.09483309832505553,0.11772393812206808,0.1406147779190806,0.2196416620198345,0.2167880934223408,0.21179147554692548,0.20679485767151018,0.20179823979609487,0.19680162192067957,0.19180500404526427,0.16891416424825173,0.14602332445123922,0.12313248465422667,0.10024164485721414
4875,0.017379901386824617,0.01971764826949346,0.023811058840523276,0.02790446941155309,0.03199787998258291,0.03609129055361272,0.04018470112464254,0.058937707246218926,0.07769071336779533,0.09644371948937172,0.11519672561094813,0.1725522635160582,0.17021451663338938,0.16612110606235955,0.16202769549132973,0.1579342849202999,0.15384087434927007,0.14974746377824025,0.13099445765666387,0.11224145153508747,0.09348844541351108,0.07473543929193467
4876,0.018861538995962508,0.02139857893702769,0.025840952998510806,0.030283327059993915,0.03472570112147703,0.03916807518296014,0.04361044924444325,0.0639621502340575,0.08431385122367176,0.10466555221328604,0.1250172532029003,0.16219714722554288,0.1596601072844777,0.15521773322299456,0.15077535916151147,0.14633298510002835,0.14189061103854522,0.1374482369770621,0.11709653598744785,0.0967448349978336,0.07639313400821932,0.05604143301860505
4877,0.06031042844298219,0.06842270209442457,0.08262734801485494,0.09683199393528533,0.1110366398557157,0.1252412857761461,0.1394459316965765,0.20452120506052845,0.2695964784244804,0.33467175178843245,0.39974702515238447,0.4566317751531136,0.4485195015016712,0.43431485558124083,0.4201102096608105,0.4059055637403801,0.3917009178199497,0.3774962718995193,0.3124209985355673,0.24734572517161535,0.18227045180766333,0.1171951784437113
4878,0.30895518501738617,0.35051232648691727,0.4232791617051753,0.4960459969234333,0.5688128321416914,0.6415796673599494,0.7143465025782075,1.0477107919933368,1.3810750814084662,1.7144393708235957,2.0478036602387255,2.1024107163262697,2.0608535748567385,1.9880867396384805,1.9153199044202225,1.8425530692019643,1.7697862339837063,1.6970193987654483,1.363655109350319,1.0302908199351897,0.6969265305200603,0.3635622411049304
4879,1.1612949269476076,1.3174991271273024,1.5910137359992662,1.8645283448712298,2.1380429537431938,2.4115575626151577,2.685072171487121,3.9381155800368046,5.191158988586489,6.444202397136173,7.697245805685856,8.797592590406415,8.64138839022672,8.367873781354756,8.094359172482793,7.820844563610829,7.547329954738865,7.273815345866902,6.020771937317218,4.767728528767535,3.514685120217851,2.261641711668167
4880,2.8365400828547638,3.218079229059924,3.8861568494030205,4.554234469746118,5.222312090089215,5.890389710432311,6.558467330775408,9.61910918103339,12.679751031291374,15.74039288154936,18.801034731807345,21.40384848736475,21.02230934115959,20.354231720816493,19.686154100473395,19.018076480130297,18.3499988597872,17.6819212394441,14.621279389186117,11.560637538928134,8.499995688670149,5.439353838412163
4881,4.187241305649756,4.750461435119857,5.736663683482037,6.722865931844216,7.709068180206397,8.695270428568575,9.681472676930756,14.199528337297998,18.717583997665233,23.23563965803248,27.75369531839972,32.29130966000392,31.72808953053382,30.74188728217164,29.75568503380946,28.76948278544728,27.7832805370851,26.797078288722922,22.27902262835568,17.760966967988445,13.242911307621199,8.724855647253957
4882,4.1224380187469025,4.6769415462886,5.647880965838258,6.618820385387915,7.5897598049375725,8.56069922448723,9.53163864403689,13.979771212843394,18.427903781649896,22.876036350456406,27.324168919262913,32.91035711924829,32.35585359170659,31.384914172156932,30.413974752607274,29.443035333057615,28.472095913507957,27.501156493958298,23.053023925151795,18.60489135634529,14.15675878753878,9.708626218732274
4883,3.351595880008395,3.8024144805325077,4.591800893015079,5.381187305497649,6.170573717980221,6.959960130462791,7.7493465429453625,11.365736340329079,14.982126137712793,18.59851593509651,22.21490573248023,27.356769827551037,26.905951227026925,26.116564814544354,25.327178402061783,24.537791989579212,23.74840557709664,22.95901916461407,19.34262936723035,15.726239569846637,12.109849772462919,8.493459975079201
4884,2.9910124143164416,3.3933294236000933,4.097789222441407,4.80224902128272,5.506708820124034,6.211168618965348,6.915628417806662,10.142946736074473,13.370265054342282,16.597583372610092,19.82490169087791,24.2284335048095,23.82611649552585,23.121656696684536,22.417196897843223,21.71273709900191,21.008277300160596,20.303817501319283,17.076499183051475,13.849180864783666,10.621862546515855,7.394544228248039
4885,2.7047846416677372,3.0686015427890947,3.7056473923676854,4.342693241946275,4.979739091524866,5.6167849411034565,6.253830790682048,9.172307818474215,12.090784846266383,15.009261874058554,17.92773890185072,22.802692522038395,22.438875620917038,21.801829771338447,21.164783921759856,20.527738072181265,19.890692222602674,19.253646373024083,16.335169345231915,13.416692317439747,10.498215289647575,7.579738261855409
4886,2.20733046474823,2.5042354815337093,3.0241181699939683,3.544000858454227,4.063883546914486,4.583766235374744,5.103648923835004,7.485370246439614,9.867091569044224,12.248812891648836,14.630534214253444,19.724931122724897,19.428026105939416,18.908143417479156,18.388260729018896,17.868378040558635,17.348495352098375,16.828612663638115,14.446891341033504,12.065170018428894,9.683448695824282,7.3017273732196735
4887,1.677916042855984,1.903610246250039,2.298802319798513,2.693994393346985,3.0891864668954585,3.484378540443932,3.879570613992405,5.690050956937462,7.500531299882518,9.311011642827577,11.121491985772634,14.871256559632515,14.645562356238461,14.250370282689987,13.855178209141515,13.459986135593041,13.064794062044568,12.669601988496094,10.859121645551037,9.04864130260598,7.238160959660921,5.427680616715864
4888,1.1172675321315855,1.2675496673528908,1.5306947005095728,1.7938397336662546,2.0569847668229366,2.3201297999796187,2.583274833136301,3.7888124482913326,4.9943500634463645,6.199887678601396,7.405425293756428,10.033161309414842,9.882879174193537,9.619734141036854,9.356589107880172,9.09344407472349,8.830299041566807,8.567154008410125,7.361616393255093,6.156078778100062,4.95054116294503,3.745003547789998
4889,0.6682540838903488,0.7581400312657272,0.9155309318380566,1.0729218324103855,1.2303127329827148,1.3877036335550441,1.5450945341273732,2.2661442482220826,2.987193962316792,3.7082436764115014,4.429293390506211,6.0734388854665,5.983552938091121,5.826162037518792,5.668771136946463,5.5113802363741335,5.3539893358018045,5.196598435229475,4.475548721134766,3.7544990070400566,3.033449292945347,2.3123995788506377
4890,0.4397550001969972,0.4989058467966161,0.6024793784527985,0.7060529101089809,0.8096264417651632,0.9131999734213457,1.016773505077528,1.4912714914090162,1.9657694777405041,2.4402674640719924,2.9147654504034803,3.6846018562989733,3.625451009699354,3.5218774780431716,3.418303946386989,3.314730414730807,3.2111568830746244,3.1075833514184423,2.633085365086954,2.158587378755466,1.6840893924239777,1.2095914060924897
4891,0.286284866305672,0.32479265405806435,0.39222005033488544,0.4596474466117065,0.5270748428885276,0.5945022391653487,0.6619296354421698,0.9708325302776295,1.2797354251130895,1.5886383199485492,1.8975412147840094,2.22844041223525,2.1899326244828576,2.1225052282060366,2.0550778319292156,1.9876504356523945,1.9202230393755735,1.8527956430987524,1.5438927482632927,1.2349898534278327,0.926086958592373,0.6171840637569128
4892,0.1600000684787465,0.18152145994052682,0.21920556165659857,0.25688966337267033,0.2945737650887421,0.33225786680481384,0.3699419685208856,0.5425828942000834,0.7152238198792811,0.887864745558479,1.0605056712376768,1.3303544742870113,1.308833082825231,1.2711489811091592,1.2334648793930874,1.1957807776770155,1.1580966759609437,1.1204125742448718,0.947771648565674,0.7751307228864763,0.6024897972072784,0.4298488715280806
4893,0.0966650333943288,0.10966731548161278,0.1324343991801003,0.15520148287858784,0.17796856657707538,0.20073565027556292,0.2235027339740505,0.3278048196211218,0.432106905268193,0.5364089909152644,0.6407110765623357,0.8750441895076194,0.8620419074203355,0.8392748237218479,0.8165077400233604,0.7937406563248728,0.7709735726263852,0.7482064889278977,0.6439044032808263,0.5396023176337551,0.4353002319866837,0.3309981463396124
4894,0.060485888935644626,0.06862176353916513,0.08286773488598757,0.09711370623281,0.11135967757963244,0.1256056489264549,0.13985162027327736,0.2051162164429092,0.27038081261254104,0.33564540878217297,0.40091000495180484,0.6530761972950729,0.6449403226915524,0.63069435134473,0.6164483799979075,0.602202408651085,0.5879564373042625,0.57371046595744,0.5084458697878081,0.4431812736181763,0.37791667744854435,0.3126520812789125
4895,0.04326251605801909,0.04908169821561838,0.059271125452270715,0.06946055268892304,0.07964997992557539,0.08983940716222773,0.10002883439888008,0.1467093195416705,0.19338980468446088,0.24007028982725132,0.28675077497004176,0.499578441059629,0.4937592589020297,0.48356983166537737,0.47338040442872503,0.4631909771920727,0.45300154995542036,0.442812122718768,0.3961316375759776,0.3494511524331872,0.30277066729039676,0.2560901821476063
4896,0.031367184720614005,0.03558634204876214,0.04297411500909338,0.050361887969424625,0.057749660929755864,0.0651374338900871,0.07252520685041834,0.10637056615310214,0.14021592545578596,0.17406128475846977,0.20790664406115364,0.38513873965896495,0.3809195823308168,0.3735318093704856,0.36614403641015436,0.35875626344982314,0.3513684904894919,0.3439807175291607,0.3101353582264769,0.27628999892379313,0.24244463962110932,0.20859928031842545
4897,0.027541528392130105,0.031246101893993974,0.037732835101129916,0.04421956830826585,0.05070630151540179,0.057193034722537735,0.06367976792967367,0.09339722368731823,0.1231146794449628,0.15283213520260736,0.18254959096025195,0.2947264391013124,0.29102186559944854,0.2845351323923126,0.27804839918517665,0.2715616659780407,0.26507493277090477,0.25858819956376883,0.22887074380612427,0.1991532880484797,0.16943583229083514,0.13971837653319055
4898,0.021214760756460276,0.024068329353953997,0.029064947229369295,0.03406156510478459,0.03905818298019989,0.04405480085561519,0.049051418731030486,0.07194225852804301,0.09483309832505553,0.11772393812206808,0.1406147779190806,0.2196416620198345,0.2167880934223408,0.21179147554692548,0.20679485767151018,0.20179823979609487,0.19680162192067957,0.19180500404526427,0.16891416424825173,0.14602332445123922,0.12313248465422667,0.10024164485721414
4899,0.017379901386824617,0.01971764826949346,0.023811058840523276,0.02790446941155309,0.03199787998258291,0.03609129055361272,0.04018470112464254,0.058937707246218926,0.07769071336779533,0.09644371948937172,0.11519672561094813,0.1725522635160582,0.17021451663338938,0.16612110606235955,0.16202769549132973,0.1579342849202999,0.15384087434927007,0.14974746377824025,0.13099445765666387,0.11224145153508747,0.09348844541351108,0.07473543929193467
4900,0.018861538995962508,0.02139857893702769,0.025840952998510806,0.030283327059993915,0.03472570112147703,0.03916807518296014,0.04361044924444325,0.0639621502340575,0.08431385122367176,0.10466555221328604,0.1250172532029003,0.16219714722554288,0.1596601072844777,0.15521773322299456,0.15077535916151147,0.14633298510002835,0.14189061103854522,0.1374482369770621,0.11709653598744785,0.0967448349978336,0.07639313400821932,0.05604143301860505
4901,0.06031042844298219,0.06842270209442457,0.08262734801485494,0.09683199393528533,0.1110366398557157,0.1252412857761461,0.1394459316965765,0.20452120506052845,0.2695964784244804,0.33467175178843245,0.39974702515238447,0.4566317751531136,0.4485195015016712,0.43431485558124083,0.4201102096608105,0.4059055637403801,0.3917009178199497,0.3774962718995193,0.3124209985355673,0.24734572517161535,0.18227045180766333,0.1171951784437113
4902,0.30895518501738617,0.35051232648691727,0.4232791617051753,0.4960459969234333,0.5688128321416914,0.6415796673599494,0.7143465025782075,1.0477107919933368,1.3810750814084662,1.7144393708235957,2.0478036602387255,2.1024107163262697,2.0608535748567385,1.9880867396384805,1.9153199044202225,1.8425530692019643,1.7697862339837063,1.6970193987654483,1.363655109350319,1.0302908199351897,0.6969265305200603,0.3635622411049304
4903,1.1612949269476076,1.3174991271273024,1.5910137359992662,1.8645283448712298,2.1380429537431938,2.4115575626151577,2.685072171487121,3.9381155800368046,5.191158988586489,6.444202397136173,7.697245805685856,8.797592590406415,8.64138839022672,8.367873781354756,8.094359172482793,7.820844563610829,7.547329954738865,7.273815345866902,6.020771937317218,4.767728528767535,3.514685120217851,2.261641711668167
4904,2.8365400828547638,3.218079229059924,3.8861568494030205,4.554234469746118,5.222312090089215,5.890389710432311,6.558467330775408,9.61910918103339,12.679751031291374,15.74039288154936,18.801034731807345,21.40384848736475,21.02230934115959,20.354231720816493,19.686154100473395,19.018076480130297,18.3499988597872,17.6819212394441,14.621279389186117,11.560637538928134,8.499995688670149,5.439353838412163
4905,4.187241305649756,4.750461435119857,5.736663683482037,6.722865931844216,7.709068180206397,8.695270428568575,9.681472676930756,14.199528337297998,18.717583997665233,23.23563965803248,27.75369531839972,32.29130966000392,31.72808953053382,30.74188728217164,29.75568503380946,28.76948278544728,27.7832805370851,26.797078288722922,22.27902262835568,17.760966967988445,13.242911307621199,8.724855647253957
4906,4.1224380187469025,4.6769415462886,5.647880965838258,6.618820385387915,7.5897598049375725,8.56069922448723,9.53163864403689,13.979771212843394,18.427903781649896,22.876036350456406,27.324168919262913,32.91035711924829,32.35585359170659,31.384914172156932,30.413974752607274,29.443035333057615,28.472095913507957,27.501156493958298,23.053023925151795,18.60489135634529,14.15675878753878,9.708626218732274
4907,3.351595880008395,3.8024144805325077,4.591800893015079,5.381187305497649,6.170573717980221,6.959960130462791,7.7493465429453625,11.365736340329079,14.982126137712793,18.59851593509651,22.21490573248023,27.356769827551037,26.905951227026925,26.116564814544354,25.327178402061783,24.537791989579212,23.74840557709664,22.95901916461407,19.34262936723035,15.726239569846637,12.109849772462919,8.493459975079201
4908,2.9910124143164416,3.3933294236000933,4.097789222441407,4.80224902128272,5.506708820124034,6.211168618965348,6.915628417806662,10.142946736074473,13.370265054342282,16.597583372610092,19.82490169087791,24.2284335048095,23.82611649552585,23.121656696684536,22.417196897843223,21.71273709900191,21.008277300160596,20.303817501319283,17.076499183051475,13.849180864783666,10.621862546515855,7.394544228248039
4909,2.7047846416677372,3.0686015427890947,3.7056473923676854,4.342693241946275,4.979739091524866,5.6167849411034565,6.253830790682048,9.172307818474215,12.090784846266383,15.009261874058554,17.92773890185072,22.802692522038395,22.438875620917038,21.801829771338447,21.164783921759856,20.527738072181265,19.890692222602674,19.253646373024083,16.335169345231915,13.416692317439747,10.498215289647575,7.579738261855409
4910,2.20733046474823,2.5042354815337093,3.0241181699939683,3.544000858454227,4.063883546914486,4.583766235374744,5.103648923835004,7.485370246439614,9.867091569044224,12.248812891648836,14.630534214253444,19.724931122724897,19.428026105939416,18.908143417479156,18.388260729018896,17.868378040558635,17.348495352098375,16.828612663638115,14.446891341033504,12.065170018428894,9.683448695824282,7.3017273732196735
4911,1.677916042855984,1.903610246250039,2.298802319798513,2.693994393346985,3.0891864668954585,3.484378540443932,3.879570613992405,5.690050956937462,7.500531299882518,9.311011642827577,11.121491985772634,14.871256559632515,14.645562356238461,14.250370282689987,13.855178209141515,13.459986135593041,13.064794062044568,12.669601988496094,10.859121645551037,9.04864130260598,7.238160959660921,5.427680616715864
4912,1.1172675321315855,1.2675496673528908,1.5306947005095728,1.7938397336662546,2.0569847668229366,2.3201297999796187,2.583274833136301,3.7888124482913326,4.9943500634463645,6.199887678601396,7.405425293756428,10.033161309414842,9.882879174193537,9.619734141036854,9.356589107880172,9.09344407472349,8.830299041566807,8.567154008410125,7.361616393255093,6.156078778100062,4.95054116294503,3.745003547789998
4913,0.6682540838903488,0.7581400312657272,0.9155309318380566,1.0729218324103855,1.2303127329827148,1.3877036335550441,1.5450945341273732,2.2661442482220826,2.987193962316792,3.7082436764115014,4.429293390506211,6.0734388854665,5.983552938091121,5.826162037518792,5.668771136946463,5.5113802363741335,5.3539893358018045,5.196598435229475,4.475548721134766,3.7544990070400566,3.033449292945347,2.3123995788506377
4914,0.4397550001969972,0.4989058467966161,0.6024793784527985,0.7060529101089809,0.8096264417651632,0.9131999734213457,1.016773505077528,1.4912714914090162,1.9657694777405041,2.4402674640719924,2.9147654504034803,3.6846018562989733,3.625451009699354,3.5218774780431716,3.418303946386989,3.314730414730807,3.2111568830746244,3.1075833514184423,2.633085365086954,2.158587378755466,1.6840893924239777,1.2095914060924897
4915,0.286284866305672,0.32479265405806435,0.39222005033488544,0.4596474466117065,0.5270748428885276,0.5945022391653487,0.6619296354421698,0.9708325302776295,1.2797354251130895,1.5886383199485492,1.8975412147840094,2.22844041223525,2.1899326244828576,2.1225052282060366,2.0550778319292156,1.9876504356523945,1.9202230393755735,1.8527956430987524,1.5438927482632927,1.2349898534278327,0.926086958592373,0.6171840637569128
4916,0.1600000684787465,0.18152145994052682,0.21920556165659857,0.25688966337267033,0.2945737650887421,0.33225786680481384,0.3699419685208856,0.5425828942000834,0.7152238198792811,0.887864745558479,1.0605056712376768,1.3303544742870113,1.308833082825231,1.2711489811091592,1.2334648793930874,1.1957807776770155,1.1580966759609437,1.1204125742448718,0.947771648565674,0.7751307228864763,0.6024897972072784,0.4298488715280806
4917,0.0966650333943288,0.10966731548161278,0.1324343991801003,0.15520148287858784,0.17796856657707538,0.20073565027556292,0.2235027339740505,0.3278048196211218,0.432106905268193,0.5364089909152644,0.6407110765623357,0.8750441895076194,0.8620419074203355,0.8392748237218479,0.8165077400233604,0.7937406563248728,0.7709735726263852,0.7482064889278977,0.6439044032808263,0.5396023176337551,0.4353002319866837,0.3309981463396124
4918,0.060485888935644626,0.06862176353916513,0.08286773488598757,0.09711370623281,0.11135967757963244,0.1256056489264549,0.13985162027327736,0.2051162164429092,0.27038081261254104,0.33564540878217297,0.40091000495180484,0.6530761972950729,0.6449403226915524,0.63069435134473,0.6164483799979075,0.602202408651085,0.5879564373042625,0.57371046595744,0.5084458697878081,0.4431812736181763,0.37791667744854435,0.3126520812789125
4919,0.04326251605801909,0.04908169821561838,0.059271125452270715,0.06946055268892304,0.07964997992557539,0.08983940716222773,0.10002883439888008,0.1467093195416705,0.19338980468446088,0.24007028982725132,0.28675077497004176,0.499578441059629,0.4937592589020297,0.48356983166537737,0.47338040442872503,0.4631909771920727,0.45300154995542036,0.442812122718768,0.3961316375759776,0.3494511524331872,0.30277066729039676,0.2560901821476063
4920,0.031367184720614005,0.03558634204876214,0.04297411500909338,0.050361887969424625,0.057749660929755864,0.0651374338900871,0.07252520685041834,0.10637056615310214,0.14021592545578596,0.17406128475846977,0.20790664406115364,0.38513873965896495,0.3809195823308168,0.3735318093704856,0.36614403641015436,0.35875626344982314,0.3513684904894919,0.3439807175291607,0.3101353582264769,0.27628999892379313,0.24244463962110932,0.20859928031842545
4921,0.027541528392130105,0.031246101893993974,0.037732835101129916,0.04421956830826585,0.05070630151540179,0.057193034722537735,0.06367976792967367,0.09339722368731823,0.1231146794449628,0.15283213520260736,0.18254959096025195,0.2947264391013124,0.29102186559944854,0.2845351323923126,0.27804839918517665,0.2715616659780407,0.26507493277090477,0.25858819956376883,0.22887074380612427,0.1991532880484797,0.16943583229083514,0.13971837653319055
4922,0.021214760756460276,0.024068329353953997,0.029064947229369295,0.03406156510478459,0.03905818298019989,0.04405480085561519,0.049051418731030486,0.07194225852804301,0.09483309832505553,0.11772393812206808,0.1406147779190806,0.2196416620198345,0.2167880934223408,0.21179147554692548,0.20679485767151018,0.20179823979609487,0.19680162192067957,0.19180500404526427,0.16891416424825173,0.14602332445123922,0.12313248465422667,0.10024164485721414
4923,0.017379901386824617,0.01971764826949346,0.023811058840523276,0.02790446941155309,0.03199787998258291,0.03609129055361272,0.04018470112464254,0.058937707246218926,0.07769071336779533,0.09644371948937172,0.11519672561094813,0.1725522635160582,0.17021451663338938,0.16612110606235955,0.16202769549132973,0.1579342849202999,0.15384087434927007,0.14974746377824025,0.13099445765666387,0.11224145153508747,0.09348844541351108,0.07473543929193467
4924,0.018861538995962508,0.02139857893702769,0.025840952998510806,0.030283327059993915,0.03472570112147703,0.03916807518296014,0.04361044924444325,0.0639621502340575,0.08431385122367176,0.10466555221328604,0.1250172532029003,0.16219714722554288,0.1596601072844777,0.15521773322299456,0.15077535916151147,0.14633298510002835,0.14189061103854522,0.1374482369770621,0.11709653598744785,0.0967448349978336,0.07639313400821932,0.05604143301860505
4925,0.06031042844298219,0.06842270209442457,0.08262734801485494,0.09683199393528533,0.1110366398557157,0.1252412857761461,0.1394459316965765,0.20452120506052845,0.2695964784244804,0.33467175178843245,0.39974702515238447,0.4566317751531136,0.4485195015016712,0.43431485558124083,0.4201102096608105,0.4059055637403801,0.3917009178199497,0.3774962718995193,0.3124209985355673,0.24734572517161535,0.18227045180766333,0.1171951784437113
4926,0.30895518501738617,0.35051232648691727,0.4232791617051753,0.4960459969234333,0.5688128321416914,0.6415796673599494,0.7143465025782075,1.0477107919933368,1.3810750814084662,1.7144393708235957,2.0478036602387255,2.1024107163262697,2.0608535748567385,1.9880867396384805,1.9153199044202225,1.8425530692019643,1.7697862339837063,1.6970193987654483,1.363655109350319,1.0302908199351897,0.6969265305200603,0.3635622411049304
4927,1.1612949269476076,1.3174991271273024,1.5910137359992662,1.8645283448712298,2.1380429537431938,2.4115575626151577,2.685072171487121,3.9381155800368046,5.191158988586489,6.444202397136173,7.697245805685856,8.797592590406415,8.64138839022672,8.367873781354756,8.094359172482793,7.820844563610829,7.547329954738865,7.273815345866902,6.020771937317218,4.767728528767535,3.514685120217851,2.261641711668167
4928,2.8365400828547638,3.218079229059924,3.8861568494030205,4.554234469746118,5.222312090089215,5.890389710432311,6.558467330775408,9.61910918103339,12.679751031291374,15.74039288154936,18.801034731807345,21.40384848736475,21.02230934115959,20.354231720816493,19.686154100473395,19.018076480130297,18.3499988597872,17.6819212394441,14.621279389186117,11.560637538928134,8.499995688670149,5.439353838412163
4929,4.187241305649756,4.750461435119857,5.736663683482037,6.722865931844216,7.709068180206397,8.695270428568575,9.681472676930756,14.199528337297998,18.717583997665233,23.23563965803248,27.75369531839972,32.29130966000392,31.72808953053382,30.74188728217164,29.75568503380946,28.76948278544728,27.7832805370851,26.797078288722922,22.27902262835568,17.760966967988445,13.242911307621199,8.724855647253957
4930,4.1224380187469025,4.6769415462886,5.647880965838258,6.618820385387915,7.5897598049375725,8.56069922448723,9.53163864403689,13.979771212843394,18.427903781649896,22.876036350456406,27.324168919262913,32.91035711924829,32.35585359170659,31.384914172156932,30.413974752607274,29.443035333057615,28.472095913507957,27.501156493958298,23.053023925151795,18.60489135634529,14.15675878753878,9.708626218732274
4931,3.351595880008395,3.8024144805325077,4.591800893015079,5.381187305497649,6.170573717980221,6.959960130462791,7.7493465429453625,11.365736340329079,14.982126137712793,18.59851593509651,22.21490573248023,27.356769827551037,26.905951227026925,26.116564814544354,25.327178402061783,24.537791989579212,23.74840557709664,22.95901916461407,19.34262936723035,15.726239569846637,12.109849772462919,8.493459975079201
4932,2.9910124143164416,3.3933294236000933,4.097789222441407,4.80224902128272,5.506708820124034,6.211168618965348,6.915628417806662,10.142946736074473,13.370265054342282,16.597583372610092,19.82490169087791,24.2284335048095,23.82611649552585,23.121656696684536,22.417196897843223,21.71273709900191,21.008277300160596,20.303817501319283,17.076499183051475,13.849180864783666,10.621862546515855,7.394544228248039
4933,2.7047846416677372,3.0686015427890947,3.7056473923676854,4.342693241946275,4.979739091524866,5.6167849411034565,6.253830790682048,9.172307818474215,12.090784846266383,15.009261874058554,17.92773890185072,22.802692522038395,22.438875620917038,21.801829771338447,21.164783921759856,20.527738072181265,19.890692222602674,19.253646373024083,16.335169345231915,13.416692317439747,10.498215289647575,7.579738261855409
4934,2.20733046474823,2.5042354815337093,3.0241181699939683,3.544000858454227,4.063883546914486,4.583766235374744,5.103648923835004,7.485370246439614,9.867091569044224,12.248812891648836,14.630534214253444,19.724931122724897,19.428026105939416,18.908143417479156,18.388260729018896,17.868378040558635,17.348495352098375,16.828612663638115,14.446891341033504,12.065170018428894,9.683448695824282,7.3017273732196735
4935,1.677916042855984,1.903610246250039,2.298802319798513,2.693994393346985,3.0891864668954585,3.484378540443932,3.879570613992405,5.690050956937462,7.500531299882518,9.311011642827577,11.121491985772634,14.871256559632515,14.645562356238461,14.250370282689987,13.855178209141515,13.459986135593041,13.064794062044568,12.669601988496094,10.859121645551037,9.04864130260598,7.238160959660921,5.427680616715864
4936,1.1172675321315855,1.2675496673528908,1.5306947005095728,1.7938397336662546,2.0569847668229366,2.3201297999796187,2.583274833136301,3.7888124482913326,4.9943500634463645,6.199887678601396,7.405425293756428,10.033161309414842,9.882879174193537,9.619734141036854,9.356589107880172,9.09344407472349,8.830299041566807,8.567154008410125,7.361616393255093,6.156078778100062,4.95054116294503,3.745003547789998
4937,0.6682540838903488,0.7581400312657272,0.9155309318380566,1.0729218324103855,1.2303127329827148,1.3877036335550441,1.5450945341273732,2.2661442482220826,2.987193962316792,3.7082436764115014,4.429293390506211,6.0734388854665,5.983552938091121,5.826162037518792,5.668771136946463,5.5113802363741335,5.3539893358018045,5.196598435229475,4.475548721134766,3.7544990070400566,3.033449292945347,2.3123995788506377
4938,0.4397550001969972,0.4989058467966161,0.6024793784527985,0.7060529101089809,0.8096264417651632,0.9131999734213457,1.016773505077528,1.4912714914090162,1.9657694777405041,2.4402674640719924,2.9147654504034803,3.6846018562989733,3.625451009699354,3.5218774780431716,3.418303946386989,3.314730414730807,3.2111568830746244,3.1075833514184423,2.633085365086954,2.158587378755466,1.6840893924239777,1.2095914060924897
4939,0.286284866305672,0.32479265405806435,0.39222005033488544,0.4596474466117065,0.5270748428885276,0.5945022391653487,0.6619296354421698,0.9708325302776295,1.2797354251130895,1.5886383199485492,1.8975412147840094,2.22844041223525,2.1899326244828576,2.1225052282060366,2.0550778319292156,1.9876504356523945,1.9202230393755735,1.8527956430987524,1.5438927482632927,1.2349898534278327,0.926086958592373,0.6171840637569128
4940,0.1600000684787465,0.18152145994052682,0.21920556165659857,0.25688966337267033,0.2945737650887421,0.33225786680481384,0.3699419685208856,0.5425828942000834,0.7152238198792811,0.887864745558479,1.0605056712376768,1.3303544742870113,1.308833082825231,1.2711489811091592,1.2334648793930874,1.1957807776770155,1.1580966759609437,1.1204125742448718,0.947771648565674,0.7751307228864763,0.6024897972072784,0.4298488715280806
4941,0.0966650333943288,0.10966731548161278,0.1324343991801003,0.15520148287858784,0.17796856657707538,0.20073565027556292,0.2235027339740505,0.3278048196211218,0.432106905268193,0.5364089909152644,0.6407110765623357,0.8750441895076194,0.8620419074203355,0.8392748237218479,0.8165077400233604,0.7937406563248728,0.7709735726263852,0.7482064889278977,0.6439044032808263,0.5396023176337551,0.4353002319866837,0.3309981463396124
4942,0.060485888935644626,0.06862176353916513,0.08286773488598757,0.09711370623281,0.11135967757963244,0.1256056489264549,0.13985162027327736,0.2051162164429092,0.27038081261254104,0.33564540878217297,0.40091000495180484,0.6530761972950729,0.6449403226915524,0.63069435134473,0.6164483799979075,0.602202408651085,0.5879564373042625,0.57371046595744,0.5084458697878081,0.4431812736181763,0.37791667744854435,0.3126520812789125
4943,0.04326251605801909,0.04908169821561838,0.059271125452270715,0.06946055268892304,0.07964997992557539,0.08983940716222773,0.10002883439888008,0.1467093195416705,0.19338980468446088,0.24007028982725132,0.28675077497004176,0.499578441059629,0.4937592589020297,0.48356983166537737,0.47338040442872503,0.4631909771920727,0.45300154995542036,0.442812122718768,0.3961316375759776,0.3494511524331872,0.30277066729039676,0.2560901821476063
4944,0.031367184720614005,0.03558634204876214,0.04297411500909338,0.050361887969424625,0.057749660929755864,0.0651374338900871,0.07252520685041834,0.10637056615310214,0.14021592545578596,0.17406128475846977,0.20790664406115364,0.38513873965896495,0.3809195823308168,0.3735318093704856,0.36614403641015436,0.35875626344982314,0.3513684904894919,0.3439807175291607,0.3101353582264769,0.27628999892379313,0.24244463962110932,0.20859928031842545
4945,0.027541528392130105,0.031246101893993974,0.037732835101129916,0.04421956830826585,0.05070630151540179,0.057193034722537735,0.06367976792967367,0.09339722368731823,0.1231146794449628,0.15283213520260736,0.18254959096025195,0.2947264391013124,0.29102186559944854,0.2845351323923126,0.27804839918517665,0.2715616659780407,0.26507493277090477,0.25858819956376883,0.22887074380612427,0.1991532880484797,0.16943583229083514,0.13971837653319055
4946,0.021214760756460276,0.024068329353953997,0.029064947229369295,0.03406156510478459,0.03905818298019989,0.04405480085561519,0.049051418731030486,0.07194225852804301,0.09483309832505553,0.11772393812206808,0.1406147779190806,0.2196416620198345,0.2167880934223408,0.21179147554692548,0.20679485767151018,0.20179823979609487,0.19680162192067957,0.19180500404526427,0.16891416424825173,0.14602332445123922,0.12313248465422667,0.10024164485721414
4947,0.017379901386824617,0.01971764826949346,0.023811058840523276,0.02790446941155309,0.03199787998258291,0.03609129055361272,0.04018470112464254,0.058937707246218926,0.07769071336779533,0.09644371948937172,0.11519672561094813,0.1725522635160582,0.17021451663338938,0.16612110606235955,0.16202769549132973,0.1579342849202999,0.15384087434927007,0.14974746377824025,0.13099445765666387,0.11224145153508747,0.09348844541351108,0.07473543929193467
4948,0.018861538995962508,0.02139857893702769,0.025840952998510806,0.030283327059993915,0.03472570112147703,0.03916807518296014,0.04361044924444325,0.0639621502340575,0.08431385122367176,0.10466555221328604,0.1250172532029003,0.16219714722554288,0.1596601072844777,0.15521773322299456,0.15077535916151147,0.14633298510002835,0.14189061103854522,0.1374482369770621,0.11709653598744785,0.0967448349978336,0.07639313400821932,0.05604143301860505
4949,0.06031042844298219,0.06842270209442457,0.08262734801485494,0.09683199393528533,0.1110366398557157,0.1252412857761461,0.1394459316965765,0.20452120506052845,0.2695964784244804,0.33467175178843245,0.39974702515238447,0.4566317751531136,0.4485195015016712,0.43431485558124083,0.4201102096608105,0.4059055637403801,0.3917009178199497,0.3774962718995193,0.3124209985355673,0.24734572517161535,0.18227045180766333,0.1171951784437113
4950,0.30895518501738617,0.35051232648691727,0.4232791617051753,0.4960459969234333,0.5688128321416914,0.6415796673599494,0.7143465025782075,1.0477107919933368,1.3810750814084662,1.7144393708235957,2.0478036602387255,2.1024107163262697,2.0608535748567385,1.9880867396384805,1.9153199044202225,1.8425530692019643,1.7697862339837063,1.6970193987654483,1.363655109350319,1.0302908199351897,0.6969265305200603,0.3635622411049304
4951,1.1612949269476076,1.3174991271273024,1.5910137359992662,1.8645283448712298,2.1380429537431938,2.4115575626151577,2.685072171487121,3.9381155800368046,5.191158988586489,6.444202397136173,7.697245805685856,8.797592590406415,8.64138839022672,8.367873781354756,8.094359172482793,7.820844563610829,7.547329954738865,7.273815345866902,6.020771937317218,4.767728528767535,3.514685120217851,2.261641711668167
4952,2.8365400828547638,3.218079229059924,3.8861568494030205,4.554234469746118,5.222312090089215,5.890389710432311,6.558467330775408,9.61910918103339,12.679751031291374,15.74039288154936,18.801034731807345,21.40384848736475,21.02230934115959,20.354231720816493,19.686154100473395,19.018076480130297,18.3499988597872,17.6819212394441,14.621279389186117,11.560637538928134,8.499995688670149,5.439353838412163
4953,4.187241305649756,4.750461435119857,5.736663683482037,6.722865931844216,7.709068180206397,8.695270428568575,9.681472676930756,14.199528337297998,18.717583997665233,23.23563965803248,27.75369531839972,32.29130966000392,31.72808953053382,30.74188728217164,29.75568503380946,28.76948278544728,27.7832805370851,26.797078288722922,22.27902262835568,17.760966967988445,13.242911307621199,8.724855647253957
4954,4.1224380187469025,4.6769415462886,5.647880965838258,6.618820385387915,7.5897598049375725,8.56069922448723,9.53163864403689,13.979771212843394,18.427903781649896,22.876036350456406,27.324168919262913,32.91035711924829,32.35585359170659,31.384914172156932,30.413974752607274,29.443035333057615,28.472095913507957,27.501156493958298,23.053023925151795,18.60489135634529,14.15675878753878,9.708626218732274
4955,3.351595880008395,3.8024144805325077,4.591800893015079,5.381187305497649,6.170573717980221,6.959960130462791,7.7493465429453625,11.365736340329079,14.982126137712793,18.59851593509651,22.21490573248023,27.356769827551037,26.905951227026925,26.116564814544354,25.327178402061783,24.537791989579212,23.74840557709664,22.95901916461407,19.34262936723035,15.726239569846637,12.109849772462919,8.493459975079201
4956,2.9910124143164416,3.3933294236000933,4.097789222441407,4.80224902128272,5.506708820124034,6.211168618965348,6.915628417806662,10.142946736074473,13.370265054342282,16.597583372610092,19.82490169087791,24.2284335048095,23.82611649552585,23.121656696684536,22.417196897843223,21.71273709900191,21.008277300160596,20.303817501319283,17.076499183051475,13.849180864783666,10.621862546515855,7.394544228248039
4957,2.7047846416677372,3.0686015427890947,3.7056473923676854,4.342693241946275,4.979739091524866,5.6167849411034565,6.253830790682048,9.172307818474215,12.090784846266383,15.009261874058554,17.92773890185072,22.802692522038395,22.438875620917038,21.801829771338447,21.164783921759856,20.527738072181265,19.890692222602674,19.253646373024083,16.335169345231915,13.416692317439747,10.498215289647575,7.579738261855409
4958,2.20733046474823,2.5042354815337093,3.0241181699939683,3.544000858454227,4.063883546914486,4.583766235374744,5.103648923835004,7.485370246439614,9.867091569044224,12.248812891648836,14.630534214253444,19.724931122724897,19.428026105939416,18.908143417479156,18.388260729018896,17.868378040558635,17.348495352098375,16.828612663638115,14.446891341033504,12.065170018428894,9.683448695824282,7.3017273732196735
4959,1.677916042855984,1.903610246250039,2.298802319798513,2.693994393346985,3.0891864668954585,3.484378540443932,3.879570613992405,5.690050956937462,7.500531299882518,9.311011642827577,11.121491985772634,14.871256559632515,14.645562356238461,14.250370282689987,13.855178209141515,13.459986135593041,13.064794062044568,12.669601988496094,10.859121645551037,9.04864130260598,7.238160959660921,5.427680616715864
4960,1.1172675321315855,1.2675496673528908,1.5306947005095728,1.7938397336662546,2.0569847668229366,2.3201297999796187,2.583274833136301,3.7888124482913326,4.9943500634463645,6.199887678601396,7.405425293756428,10.033161309414842,9.882879174193537,9.619734141036854,9.356589107880172,9.09344407472349,8.830299041566807,8.567154008410125,7.361616393255093,6.156078778100062,4.95054116294503,3.745003547789998
4961,0.6682540838903488,0.7581400312657272,0.9155309318380566,1.0729218324103855,1.2303127329827148,1.3877036335550441,1.5450945341273732,2.2661442482220826,2.987193962316792,3.7082436764115014,4.429293390506211,6.0734388854665,5.983552938091121,5.826162037518792,5.668771136946463,5.5113802363741335,5.3539893358018045,5.196598435229475,4.475548721134766,3.7544990070400566,3.033449292945347,2.3123995788506377
4962,0.4397550001969972,0.4989058467966161,0.6024793784527985,0.7060529101089809,0.8096264417651632,0.9131999734213457,1.016773505077528,1.4912714914090162,1.9657694777405041,2.4402674640719924,2.9147654504034803,3.6846018562989733,3.625451009699354,3.5218774780431716,3.418303946386989,3.314730414730807,3.2111568830746244,3.1075833514184423,2.633085365086954,2.158587378755466,1.6840893924239777,1.2095914060924897
4963,0.286284866305672,0.32479265405806435,0.39222005033488544,0.4596474466117065,0.5270748428885276,0.5945022391653487,0.6619296354421698,0.9708325302776295,1.2797354251130895,1.5886383199485492,1.8975412147840094,2.22844041223525,2.1899326244828576,2.1225052282060366,2.0550778319292156,1.9876504356523945,1.9202230393755735,1.8527956430987524,1.5438927482632927,1.2349898534278327,0.926086958592373,0.6171840637569128
4964,0.1600000684787465,0.18152145994052682,0.21920556165659857,0.25688966337267033,0.2945737650887421,0.33225786680481384,0.3699419685208856,0.5425828942000834,0.7152238198792811,0.887864745558479,1.0605056712376768,1.3303544742870113,1.308833082825231,1.2711489811091592,1.2334648793930874,1.1957807776770155,1.1580966759609437,1.1204125742448718,0.947771648565674,0.7751307228864763,0.6024897972072784,0.4298488715280806
4965,0.0966650333943288,0.10966731548161278,0.1324343991801003,0.15520148287858784,0.17796856657707538,0.20073565027556292,0.2235027339740505,0.3278048196211218,0.432106905268193,0.5364089909152644,0.6407110765623357,0.8750441895076194,0.8620419074203355,0.8392748237218479,0.8165077400233604,0.7937406563248728,0.7709735726263852,0.7482064889278977,0.6439044032808263,0.5396023176337551,0.4353002319866837,0.3309981463396124
4966,0.060485888935644626,0.06862176353916513,0.08286773488598757,0.09711370623281,0.11135967757963244,0.1256056489264549,0.13985162027327736,0.2051162164429092,0.27038081261254104,0.33564540878217297,0.40091000495180484,0.6530761972950729,0.6449403226915524,0.63069435134473,0.6164483799979075,0.602202408651085,0.5879564373042625,0.57371046595744,0.5084458697878081,0.4431812736181763,0.37791667744854435,0.3126520812789125
4967,0.04326251605801909,0.04908169821561838,0.059271125452270715,0.06946055268892304,0.07964997992557539,0.08983940716222773,0.10002883439888008,0.1467093195416705,0.19338980468446088,0.24007028982725132,0.28675077497004176,0.499578441059629,0.4937592589020297,0.48356983166537737,0.47338040442872503,0.4631909771920727,0.45300154995542036,0.442812122718768,0.3961316375759776,0.3494511524331872,0.30277066729039676,0.2560901821476063
4968,0.031367184720614005,0.03558634204876214,0.04297411500909338,0.050361887969424625,0.057749660929755864,0.0651374338900871,0.07252520685041834,0.10637056615310214,0.14021592545578596,0.17406128475846977,0.20790664406115364,0.38513873965896495,0.3809195823308168,0.3735318093704856,0.36614403641015436,0.35875626344982314,0.3513684904894919,0.3439807175291607,0.3101353582264769,0.27628999892379313,0.24244463962110932,0.20859928031842545
4969,0.027541528392130105,0.031246101893993974,0.037732835101129916,0.04421956830826585,0.05070630151540179,0.057193034722537735,0.06367976792967367,0.09339722368731823,0.1231146794449628,0.15283213520260736,0.18254959096025195,0.2947264391013124,0.29102186559944854,0.2845351323923126,0.27804839918517665,0.2715616659780407,0.26507493277090477,0.25858819956376883,0.22887074380612427,0.1991532880484797,0.16943583229083514,0.13971837653319055
4970,0.021214760756460276,0.024068329353953997,0.029064947229369295,0.03406156510478459,0.03905818298019989,0.04405480085561519,0.049051418731030486,0.07194225852804301,0.09483309832505553,0.11772393812206808,0.1406147779190806,0.2196416620198345,0.2167880934223408,0.21179147554692548,0.20679485767151018,0.20179823979609487,0.19680162192067957,0.19180500404526427,0.16891416424825173,0.14602332445123922,0.12313248465422667,0.10024164485721414
4971,0.017379901386824617,0.01971764826949346,0.023811058840523276,0.02790446941155309,0.03199787998258291,0.03609129055361272,0.04018470112464254,0.058937707246218926,0.07769071336779533,0.09644371948937172,0.11519672561094813,0.1725522635160582,0.17021451663338938,0.16612110606235955,0.16202769549132973,0.1579342849202999,0.15384087434927007,0.14974746377824025,0.13099445765666387,0.11224145153508747,0.09348844541351108,0.07473543929193467
4972,0.018861538995962508,0.02139857893702769,0.025840952998510806,0.030283327059993915,0.03472570112147703,0.03916807518296014,0.04361044924444325,0.0639621502340575,0.08431385122367176,0.10466555221328604,0.1250172532029003,0.16219714722554288,0.1596601072844777,0.15521773322299456,0.15077535916151147,0.14633298510002835,0.14189061103854522,0.1374482369770621,0.11709653598744785,0.0967448349978336,0.07639313400821932,0.05604143301860505
4973,0.06031042844298219,0.06842270209442457,0.08262734801485494,0.09683199393528533,0.1110366398557157,0.1252412857761461,0.1394459316965765,0.20452120506052845,0.2695964784244804,0.33467175178843245,0.39974702515238447,0.4566317751531136,0.4485195015016712,0.43431485558124083,0.4201102096608105,0.4059055637403801,0.3917009178199497,0.3774962718995193,0.3124209985355673,0.24734572517161535,0.18227045180766333,0.1171951784437113
4974,0.30895518501738617,0.35051232648691727,0.4232791617051753,0.4960459969234333,0.5688128321416914,0.6415796673599494,0.7143465025782075,1.0477107919933368,1.3810750814084662,1.7144393708235957,2.0478036602387255,2.1024107163262697,2.0608535748567385,1.9880867396384805,1.9153199044202225,1.8425530692019643,1.7697862339837063,1.6970193987654483,1.363655109350319,1.0302908199351897,0.6969265305200603,0.3635622411049304
4975,1.1612949269476076,1.3174991271273024,1.5910137359992662,1.8645283448712298,2.1380429537431938,2.4115575626151577,2.685072171487121,3.9381155800368046,5.191158988586489,6.444202397136173,7.697245805685856,8.797592590406415,8.64138839022672,8.367873781354756,8.094359172482793,7.820844563610829,7.547329954738865,7.273815345866902,6.020771937317218,4.767728528767535,3.514685120217851,2.261641711668167
4976,2.8365400828547638,3.218079229059924,3.8861568494030205,4.554234469746118,5.222312090089215,5.890389710432311,6.558467330775408,9.61910918103339,12.679751031291374,15.74039288154936,18.801034731807345,21.40384848736475,21.02230934115959,20.354231720816493,19.686154100473395,19.018076480130297,18.3499988597872,17.6819212394441,14.621279389186117,11.560637538928134,8.499995688670149,5.439353838412163
4977,4.187241305649756,4.750461435119857,5.736663683482037,6.722865931844216,7.709068180206397,8.695270428568575,9.681472676930756,14.199528337297998,18.717583997665233,23.23563965803248,27.75369531839972,32.29130966000392,31.72808953053382,30.74188728217164,29.75568503380946,28.76948278544728,27.7832805370851,26.797078288722922,22.27902262835568,17.760966967988445,13.242911307621199,8.724855647253957
4978,4.1224380187469025,4.6769415462886,5.647880965838258,6.618820385387915,7.5897598049375725,8.56069922448723,9.53163864403689,13.979771212843394,18.427903781649896,22.876036350456406,27.324168919262913,32.91035711924829,32.35585359170659,31.384914172156932,30.413974752607274,29.443035333057615,28.472095913507957,27.501156493958298,23.053023925151795,18.60489135634529,14.15675878753878,9.708626218732274
4979,3.351595880008395,3.8024144805325077,4.591800893015079,5.381187305497649,6.170573717980221,6.959960130462791,7.7493465429453625,11.365736340329079,14.982126137712793,18.59851593509651,22.21490573248023,27.356769827551037,26.905951227026925,26.116564814544354,25.327178402061783,24.537791989579212,23.74840557709664,22.95901916461407,19.34262936723035,15.726239569846637,12.109849772462919,8.493459975079201
4980,2.9910124143164416,3.3933294236000933,4.097789222441407,4.80224902128272,5.506708820124034,6.211168618965348,6.915628417806662,10.142946736074473,13.370265054342282,16.597583372610092,19.82490169087791,24.2284335048095,23.82611649552585,23.121656696684536,22.417196897843223,21.71273709900191,21.008277300160596,20.303817501319283,17.076499183051475,13.849180864783666,10.621862546515855,7.394544228248039
4981,2.7047846416677372,3.0686015427890947,3.7056473923676854,4.342693241946275,4.979739091524866,5.6167849411034565,6.253830790682048,9.172307818474215,12.090784846266383,15.009261874058554,17.92773890185072,22.802692522038395,22.438875620917038,21.801829771338447,21.164783921759856,20.527738072181265,19.890692222602674,19.253646373024083,16.335169345231915,13.416692317439747,10.498215289647575,7.579738261855409
4982,2.20733046474823,2.5042354815337093,3.0241181699939683,3.544000858454227,4.063883546914486,4.583766235374744,5.103648923835004,7.485370246439614,9.867091569044224,12.248812891648836,14.630534214253444,19.724931122724897,19.428026105939416,18.908143417479156,18.388260729018896,17.868378040558635,17.348495352098375,16.828612663638115,14.446891341033504,12.065170018428894,9.683448695824282,7.3017273732196735
4983,1.677916042855984,1.903610246250039,2.298802319798513,2.693994393346985,3.0891864668954585,3.484378540443932,3.879570613992405,5.690050956937462,7.500531299882518,9.311011642827577,11.121491985772634,14.871256559632515,14.645562356238461,14.250370282689987,13.855178209141515,13.459986135593041,13.064794062044568,12.669601988496094,10.859121645551037,9.04864130260598,7.238160959660921,5.427680616715864
4984,1.1172675321315855,1.2675496673528908,1.5306947005095728,1.7938397336662546,2.0569847668229366,2.3201297999796187,2.583274833136301,3.7888124482913326,4.9943500634463645,6.199887678601396,7.405425293756428,10.033161309414842,9.882879174193537,9.619734141036854,9.356589107880172,9.09344407472349,8.830299041566807,8.567154008410125,7.361616393255093,6.156078778100062,4.95054116294503,3.745003547789998
4985,0.6682540838903488,0.7581400312657272,0.9155309318380566,1.0729218324103855,1.2303127329827148,1.3877036335550441,1.5450945341273732,2.2661442482220826,2.987193962316792,3.7082436764115014,4.429293390506211,6.0734388854665,5.983552938091121,5.826162037518792,5.668771136946463,5.5113802363741335,5.3539893358018045,5.196598435229475,4.475548721134766,3.7544990070400566,3.033449292945347,2.3123995788506377
4986,0.4397550001969972,0.4989058467966161,0.6024793784527985,0.7060529101089809,0.8096264417651632,0.9131999734213457,1.016773505077528,1.4912714914090162,1.9657694777405041,2.4402674640719924,2.9147654504034803,3.6846018562989733,3.625451009699354,3.5218774780431716,3.418303946386989,3.314730414730807,3.2111568830746244,3.1075833514184423,2.633085365086954,2.158587378755466,1.6840893924239777,1.2095914060924897
4987,0.286284866305672,0.32479265405806435,0.39222005033488544,0.4596474466117065,0.5270748428885276,0.5945022391653487,0.6619296354421698,0.9708325302776295,1.2797354251130895,1.5886383199485492,1.8975412147840094,2.22844041223525,2.1899326244828576,2.1225052282060366,2.0550778319292156,1.9876504356523945,1.9202230393755735,1.8527956430987524,1.5438927482632927,1.2349898534278327,0.926086958592373,0.6171840637569128
4988,0.1600000684787465,0.18152145994052682,0.21920556165659857,0.25688966337267033,0.2945737650887421,0.33225786680481384,0.3699419685208856,0.5425828942000834,0.7152238198792811,0.887864745558479,1.0605056712376768,1.3303544742870113,1.308833082825231,1.2711489811091592,1.2334648793930874,1.1957807776770155,1.1580966759609437,1.1204125742448718,0.947771648565674,0.7751307228864763,0.6024897972072784,0.4298488715280806
4989,0.0966650333943288,0.10966731548161278,0.1324343991801003,0.15520148287858784,0.17796856657707538,0.20073565027556292,0.2235027339740505,0.3278048196211218,0.432106905268193,0.5364089909152644,0.6407110765623357,0.8750441895076194,0.8620419074203355,0.8392748237218479,0.8165077400233604,0.7937406563248728,0.7709735726263852,0.7482064889278977,0.6439044032808263,0.5396023176337551,0.4353002319866837,0.3309981463396124
4990,0.060485888935644626,0.06862176353916513,0.08286773488598757,0.09711370623281,0.11135967757963244,0.1256056489264549,0.13985162027327736,0.2051162164429092,0.27038081261254104,0.33564540878217297,0.40091000495180484,0.6530761972950729,0.6449403226915524,0.63069435134473,0.6164483799979075,0.602202408651085,0.5879564373042625,0.57371046595744,0.5084458697878081,0.4431812736181763,0.37791667744854435,0.3126520812789125
4991,0.04326251605801909,0.04908169821561838,0.059271125452270715,0.06946055268892304,0.07964997992557539,0.08983940716222773,0.10002883439888008,0.1467093195416705,0.19338980468446088,0.24007028982725132,0.28675077497004176,0.499578441059629,0.4937592589020297,0.48356983166537737,0.47338040442872503,0.4631909771920727,0.45300154995542036,0.442812122718768,0.3961316375759776,0.3494511524331872,0.30277066729039676,0.2560901821476063
4992,0.06656898268586907,0.07552308595105217,0.09120178120737912,0.10688047646370606,0.12255917172003303,0.13823786697635998,0.1539165622326869,0.2257448489433112,0.29757313565393556,0.36940142236455986,0.44122970907518416,0.4271966781704077,0.4182425749052246,0.4025638796488976,0.3868851843925707,0.3712064891362437,0.35552779387991673,0.3398490986235898,0.2680208119129655,0.19619252520234115,0.12436423849171685,0.05253595178109255
4993,0.056639086305014866,0.06425753272192815,0.07759748382143074,0.09093743492093335,0.10427738602043597,0.11761733711993858,0.1309572882194412,0.19207116387144205,0.25318503952344296,0.31429891517544384,0.3754127908274448,0.3168441383691494,0.3092256919522361,0.2958857408527335,0.28254578975323086,0.26920583865372827,0.2558658875542257,0.24252593645472306,0.1814120608027222,0.1202981851507213,0.05918430949872042,-0.0019295661532805208
4994,0.03392680220936796,0.038490250202461725,0.046480878441028384,0.05447150667959503,0.06246213491816169,0.07045276315672834,0.07844339139529499,0.1150505915949522,0.15165779179460942,0.18826499199426663,0.22487219219392388,0.22601923126692836,0.22145578327383458,0.21346515503526792,0.20547452679670128,0.1974838985581346,0.18949327031956797,0.1815026420810013,0.1448954418813441,0.10828824168168688,0.07168104148202967,0.035073841282372425
4995,0.0236676925723058,0.026851201690074235,0.03242554764354464,0.03799989359701504,0.043574239550485436,0.049148585503955844,0.05472293145742625,0.08026049774238261,0.10579806402733898,0.13133563031229536,0.15687319659725174,0.20284547879051973,0.1996619696727513,0.1940876237192809,0.1885132777658105,0.1829389318123401,0.17736458585886972,0.17179023990539932,0.14625267362044297,0.12071510733548661,0.09517754105053022,0.06963997476557385
4996,0.02469635730095266,0.028018230711428102,0.03383485347536883,0.03965147623930954,0.04546809900325027,0.051284721767191,0.05710134453113172,0.08374884553458932,0.11039634653804692,0.1370438475415045,0.16369134854496212,0.2086410790622131,0.20531920565173767,0.19950258288779693,0.19368596012385622,0.18786933735991548,0.18205271459597477,0.17623609183203404,0.14958859082857645,0.12294108982511885,0.09629358882166127,0.06964608781820365
4997,0.018530992112733714,0.02102357064238779,0.025388092472381524,0.02975261430237525,0.03411713613236898,0.03848165796236271,0.04284617979235644,0.06284121893523797,0.08283625807811949,0.10283129722100104,0.12282633636388257,0.23076451461001737,0.2282719360803633,0.22390741425036959,0.21954289242037586,0.21517837059038214,0.21081384876038842,0.2064493269303947,0.18645428778751316,0.16645924864463163,0.1464642095017501,0.12646917035886857
4998,0.022723898938375474,0.025780459658883387,0.031132518111866028,0.036484576564848666,0.0418366350178313,0.04718869347081395,0.05254075192379659,0.0770599598532782,0.10157916778275981,0.12609837571224142,0.15061758364172306,0.3411068640072945,0.3380503032867866,0.33269824483380395,0.3273461863808213,0.32199412792783866,0.316642069474856,0.31129001102187337,0.2867708030923918,0.2622515951629102,0.2377323872334286,0.21321317930394695
4999,0.05954035988303085,0.0675490526604855,0.08157232777140645,0.0955956028823274,0.10961887799324835,0.12364215310416929,0.13766542821509023,0.20190979350324906,0.2661541587914079,0.33039852407956677,0.3946428893677256,0.5323949645104806,0.524386271733026,0.510362996622105,0.4963397215111841,0.48231644640026317,0.4682931712893422,0.4542698961784213,0.3900255308902625,0.32578116560210363,0.2615368003139448,0.19729243502578592
5000,0.09422208070711786,0.10689576455313886,0.129087470513181,0.15127917647322317,0.17347088243326533,0.1956625883933075,0.21785429435334966,0.31952042104539957,0.42118654773744957,0.5228526744294996,0.6245188011215496,0.7630054397344619,0.7503317558884409,0.7281400499283988,0.7059483439683566,0.6837566380083144,0.6615649320482723,0.6393732260882301,0.5377070993961802,0.4360409727041302,0.33437484601208023,0.23270871932003023
5001,0.11060462621291975,0.12548190395938727,0.1515321177130734,0.17758233146675953,0.2036325452204457,0.22968275897413182,0.255732972727818,0.37507595323620807,0.49441893374459817,0.6137619142529884,0.7331048947613785,1.04243040931092,1.0275531315644524,1.0015029178107662,0.9754527040570801,0.949402490303394,0.9233522765497079,0.8973020627960218,0.7779590822876317,0.6586161017792416,0.5392731212708513,0.41993014076246116
5002,0.14593538259187422,0.16556495229609972,0.19993646134515083,0.23430797039420195,0.2686794794432531,0.3030509884923042,0.3374224975413554,0.4948875522726021,0.6523526070038489,0.8098176617350957,0.9672827164663426,1.3368623237393928,1.3172327540351674,1.2828612449861163,1.2484897359370652,1.2141182268880142,1.1797467178389631,1.145375208789912,0.9879101540586653,0.8304450993274186,0.6729800445961718,0.5155149898649249
5003,0.17412844867806587,0.1975502293326846,0.2385619253527876,0.2795736213728906,0.3205853173929936,0.3615970134130966,0.40260870943319965,0.5904942325625675,0.7783797556919354,0.9662652788213034,1.1541508019506714,1.6963697765134498,1.6729479958588311,1.6319362998387281,1.590924603818625,1.549912907798522,1.508901211778419,1.467889515758316,1.2800039926289482,1.0921184694995802,0.9042329463702122,0.7163474232408442
5004,0.20258246617249245,0.22983155799628885,0.277544901707457,0.32525824541862514,0.3729715891297932,0.4206849328409614,0.46839827655212957,0.6869858360383282,0.9055733955245269,1.1241609550107257,1.3427485144969247,1.9211150761464808,1.8938659843226844,1.8461526406115163,1.7984392969003482,1.7507259531891801,1.7030126094780118,1.6552992657668437,1.4367117062806452,1.2181241467944464,0.9995365873082476,0.7809490278220486
5005,0.22682064156334378,0.25732997737244256,0.31075203030808307,0.3641740832437235,0.4175961361793641,0.4710181891150046,0.5244402420506451,0.769180921820084,1.013921601589523,1.2586622813589619,1.5034029611284008,2.0428941262432594,2.0123847904341607,1.9589627374985201,1.9055406845628797,1.852118631627239,1.7986965786915987,1.745274525755958,1.5005338459865192,1.2557931662170803,1.0110524864476413,0.7663118066782024
5006,0.28713168866453304,0.3257533813399477,0.3933802259058238,0.46100707047169975,0.5286339150375757,0.5962607596034519,0.6638876041693279,0.9737042248382178,1.2835208455071077,1.5933374661759976,1.9031540868448875,2.133676930271694,2.095055237596279,2.027428393030403,1.9598015484645268,1.8921747038986507,1.8245478593327746,1.7569210147668985,1.4471043940980086,1.1372877734291187,0.8274711527602288,0.5176545320913388
5007,0.3067951188581142,0.3480617127682659,0.42031979724889373,0.49257788172952155,0.5648359662101494,0.6370940506907772,0.709352135171405,1.040385701701159,1.3714192682309132,1.7024528347606676,2.0334864012904217,2.1612776545091203,2.120011060598969,2.047752976118341,1.975494891637713,1.9032368071570853,1.8309787226764576,1.7587206381958298,1.427687071666076,1.0966535051363218,0.7656199386065674,0.4345863720768133
5008,0.27598175878396375,0.31310368956544515,0.3781044409318533,0.44310519229826134,0.5081059436646694,0.5731066950310776,0.6381074463974856,0.9358932333664804,1.233679020335475,1.53146480730447,1.829250594273465,1.9097257114610804,1.872603780679599,1.8076030293131908,1.7426022779467827,1.6776015265803745,1.6126007752139664,1.5476000238475582,1.2498142368785634,0.9520284499095688,0.6542426629405738,0.35645687597157893
5009,0.2253108014307007,0.2556170506983482,0.3086834977291007,0.36174994475985317,0.4148163917906057,0.46788283882135817,0.5209492858521106,0.7640608400805081,1.0071723943089055,1.2502839485373032,1.4933955027657007,1.6192575536297766,1.588951304362129,1.5358848573313766,1.4828184103006241,1.4297519632698716,1.3766855162391192,1.3236190692083667,1.0805075149799692,0.8373959607515719,0.5942844065231742,0.3511728522947767
5010,0.181071206183045,0.20542684770103406,0.24807374039633354,0.290720633091633,0.3333675257869325,0.376014418482232,0.41866131117753147,0.6140381066158548,0.809414902054178,1.0047916974925013,1.200168492930825,1.489569188741577,1.4652135472235879,1.4225666545282885,1.379919761832989,1.3372728691376894,1.29462597644239,1.2519790837470905,1.0566022883087673,0.8612254928704441,0.6658486974321208,0.4704719019937972
5011,0.1371027565822645,0.15554426178254532,0.18783546186591396,0.22012666194928254,0.2524178620326512,0.2847090621160198,0.3170002621993884,0.464934866444111,0.6128694706888336,0.7608040749335562,0.9087386791782788,1.2544431595756709,1.23600165437539,1.2037104542920214,1.1714192542086528,1.1391280541252842,1.1068368540419156,1.074545653958547,0.9266110497138245,0.7786764454691019,0.6307418412243793,0.48280723697965666
5012,0.12288693681507708,0.1394162914452449,0.16835930297358676,0.19730231450192862,0.22624532603027048,0.25518833755861237,0.28413134908695425,0.4167270081222759,0.5493226671575976,0.6819183261929194,0.8145139852282411,0.965950353268064,0.9494209986378962,0.9204779871095543,0.8915349755812124,0.8625919640528705,0.8336489525245286,0.8047059409961868,0.6721102819608651,0.5395146229255434,0.40691896389022164,0.27432330485489986
5013,0.10407025709033581,0.11806860573895996,0.14257980870966933,0.16709101168037868,0.19160221465108804,0.2161134176217974,0.24062462059250678,0.3529169820306787,0.4652093434688507,0.5775017049070227,0.6897940663451948,0.756275578156249,0.7422772295076249,0.7177660265369155,0.6932548235662062,0.6687436205954969,0.6442324176247876,0.6197212146540781,0.5074288532159061,0.3951364917777342,0.2828441303395622,0.17055176890139007
5014,0.09174496304809825,0.10408545316899447,0.1256937346673304,0.14730201616566632,0.16891029766400223,0.19051857916233816,0.21212686066067407,0.3111201642112374,0.4101134677618008,0.5091067713123641,0.6081000748629275,0.6380177307790044,0.6256772406581081,0.6040689591597722,0.5824606776614363,0.5608523961631003,0.5392441146647644,0.5176358331664285,0.4186425296158651,0.3196492260653017,0.22065592251473837,0.12166261896417502
5015,0.0756798511426919,0.0858594449247251,0.10368398234795255,0.12150851977117999,0.13933305719440744,0.15715759461763487,0.17498213204086233,0.2566410943198301,0.33830005659879786,0.4199590188777657,0.5016179811567335,0.5589042903878931,0.54872469660586,0.5309001591826326,0.5130756217594051,0.4952510843361777,0.4774265469129503,0.45960200948972285,0.37794304721075506,0.2962840849317873,0.21462512265281947,0.13296616037385167
5016,0.06656898268586907,0.07552308595105217,0.09120178120737912,0.10688047646370606,0.12255917172003303,0.13823786697635998,0.1539165622326869,0.2257448489433112,0.29757313565393556,0.36940142236455986,0.44122970907518416,0.4271966781704077,0.4182425749052246,0.4025638796488976,0.3868851843925707,0.3712064891362437,0.35552779387991673,0.3398490986235898,0.2680208119129655,0.19619252520234115,0.12436423849171685,0.05253595178109255
5017,0.056639086305014866,0.06425753272192815,0.07759748382143074,0.09093743492093335,0.10427738602043597,0.11761733711993858,0.1309572882194412,0.19207116387144205,0.25318503952344296,0.31429891517544384,0.3754127908274448,0.3168441383691494,0.3092256919522361,0.2958857408527335,0.28254578975323086,0.26920583865372827,0.2558658875542257,0.24252593645472306,0.1814120608027222,0.1202981851507213,0.05918430949872042,-0.0019295661532805208
5018,0.03392680220936796,0.038490250202461725,0.046480878441028384,0.05447150667959503,0.06246213491816169,0.07045276315672834,0.07844339139529499,0.1150505915949522,0.15165779179460942,0.18826499199426663,0.22487219219392388,0.22601923126692836,0.22145578327383458,0.21346515503526792,0.20547452679670128,0.1974838985581346,0.18949327031956797,0.1815026420810013,0.1448954418813441,0.10828824168168688,0.07168104148202967,0.035073841282372425
5019,0.0236676925723058,0.026851201690074235,0.03242554764354464,0.03799989359701504,0.043574239550485436,0.049148585503955844,0.05472293145742625,0.08026049774238261,0.10579806402733898,0.13133563031229536,0.15687319659725174,0.20284547879051973,0.1996619696727513,0.1940876237192809,0.1885132777658105,0.1829389318123401,0.17736458585886972,0.17179023990539932,0.14625267362044297,0.12071510733548661,0.09517754105053022,0.06963997476557385
5020,0.02469635730095266,0.028018230711428102,0.03383485347536883,0.03965147623930954,0.04546809900325027,0.051284721767191,0.05710134453113172,0.08374884553458932,0.11039634653804692,0.1370438475415045,0.16369134854496212,0.2086410790622131,0.20531920565173767,0.19950258288779693,0.19368596012385622,0.18786933735991548,0.18205271459597477,0.17623609183203404,0.14958859082857645,0.12294108982511885,0.09629358882166127,0.06964608781820365
5021,0.018530992112733714,0.02102357064238779,0.025388092472381524,0.02975261430237525,0.03411713613236898,0.03848165796236271,0.04284617979235644,0.06284121893523797,0.08283625807811949,0.10283129722100104,0.12282633636388257,0.23076451461001737,0.2282719360803633,0.22390741425036959,0.21954289242037586,0.21517837059038214,0.21081384876038842,0.2064493269303947,0.18645428778751316,0.16645924864463163,0.1464642095017501,0.12646917035886857
5022,0.022723898938375474,0.025780459658883387,0.031132518111866028,0.036484576564848666,0.0418366350178313,0.04718869347081395,0.05254075192379659,0.0770599598532782,0.10157916778275981,0.12609837571224142,0.15061758364172306,0.3411068640072945,0.3380503032867866,0.33269824483380395,0.3273461863808213,0.32199412792783866,0.316642069474856,0.31129001102187337,0.2867708030923918,0.2622515951629102,0.2377323872334286,0.21321317930394695
5023,0.05954035988303085,0.0675490526604855,0.08157232777140645,0.0955956028823274,0.10961887799324835,0.12364215310416929,0.13766542821509023,0.20190979350324906,0.2661541587914079,0.33039852407956677,0.3946428893677256,0.5323949645104806,0.524386271733026,0.510362996622105,0.4963397215111841,0.48231644640026317,0.4682931712893422,0.4542698961784213,0.3900255308902625,0.32578116560210363,0.2615368003139448,0.19729243502578592
5024,0.09422208070711786,0.10689576455313886,0.129087470513181,0.15127917647322317,0.17347088243326533,0.1956625883933075,0.21785429435334966,0.31952042104539957,0.42118654773744957,0.5228526744294996,0.6245188011215496,0.7630054397344619,0.7503317558884409,0.7281400499283988,0.7059483439683566,0.6837566380083144,0.6615649320482723,0.6393732260882301,0.5377070993961802,0.4360409727041302,0.33437484601208023,0.23270871932003023
5025,0.11060462621291975,0.12548190395938727,0.1515321177130734,0.17758233146675953,0.2036325452204457,0.22968275897413182,0.255732972727818,0.37507595323620807,0.49441893374459817,0.6137619142529884,0.7331048947613785,1.04243040931092,1.0275531315644524,1.0015029178107662,0.9754527040570801,0.949402490303394,0.9233522765497079,0.8973020627960218,0.7779590822876317,0.6586161017792416,0.5392731212708513,0.41993014076246116
5026,0.14593538259187422,0.16556495229609972,0.19993646134515083,0.23430797039420195,0.2686794794432531,0.3030509884923042,0.3374224975413554,0.4948875522726021,0.6523526070038489,0.8098176617350957,0.9672827164663426,1.3368623237393928,1.3172327540351674,1.2828612449861163,1.2484897359370652,1.2141182268880142,1.1797467178389631,1.145375208789912,0.9879101540586653,0.8304450993274186,0.6729800445961718,0.5155149898649249
5027,0.17412844867806587,0.1975502293326846,0.2385619253527876,0.2795736213728906,0.3205853173929936,0.3615970134130966,0.40260870943319965,0.5904942325625675,0.7783797556919354,0.9662652788213034,1.1541508019506714,1.6963697765134498,1.6729479958588311,1.6319362998387281,1.590924603818625,1.549912907798522,1.508901211778419,1.467889515758316,1.2800039926289482,1.0921184694995802,0.9042329463702122,0.7163474232408442
5028,0.20258246617249245,0.22983155799628885,0.277544901707457,0.32525824541862514,0.3729715891297932,0.4206849328409614,0.46839827655212957,0.6869858360383282,0.9055733955245269,1.1241609550107257,1.3427485144969247,1.9211150761464808,1.8938659843226844,1.8461526406115163,1.7984392969003482,1.7507259531891801,1.7030126094780118,1.6552992657668437,1.4367117062806452,1.2181241467944464,0.9995365873082476,0.7809490278220486
5029,0.22682064156334378,0.25732997737244256,0.31075203030808307,0.3641740832437235,0.4175961361793641,0.4710181891150046,0.5244402420506451,0.769180921820084,1.013921601589523,1.2586622813589619,1.5034029611284008,2.0428941262432594,2.0123847904341607,1.9589627374985201,1.9055406845628797,1.852118631627239,1.7986965786915987,1.745274525755958,1.5005338459865192,1.2557931662170803,1.0110524864476413,0.7663118066782024
5030,0.28713168866453304,0.3257533813399477,0.3933802259058238,0.46100707047169975,0.5286339150375757,0.5962607596034519,0.6638876041693279,0.9737042248382178,1.2835208455071077,1.5933374661759976,1.9031540868448875,2.133676930271694,2.095055237596279,2.027428393030403,1.9598015484645268,1.8921747038986507,1.8245478593327746,1.7569210147668985,1.4471043940980086,1.1372877734291187,0.8274711527602288,0.5176545320913388
5031,0.3067951188581142,0.3480617127682659,0.42031979724889373,0.49257788172952155,0.5648359662101494,0.6370940506907772,0.709352135171405,1.040385701701159,1.3714192682309132,1.7024528347606676,2.0334864012904217,2.1612776545091203,2.120011060598969,2.047752976118341,1.975494891637713,1.9032368071570853,1.8309787226764576,1.7587206381958298,1.427687071666076,1.0966535051363218,0.7656199386065674,0.4345863720768133
5032,0.27598175878396375,0.31310368956544515,0.3781044409318533,0.44310519229826134,0.5081059436646694,0.5731066950310776,0.6381074463974856,0.9358932333664804,1.233679020335475,1.53146480730447,1.829250594273465,1.9097257114610804,1.872603780679599,1.8076030293131908,1.7426022779467827,1.6776015265803745,1.6126007752139664,1.5476000238475582,1.2498142368785634,0.9520284499095688,0.6542426629405738,0.35645687597157893
5033,0.2253108014307007,0.2556170506983482,0.3086834977291007,0.36174994475985317,0.4148163917906057,0.46788283882135817,0.5209492858521106,0.7640608400805081,1.0071723943089055,1.2502839485373032,1.4933955027657007,1.6192575536297766,1.588951304362129,1.5358848573313766,1.4828184103006241,1.4297519632698716,1.3766855162391192,1.3236190692083667,1.0805075149799692,0.8373959607515719,0.5942844065231742,0.3511728522947767
5034,0.181071206183045,0.20542684770103406,0.24807374039633354,0.290720633091633,0.3333675257869325,0.376014418482232,0.41866131117753147,0.6140381066158548,0.809414902054178,1.0047916974925013,1.200168492930825,1.489569188741577,1.4652135472235879,1.4225666545282885,1.379919761832989,1.3372728691376894,1.29462597644239,1.2519790837470905,1.0566022883087673,0.8612254928704441,0.6658486974321208,0.4704719019937972
5035,0.1371027565822645,0.15554426178254532,0.18783546186591396,0.22012666194928254,0.2524178620326512,0.2847090621160198,0.3170002621993884,0.464934866444111,0.6128694706888336,0.7608040749335562,0.9087386791782788,1.2544431595756709,1.23600165437539,1.2037104542920214,1.1714192542086528,1.1391280541252842,1.1068368540419156,1.074545653958547,0.9266110497138245,0.7786764454691019,0.6307418412243793,0.48280723697965666
5036,0.12288693681507708,0.1394162914452449,0.16835930297358676,0.19730231450192862,0.22624532603027048,0.25518833755861237,0.28413134908695425,0.4167270081222759,0.5493226671575976,0.6819183261929194,0.8145139852282411,0.965950353268064,0.9494209986378962,0.9204779871095543,0.8915349755812124,0.8625919640528705,0.8336489525245286,0.8047059409961868,0.6721102819608651,0.5395146229255434,0.40691896389022164,0.27432330485489986
5037,0.10407025709033581,0.11806860573895996,0.14257980870966933,0.16709101168037868,0.19160221465108804,0.2161134176217974,0.24062462059250678,0.3529169820306787,0.4652093434688507,0.5775017049070227,0.6897940663451948,0.756275578156249,0.7422772295076249,0.7177660265369155,0.6932548235662062,0.6687436205954969,0.6442324176247876,0.6197212146540781,0.5074288532159061,0.3951364917777342,0.2828441303395622,0.17055176890139007
5038,0.09174496304809825,0.10408545316899447,0.1256937346673304,0.14730201616566632,0.16891029766400223,0.19051857916233816,0.21212686066067407,0.3111201642112374,0.4101134677618008,0.5091067713123641,0.6081000748629275,0.6380177307790044,0.6256772406581081,0.6040689591597722,0.5824606776614363,0.5608523961631003,0.5392441146647644,0.5176358331664285,0.4186425296158651,0.3196492260653017,0.22065592251473837,0.12166261896417502
5039,0.0756798511426919,0.0858594449247251,0.10368398234795255,0.12150851977117999,0.13933305719440744,0.15715759461763487,0.17498213204086233,0.2566410943198301,0.33830005659879786,0.4199590188777657,0.5016179811567335,0.5589042903878931,0.54872469660586,0.5309001591826326,0.5130756217594051,0.4952510843361777,0.4774265469129503,0.45960200948972285,0.37794304721075506,0.2962840849317873,0.21462512265281947,0.13296616037385167
5040,0.031367184720614005,0.03558634204876214,0.04297411500909338,0.050361887969424625,0.057749660929755864,0.0651374338900871,0.07252520685041834,0.10637056615310214,0.14021592545578596,0.17406128475846977,0.20790664406115364,0.38513873965896495,0.3809195823308168,0.3735318093704856,0.36614403641015436,0.35875626344982314,0.3513684904894919,0.3439807175291607,0.3101353582264769,0.27628999892379313,0.24244463962110932,0.20859928031842545
5041,0.027541528392130105,0.031246101893993974,0.037732835101129916,0.04421956830826585,0.05070630151540179,0.057193034722537735,0.06367976792967367,0.09339722368731823,0.1231146794449628,0.15283213520260736,0.18254959096025195,0.2947264391013124,0.29102186559944854,0.2845351323923126,0.27804839918517665,0.2715616659780407,0.26507493277090477,0.25858819956376883,0.22887074380612427,0.1991532880484797,0.16943583229083514,0.13971837653319055
5042,0.021214760756460276,0.024068329353953997,0.029064947229369295,0.03406156510478459,0.03905818298019989,0.04405480085561519,0.049051418731030486,0.07194225852804301,0.09483309832505553,0.11772393812206808,0.1406147779190806,0.2196416620198345,0.2167880934223408,0.21179147554692548,0.20679485767151018,0.20179823979609487,0.19680162192067957,0.19180500404526427,0.16891416424825173,0.14602332445123922,0.12313248465422667,0.10024164485721414
5043,0.017379901386824617,0.01971764826949346,0.023811058840523276,0.02790446941155309,0.03199787998258291,0.03609129055361272,0.04018470112464254,0.058937707246218926,0.07769071336779533,0.09644371948937172,0.11519672561094813,0.1725522635160582,0.17021451663338938,0.16612110606235955,0.16202769549132973,0.1579342849202999,0.15384087434927007,0.14974746377824025,0.13099445765666387,0.11224145153508747,0.09348844541351108,0.07473543929193467
5044,0.018861538995962508,0.02139857893702769,0.025840952998510806,0.030283327059993915,0.03472570112147703,0.03916807518296014,0.04361044924444325,0.0639621502340575,0.08431385122367176,0.10466555221328604,0.1250172532029003,0.16219714722554288,0.1596601072844777,0.15521773322299456,0.15077535916151147,0.14633298510002835,0.14189061103854522,0.1374482369770621,0.11709653598744785,0.0967448349978336,0.07639313400821932,0.05604143301860505
5045,0.06031042844298219,0.06842270209442457,0.08262734801485494,0.09683199393528533,0.1110366398557157,0.1252412857761461,0.1394459316965765,0.20452120506052845,0.2695964784244804,0.33467175178843245,0.39974702515238447,0.4566317751531136,0.4485195015016712,0.43431485558124083,0.4201102096608105,0.4059055637403801,0.3917009178199497,0.3774962718995193,0.3124209985355673,0.24734572517161535,0.18227045180766333,0.1171951784437113
5046,0.30895518501738617,0.35051232648691727,0.4232791617051753,0.4960459969234333,0.5688128321416914,0.6415796673599494,0.7143465025782075,1.0477107919933368,1.3810750814084662,1.7144393708235957,2.0478036602387255,2.1024107163262697,2.0608535748567385,1.9880867396384805,1.9153199044202225,1.8425530692019643,1.7697862339837063,1.6970193987654483,1.363655109350319,1.0302908199351897,0.6969265305200603,0.3635622411049304
5047,1.1612949269476076,1.3174991271273024,1.5910137359992662,1.8645283448712298,2.1380429537431938,2.4115575626151577,2.685072171487121,3.9381155800368046,5.191158988586489,6.444202397136173,7.697245805685856,8.797592590406415,8.64138839022672,8.367873781354756,8.094359172482793,7.820844563610829,7.547329954738865,7.273815345866902,6.020771937317218,4.767728528767535,3.514685120217851,2.261641711668167
5048,2.8365400828547638,3.218079229059924,3.8861568494030205,4.554234469746118,5.222312090089215,5.890389710432311,6.558467330775408,9.61910918103339,12.679751031291374,15.74039288154936,18.801034731807345,21.40384848736475,21.02230934115959,20.354231720816493,19.686154100473395,19.018076480130297,18.3499988597872,17.6819212394441,14.621279389186117,11.560637538928134,8.499995688670149,5.439353838412163
5049,4.187241305649756,4.750461435119857,5.736663683482037,6.722865931844216,7.709068180206397,8.695270428568575,9.681472676930756,14.199528337297998,18.717583997665233,23.23563965803248,27.75369531839972,32.29130966000392,31.72808953053382,30.74188728217164,29.75568503380946,28.76948278544728,27.7832805370851,26.797078288722922,22.27902262835568,17.760966967988445,13.242911307621199,8.724855647253957
5050,4.1224380187469025,4.6769415462886,5.647880965838258,6.618820385387915,7.5897598049375725,8.56069922448723,9.53163864403689,13.979771212843394,18.427903781649896,22.876036350456406,27.324168919262913,32.91035711924829,32.35585359170659,31.384914172156932,30.413974752607274,29.443035333057615,28.472095913507957,27.501156493958298,23.053023925151795,18.60489135634529,14.15675878753878,9.708626218732274
5051,3.351595880008395,3.8024144805325077,4.591800893015079,5.381187305497649,6.170573717980221,6.959960130462791,7.7493465429453625,11.365736340329079,14.982126137712793,18.59851593509651,22.21490573248023,27.356769827551037,26.905951227026925,26.116564814544354,25.327178402061783,24.537791989579212,23.74840557709664,22.95901916461407,19.34262936723035,15.726239569846637,12.109849772462919,8.493459975079201
5052,2.9910124143164416,3.3933294236000933,4.097789222441407,4.80224902128272,5.506708820124034,6.211168618965348,6.915628417806662,10.142946736074473,13.370265054342282,16.597583372610092,19.82490169087791,24.2284335048095,23.82611649552585,23.121656696684536,22.417196897843223,21.71273709900191,21.008277300160596,20.303817501319283,17.076499183051475,13.849180864783666,10.621862546515855,7.394544228248039
5053,2.7047846416677372,3.0686015427890947,3.7056473923676854,4.342693241946275,4.979739091524866,5.6167849411034565,6.253830790682048,9.172307818474215,12.090784846266383,15.009261874058554,17.92773890185072,22.802692522038395,22.438875620917038,21.801829771338447,21.164783921759856,20.527738072181265,19.890692222602674,19.253646373024083,16.335169345231915,13.416692317439747,10.498215289647575,7.579738261855409
5054,2.20733046474823,2.5042354815337093,3.0241181699939683,3.544000858454227,4.063883546914486,4.583766235374744,5.103648923835004,7.485370246439614,9.867091569044224,12.248812891648836,14.630534214253444,19.724931122724897,19.428026105939416,18.908143417479156,18.388260729018896,17.868378040558635,17.348495352098375,16.828612663638115,14.446891341033504,12.065170018428894,9.683448695824282,7.3017273732196735
5055,1.677916042855984,1.903610246250039,2.298802319798513,2.693994393346985,3.0891864668954585,3.484378540443932,3.879570613992405,5.690050956937462,7.500531299882518,9.311011642827577,11.121491985772634,14.871256559632515,14.645562356238461,14.250370282689987,13.855178209141515,13.459986135593041,13.064794062044568,12.669601988496094,10.859121645551037,9.04864130260598,7.238160959660921,5.427680616715864
5056,1.1172675321315855,1.2675496673528908,1.5306947005095728,1.7938397336662546,2.0569847668229366,2.3201297999796187,2.583274833136301,3.7888124482913326,4.9943500634463645,6.199887678601396,7.405425293756428,10.033161309414842,9.882879174193537,9.619734141036854,9.356589107880172,9.09344407472349,8.830299041566807,8.567154008410125,7.361616393255093,6.156078778100062,4.95054116294503,3.745003547789998
5057,0.6682540838903488,0.7581400312657272,0.9155309318380566,1.0729218324103855,1.2303127329827148,1.3877036335550441,1.5450945341273732,2.2661442482220826,2.987193962316792,3.7082436764115014,4.429293390506211,6.0734388854665,5.983552938091121,5.826162037518792,5.668771136946463,5.5113802363741335,5.3539893358018045,5.196598435229475,4.475548721134766,3.7544990070400566,3.033449292945347,2.3123995788506377
5058,0.4397550001969972,0.4989058467966161,0.6024793784527985,0.7060529101089809,0.8096264417651632,0.9131999734213457,1.016773505077528,1.4912714914090162,1.9657694777405041,2.4402674640719924,2.9147654504034803,3.6846018562989733,3.625451009699354,3.5218774780431716,3.418303946386989,3.314730414730807,3.2111568830746244,3.1075833514184423,2.633085365086954,2.158587378755466,1.6840893924239777,1.2095914060924897
5059,0.286284866305672,0.32479265405806435,0.39222005033488544,0.4596474466117065,0.5270748428885276,0.5945022391653487,0.6619296354421698,0.9708325302776295,1.2797354251130895,1.5886383199485492,1.8975412147840094,2.22844041223525,2.1899326244828576,2.1225052282060366,2.0550778319292156,1.9876504356523945,1.9202230393755735,1.8527956430987524,1.5438927482632927,1.2349898534278327,0.926086958592373,0.6171840637569128
5060,0.1600000684787465,0.18152145994052682,0.21920556165659857,0.25688966337267033,0.2945737650887421,0.33225786680481384,0.3699419685208856,0.5425828942000834,0.7152238198792811,0.887864745558479,1.0605056712376768,1.3303544742870113,1.308833082825231,1.2711489811091592,1.2334648793930874,1.1957807776770155,1.1580966759609437,1.1204125742448718,0.947771648565674,0.7751307228864763,0.6024897972072784,0.4298488715280806
5061,0.0966650333943288,0.10966731548161278,0.1324343991801003,0.15520148287858784,0.17796856657707538,0.20073565027556292,0.2235027339740505,0.3278048196211218,0.432106905268193,0.5364089909152644,0.6407110765623357,0.8750441895076194,0.8620419074203355,0.8392748237218479,0.8165077400233604,0.7937406563248728,0.7709735726263852,0.7482064889278977,0.6439044032808263,0.5396023176337551,0.4353002319866837,0.3309981463396124
5062,0.060485888935644626,0.06862176353916513,0.08286773488598757,0.09711370623281,0.11135967757963244,0.1256056489264549,0.13985162027327736,0.2051162164429092,0.27038081261254104,0.33564540878217297,0.40091000495180484,0.6530761972950729,0.6449403226915524,0.63069435134473,0.6164483799979075,0.602202408651085,0.5879564373042625,0.57371046595744,0.5084458697878081,0.4431812736181763,0.37791667744854435,0.3126520812789125
5063,0.04326251605801909,0.04908169821561838,0.059271125452270715,0.06946055268892304,0.07964997992557539,0.08983940716222773,0.10002883439888008,0.1467093195416705,0.19338980468446088,0.24007028982725132,0.28675077497004176,0.499578441059629,0.4937592589020297,0.48356983166537737,0.47338040442872503,0.4631909771920727,0.45300154995542036,0.442812122718768,0.3961316375759776,0.3494511524331872,0.30277066729039676,0.2560901821476063
5064,0.031367184720614005,0.03558634204876214,0.04297411500909338,0.050361887969424625,0.057749660929755864,0.0651374338900871,0.07252520685041834,0.10637056615310214,0.14021592545578596,0.17406128475846977,0.20790664406115364,0.38513873965896495,0.3809195823308168,0.3735318093704856,0.36614403641015436,0.35875626344982314,0.3513684904894919,0.3439807175291607,0.3101353582264769,0.27628999892379313,0.24244463962110932,0.20859928031842545
5065,0.027541528392130105,0.031246101893993974,0.037732835101129916,0.04421956830826585,0.05070630151540179,0.057193034722537735,0.06367976792967367,0.09339722368731823,0.1231146794449628,0.15283213520260736,0.18254959096025195,0.2947264391013124,0.29102186559944854,0.2845351323923126,0.27804839918517665,0.2715616659780407,0.26507493277090477,0.25858819956376883,0.22887074380612427,0.1991532880484797,0.16943583229083514,0.13971837653319055
5066,0.021214760756460276,0.024068329353953997,0.029064947229369295,0.03406156510478459,0.03905818298019989,0.04405480085561519,0.049051418731030486,0.07194225852804301,0.09483309832505553,0.11772393812206808,0.1406147779190806,0.2196416620198345,0.2167880934223408,0.21179147554692548,0.20679485767151018,0.20179823979609487,0.19680162192067957,0.19180500404526427,0.16891416424825173,0.14602332445123922,0.12313248465422667,0.10024164485721414
5067,0.017379901386824617,0.01971764826949346,0.023811058840523276,0.02790446941155309,0.03199787998258291,0.03609129055361272,0.04018470112464254,0.058937707246218926,0.07769071336779533,0.09644371948937172,0.11519672561094813,0.1725522635160582,0.17021451663338938,0.16612110606235955,0.16202769549132973,0.1579342849202999,0.15384087434927007,0.14974746377824025,0.13099445765666387,0.11224145153508747,0.09348844541351108,0.07473543929193467
5068,0.018861538995962508,0.02139857893702769,0.025840952998510806,0.030283327059993915,0.03472570112147703,0.03916807518296014,0.04361044924444325,0.0639621502340575,0.08431385122367176,0.10466555221328604,0.1250172532029003,0.16219714722554288,0.1596601072844777,0.15521773322299456,0.15077535916151147,0.14633298510002835,0.14189061103854522,0.1374482369770621,0.11709653598744785,0.0967448349978336,0.07639313400821932,0.05604143301860505
5069,0.06031042844298219,0.06842270209442457,0.08262734801485494,0.09683199393528533,0.1110366398557157,0.1252412857761461,0.1394459316965765,0.20452120506052845,0.2695964784244804,0.33467175178843245,0.39974702515238447,0.4566317751531136,0.4485195015016712,0.43431485558124083,0.4201102096608105,0.4059055637403801,0.3917009178199497,0.3774962718995193,0.3124209985355673,0.24734572517161535,0.18227045180766333,0.1171951784437113
5070,0.30895518501738617,0.35051232648691727,0.4232791617051753,0.4960459969234333,0.5688128321416914,0.6415796673599494,0.7143465025782075,1.0477107919933368,1.3810750814084662,1.7144393708235957,2.0478036602387255,2.1024107163262697,2.0608535748567385,1.9880867396384805,1.9153199044202225,1.8425530692019643,1.7697862339837063,1.6970193987654483,1.363655109350319,1.0302908199351897,0.6969265305200603,0.3635622411049304
5071,1.1612949269476076,1.3174991271273024,1.5910137359992662,1.8645283448712298,2.1380429537431938,2.4115575626151577,2.685072171487121,3.9381155800368046,5.191158988586489,6.444202397136173,7.697245805685856,8.797592590406415,8.64138839022672,8.367873781354756,8.094359172482793,7.820844563610829,7.547329954738865,7.273815345866902,6.020771937317218,4.767728528767535,3.514685120217851,2.261641711668167
5072,2.8365400828547638,3.218079229059924,3.8861568494030205,4.554234469746118,5.222312090089215,5.890389710432311,6.558467330775408,9.61910918103339,12.679751031291374,15.74039288154936,18.801034731807345,21.40384848736475,21.02230934115959,20.354231720816493,19.686154100473395,19.018076480130297,18.3499988597872,17.6819212394441,14.621279389186117,11.560637538928134,8.499995688670149,5.439353838412163
5073,4.187241305649756,4.750461435119857,5.736663683482037,6.722865931844216,7.709068180206397,8.695270428568575,9.681472676930756,14.199528337297998,18.717583997665233,23.23563965803248,27.75369531839972,32.29130966000392,31.72808953053382,30.74188728217164,29.75568503380946,28.76948278544728,27.7832805370851,26.797078288722922,22.27902262835568,17.760966967988445,13.242911307621199,8.724855647253957
5074,4.1224380187469025,4.6769415462886,5.647880965838258,6.618820385387915,7.5897598049375725,8.56069922448723,9.53163864403689,13.979771212843394,18.427903781649896,22.876036350456406,27.324168919262913,32.91035711924829,32.35585359170659,31.384914172156932,30.413974752607274,29.443035333057615,28.472095913507957,27.501156493958298,23.053023925151795,18.60489135634529,14.15675878753878,9.708626218732274
5075,3.351595880008395,3.8024144805325077,4.591800893015079,5.381187305497649,6.170573717980221,6.959960130462791,7.7493465429453625,11.365736340329079,14.982126137712793,18.59851593509651,22.21490573248023,27.356769827551037,26.905951227026925,26.116564814544354,25.327178402061783,24.537791989579212,23.74840557709664,22.95901916461407,19.34262936723035,15.726239569846637,12.109849772462919,8.493459975079201
5076,2.9910124143164416,3.3933294236000933,4.097789222441407,4.80224902128272,5.506708820124034,6.211168618965348,6.915628417806662,10.142946736074473,13.370265054342282,16.597583372610092,19.82490169087791,24.2284335048095,23.82611649552585,23.121656696684536,22.417196897843223,21.71273709900191,21.008277300160596,20.303817501319283,17.076499183051475,13.849180864783666,10.621862546515855,7.394544228248039
5077,2.7047846416677372,3.0686015427890947,3.7056473923676854,4.342693241946275,4.979739091524866,5.6167849411034565,6.253830790682048,9.172307818474215,12.090784846266383,15.009261874058554,17.92773890185072,22.802692522038395,22.438875620917038,21.801829771338447,21.164783921759856,20.527738072181265,19.890692222602674,19.253646373024083,16.335169345231915,13.416692317439747,10.498215289647575,7.579738261855409
5078,2.20733046474823,2.5042354815337093,3.0241181699939683,3.544000858454227,4.063883546914486,4.583766235374744,5.103648923835004,7.485370246439614,9.867091569044224,12.248812891648836,14.630534214253444,19.724931122724897,19.428026105939416,18.908143417479156,18.388260729018896,17.868378040558635,17.348495352098375,16.828612663638115,14.446891341033504,12.065170018428894,9.683448695824282,7.3017273732196735
5079,1.677916042855984,1.903610246250039,2.298802319798513,2.693994393346985,3.0891864668954585,3.484378540443932,3.879570613992405,5.690050956937462,7.500531299882518,9.311011642827577,11.121491985772634,14.871256559632515,14.645562356238461,14.250370282689987,13.855178209141515,13.459986135593041,13.064794062044568,12.669601988496094,10.859121645551037,9.04864130260598,7.238160959660921,5.427680616715864
5080,1.1172675321315855,1.2675496673528908,1.5306947005095728,1.7938397336662546,2.0569847668229366,2.3201297999796187,2.583274833136301,3.7888124482913326,4.9943500634463645,6.199887678601396,7.405425293756428,10.033161309414842,9.882879174193537,9.619734141036854,9.356589107880172,9.09344407472349,8.830299041566807,8.567154008410125,7.361616393255093,6.156078778100062,4.95054116294503,3.745003547789998
5081,0.6682540838903488,0.7581400312657272,0.9155309318380566,1.0729218324103855,1.2303127329827148,1.3877036335550441,1.5450945341273732,2.2661442482220826,2.987193962316792,3.7082436764115014,4.429293390506211,6.0734388854665,5.983552938091121,5.826162037518792,5.668771136946463,5.5113802363741335,5.3539893358018045,5.196598435229475,4.475548721134766,3.7544990070400566,3.033449292945347,2.3123995788506377
5082,0.4397550001969972,0.4989058467966161,0.6024793784527985,0.7060529101089809,0.8096264417651632,0.9131999734213457,1.016773505077528,1.4912714914090162,1.9657694777405041,2.4402674640719924,2.9147654504034803,3.6846018562989733,3.625451009699354,3.5218774780431716,3.418303946386989,3.314730414730807,3.2111568830746244,3.1075833514184423,2.633085365086954,2.158587378755466,1.6840893924239777,1.2095914060924897
5083,0.286284866305672,0.32479265405806435,0.39222005033488544,0.4596474466117065,0.5270748428885276,0.5945022391653487,0.6619296354421698,0.9708325302776295,1.2797354251130895,1.5886383199485492,1.8975412147840094,2.22844041223525,2.1899326244828576,2.1225052282060366,2.0550778319292156,1.9876504356523945,1.9202230393755735,1.8527956430987524,1.5438927482632927,1.2349898534278327,0.926086958592373,0.6171840637569128
5084,0.1600000684787465,0.18152145994052682,0.21920556165659857,0.25688966337267033,0.2945737650887421,0.33225786680481384,0.3699419685208856,0.5425828942000834,0.7152238198792811,0.887864745558479,1.0605056712376768,1.3303544742870113,1.308833082825231,1.2711489811091592,1.2334648793930874,1.1957807776770155,1.1580966759609437,1.1204125742448718,0.947771648565674,0.7751307228864763,0.6024897972072784,0.4298488715280806
5085,0.0966650333943288,0.10966731548161278,0.1324343991801003,0.15520148287858784,0.17796856657707538,0.20073565027556292,0.2235027339740505,0.3278048196211218,0.432106905268193,0.5364089909152644,0.6407110765623357,0.8750441895076194,0.8620419074203355,0.8392748237218479,0.8165077400233604,0.7937406563248728,0.7709735726263852,0.7482064889278977,0.6439044032808263,0.5396023176337551,0.4353002319866837,0.3309981463396124
5086,0.060485888935644626,0.06862176353916513,0.08286773488598757,0.09711370623281,0.11135967757963244,0.1256056489264549,0.13985162027327736,0.2051162164429092,0.27038081261254104,0.33564540878217297,0.40091000495180484,0.6530761972950729,0.6449403226915524,0.63069435134473,0.6164483799979075,0.602202408651085,0.5879564373042625,0.57371046595744,0.5084458697878081,0.4431812736181763,0.37791667744854435,0.3126520812789125
5087,0.04326251605801909,0.04908169821561838,0.059271125452270715,0.06946055268892304,0.07964997992557539,0.08983940716222773,0.10002883439888008,0.1467093195416705,0.19338980468446088,0.24007028982725132,0.28675077497004176,0.499578441059629,0.4937592589020297,0.48356983166537737,0.47338040442872503,0.4631909771920727,0.45300154995542036,0.442812122718768,0.3961316375759776,0.3494511524331872,0.30277066729039676,0.2560901821476063
5088,0.031367184720614005,0.03558634204876214,0.04297411500909338,0.050361887969424625,0.057749660929755864,0.0651374338900871,0.07252520685041834,0.10637056615310214,0.14021592545578596,0.17406128475846977,0.20790664406115364,0.38513873965896495,0.3809195823308168,0.3735318093704856,0.36614403641015436,0.35875626344982314,0.3513684904894919,0.3439807175291607,0.3101353582264769,0.27628999892379313,0.24244463962110932,0.20859928031842545
5089,0.027541528392130105,0.031246101893993974,0.037732835101129916,0.04421956830826585,0.05070630151540179,0.057193034722537735,0.06367976792967367,0.09339722368731823,0.1231146794449628,0.15283213520260736,0.18254959096025195,0.2947264391013124,0.29102186559944854,0.2845351323923126,0.27804839918517665,0.2715616659780407,0.26507493277090477,0.25858819956376883,0.22887074380612427,0.1991532880484797,0.16943583229083514,0.13971837653319055
5090,0.021214760756460276,0.024068329353953997,0.029064947229369295,0.03406156510478459,0.03905818298019989,0.04405480085561519,0.049051418731030486,0.07194225852804301,0.09483309832505553,0.11772393812206808,0.1406147779190806,0.2196416620198345,0.2167880934223408,0.21179147554692548,0.20679485767151018,0.20179823979609487,0.19680162192067957,0.19180500404526427,0.16891416424825173,0.14602332445123922,0.12313248465422667,0.10024164485721414
5091,0.017379901386824617,0.01971764826949346,0.023811058840523276,0.02790446941155309,0.03199787998258291,0.03609129055361272,0.04018470112464254,0.058937707246218926,0.07769071336779533,0.09644371948937172,0.11519672561094813,0.1725522635160582,0.17021451663338938,0.16612110606235955,0.16202769549132973,0.1579342849202999,0.15384087434927007,0.14974746377824025,0.13099445765666387,0.11224145153508747,0.09348844541351108,0.07473543929193467
5092,0.018861538995962508,0.02139857893702769,0.025840952998510806,0.030283327059993915,0.03472570112147703,0.03916807518296014,0.04361044924444325,0.0639621502340575,0.08431385122367176,0.10466555221328604,0.1250172532029003,0.16219714722554288,0.1596601072844777,0.15521773322299456,0.15077535916151147,0.14633298510002835,0.14189061103854522,0.1374482369770621,0.11709653598744785,0.0967448349978336,0.07639313400821932,0.05604143301860505
5093,0.06031042844298219,0.06842270209442457,0.08262734801485494,0.09683199393528533,0.1110366398557157,0.1252412857761461,0.1394459316965765,0.20452120506052845,0.2695964784244804,0.33467175178843245,0.39974702515238447,0.4566317751531136,0.4485195015016712,0.43431485558124083,0.4201102096608105,0.4059055637403801,0.3917009178199497,0.3774962718995193,0.3124209985355673,0.24734572517161535,0.18227045180766333,0.1171951784437113
5094,0.30895518501738617,0.35051232648691727,0.4232791617051753,0.4960459969234333,0.5688128321416914,0.6415796673599494,0.7143465025782075,1.0477107919933368,1.3810750814084662,1.7144393708235957,2.0478036602387255,2.1024107163262697,2.0608535748567385,1.9880867396384805,1.9153199044202225,1.8425530692019643,1.7697862339837063,1.6970193987654483,1.363655109350319,1.0302908199351897,0.6969265305200603,0.3635622411049304
5095,1.1612949269476076,1.3174991271273024,1.5910137359992662,1.8645283448712298,2.1380429537431938,2.4115575626151577,2.685072171487121,3.9381155800368046,5.191158988586489,6.444202397136173,7.697245805685856,8.797592590406415,8.64138839022672,8.367873781354756,8.094359172482793,7.820844563610829,7.547329954738865,7.273815345866902,6.020771937317218,4.767728528767535,3.514685120217851,2.261641711668167
5096,2.8365400828547638,3.218079229059924,3.8861568494030205,4.554234469746118,5.222312090089215,5.890389710432311,6.558467330775408,9.61910918103339,12.679751031291374,15.74039288154936,18.801034731807345,21.40384848736475,21.02230934115959,20.354231720816493,19.686154100473395,19.018076480130297,18.3499988597872,17.6819212394441,14.621279389186117,11.560637538928134,8.499995688670149,5.439353838412163
5097,4.187241305649756,4.750461435119857,5.736663683482037,6.722865931844216,7.709068180206397,8.695270428568575,9.681472676930756,14.199528337297998,18.717583997665233,23.23563965803248,27.75369531839972,32.29130966000392,31.72808953053382,30.74188728217164,29.75568503380946,28.76948278544728,27.7832805370851,26.797078288722922,22.27902262835568,17.760966967988445,13.242911307621199,8.724855647253957
5098,4.1224380187469025,4.6769415462886,5.647880965838258,6.618820385387915,7.5897598049375725,8.56069922448723,9.53163864403689,13.979771212843394,18.427903781649896,22.876036350456406,27.324168919262913,32.91035711924829,32.35585359170659,31.384914172156932,30.413974752607274,29.443035333057615,28.472095913507957,27.501156493958298,23.053023925151795,18.60489135634529,14.15675878753878,9.708626218732274
5099,3.351595880008395,3.8024144805325077,4.591800893015079,5.381187305497649,6.170573717980221,6.959960130462791,7.7493465429453625,11.365736340329079,14.982126137712793,18.59851593509651,22.21490573248023,27.356769827551037,26.905951227026925,26.116564814544354,25.327178402061783,24.537791989579212,23.74840557709664,22.95901916461407,19.34262936723035,15.726239569846637,12.109849772462919,8.493459975079201
5100,2.9910124143164416,3.3933294236000933,4.097789222441407,4.80224902128272,5.506708820124034,6.211168618965348,6.915628417806662,10.142946736074473,13.370265054342282,16.597583372610092,19.82490169087791,24.2284335048095,23.82611649552585,23.121656696684536,22.417196897843223,21.71273709900191,21.008277300160596,20.303817501319283,17.076499183051475,13.849180864783666,10.621862546515855,7.394544228248039
5101,2.7047846416677372,3.0686015427890947,3.7056473923676854,4.342693241946275,4.979739091524866,5.6167849411034565,6.253830790682048,9.172307818474215,12.090784846266383,15.009261874058554,17.92773890185072,22.802692522038395,22.438875620917038,21.801829771338447,21.164783921759856,20.527738072181265,19.890692222602674,19.253646373024083,16.335169345231915,13.416692317439747,10.498215289647575,7.579738261855409
5102,2.20733046474823,2.5042354815337093,3.0241181699939683,3.544000858454227,4.063883546914486,4.583766235374744,5.103648923835004,7.485370246439614,9.867091569044224,12.248812891648836,14.630534214253444,19.724931122724897,19.428026105939416,18.908143417479156,18.388260729018896,17.868378040558635,17.348495352098375,16.828612663638115,14.446891341033504,12.065170018428894,9.683448695824282,7.3017273732196735
5103,1.677916042855984,1.903610246250039,2.298802319798513,2.693994393346985,3.0891864668954585,3.484378540443932,3.879570613992405,5.690050956937462,7.500531299882518,9.311011642827577,11.121491985772634,14.871256559632515,14.645562356238461,14.250370282689987,13.855178209141515,13.459986135593041,13.064794062044568,12.669601988496094,10.859121645551037,9.04864130260598,7.238160959660921,5.427680616715864
5104,1.1172675321315855,1.2675496673528908,1.5306947005095728,1.7938397336662546,2.0569847668229366,2.3201297999796187,2.583274833136301,3.7888124482913326,4.9943500634463645,6.199887678601396,7.405425293756428,10.033161309414842,9.882879174193537,9.619734141036854,9.356589107880172,9.09344407472349,8.830299041566807,8.567154008410125,7.361616393255093,6.156078778100062,4.95054116294503,3.745003547789998
5105,0.6682540838903488,0.7581400312657272,0.9155309318380566,1.0729218324103855,1.2303127329827148,1.3877036335550441,1.5450945341273732,2.2661442482220826,2.987193962316792,3.7082436764115014,4.429293390506211,6.0734388854665,5.983552938091121,5.826162037518792,5.668771136946463,5.5113802363741335,5.3539893358018045,5.196598435229475,4.475548721134766,3.7544990070400566,3.033449292945347,2.3123995788506377
5106,0.4397550001969972,0.4989058467966161,0.6024793784527985,0.7060529101089809,0.8096264417651632,0.9131999734213457,1.016773505077528,1.4912714914090162,1.9657694777405041,2.4402674640719924,2.9147654504034803,3.6846018562989733,3.625451009699354,3.5218774780431716,3.418303946386989,3.314730414730807,3.2111568830746244,3.1075833514184423,2.633085365086954,2.158587378755466,1.6840893924239777,1.2095914060924897
5107,0.286284866305672,0.32479265405806435,0.39222005033488544,0.4596474466117065,0.5270748428885276,0.5945022391653487,0.6619296354421698,0.9708325302776295,1.2797354251130895,1.5886383199485492,1.8975412147840094,2.22844041223525,2.1899326244828576,2.1225052282060366,2.0550778319292156,1.9876504356523945,1.9202230393755735,1.8527956430987524,1.5438927482632927,1.2349898534278327,0.926086958592373,0.6171840637569128
5108,0.1600000684787465,0.18152145994052682,0.21920556165659857,0.25688966337267033,0.2945737650887421,0.33225786680481384,0.3699419685208856,0.5425828942000834,0.7152238198792811,0.887864745558479,1.0605056712376768,1.3303544742870113,1.308833082825231,1.2711489811091592,1.2334648793930874,1.1957807776770155,1.1580966759609437,1.1204125742448718,0.947771648565674,0.7751307228864763,0.6024897972072784,0.4298488715280806
5109,0.0966650333943288,0.10966731548161278,0.1324343991801003,0.15520148287858784,0.17796856657707538,0.20073565027556292,0.2235027339740505,0.3278048196211218,0.432106905268193,0.5364089909152644,0.6407110765623357,0.8750441895076194,0.8620419074203355,0.8392748237218479,0.8165077400233604,0.7937406563248728,0.7709735726263852,0.7482064889278977,0.6439044032808263,0.5396023176337551,0.4353002319866837,0.3309981463396124
5110,0.060485888935644626,0.06862176353916513,0.08286773488598757,0.09711370623281,0.11135967757963244,0.1256056489264549,0.13985162027327736,0.2051162164429092,0.27038081261254104,0.33564540878217297,0.40091000495180484,0.6530761972950729,0.6449403226915524,0.63069435134473,0.6164483799979075,0.602202408651085,0.5879564373042625,0.57371046595744,0.5084458697878081,0.4431812736181763,0.37791667744854435,0.3126520812789125
5111,0.04326251605801909,0.04908169821561838,0.059271125452270715,0.06946055268892304,0.07964997992557539,0.08983940716222773,0.10002883439888008,0.1467093195416705,0.19338980468446088,0.24007028982725132,0.28675077497004176,0.499578441059629,0.4937592589020297,0.48356983166537737,0.47338040442872503,0.4631909771920727,0.45300154995542036,0.442812122718768,0.3961316375759776,0.3494511524331872,0.30277066729039676,0.2560901821476063
5112,0.031367184720614005,0.03558634204876214,0.04297411500909338,0.050361887969424625,0.057749660929755864,0.0651374338900871,0.07252520685041834,0.10637056615310214,0.14021592545578596,0.17406128475846977,0.20790664406115364,0.38513873965896495,0.3809195823308168,0.3735318093704856,0.36614403641015436,0.35875626344982314,0.3513684904894919,0.3439807175291607,0.3101353582264769,0.27628999892379313,0.24244463962110932,0.20859928031842545
5113,0.027541528392130105,0.031246101893993974,0.037732835101129916,0.04421956830826585,0.05070630151540179,0.057193034722537735,0.06367976792967367,0.09339722368731823,0.1231146794449628,0.15283213520260736,0.18254959096025195,0.2947264391013124,0.29102186559944854,0.2845351323923126,0.27804839918517665,0.2715616659780407,0.26507493277090477,0.25858819956376883,0.22887074380612427,0.1991532880484797,0.16943583229083514,0.13971837653319055
5114,0.021214760756460276,0.024068329353953997,0.029064947229369295,0.03406156510478459,0.03905818298019989,0.04405480085561519,0.049051418731030486,0.07194225852804301,0.09483309832505553,0.11772393812206808,0.1406147779190806,0.2196416620198345,0.2167880934223408,0.21179147554692548,0.20679485767151018,0.20179823979609487,0.19680162192067957,0.19180500404526427,0.16891416424825173,0.14602332445123922,0.12313248465422667,0.10024164485721414
5115,0.017379901386824617,0.01971764826949346,0.023811058840523276,0.02790446941155309,0.03199787998258291,0.03609129055361272,0.04018470112464254,0.058937707246218926,0.07769071336779533,0.09644371948937172,0.11519672561094813,0.1725522635160582,0.17021451663338938,0.16612110606235955,0.16202769549132973,0.1579342849202999,0.15384087434927007,0.14974746377824025,0.13099445765666387,0.11224145153508747,0.09348844541351108,0.07473543929193467
5116,0.018861538995962508,0.02139857893702769,0.025840952998510806,0.030283327059993915,0.03472570112147703,0.03916807518296014,0.04361044924444325,0.0639621502340575,0.08431385122367176,0.10466555221328604,0.1250172532029003,0.16219714722554288,0.1596601072844777,0.15521773322299456,0.15077535916151147,0.14633298510002835,0.14189061103854522,0.1374482369770621,0.11709653598744785,0.0967448349978336,0.07639313400821932,0.05604143301860505
5117,0.06031042844298219,0.06842270209442457,0.08262734801485494,0.09683199393528533,0.1110366398557157,0.1252412857761461,0.1394459316965765,0.20452120506052845,0.2695964784244804,0.33467175178843245,0.39974702515238447,0.4566317751531136,0.4485195015016712,0.43431485558124083,0.4201102096608105,0.4059055637403801,0.3917009178199497,0.3774962718995193,0.3124209985355673,0.24734572517161535,0.18227045180766333,0.1171951784437113
5118,0.30895518501738617,0.35051232648691727,0.4232791617051753,0.4960459969234333,0.5688128321416914,0.6415796673599494,0.7143465025782075,1.0477107919933368,1.3810750814084662,1.7144393708235957,2.0478036602387255,2.1024107163262697,2.0608535748567385,1.9880867396384805,1.9153199044202225,1.8425530692019643,1.7697862339837063,1.6970193987654483,1.363655109350319,1.0302908199351897,0.6969265305200603,0.3635622411049304
5119,1.1612949269476076,1.3174991271273024,1.5910137359992662,1.8645283448712298,2.1380429537431938,2.4115575626151577,2.685072171487121,3.9381155800368046,5.191158988586489,6.444202397136173,7.697245805685856,8.797592590406415,8.64138839022672,8.367873781354756,8.094359172482793,7.820844563610829,7.547329954738865,7.273815345866902,6.020771937317218,4.767728528767535,3.514685120217851,2.261641711668167
5120,2.8365400828547638,3.218079229059924,3.8861568494030205,4.554234469746118,5.222312090089215,5.890389710432311,6.558467330775408,9.61910918103339,12.679751031291374,15.74039288154936,18.801034731807345,21.40384848736475,21.02230934115959,20.354231720816493,19.686154100473395,19.018076480130297,18.3499988597872,17.6819212394441,14.621279389186117,11.560637538928134,8.499995688670149,5.439353838412163
5121,4.187241305649756,4.750461435119857,5.736663683482037,6.722865931844216,7.709068180206397,8.695270428568575,9.681472676930756,14.199528337297998,18.717583997665233,23.23563965803248,27.75369531839972,32.29130966000392,31.72808953053382,30.74188728217164,29.75568503380946,28.76948278544728,27.7832805370851,26.797078288722922,22.27902262835568,17.760966967988445,13.242911307621199,8.724855647253957
5122,4.1224380187469025,4.6769415462886,5.647880965838258,6.618820385387915,7.5897598049375725,8.56069922448723,9.53163864403689,13.979771212843394,18.427903781649896,22.876036350456406,27.324168919262913,32.91035711924829,32.35585359170659,31.384914172156932,30.413974752607274,29.443035333057615,28.472095913507957,27.501156493958298,23.053023925151795,18.60489135634529,14.15675878753878,9.708626218732274
5123,3.351595880008395,3.8024144805325077,4.591800893015079,5.381187305497649,6.170573717980221,6.959960130462791,7.7493465429453625,11.365736340329079,14.982126137712793,18.59851593509651,22.21490573248023,27.356769827551037,26.905951227026925,26.116564814544354,25.327178402061783,24.537791989579212,23.74840557709664,22.95901916461407,19.34262936723035,15.726239569846637,12.109849772462919,8.493459975079201
5124,2.9910124143164416,3.3933294236000933,4.097789222441407,4.80224902128272,5.506708820124034,6.211168618965348,6.915628417806662,10.142946736074473,13.370265054342282,16.597583372610092,19.82490169087791,24.2284335048095,23.82611649552585,23.121656696684536,22.417196897843223,21.71273709900191,21.008277300160596,20.303817501319283,17.076499183051475,13.849180864783666,10.621862546515855,7.394544228248039
5125,2.7047846416677372,3.0686015427890947,3.7056473923676854,4.342693241946275,4.979739091524866,5.6167849411034565,6.253830790682048,9.172307818474215,12.090784846266383,15.009261874058554,17.92773890185072,22.802692522038395,22.438875620917038,21.801829771338447,21.164783921759856,20.527738072181265,19.890692222602674,19.253646373024083,16.335169345231915,13.416692317439747,10.498215289647575,7.579738261855409
5126,2.20733046474823,2.5042354815337093,3.0241181699939683,3.544000858454227,4.063883546914486,4.583766235374744,5.103648923835004,7.485370246439614,9.867091569044224,12.248812891648836,14.630534214253444,19.724931122724897,19.428026105939416,18.908143417479156,18.388260729018896,17.868378040558635,17.348495352098375,16.828612663638115,14.446891341033504,12.065170018428894,9.683448695824282,7.3017273732196735
5127,1.677916042855984,1.903610246250039,2.298802319798513,2.693994393346985,3.0891864668954585,3.484378540443932,3.879570613992405,5.690050956937462,7.500531299882518,9.311011642827577,11.121491985772634,14.871256559632515,14.645562356238461,14.250370282689987,13.855178209141515,13.459986135593041,13.064794062044568,12.669601988496094,10.859121645551037,9.04864130260598,7.238160959660921,5.427680616715864
5128,1.1172675321315855,1.2675496673528908,1.5306947005095728,1.7938397336662546,2.0569847668229366,2.3201297999796187,2.583274833136301,3.7888124482913326,4.9943500634463645,6.199887678601396,7.405425293756428,10.033161309414842,9.882879174193537,9.619734141036854,9.356589107880172,9.09344407472349,8.830299041566807,8.567154008410125,7.361616393255093,6.156078778100062,4.95054116294503,3.745003547789998
5129,0.6682540838903488,0.7581400312657272,0.9155309318380566,1.0729218324103855,1.2303127329827148,1.3877036335550441,1.5450945341273732,2.2661442482220826,2.987193962316792,3.7082436764115014,4.429293390506211,6.0734388854665,5.983552938091121,5.826162037518792,5.668771136946463,5.5113802363741335,5.3539893358018045,5.196598435229475,4.475548721134766,3.7544990070400566,3.033449292945347,2.3123995788506377
5130,0.4397550001969972,0.4989058467966161,0.6024793784527985,0.7060529101089809,0.8096264417651632,0.9131999734213457,1.016773505077528,1.4912714914090162,1.9657694777405041,2.4402674640719924,2.9147654504034803,3.6846018562989733,3.625451009699354,3.5218774780431716,3.418303946386989,3.314730414730807,3.2111568830746244,3.1075833514184423,2.633085365086954,2.158587378755466,1.6840893924239777,1.2095914060924897
5131,0.286284866305672,0.32479265405806435,0.39222005033488544,0.4596474466117065,0.5270748428885276,0.5945022391653487,0.6619296354421698,0.9708325302776295,1.2797354251130895,1.5886383199485492,1.8975412147840094,2.22844041223525,2.1899326244828576,2.1225052282060366,2.0550778319292156,1.9876504356523945,1.9202230393755735,1.8527956430987524,1.5438927482632927,1.2349898534278327,0.926086958592373,0.6171840637569128
5132,0.1600000684787465,0.18152145994052682,0.21920556165659857,0.25688966337267033,0.2945737650887421,0.33225786680481384,0.3699419685208856,0.5425828942000834,0.7152238198792811,0.887864745558479,1.0605056712376768,1.3303544742870113,1.308833082825231,1.2711489811091592,1.2334648793930874,1.1957807776770155,1.1580966759609437,1.1204125742448718,0.947771648565674,0.7751307228864763,0.6024897972072784,0.4298488715280806
5133,0.0966650333943288,0.10966731548161278,0.1324343991801003,0.15520148287858784,0.17796856657707538,0.20073565027556292,0.2235027339740505,0.3278048196211218,0.432106905268193,0.5364089909152644,0.6407110765623357,0.8750441895076194,0.8620419074203355,0.8392748237218479,0.8165077400233604,0.7937406563248728,0.7709735726263852,0.7482064889278977,0.6439044032808263,0.5396023176337551,0.4353002319866837,0.3309981463396124
5134,0.060485888935644626,0.06862176353916513,0.08286773488598757,0.09711370623281,0.11135967757963244,0.1256056489264549,0.13985162027327736,0.2051162164429092,0.27038081261254104,0.33564540878217297,0.40091000495180484,0.6530761972950729,0.6449403226915524,0.63069435134473,0.6164483799979075,0.602202408651085,0.5879564373042625,0.57371046595744,0.5084458697878081,0.4431812736181763,0.37791667744854435,0.3126520812789125
5135,0.04326251605801909,0.04908169821561838,0.059271125452270715,0.06946055268892304,0.07964997992557539,0.08983940716222773,0.10002883439888008,0.1467093195416705,0.19338980468446088,0.24007028982725132,0.28675077497004176,0.499578441059629,0.4937592589020297,0.48356983166537737,0.47338040442872503,0.4631909771920727,0.45300154995542036,0.442812122718768,0.3961316375759776,0.3494511524331872,0.30277066729039676,0.2560901821476063
5136,0.031367184720614005,0.03558634204876214,0.04297411500909338,0.050361887969424625,0.057749660929755864,0.0651374338900871,0.07252520685041834,0.10637056615310214,0.14021592545578596,0.17406128475846977,0.20790664406115364,0.38513873965896495,0.3809195823308168,0.3735318093704856,0.36614403641015436,0.35875626344982314,0.3513684904894919,0.3439807175291607,0.3101353582264769,0.27628999892379313,0.24244463962110932,0.20859928031842545
5137,0.027541528392130105,0.031246101893993974,0.037732835101129916,0.04421956830826585,0.05070630151540179,0.057193034722537735,0.06367976792967367,0.09339722368731823,0.1231146794449628,0.15283213520260736,0.18254959096025195,0.2947264391013124,0.29102186559944854,0.2845351323923126,0.27804839918517665,0.2715616659780407,0.26507493277090477,0.25858819956376883,0.22887074380612427,0.1991532880484797,0.16943583229083514,0.13971837653319055
5138,0.021214760756460276,0.024068329353953997,0.029064947229369295,0.03406156510478459,0.03905818298019989,0.04405480085561519,0.049051418731030486,0.07194225852804301,0.09483309832505553,0.11772393812206808,0.1406147779190806,0.2196416620198345,0.2167880934223408,0.21179147554692548,0.20679485767151018,0.20179823979609487,0.19680162192067957,0.19180500404526427,0.16891416424825173,0.14602332445123922,0.12313248465422667,0.10024164485721414
5139,0.017379901386824617,0.01971764826949346,0.023811058840523276,0.02790446941155309,0.03199787998258291,0.03609129055361272,0.04018470112464254,0.058937707246218926,0.07769071336779533,0.09644371948937172,0.11519672561094813,0.1725522635160582,0.17021451663338938,0.16612110606235955,0.16202769549132973,0.1579342849202999,0.15384087434927007,0.14974746377824025,0.13099445765666387,0.11224145153508747,0.09348844541351108,0.07473543929193467
5140,0.018861538995962508,0.02139857893702769,0.025840952998510806,0.030283327059993915,0.03472570112147703,0.03916807518296014,0.04361044924444325,0.0639621502340575,0.08431385122367176,0.10466555221328604,0.1250172532029003,0.16219714722554288,0.1596601072844777,0.15521773322299456,0.15077535916151147,0.14633298510002835,0.14189061103854522,0.1374482369770621,0.11709653598744785,0.0967448349978336,0.07639313400821932,0.05604143301860505
5141,0.06031042844298219,0.06842270209442457,0.08262734801485494,0.09683199393528533,0.1110366398557157,0.1252412857761461,0.1394459316965765,0.20452120506052845,0.2695964784244804,0.33467175178843245,0.39974702515238447,0.4566317751531136,0.4485195015016712,0.43431485558124083,0.4201102096608105,0.4059055637403801,0.3917009178199497,0.3774962718995193,0.3124209985355673,0.24734572517161535,0.18227045180766333,0.1171951784437113
5142,0.30895518501738617,0.35051232648691727,0.4232791617051753,0.4960459969234333,0.5688128321416914,0.6415796673599494,0.7143465025782075,1.0477107919933368,1.3810750814084662,1.7144393708235957,2.0478036602387255,2.1024107163262697,2.0608535748567385,1.9880867396384805,1.9153199044202225,1.8425530692019643,1.7697862339837063,1.6970193987654483,1.363655109350319,1.0302908199351897,0.6969265305200603,0.3635622411049304
5143,1.1612949269476076,1.3174991271273024,1.5910137359992662,1.8645283448712298,2.1380429537431938,2.4115575626151577,2.685072171487121,3.9381155800368046,5.191158988586489,6.444202397136173,7.697245805685856,8.797592590406415,8.64138839022672,8.367873781354756,8.094359172482793,7.820844563610829,7.547329954738865,7.273815345866902,6.020771937317218,4.767728528767535,3.514685120217851,2.261641711668167
5144,2.8365400828547638,3.218079229059924,3.8861568494030205,4.554234469746118,5.222312090089215,5.890389710432311,6.558467330775408,9.61910918103339,12.679751031291374,15.74039288154936,18.801034731807345,21.40384848736475,21.02230934115959,20.354231720816493,19.686154100473395,19.018076480130297,18.3499988597872,17.6819212394441,14.621279389186117,11.560637538928134,8.499995688670149,5.439353838412163
5145,4.187241305649756,4.750461435119857,5.736663683482037,6.722865931844216,7.709068180206397,8.695270428568575,9.681472676930756,14.199528337297998,18.717583997665233,23.23563965803248,27.75369531839972,32.29130966000392,31.72808953053382,30.74188728217164,29.75568503380946,28.76948278544728,27.7832805370851,26.797078288722922,22.27902262835568,17.760966967988445,13.242911307621199,8.724855647253957
5146,4.1224380187469025,4.6769415462886,5.647880965838258,6.618820385387915,7.5897598049375725,8.56069922448723,9.53163864403689,13.979771212843394,18.427903781649896,22.876036350456406,27.324168919262913,32.91035711924829,32.35585359170659,31.384914172156932,30.413974752607274,29.443035333057615,28.472095913507957,27.501156493958298,23.053023925151795,18.60489135634529,14.15675878753878,9.708626218732274
5147,3.351595880008395,3.8024144805325077,4.591800893015079,5.381187305497649,6.170573717980221,6.959960130462791,7.7493465429453625,11.365736340329079,14.982126137712793,18.59851593509651,22.21490573248023,27.356769827551037,26.905951227026925,26.116564814544354,25.327178402061783,24.537791989579212,23.74840557709664,22.95901916461407,19.34262936723035,15.726239569846637,12.109849772462919,8.493459975079201
5148,2.9910124143164416,3.3933294236000933,4.097789222441407,4.80224902128272,5.506708820124034,6.211168618965348,6.915628417806662,10.142946736074473,13.370265054342282,16.597583372610092,19.82490169087791,24.2284335048095,23.82611649552585,23.121656696684536,22.417196897843223,21.71273709900191,21.008277300160596,20.303817501319283,17.076499183051475,13.849180864783666,10.621862546515855,7.394544228248039
5149,2.7047846416677372,3.0686015427890947,3.7056473923676854,4.342693241946275,4.979739091524866,5.6167849411034565,6.253830790682048,9.172307818474215,12.090784846266383,15.009261874058554,17.92773890185072,22.802692522038395,22.438875620917038,21.801829771338447,21.164783921759856,20.527738072181265,19.890692222602674,19.253646373024083,16.335169345231915,13.416692317439747,10.498215289647575,7.579738261855409
5150,2.20733046474823,2.5042354815337093,3.0241181699939683,3.544000858454227,4.063883546914486,4.583766235374744,5.103648923835004,7.485370246439614,9.867091569044224,12.248812891648836,14.630534214253444,19.724931122724897,19.428026105939416,18.908143417479156,18.388260729018896,17.868378040558635,17.348495352098375,16.828612663638115,14.446891341033504,12.065170018428894,9.683448695824282,7.3017273732196735
5151,1.677916042855984,1.903610246250039,2.298802319798513,2.693994393346985,3.0891864668954585,3.484378540443932,3.879570613992405,5.690050956937462,7.500531299882518,9.311011642827577,11.121491985772634,14.871256559632515,14.645562356238461,14.250370282689987,13.855178209141515,13.459986135593041,13.064794062044568,12.669601988496094,10.859121645551037,9.04864130260598,7.238160959660921,5.427680616715864
5152,1.1172675321315855,1.2675496673528908,1.5306947005095728,1.7938397336662546,2.0569847668229366,2.3201297999796187,2.583274833136301,3.7888124482913326,4.9943500634463645,6.199887678601396,7.405425293756428,10.033161309414842,9.882879174193537,9.619734141036854,9.356589107880172,9.09344407472349,8.830299041566807,8.567154008410125,7.361616393255093,6.156078778100062,4.95054116294503,3.745003547789998
5153,0.6682540838903488,0.7581400312657272,0.9155309318380566,1.0729218324103855,1.2303127329827148,1.3877036335550441,1.5450945341273732,2.2661442482220826,2.987193962316792,3.7082436764115014,4.429293390506211,6.0734388854665,5.983552938091121,5.826162037518792,5.668771136946463,5.5113802363741335,5.3539893358018045,5.196598435229475,4.475548721134766,3.7544990070400566,3.033449292945347,2.3123995788506377
5154,0.4397550001969972,0.4989058467966161,0.6024793784527985,0.7060529101089809,0.8096264417651632,0.9131999734213457,1.016773505077528,1.4912714914090162,1.9657694777405041,2.4402674640719924,2.9147654504034803,3.6846018562989733,3.625451009699354,3.5218774780431716,3.418303946386989,3.314730414730807,3.2111568830746244,3.1075833514184423,2.633085365086954,2.158587378755466,1.6840893924239777,1.2095914060924897
5155,0.286284866305672,0.32479265405806435,0.39222005033488544,0.4596474466117065,0.5270748428885276,0.5945022391653487,0.6619296354421698,0.9708325302776295,1.2797354251130895,1.5886383199485492,1.8975412147840094,2.22844041223525,2.1899326244828576,2.1225052282060366,2.0550778319292156,1.9876504356523945,1.9202230393755735,1.8527956430987524,1.5438927482632927,1.2349898534278327,0.926086958592373,0.6171840637569128
5156,0.1600000684787465,0.18152145994052682,0.21920556165659857,0.25688966337267033,0.2945737650887421,0.33225786680481384,0.3699419685208856,0.5425828942000834,0.7152238198792811,0.887864745558479,1.0605056712376768,1.3303544742870113,1.308833082825231,1.2711489811091592,1.2334648793930874,1.1957807776770155,1.1580966759609437,1.1204125742448718,0.947771648565674,0.7751307228864763,0.6024897972072784,0.4298488715280806
5157,0.0966650333943288,0.10966731548161278,0.1324343991801003,0.15520148287858784,0.17796856657707538,0.20073565027556292,0.2235027339740505,0.3278048196211218,0.432106905268193,0.5364089909152644,0.6407110765623357,0.8750441895076194,0.8620419074203355,0.8392748237218479,0.8165077400233604,0.7937406563248728,0.7709735726263852,0.7482064889278977,0.6439044032808263,0.5396023176337551,0.4353002319866837,0.3309981463396124
5158,0.060485888935644626,0.06862176353916513,0.08286773488598757,0.09711370623281,0.11135967757963244,0.1256056489264549,0.13985162027327736,0.2051162164429092,0.27038081261254104,0.33564540878217297,0.40091000495180484,0.6530761972950729,0.6449403226915524,0.63069435134473,0.6164483799979075,0.602202408651085,0.5879564373042625,0.57371046595744,0.5084458697878081,0.4431812736181763,0.37791667744854435,0.3126520812789125
5159,0.04326251605801909,0.04908169821561838,0.059271125452270715,0.06946055268892304,0.07964997992557539,0.08983940716222773,0.10002883439888008,0.1467093195416705,0.19338980468446088,0.24007028982725132,0.28675077497004176,0.499578441059629,0.4937592589020297,0.48356983166537737,0.47338040442872503,0.4631909771920727,0.45300154995542036,0.442812122718768,0.3961316375759776,0.3494511524331872,0.30277066729039676,0.2560901821476063
5160,0.06656898268586907,0.07552308595105217,0.09120178120737912,0.10688047646370606,0.12255917172003303,0.13823786697635998,0.1539165622326869,0.2257448489433112,0.29757313565393556,0.36940142236455986,0.44122970907518416,0.4271966781704077,0.4182425749052246,0.4025638796488976,0.3868851843925707,0.3712064891362437,0.35552779387991673,0.3398490986235898,0.2680208119129655,0.19619252520234115,0.12436423849171685,0.05253595178109255
5161,0.056639086305014866,0.06425753272192815,0.07759748382143074,0.09093743492093335,0.10427738602043597,0.11761733711993858,0.1309572882194412,0.19207116387144205,0.25318503952344296,0.31429891517544384,0.3754127908274448,0.3168441383691494,0.3092256919522361,0.2958857408527335,0.28254578975323086,0.26920583865372827,0.2558658875542257,0.24252593645472306,0.1814120608027222,0.1202981851507213,0.05918430949872042,-0.0019295661532805208
5162,0.03392680220936796,0.038490250202461725,0.046480878441028384,0.05447150667959503,0.06246213491816169,0.07045276315672834,0.07844339139529499,0.1150505915949522,0.15165779179460942,0.18826499199426663,0.22487219219392388,0.22601923126692836,0.22145578327383458,0.21346515503526792,0.20547452679670128,0.1974838985581346,0.18949327031956797,0.1815026420810013,0.1448954418813441,0.10828824168168688,0.07168104148202967,0.035073841282372425
5163,0.0236676925723058,0.026851201690074235,0.03242554764354464,0.03799989359701504,0.043574239550485436,0.049148585503955844,0.05472293145742625,0.08026049774238261,0.10579806402733898,0.13133563031229536,0.15687319659725174,0.20284547879051973,0.1996619696727513,0.1940876237192809,0.1885132777658105,0.1829389318123401,0.17736458585886972,0.17179023990539932,0.14625267362044297,0.12071510733548661,0.09517754105053022,0.06963997476557385
5164,0.02469635730095266,0.028018230711428102,0.03383485347536883,0.03965147623930954,0.04546809900325027,0.051284721767191,0.05710134453113172,0.08374884553458932,0.11039634653804692,0.1370438475415045,0.16369134854496212,0.2086410790622131,0.20531920565173767,0.19950258288779693,0.19368596012385622,0.18786933735991548,0.18205271459597477,0.17623609183203404,0.14958859082857645,0.12294108982511885,0.09629358882166127,0.06964608781820365
5165,0.018530992112733714,0.02102357064238779,0.025388092472381524,0.02975261430237525,0.03411713613236898,0.03848165796236271,0.04284617979235644,0.06284121893523797,0.08283625807811949,0.10283129722100104,0.12282633636388257,0.23076451461001737,0.2282719360803633,0.22390741425036959,0.21954289242037586,0.21517837059038214,0.21081384876038842,0.2064493269303947,0.18645428778751316,0.16645924864463163,0.1464642095017501,0.12646917035886857
5166,0.022723898938375474,0.025780459658883387,0.031132518111866028,0.036484576564848666,0.0418366350178313,0.04718869347081395,0.05254075192379659,0.0770599598532782,0.10157916778275981,0.12609837571224142,0.15061758364172306,0.3411068640072945,0.3380503032867866,0.33269824483380395,0.3273461863808213,0.32199412792783866,0.316642069474856,0.31129001102187337,0.2867708030923918,0.2622515951629102,0.2377323872334286,0.21321317930394695
5167,0.05954035988303085,0.0675490526604855,0.08157232777140645,0.0955956028823274,0.10961887799324835,0.12364215310416929,0.13766542821509023,0.20190979350324906,0.2661541587914079,0.33039852407956677,0.3946428893677256,0.5323949645104806,0.524386271733026,0.510362996622105,0.4963397215111841,0.48231644640026317,0.4682931712893422,0.4542698961784213,0.3900255308902625,0.32578116560210363,0.2615368003139448,0.19729243502578592
5168,0.09422208070711786,0.10689576455313886,0.129087470513181,0.15127917647322317,0.17347088243326533,0.1956625883933075,0.21785429435334966,0.31952042104539957,0.42118654773744957,0.5228526744294996,0.6245188011215496,0.7630054397344619,0.7503317558884409,0.7281400499283988,0.7059483439683566,0.6837566380083144,0.6615649320482723,0.6393732260882301,0.5377070993961802,0.4360409727041302,0.33437484601208023,0.23270871932003023
5169,0.11060462621291975,0.12548190395938727,0.1515321177130734,0.17758233146675953,0.2036325452204457,0.22968275897413182,0.255732972727818,0.37507595323620807,0.49441893374459817,0.6137619142529884,0.7331048947613785,1.04243040931092,1.0275531315644524,1.0015029178107662,0.9754527040570801,0.949402490303394,0.9233522765497079,0.8973020627960218,0.7779590822876317,0.6586161017792416,0.5392731212708513,0.41993014076246116
5170,0.14593538259187422,0.16556495229609972,0.19993646134515083,0.23430797039420195,0.2686794794432531,0.3030509884923042,0.3374224975413554,0.4948875522726021,0.6523526070038489,0.8098176617350957,0.9672827164663426,1.3368623237393928,1.3172327540351674,1.2828612449861163,1.2484897359370652,1.2141182268880142,1.1797467178389631,1.145375208789912,0.9879101540586653,0.8304450993274186,0.6729800445961718,0.5155149898649249
5171,0.17412844867806587,0.1975502293326846,0.2385619253527876,0.2795736213728906,0.3205853173929936,0.3615970134130966,0.40260870943319965,0.5904942325625675,0.7783797556919354,0.9662652788213034,1.1541508019506714,1.6963697765134498,1.6729479958588311,1.6319362998387281,1.590924603818625,1.549912907798522,1.508901211778419,1.467889515758316,1.2800039926289482,1.0921184694995802,0.9042329463702122,0.7163474232408442
5172,0.20258246617249245,0.22983155799628885,0.277544901707457,0.32525824541862514,0.3729715891297932,0.4206849328409614,0.46839827655212957,0.6869858360383282,0.9055733955245269,1.1241609550107257,1.3427485144969247,1.9211150761464808,1.8938659843226844,1.8461526406115163,1.7984392969003482,1.7507259531891801,1.7030126094780118,1.6552992657668437,1.4367117062806452,1.2181241467944464,0.9995365873082476,0.7809490278220486
5173,0.22682064156334378,0.25732997737244256,0.31075203030808307,0.3641740832437235,0.4175961361793641,0.4710181891150046,0.5244402420506451,0.769180921820084,1.013921601589523,1.2586622813589619,1.5034029611284008,2.0428941262432594,2.0123847904341607,1.9589627374985201,1.9055406845628797,1.852118631627239,1.7986965786915987,1.745274525755958,1.5005338459865192,1.2557931662170803,1.0110524864476413,0.7663118066782024
5174,0.28713168866453304,0.3257533813399477,0.3933802259058238,0.46100707047169975,0.5286339150375757,0.5962607596034519,0.6638876041693279,0.9737042248382178,1.2835208455071077,1.5933374661759976,1.9031540868448875,2.133676930271694,2.095055237596279,2.027428393030403,1.9598015484645268,1.8921747038986507,1.8245478593327746,1.7569210147668985,1.4471043940980086,1.1372877734291187,0.8274711527602288,0.5176545320913388
5175,0.3067951188581142,0.3480617127682659,0.42031979724889373,0.49257788172952155,0.5648359662101494,0.6370940506907772,0.709352135171405,1.040385701701159,1.3714192682309132,1.7024528347606676,2.0334864012904217,2.1612776545091203,2.120011060598969,2.047752976118341,1.975494891637713,1.9032368071570853,1.8309787226764576,1.7587206381958298,1.427687071666076,1.0966535051363218,0.7656199386065674,0.4345863720768133
5176,0.27598175878396375,0.31310368956544515,0.3781044409318533,0.44310519229826134,0.5081059436646694,0.5731066950310776,0.6381074463974856,0.9358932333664804,1.233679020335475,1.53146480730447,1.829250594273465,1.9097257114610804,1.872603780679599,1.8076030293131908,1.7426022779467827,1.6776015265803745,1.6126007752139664,1.5476000238475582,1.2498142368785634,0.9520284499095688,0.6542426629405738,0.35645687597157893
5177,0.2253108014307007,0.2556170506983482,0.3086834977291007,0.36174994475985317,0.4148163917906057,0.46788283882135817,0.5209492858521106,0.7640608400805081,1.0071723943089055,1.2502839485373032,1.4933955027657007,1.6192575536297766,1.588951304362129,1.5358848573313766,1.4828184103006241,1.4297519632698716,1.3766855162391192,1.3236190692083667,1.0805075149799692,0.8373959607515719,0.5942844065231742,0.3511728522947767
5178,0.181071206183045,0.20542684770103406,0.24807374039633354,0.290720633091633,0.3333675257869325,0.376014418482232,0.41866131117753147,0.6140381066158548,0.809414902054178,1.0047916974925013,1.200168492930825,1.489569188741577,1.4652135472235879,1.4225666545282885,1.379919761832989,1.3372728691376894,1.29462597644239,1.2519790837470905,1.0566022883087673,0.8612254928704441,0.6658486974321208,0.4704719019937972
5179,0.1371027565822645,0.15554426178254532,0.18783546186591396,0.22012666194928254,0.2524178620326512,0.2847090621160198,0.3170002621993884,0.464934866444111,0.6128694706888336,0.7608040749335562,0.9087386791782788,1.2544431595756709,1.23600165437539,1.2037104542920214,1.1714192542086528,1.1391280541252842,1.1068368540419156,1.074545653958547,0.9266110497138245,0.7786764454691019,0.6307418412243793,0.48280723697965666
5180,0.12288693681507708,0.1394162914452449,0.16835930297358676,0.19730231450192862,0.22624532603027048,0.25518833755861237,0.28413134908695425,0.4167270081222759,0.5493226671575976,0.6819183261929194,0.8145139852282411,0.965950353268064,0.9494209986378962,0.9204779871095543,0.8915349755812124,0.8625919640528705,0.8336489525245286,0.8047059409961868,0.6721102819608651,0.5395146229255434,0.40691896389022164,0.27432330485489986
5181,0.10407025709033581,0.11806860573895996,0.14257980870966933,0.16709101168037868,0.19160221465108804,0.2161134176217974,0.24062462059250678,0.3529169820306787,0.4652093434688507,0.5775017049070227,0.6897940663451948,0.756275578156249,0.7422772295076249,0.7177660265369155,0.6932548235662062,0.6687436205954969,0.6442324176247876,0.6197212146540781,0.5074288532159061,0.3951364917777342,0.2828441303395622,0.17055176890139007
5182,0.09174496304809825,0.10408545316899447,0.1256937346673304,0.14730201616566632,0.16891029766400223,0.19051857916233816,0.21212686066067407,0.3111201642112374,0.4101134677618008,0.5091067713123641,0.6081000748629275,0.6380177307790044,0.6256772406581081,0.6040689591597722,0.5824606776614363,0.5608523961631003,0.5392441146647644,0.5176358331664285,0.4186425296158651,0.3196492260653017,0.22065592251473837,0.12166261896417502
5183,0.0756798511426919,0.0858594449247251,0.10368398234795255,0.12150851977117999,0.13933305719440744,0.15715759461763487,0.17498213204086233,0.2566410943198301,0.33830005659879786,0.4199590188777657,0.5016179811567335,0.5589042903878931,0.54872469660586,0.5309001591826326,0.5130756217594051,0.4952510843361777,0.4774265469129503,0.45960200948972285,0.37794304721075506,0.2962840849317873,0.21462512265281947,0.13296616037385167
5184,0.06656898268586907,0.07552308595105217,0.09120178120737912,0.10688047646370606,0.12255917172003303,0.13823786697635998,0.1539165622326869,0.2257448489433112,0.29757313565393556,0.36940142236455986,0.44122970907518416,0.4271966781704077,0.4182425749052246,0.4025638796488976,0.3868851843925707,0.3712064891362437,0.35552779387991673,0.3398490986235898,0.2680208119129655,0.19619252520234115,0.12436423849171685,0.05253595178109255
5185,0.056639086305014866,0.06425753272192815,0.07759748382143074,0.09093743492093335,0.10427738602043597,0.11761733711993858,0.1309572882194412,0.19207116387144205,0.25318503952344296,0.31429891517544384,0.3754127908274448,0.3168441383691494,0.3092256919522361,0.2958857408527335,0.28254578975323086,0.26920583865372827,0.2558658875542257,0.24252593645472306,0.1814120608027222,0.1202981851507213,0.05918430949872042,-0.0019295661532805208
5186,0.03392680220936796,0.038490250202461725,0.046480878441028384,0.05447150667959503,0.06246213491816169,0.07045276315672834,0.07844339139529499,0.1150505915949522,0.15165779179460942,0.18826499199426663,0.22487219219392388,0.22601923126692836,0.22145578327383458,0.21346515503526792,0.20547452679670128,0.1974838985581346,0.18949327031956797,0.1815026420810013,0.1448954418813441,0.10828824168168688,0.07168104148202967,0.035073841282372425
5187,0.0236676925723058,0.026851201690074235,0.03242554764354464,0.03799989359701504,0.043574239550485436,0.049148585503955844,0.05472293145742625,0.08026049774238261,0.10579806402733898,0.13133563031229536,0.15687319659725174,0.20284547879051973,0.1996619696727513,0.1940876237192809,0.1885132777658105,0.1829389318123401,0.17736458585886972,0.17179023990539932,0.14625267362044297,0.12071510733548661,0.09517754105053022,0.06963997476557385
5188,0.02469635730095266,0.028018230711428102,0.03383485347536883,0.03965147623930954,0.04546809900325027,0.051284721767191,0.05710134453113172,0.08374884553458932,0.11039634653804692,0.1370438475415045,0.16369134854496212,0.2086410790622131,0.20531920565173767,0.19950258288779693,0.19368596012385622,0.18786933735991548,0.18205271459597477,0.17623609183203404,0.14958859082857645,0.12294108982511885,0.09629358882166127,0.06964608781820365
5189,0.018530992112733714,0.02102357064238779,0.025388092472381524,0.02975261430237525,0.03411713613236898,0.03848165796236271,0.04284617979235644,0.06284121893523797,0.08283625807811949,0.10283129722100104,0.12282633636388257,0.23076451461001737,0.2282719360803633,0.22390741425036959,0.21954289242037586,0.21517837059038214,0.21081384876038842,0.2064493269303947,0.18645428778751316,0.16645924864463163,0.1464642095017501,0.12646917035886857
5190,0.022723898938375474,0.025780459658883387,0.031132518111866028,0.036484576564848666,0.0418366350178313,0.04718869347081395,0.05254075192379659,0.0770599598532782,0.10157916778275981,0.12609837571224142,0.15061758364172306,0.3411068640072945,0.3380503032867866,0.33269824483380395,0.3273461863808213,0.32199412792783866,0.316642069474856,0.31129001102187337,0.2867708030923918,0.2622515951629102,0.2377323872334286,0.21321317930394695
5191,0.05954035988303085,0.0675490526604855,0.08157232777140645,0.0955956028823274,0.10961887799324835,0.12364215310416929,0.13766542821509023,0.20190979350324906,0.2661541587914079,0.33039852407956677,0.3946428893677256,0.5323949645104806,0.524386271733026,0.510362996622105,0.4963397215111841,0.48231644640026317,0.4682931712893422,0.4542698961784213,0.3900255308902625,0.32578116560210363,0.2615368003139448,0.19729243502578592
5192,0.09422208070711786,0.10689576455313886,0.129087470513181,0.15127917647322317,0.17347088243326533,0.1956625883933075,0.21785429435334966,0.31952042104539957,0.42118654773744957,0.5228526744294996,0.6245188011215496,0.7630054397344619,0.7503317558884409,0.7281400499283988,0.7059483439683566,0.6837566380083144,0.6615649320482723,0.6393732260882301,0.5377070993961802,0.4360409727041302,0.33437484601208023,0.23270871932003023
5193,0.11060462621291975,0.12548190395938727,0.1515321177130734,0.17758233146675953,0.2036325452204457,0.22968275897413182,0.255732972727818,0.37507595323620807,0.49441893374459817,0.6137619142529884,0.7331048947613785,1.04243040931092,1.0275531315644524,1.0015029178107662,0.9754527040570801,0.949402490303394,0.9233522765497079,0.8973020627960218,0.7779590822876317,0.6586161017792416,0.5392731212708513,0.41993014076246116
5194,0.14593538259187422,0.16556495229609972,0.19993646134515083,0.23430797039420195,0.2686794794432531,0.3030509884923042,0.3374224975413554,0.4948875522726021,0.6523526070038489,0.8098176617350957,0.9672827164663426,1.3368623237393928,1.3172327540351674,1.2828612449861163,1.2484897359370652,1.2141182268880142,1.1797467178389631,1.145375208789912,0.9879101540586653,0.8304450993274186,0.6729800445961718,0.5155149898649249
5195,0.17412844867806587,0.1975502293326846,0.2385619253527876,0.2795736213728906,0.3205853173929936,0.3615970134130966,0.40260870943319965,0.5904942325625675,0.7783797556919354,0.9662652788213034,1.1541508019506714,1.6963697765134498,1.6729479958588311,1.6319362998387281,1.590924603818625,1.549912907798522,1.508901211778419,1.467889515758316,1.2800039926289482,1.0921184694995802,0.9042329463702122,0.7163474232408442
5196,0.20258246617249245,0.22983155799628885,0.277544901707457,0.32525824541862514,0.3729715891297932,0.4206849328409614,0.46839827655212957,0.6869858360383282,0.9055733955245269,1.1241609550107257,1.3427485144969247,1.9211150761464808,1.8938659843226844,1.8461526406115163,1.7984392969003482,1.7507259531891801,1.7030126094780118,1.6552992657668437,1.4367117062806452,1.2181241467944464,0.9995365873082476,0.7809490278220486
5197,0.22682064156334378,0.25732997737244256,0.31075203030808307,0.3641740832437235,0.4175961361793641,0.4710181891150046,0.5244402420506451,0.769180921820084,1.013921601589523,1.2586622813589619,1.5034029611284008,2.0428941262432594,2.0123847904341607,1.9589627374985201,1.9055406845628797,1.852118631627239,1.7986965786915987,1.745274525755958,1.5005338459865192,1.2557931662170803,1.0110524864476413,0.7663118066782024
5198,0.28713168866453304,0.3257533813399477,0.3933802259058238,0.46100707047169975,0.5286339150375757,0.5962607596034519,0.6638876041693279,0.9737042248382178,1.2835208455071077,1.5933374661759976,1.9031540868448875,2.133676930271694,2.095055237596279,2.027428393030403,1.9598015484645268,1.8921747038986507,1.8245478593327746,1.7569210147668985,1.4471043940980086,1.1372877734291187,0.8274711527602288,0.5176545320913388
5199,0.3067951188581142,0.3480617127682659,0.42031979724889373,0.49257788172952155,0.5648359662101494,0.6370940506907772,0.709352135171405,1.040385701701159,1.3714192682309132,1.7024528347606676,2.0334864012904217,2.1612776545091203,2.120011060598969,2.047752976118341,1.975494891637713,1.9032368071570853,1.8309787226764576,1.7587206381958298,1.427687071666076,1.0966535051363218,0.7656199386065674,0.4345863720768133
5200,0.27598175878396375,0.31310368956544515,0.3781044409318533,0.44310519229826134,0.5081059436646694,0.5731066950310776,0.6381074463974856,0.9358932333664804,1.233679020335475,1.53146480730447,1.829250594273465,1.9097257114610804,1.872603780679599,1.8076030293131908,1.7426022779467827,1.6776015265803745,1.6126007752139664,1.5476000238475582,1.2498142368785634,0.9520284499095688,0.6542426629405738,0.35645687597157893
5201,0.2253108014307007,0.2556170506983482,0.3086834977291007,0.36174994475985317,0.4148163917906057,0.46788283882135817,0.5209492858521106,0.7640608400805081,1.0071723943089055,1.2502839485373032,1.4933955027657007,1.6192575536297766,1.588951304362129,1.5358848573313766,1.4828184103006241,1.4297519632698716,1.3766855162391192,1.3236190692083667,1.0805075149799692,0.8373959607515719,0.5942844065231742,0.3511728522947767
5202,0.181071206183045,0.20542684770103406,0.24807374039633354,0.290720633091633,0.3333675257869325,0.376014418482232,0.41866131117753147,0.6140381066158548,0.809414902054178,1.0047916974925013,1.200168492930825,1.489569188741577,1.4652135472235879,1.4225666545282885,1.379919761832989,1.3372728691376894,1.29462597644239,1.2519790837470905,1.0566022883087673,0.8612254928704441,0.6658486974321208,0.4704719019937972
5203,0.1371027565822645,0.15554426178254532,0.18783546186591396,0.22012666194928254,0.2524178620326512,0.2847090621160198,0.3170002621993884,0.464934866444111,0.6128694706888336,0.7608040749335562,0.9087386791782788,1.2544431595756709,1.23600165437539,1.2037104542920214,1.1714192542086528,1.1391280541252842,1.1068368540419156,1.074545653958547,0.9266110497138245,0.7786764454691019,0.6307418412243793,0.48280723697965666
5204,0.12288693681507708,0.1394162914452449,0.16835930297358676,0.19730231450192862,0.22624532603027048,0.25518833755861237,0.28413134908695425,0.4167270081222759,0.5493226671575976,0.6819183261929194,0.8145139852282411,0.965950353268064,0.9494209986378962,0.9204779871095543,0.8915349755812124,0.8625919640528705,0.8336489525245286,0.8047059409961868,0.6721102819608651,0.5395146229255434,0.40691896389022164,0.27432330485489986
5205,0.10407025709033581,0.11806860573895996,0.14257980870966933,0.16709101168037868,0.19160221465108804,0.2161134176217974,0.24062462059250678,0.3529169820306787,0.4652093434688507,0.5775017049070227,0.6897940663451948,0.756275578156249,0.7422772295076249,0.7177660265369155,0.6932548235662062,0.6687436205954969,0.6442324176247876,0.6197212146540781,0.5074288532159061,0.3951364917777342,0.2828441303395622,0.17055176890139007
5206,0.09174496304809825,0.10408545316899447,0.1256937346673304,0.14730201616566632,0.16891029766400223,0.19051857916233816,0.21212686066067407,0.3111201642112374,0.4101134677618008,0.5091067713123641,0.6081000748629275,0.6380177307790044,0.6256772406581081,0.6040689591597722,0.5824606776614363,0.5608523961631003,0.5392441146647644,0.5176358331664285,0.4186425296158651,0.3196492260653017,0.22065592251473837,0.12166261896417502
5207,0.0756798511426919,0.0858594449247251,0.10368398234795255,0.12150851977117999,0.13933305719440744,0.15715759461763487,0.17498213204086233,0.2566410943198301,0.33830005659879786,0.4199590188777657,0.5016179811567335,0.5589042903878931,0.54872469660586,0.5309001591826326,0.5130756217594051,0.4952510843361777,0.4774265469129503,0.45960200948972285,0.37794304721075506,0.2962840849317873,0.21462512265281947,0.13296616037385167
5208,0.031367184720614005,0.03558634204876214,0.04297411500909338,0.050361887969424625,0.057749660929755864,0.0651374338900871,0.07252520685041834,0.10637056615310214,0.14021592545578596,0.17406128475846977,0.20790664406115364,0.38513873965896495,0.3809195823308168,0.3735318093704856,0.36614403641015436,0.35875626344982314,0.3513684904894919,0.3439807175291607,0.3101353582264769,0.27628999892379313,0.24244463962110932,0.20859928031842545
5209,0.027541528392130105,0.031246101893993974,0.037732835101129916,0.04421956830826585,0.05070630151540179,0.057193034722537735,0.06367976792967367,0.09339722368731823,0.1231146794449628,0.15283213520260736,0.18254959096025195,0.2947264391013124,0.29102186559944854,0.2845351323923126,0.27804839918517665,0.2715616659780407,0.26507493277090477,0.25858819956376883,0.22887074380612427,0.1991532880484797,0.16943583229083514,0.13971837653319055
5210,0.021214760756460276,0.024068329353953997,0.029064947229369295,0.03406156510478459,0.03905818298019989,0.04405480085561519,0.049051418731030486,0.07194225852804301,0.09483309832505553,0.11772393812206808,0.1406147779190806,0.2196416620198345,0.2167880934223408,0.21179147554692548,0.20679485767151018,0.20179823979609487,0.19680162192067957,0.19180500404526427,0.16891416424825173,0.14602332445123922,0.12313248465422667,0.10024164485721414
5211,0.017379901386824617,0.01971764826949346,0.023811058840523276,0.02790446941155309,0.03199787998258291,0.03609129055361272,0.04018470112464254,0.058937707246218926,0.07769071336779533,0.09644371948937172,0.11519672561094813,0.1725522635160582,0.17021451663338938,0.16612110606235955,0.16202769549132973,0.1579342849202999,0.15384087434927007,0.14974746377824025,0.13099445765666387,0.11224145153508747,0.09348844541351108,0.07473543929193467
5212,0.018861538995962508,0.02139857893702769,0.025840952998510806,0.030283327059993915,0.03472570112147703,0.03916807518296014,0.04361044924444325,0.0639621502340575,0.08431385122367176,0.10466555221328604,0.1250172532029003,0.16219714722554288,0.1596601072844777,0.15521773322299456,0.15077535916151147,0.14633298510002835,0.14189061103854522,0.1374482369770621,0.11709653598744785,0.0967448349978336,0.07639313400821932,0.05604143301860505
5213,0.06031042844298219,0.06842270209442457,0.08262734801485494,0.09683199393528533,0.1110366398557157,0.1252412857761461,0.1394459316965765,0.20452120506052845,0.2695964784244804,0.33467175178843245,0.39974702515238447,0.4566317751531136,0.4485195015016712,0.43431485558124083,0.4201102096608105,0.4059055637403801,0.3917009178199497,0.3774962718995193,0.3124209985355673,0.24734572517161535,0.18227045180766333,0.1171951784437113
5214,0.30895518501738617,0.35051232648691727,0.4232791617051753,0.4960459969234333,0.5688128321416914,0.6415796673599494,0.7143465025782075,1.0477107919933368,1.3810750814084662,1.7144393708235957,2.0478036602387255,2.1024107163262697,2.0608535748567385,1.9880867396384805,1.9153199044202225,1.8425530692019643,1.7697862339837063,1.6970193987654483,1.363655109350319,1.0302908199351897,0.6969265305200603,0.3635622411049304
5215,1.1612949269476076,1.3174991271273024,1.5910137359992662,1.8645283448712298,2.1380429537431938,2.4115575626151577,2.685072171487121,3.9381155800368046,5.191158988586489,6.444202397136173,7.697245805685856,8.797592590406415,8.64138839022672,8.367873781354756,8.094359172482793,7.820844563610829,7.547329954738865,7.273815345866902,6.020771937317218,4.767728528767535,3.514685120217851,2.261641711668167
5216,2.8365400828547638,3.218079229059924,3.8861568494030205,4.554234469746118,5.222312090089215,5.890389710432311,6.558467330775408,9.61910918103339,12.679751031291374,15.74039288154936,18.801034731807345,21.40384848736475,21.02230934115959,20.354231720816493,19.686154100473395,19.018076480130297,18.3499988597872,17.6819212394441,14.621279389186117,11.560637538928134,8.499995688670149,5.439353838412163
5217,4.187241305649756,4.750461435119857,5.736663683482037,6.722865931844216,7.709068180206397,8.695270428568575,9.681472676930756,14.199528337297998,18.717583997665233,23.23563965803248,27.75369531839972,32.29130966000392,31.72808953053382,30.74188728217164,29.75568503380946,28.76948278544728,27.7832805370851,26.797078288722922,22.27902262835568,17.760966967988445,13.242911307621199,8.724855647253957
5218,4.1224380187469025,4.6769415462886,5.647880965838258,6.618820385387915,7.5897598049375725,8.56069922448723,9.53163864403689,13.979771212843394,18.427903781649896,22.876036350456406,27.324168919262913,32.91035711924829,32.35585359170659,31.384914172156932,30.413974752607274,29.443035333057615,28.472095913507957,27.501156493958298,23.053023925151795,18.60489135634529,14.15675878753878,9.708626218732274
5219,3.351595880008395,3.8024144805325077,4.591800893015079,5.381187305497649,6.170573717980221,6.959960130462791,7.7493465429453625,11.365736340329079,14.982126137712793,18.59851593509651,22.21490573248023,27.356769827551037,26.905951227026925,26.116564814544354,25.327178402061783,24.537791989579212,23.74840557709664,22.95901916461407,19.34262936723035,15.726239569846637,12.109849772462919,8.493459975079201
5220,2.9910124143164416,3.3933294236000933,4.097789222441407,4.80224902128272,5.506708820124034,6.211168618965348,6.915628417806662,10.142946736074473,13.370265054342282,16.597583372610092,19.82490169087791,24.2284335048095,23.82611649552585,23.121656696684536,22.417196897843223,21.71273709900191,21.008277300160596,20.303817501319283,17.076499183051475,13.849180864783666,10.621862546515855,7.394544228248039
5221,2.7047846416677372,3.0686015427890947,3.7056473923676854,4.342693241946275,4.979739091524866,5.6167849411034565,6.253830790682048,9.172307818474215,12.090784846266383,15.009261874058554,17.92773890185072,22.802692522038395,22.438875620917038,21.801829771338447,21.164783921759856,20.527738072181265,19.890692222602674,19.253646373024083,16.335169345231915,13.416692317439747,10.498215289647575,7.579738261855409
5222,2.20733046474823,2.5042354815337093,3.0241181699939683,3.544000858454227,4.063883546914486,4.583766235374744,5.103648923835004,7.485370246439614,9.867091569044224,12.248812891648836,14.630534214253444,19.724931122724897,19.428026105939416,18.908143417479156,18.388260729018896,17.868378040558635,17.348495352098375,16.828612663638115,14.446891341033504,12.065170018428894,9.683448695824282,7.3017273732196735
5223,1.677916042855984,1.903610246250039,2.298802319798513,2.693994393346985,3.0891864668954585,3.484378540443932,3.879570613992405,5.690050956937462,7.500531299882518,9.311011642827577,11.121491985772634,14.871256559632515,14.645562356238461,14.250370282689987,13.855178209141515,13.459986135593041,13.064794062044568,12.669601988496094,10.859121645551037,9.04864130260598,7.238160959660921,5.427680616715864
5224,1.1172675321315855,1.2675496673528908,1.5306947005095728,1.7938397336662546,2.0569847668229366,2.3201297999796187,2.583274833136301,3.7888124482913326,4.9943500634463645,6.199887678601396,7.405425293756428,10.033161309414842,9.882879174193537,9.619734141036854,9.356589107880172,9.09344407472349,8.830299041566807,8.567154008410125,7.361616393255093,6.156078778100062,4.95054116294503,3.745003547789998
5225,0.6682540838903488,0.7581400312657272,0.9155309318380566,1.0729218324103855,1.2303127329827148,1.3877036335550441,1.5450945341273732,2.2661442482220826,2.987193962316792,3.7082436764115014,4.429293390506211,6.0734388854665,5.983552938091121,5.826162037518792,5.668771136946463,5.5113802363741335,5.3539893358018045,5.196598435229475,4.475548721134766,3.7544990070400566,3.033449292945347,2.3123995788506377
5226,0.4397550001969972,0.4989058467966161,0.6024793784527985,0.7060529101089809,0.8096264417651632,0.9131999734213457,1.016773505077528,1.4912714914090162,1.9657694777405041,2.4402674640719924,2.9147654504034803,3.6846018562989733,3.625451009699354,3.5218774780431716,3.418303946386989,3.314730414730807,3.2111568830746244,3.1075833514184423,2.633085365086954,2.158587378755466,1.6840893924239777,1.2095914060924897
5227,0.286284866305672,0.32479265405806435,0.39222005033488544,0.4596474466117065,0.5270748428885276,0.5945022391653487,0.6619296354421698,0.9708325302776295,1.2797354251130895,1.5886383199485492,1.8975412147840094,2.22844041223525,2.1899326244828576,2.1225052282060366,2.0550778319292156,1.9876504356523945,1.9202230393755735,1.8527956430987524,1.5438927482632927,1.2349898534278327,0.926086958592373,0.6171840637569128
5228,0.1600000684787465,0.18152145994052682,0.21920556165659857,0.25688966337267033,0.2945737650887421,0.33225786680481384,0.3699419685208856,0.5425828942000834,0.7152238198792811,0.887864745558479,1.0605056712376768,1.3303544742870113,1.308833082825231,1.2711489811091592,1.2334648793930874,1.1957807776770155,1.1580966759609437,1.1204125742448718,0.947771648565674,0.7751307228864763,0.6024897972072784,0.4298488715280806
5229,0.0966650333943288,0.10966731548161278,0.1324343991801003,0.15520148287858784,0.17796856657707538,0.20073565027556292,0.2235027339740505,0.3278048196211218,0.432106905268193,0.5364089909152644,0.6407110765623357,0.8750441895076194,0.8620419074203355,0.8392748237218479,0.8165077400233604,0.7937406563248728,0.7709735726263852,0.7482064889278977,0.6439044032808263,0.5396023176337551,0.4353002319866837,0.3309981463396124
5230,0.060485888935644626,0.06862176353916513,0.08286773488598757,0.09711370623281,0.11135967757963244,0.1256056489264549,0.13985162027327736,0.2051162164429092,0.27038081261254104,0.33564540878217297,0.40091000495180484,0.6530761972950729,0.6449403226915524,0.63069435134473,0.6164483799979075,0.602202408651085,0.5879564373042625,0.57371046595744,0.5084458697878081,0.4431812736181763,0.37791667744854435,0.3126520812789125
5231,0.04326251605801909,0.04908169821561838,0.059271125452270715,0.06946055268892304,0.07964997992557539,0.08983940716222773,0.10002883439888008,0.1467093195416705,0.19338980468446088,0.24007028982725132,0.28675077497004176,0.499578441059629,0.4937592589020297,0.48356983166537737,0.47338040442872503,0.4631909771920727,0.45300154995542036,0.442812122718768,0.3961316375759776,0.3494511524331872,0.30277066729039676,0.2560901821476063
5232,0.031367184720614005,0.03558634204876214,0.04297411500909338,0.050361887969424625,0.057749660929755864,0.0651374338900871,0.07252520685041834,0.10637056615310214,0.14021592545578596,0.17406128475846977,0.20790664406115364,0.38513873965896495,0.3809195823308168,0.3735318093704856,0.36614403641015436,0.35875626344982314,0.3513684904894919,0.3439807175291607,0.3101353582264769,0.27628999892379313,0.24244463962110932,0.20859928031842545
5233,0.027541528392130105,0.031246101893993974,0.037732835101129916,0.04421956830826585,0.05070630151540179,0.057193034722537735,0.06367976792967367,0.09339722368731823,0.1231146794449628,0.15283213520260736,0.18254959096025195,0.2947264391013124,0.29102186559944854,0.2845351323923126,0.27804839918517665,0.2715616659780407,0.26507493277090477,0.25858819956376883,0.22887074380612427,0.1991532880484797,0.16943583229083514,0.13971837653319055
5234,0.021214760756460276,0.024068329353953997,0.029064947229369295,0.03406156510478459,0.03905818298019989,0.04405480085561519,0.049051418731030486,0.07194225852804301,0.09483309832505553,0.11772393812206808,0.1406147779190806,0.2196416620198345,0.2167880934223408,0.21179147554692548,0.20679485767151018,0.20179823979609487,0.19680162192067957,0.19180500404526427,0.16891416424825173,0.14602332445123922,0.12313248465422667,0.10024164485721414
5235,0.017379901386824617,0.01971764826949346,0.023811058840523276,0.02790446941155309,0.03199787998258291,0.03609129055361272,0.04018470112464254,0.058937707246218926,0.07769071336779533,0.09644371948937172,0.11519672561094813,0.1725522635160582,0.17021451663338938,0.16612110606235955,0.16202769549132973,0.1579342849202999,0.15384087434927007,0.14974746377824025,0.13099445765666387,0.11224145153508747,0.09348844541351108,0.07473543929193467
5236,0.018861538995962508,0.02139857893702769,0.025840952998510806,0.030283327059993915,0.03472570112147703,0.03916807518296014,0.04361044924444325,0.0639621502340575,0.08431385122367176,0.10466555221328604,0.1250172532029003,0.16219714722554288,0.1596601072844777,0.15521773322299456,0.15077535916151147,0.14633298510002835,0.14189061103854522,0.1374482369770621,0.11709653598744785,0.0967448349978336,0.07639313400821932,0.05604143301860505
5237,0.06031042844298219,0.06842270209442457,0.08262734801485494,0.09683199393528533,0.1110366398557157,0.1252412857761461,0.1394459316965765,0.20452120506052845,0.2695964784244804,0.33467175178843245,0.39974702515238447,0.4566317751531136,0.4485195015016712,0.43431485558124083,0.4201102096608105,0.4059055637403801,0.3917009178199497,0.3774962718995193,0.3124209985355673,0.24734572517161535,0.18227045180766333,0.1171951784437113
5238,0.30895518501738617,0.35051232648691727,0.4232791617051753,0.4960459969234333,0.5688128321416914,0.6415796673599494,0.7143465025782075,1.0477107919933368,1.3810750814084662,1.7144393708235957,2.0478036602387255,2.1024107163262697,2.0608535748567385,1.9880867396384805,1.9153199044202225,1.8425530692019643,1.7697862339837063,1.6970193987654483,1.363655109350319,1.0302908199351897,0.6969265305200603,0.3635622411049304
5239,1.1612949269476076,1.3174991271273024,1.5910137359992662,1.8645283448712298,2.1380429537431938,2.4115575626151577,2.685072171487121,3.9381155800368046,5.191158988586489,6.444202397136173,7.697245805685856,8.797592590406415,8.64138839022672,8.367873781354756,8.094359172482793,7.820844563610829,7.547329954738865,7.273815345866902,6.020771937317218,4.767728528767535,3.514685120217851,2.261641711668167
5240,2.8365400828547638,3.218079229059924,3.8861568494030205,4.554234469746118,5.222312090089215,5.890389710432311,6.558467330775408,9.61910918103339,12.679751031291374,15.74039288154936,18.801034731807345,21.40384848736475,21.02230934115959,20.354231720816493,19.686154100473395,19.018076480130297,18.3499988597872,17.6819212394441,14.621279389186117,11.560637538928134,8.499995688670149,5.439353838412163
5241,4.187241305649756,4.750461435119857,5.736663683482037,6.722865931844216,7.709068180206397,8.695270428568575,9.681472676930756,14.199528337297998,18.717583997665233,23.23563965803248,27.75369531839972,32.29130966000392,31.72808953053382,30.74188728217164,29.75568503380946,28.76948278544728,27.7832805370851,26.797078288722922,22.27902262835568,17.760966967988445,13.242911307621199,8.724855647253957
5242,4.1224380187469025,4.6769415462886,5.647880965838258,6.618820385387915,7.5897598049375725,8.56069922448723,9.53163864403689,13.979771212843394,18.427903781649896,22.876036350456406,27.324168919262913,32.91035711924829,32.35585359170659,31.384914172156932,30.413974752607274,29.443035333057615,28.472095913507957,27.501156493958298,23.053023925151795,18.60489135634529,14.15675878753878,9.708626218732274
5243,3.351595880008395,3.8024144805325077,4.591800893015079,5.381187305497649,6.170573717980221,6.959960130462791,7.7493465429453625,11.365736340329079,14.982126137712793,18.59851593509651,22.21490573248023,27.356769827551037,26.905951227026925,26.116564814544354,25.327178402061783,24.537791989579212,23.74840557709664,22.95901916461407,19.34262936723035,15.726239569846637,12.109849772462919,8.493459975079201
5244,2.9910124143164416,3.3933294236000933,4.097789222441407,4.80224902128272,5.506708820124034,6.211168618965348,6.915628417806662,10.142946736074473,13.370265054342282,16.597583372610092,19.82490169087791,24.2284335048095,23.82611649552585,23.121656696684536,22.417196897843223,21.71273709900191,21.008277300160596,20.303817501319283,17.076499183051475,13.849180864783666,10.621862546515855,7.394544228248039
5245,2.7047846416677372,3.0686015427890947,3.7056473923676854,4.342693241946275,4.979739091524866,5.6167849411034565,6.253830790682048,9.172307818474215,12.090784846266383,15.009261874058554,17.92773890185072,22.802692522038395,22.438875620917038,21.801829771338447,21.164783921759856,20.527738072181265,19.890692222602674,19.253646373024083,16.335169345231915,13.416692317439747,10.498215289647575,7.579738261855409
5246,2.20733046474823,2.5042354815337093,3.0241181699939683,3.544000858454227,4.063883546914486,4.583766235374744,5.103648923835004,7.485370246439614,9.867091569044224,12.248812891648836,14.630534214253444,19.724931122724897,19.428026105939416,18.908143417479156,18.388260729018896,17.868378040558635,17.348495352098375,16.828612663638115,14.446891341033504,12.065170018428894,9.683448695824282,7.3017273732196735
5247,1.677916042855984,1.903610246250039,2.298802319798513,2.693994393346985,3.0891864668954585,3.484378540443932,3.879570613992405,5.690050956937462,7.500531299882518,9.311011642827577,11.121491985772634,14.871256559632515,14.645562356238461,14.250370282689987,13.855178209141515,13.459986135593041,13.064794062044568,12.669601988496094,10.859121645551037,9.04864130260598,7.238160959660921,5.427680616715864
5248,1.1172675321315855,1.2675496673528908,1.5306947005095728,1.7938397336662546,2.0569847668229366,2.3201297999796187,2.583274833136301,3.7888124482913326,4.9943500634463645,6.199887678601396,7.405425293756428,10.033161309414842,9.882879174193537,9.619734141036854,9.356589107880172,9.09344407472349,8.830299041566807,8.567154008410125,7.361616393255093,6.156078778100062,4.95054116294503,3.745003547789998
5249,0.6682540838903488,0.7581400312657272,0.9155309318380566,1.0729218324103855,1.2303127329827148,1.3877036335550441,1.5450945341273732,2.2661442482220826,2.987193962316792,3.7082436764115014,4.429293390506211,6.0734388854665,5.983552938091121,5.826162037518792,5.668771136946463,5.5113802363741335,5.3539893358018045,5.196598435229475,4.475548721134766,3.7544990070400566,3.033449292945347,2.3123995788506377
5250,0.4397550001969972,0.4989058467966161,0.6024793784527985,0.7060529101089809,0.8096264417651632,0.9131999734213457,1.016773505077528,1.4912714914090162,1.9657694777405041,2.4402674640719924,2.9147654504034803,3.6846018562989733,3.625451009699354,3.5218774780431716,3.418303946386989,3.314730414730807,3.2111568830746244,3.1075833514184423,2.633085365086954,2.158587378755466,1.6840893924239777,1.2095914060924897
5251,0.286284866305672,0.32479265405806435,0.39222005033488544,0.4596474466117065,0.5270748428885276,0.5945022391653487,0.6619296354421698,0.9708325302776295,1.2797354251130895,1.5886383199485492,1.8975412147840094,2.22844041223525,2.1899326244828576,2.1225052282060366,2.0550778319292156,1.9876504356523945,1.9202230393755735,1.8527956430987524,1.5438927482632927,1.2349898534278327,0.926086958592373,0.6171840637569128
5252,0.1600000684787465,0.18152145994052682,0.21920556165659857,0.25688966337267033,0.2945737650887421,0.33225786680481384,0.3699419685208856,0.5425828942000834,0.7152238198792811,0.887864745558479,1.0605056712376768,1.3303544742870113,1.308833082825231,1.2711489811091592,1.2334648793930874,1.1957807776770155,1.1580966759609437,1.1204125742448718,0.947771648565674,0.7751307228864763,0.6024897972072784,0.4298488715280806
5253,0.0966650333943288,0.10966731548161278,0.1324343991801003,0.15520148287858784,0.17796856657707538,0.20073565027556292,0.2235027339740505,0.3278048196211218,0.432106905268193,0.5364089909152644,0.6407110765623357,0.8750441895076194,0.8620419074203355,0.8392748237218479,0.8165077400233604,0.7937406563248728,0.7709735726263852,0.7482064889278977,0.6439044032808263,0.5396023176337551,0.4353002319866837,0.3309981463396124
5254,0.060485888935644626,0.06862176353916513,0.08286773488598757,0.09711370623281,0.11135967757963244,0.1256056489264549,0.13985162027327736,0.2051162164429092,0.27038081261254104,0.33564540878217297,0.40091000495180484,0.6530761972950729,0.6449403226915524,0.63069435134473,0.6164483799979075,0.602202408651085,0.5879564373042625,0.57371046595744,0.5084458697878081,0.4431812736181763,0.37791667744854435,0.3126520812789125
5255,0.04326251605801909,0.04908169821561838,0.059271125452270715,0.06946055268892304,0.07964997992557539,0.08983940716222773,0.10002883439888008,0.1467093195416705,0.19338980468446088,0.24007028982725132,0.28675077497004176,0.499578441059629,0.4937592589020297,0.48356983166537737,0.47338040442872503,0.4631909771920727,0.45300154995542036,0.442812122718768,0.3961316375759776,0.3494511524331872,0.30277066729039676,0.2560901821476063
5256,0.031367184720614005,0.03558634204876214,0.04297411500909338,0.050361887969424625,0.057749660929755864,0.0651374338900871,0.07252520685041834,0.10637056615310214,0.14021592545578596,0.17406128475846977,0.20790664406115364,0.38513873965896495,0.3809195823308168,0.3735318093704856,0.36614403641015436,0.35875626344982314,0.3513684904894919,0.3439807175291607,0.3101353582264769,0.27628999892379313,0.24244463962110932,0.20859928031842545
5257,0.027541528392130105,0.031246101893993974,0.037732835101129916,0.04421956830826585,0.05070630151540179,0.057193034722537735,0.06367976792967367,0.09339722368731823,0.1231146794449628,0.15283213520260736,0.18254959096025195,0.2947264391013124,0.29102186559944854,0.2845351323923126,0.27804839918517665,0.2715616659780407,0.26507493277090477,0.25858819956376883,0.22887074380612427,0.1991532880484797,0.16943583229083514,0.13971837653319055
5258,0.021214760756460276,0.024068329353953997,0.029064947229369295,0.03406156510478459,0.03905818298019989,0.04405480085561519,0.049051418731030486,0.07194225852804301,0.09483309832505553,0.11772393812206808,0.1406147779190806,0.2196416620198345,0.2167880934223408,0.21179147554692548,0.20679485767151018,0.20179823979609487,0.19680162192067957,0.19180500404526427,0.16891416424825173,0.14602332445123922,0.12313248465422667,0.10024164485721414
5259,0.017379901386824617,0.01971764826949346,0.023811058840523276,0.02790446941155309,0.03199787998258291,0.03609129055361272,0.04018470112464254,0.058937707246218926,0.07769071336779533,0.09644371948937172,0.11519672561094813,0.1725522635160582,0.17021451663338938,0.16612110606235955,0.16202769549132973,0.1579342849202999,0.15384087434927007,0.14974746377824025,0.13099445765666387,0.11224145153508747,0.09348844541351108,0.07473543929193467
5260,0.018861538995962508,0.02139857893702769,0.025840952998510806,0.030283327059993915,0.03472570112147703,0.03916807518296014,0.04361044924444325,0.0639621502340575,0.08431385122367176,0.10466555221328604,0.1250172532029003,0.16219714722554288,0.1596601072844777,0.15521773322299456,0.15077535916151147,0.14633298510002835,0.14189061103854522,0.1374482369770621,0.11709653598744785,0.0967448349978336,0.07639313400821932,0.05604143301860505
5261,0.06031042844298219,0.06842270209442457,0.08262734801485494,0.09683199393528533,0.1110366398557157,0.1252412857761461,0.1394459316965765,0.20452120506052845,0.2695964784244804,0.33467175178843245,0.39974702515238447,0.4566317751531136,0.4485195015016712,0.43431485558124083,0.4201102096608105,0.4059055637403801,0.3917009178199497,0.3774962718995193,0.3124209985355673,0.24734572517161535,0.18227045180766333,0.1171951784437113
5262,0.30895518501738617,0.35051232648691727,0.4232791617051753,0.4960459969234333,0.5688128321416914,0.6415796673599494,0.7143465025782075,1.0477107919933368,1.3810750814084662,1.7144393708235957,2.0478036602387255,2.1024107163262697,2.0608535748567385,1.9880867396384805,1.9153199044202225,1.8425530692019643,1.7697862339837063,1.6970193987654483,1.363655109350319,1.0302908199351897,0.6969265305200603,0.3635622411049304
5263,1.1612949269476076,1.3174991271273024,1.5910137359992662,1.8645283448712298,2.1380429537431938,2.4115575626151577,2.685072171487121,3.9381155800368046,5.191158988586489,6.444202397136173,7.697245805685856,8.797592590406415,8.64138839022672,8.367873781354756,8.094359172482793,7.820844563610829,7.547329954738865,7.273815345866902,6.020771937317218,4.767728528767535,3.514685120217851,2.261641711668167
5264,2.8365400828547638,3.218079229059924,3.8861568494030205,4.554234469746118,5.222312090089215,5.890389710432311,6.558467330775408,9.61910918103339,12.679751031291374,15.74039288154936,18.801034731807345,21.40384848736475,21.02230934115959,20.354231720816493,19.686154100473395,19.018076480130297,18.3499988597872,17.6819212394441,14.621279389186117,11.560637538928134,8.499995688670149,5.439353838412163
5265,4.187241305649756,4.750461435119857,5.736663683482037,6.722865931844216,7.709068180206397,8.695270428568575,9.681472676930756,14.199528337297998,18.717583997665233,23.23563965803248,27.75369531839972,32.29130966000392,31.72808953053382,30.74188728217164,29.75568503380946,28.76948278544728,27.7832805370851,26.797078288722922,22.27902262835568,17.760966967988445,13.242911307621199,8.724855647253957
5266,4.1224380187469025,4.6769415462886,5.647880965838258,6.618820385387915,7.5897598049375725,8.56069922448723,9.53163864403689,13.979771212843394,18.427903781649896,22.876036350456406,27.324168919262913,32.91035711924829,32.35585359170659,31.384914172156932,30.413974752607274,29.443035333057615,28.472095913507957,27.501156493958298,23.053023925151795,18.60489135634529,14.15675878753878,9.708626218732274
5267,3.351595880008395,3.8024144805325077,4.591800893015079,5.381187305497649,6.170573717980221,6.959960130462791,7.7493465429453625,11.365736340329079,14.982126137712793,18.59851593509651,22.21490573248023,27.356769827551037,26.905951227026925,26.116564814544354,25.327178402061783,24.537791989579212,23.74840557709664,22.95901916461407,19.34262936723035,15.726239569846637,12.109849772462919,8.493459975079201
5268,2.9910124143164416,3.3933294236000933,4.097789222441407,4.80224902128272,5.506708820124034,6.211168618965348,6.915628417806662,10.142946736074473,13.370265054342282,16.597583372610092,19.82490169087791,24.2284335048095,23.82611649552585,23.121656696684536,22.417196897843223,21.71273709900191,21.008277300160596,20.303817501319283,17.076499183051475,13.849180864783666,10.621862546515855,7.394544228248039
5269,2.7047846416677372,3.0686015427890947,3.7056473923676854,4.342693241946275,4.979739091524866,5.6167849411034565,6.253830790682048,9.172307818474215,12.090784846266383,15.009261874058554,17.92773890185072,22.802692522038395,22.438875620917038,21.801829771338447,21.164783921759856,20.527738072181265,19.890692222602674,19.253646373024083,16.335169345231915,13.416692317439747,10.498215289647575,7.579738261855409
5270,2.20733046474823,2.5042354815337093,3.0241181699939683,3.544000858454227,4.063883546914486,4.583766235374744,5.103648923835004,7.485370246439614,9.867091569044224,12.248812891648836,14.630534214253444,19.724931122724897,19.428026105939416,18.908143417479156,18.388260729018896,17.868378040558635,17.348495352098375,16.828612663638115,14.446891341033504,12.065170018428894,9.683448695824282,7.3017273732196735
5271,1.677916042855984,1.903610246250039,2.298802319798513,2.693994393346985,3.0891864668954585,3.484378540443932,3.879570613992405,5.690050956937462,7.500531299882518,9.311011642827577,11.121491985772634,14.871256559632515,14.645562356238461,14.250370282689987,13.855178209141515,13.459986135593041,13.064794062044568,12.669601988496094,10.859121645551037,9.04864130260598,7.238160959660921,5.427680616715864
5272,1.1172675321315855,1.2675496673528908,1.5306947005095728,1.7938397336662546,2.0569847668229366,2.3201297999796187,2.583274833136301,3.7888124482913326,4.9943500634463645,6.199887678601396,7.405425293756428,10.033161309414842,9.882879174193537,9.619734141036854,9.356589107880172,9.09344407472349,8.830299041566807,8.567154008410125,7.361616393255093,6.156078778100062,4.95054116294503,3.745003547789998
5273,0.6682540838903488,0.7581400312657272,0.9155309318380566,1.0729218324103855,1.2303127329827148,1.3877036335550441,1.5450945341273732,2.2661442482220826,2.987193962316792,3.7082436764115014,4.429293390506211,6.0734388854665,5.983552938091121,5.826162037518792,5.668771136946463,5.5113802363741335,5.3539893358018045,5.196598435229475,4.475548721134766,3.7544990070400566,3.033449292945347,2.3123995788506377
5274,0.4397550001969972,0.4989058467966161,0.6024793784527985,0.7060529101089809,0.8096264417651632,0.9131999734213457,1.016773505077528,1.4912714914090162,1.9657694777405041,2.4402674640719924,2.9147654504034803,3.6846018562989733,3.625451009699354,3.5218774780431716,3.418303946386989,3.314730414730807,3.2111568830746244,3.1075833514184423,2.633085365086954,2.158587378755466,1.6840893924239777,1.2095914060924897
5275,0.286284866305672,0.32479265405806435,0.39222005033488544,0.4596474466117065,0.5270748428885276,0.5945022391653487,0.6619296354421698,0.9708325302776295,1.2797354251130895,1.5886383199485492,1.8975412147840094,2.22844041223525,2.1899326244828576,2.1225052282060366,2.0550778319292156,1.9876504356523945,1.9202230393755735,1.8527956430987524,1.5438927482632927,1.2349898534278327,0.926086958592373,0.6171840637569128
5276,0.1600000684787465,0.18152145994052682,0.21920556165659857,0.25688966337267033,0.2945737650887421,0.33225786680481384,0.3699419685208856,0.5425828942000834,0.7152238198792811,0.887864745558479,1.0605056712376768,1.3303544742870113,1.308833082825231,1.2711489811091592,1.2334648793930874,1.1957807776770155,1.1580966759609437,1.1204125742448718,0.947771648565674,0.7751307228864763,0.6024897972072784,0.4298488715280806
5277,0.0966650333943288,0.10966731548161278,0.1324343991801003,0.15520148287858784,0.17796856657707538,0.20073565027556292,0.2235027339740505,0.3278048196211218,0.432106905268193,0.5364089909152644,0.6407110765623357,0.8750441895076194,0.8620419074203355,0.8392748237218479,0.8165077400233604,0.7937406563248728,0.7709735726263852,0.7482064889278977,0.6439044032808263,0.5396023176337551,0.4353002319866837,0.3309981463396124
5278,0.060485888935644626,0.06862176353916513,0.08286773488598757,0.09711370623281,0.11135967757963244,0.1256056489264549,0.13985162027327736,0.2051162164429092,0.27038081261254104,0.33564540878217297,0.40091000495180484,0.6530761972950729,0.6449403226915524,0.63069435134473,0.6164483799979075,0.602202408651085,0.5879564373042625,0.57371046595744,0.5084458697878081,0.4431812736181763,0.37791667744854435,0.3126520812789125
5279,0.04326251605801909,0.04908169821561838,0.059271125452270715,0.06946055268892304,0.07964997992557539,0.08983940716222773,0.10002883439888008,0.1467093195416705,0.19338980468446088,0.24007028982725132,0.28675077497004176,0.499578441059629,0.4937592589020297,0.48356983166537737,0.47338040442872503,0.4631909771920727,0.45300154995542036,0.442812122718768,0.3961316375759776,0.3494511524331872,0.30277066729039676,0.2560901821476063
5280,0.031367184720614005,0.03558634204876214,0.04297411500909338,0.050361887969424625,0.057749660929755864,0.0651374338900871,0.07252520685041834,0.10637056615310214,0.14021592545578596,0.17406128475846977,0.20790664406115364,0.38513873965896495,0.3809195823308168,0.3735318093704856,0.36614403641015436,0.35875626344982314,0.3513684904894919,0.3439807175291607,0.3101353582264769,0.27628999892379313,0.24244463962110932,0.20859928031842545
5281,0.027541528392130105,0.031246101893993974,0.037732835101129916,0.04421956830826585,0.05070630151540179,0.057193034722537735,0.06367976792967367,0.09339722368731823,0.1231146794449628,0.15283213520260736,0.18254959096025195,0.2947264391013124,0.29102186559944854,0.2845351323923126,0.27804839918517665,0.2715616659780407,0.26507493277090477,0.25858819956376883,0.22887074380612427,0.1991532880484797,0.16943583229083514,0.13971837653319055
5282,0.021214760756460276,0.024068329353953997,0.029064947229369295,0.03406156510478459,0.03905818298019989,0.04405480085561519,0.049051418731030486,0.07194225852804301,0.09483309832505553,0.11772393812206808,0.1406147779190806,0.2196416620198345,0.2167880934223408,0.21179147554692548,0.20679485767151018,0.20179823979609487,0.19680162192067957,0.19180500404526427,0.16891416424825173,0.14602332445123922,0.12313248465422667,0.10024164485721414
5283,0.017379901386824617,0.01971764826949346,0.023811058840523276,0.02790446941155309,0.03199787998258291,0.03609129055361272,0.04018470112464254,0.058937707246218926,0.07769071336779533,0.09644371948937172,0.11519672561094813,0.1725522635160582,0.17021451663338938,0.16612110606235955,0.16202769549132973,0.1579342849202999,0.15384087434927007,0.14974746377824025,0.13099445765666387,0.11224145153508747,0.09348844541351108,0.07473543929193467
5284,0.018861538995962508,0.02139857893702769,0.025840952998510806,0.030283327059993915,0.03472570112147703,0.03916807518296014,0.04361044924444325,0.0639621502340575,0.08431385122367176,0.10466555221328604,0.1250172532029003,0.16219714722554288,0.1596601072844777,0.15521773322299456,0.15077535916151147,0.14633298510002835,0.14189061103854522,0.1374482369770621,0.11709653598744785,0.0967448349978336,0.07639313400821932,0.05604143301860505
5285,0.06031042844298219,0.06842270209442457,0.08262734801485494,0.09683199393528533,0.1110366398557157,0.1252412857761461,0.1394459316965765,0.20452120506052845,0.2695964784244804,0.33467175178843245,0.39974702515238447,0.4566317751531136,0.4485195015016712,0.43431485558124083,0.4201102096608105,0.4059055637403801,0.3917009178199497,0.3774962718995193,0.3124209985355673,0.24734572517161535,0.18227045180766333,0.1171951784437113
5286,0.30895518501738617,0.35051232648691727,0.4232791617051753,0.4960459969234333,0.5688128321416914,0.6415796673599494,0.7143465025782075,1.0477107919933368,1.3810750814084662,1.7144393708235957,2.0478036602387255,2.1024107163262697,2.0608535748567385,1.9880867396384805,1.9153199044202225,1.8425530692019643,1.7697862339837063,1.6970193987654483,1.363655109350319,1.0302908199351897,0.6969265305200603,0.3635622411049304
5287,1.1612949269476076,1.3174991271273024,1.5910137359992662,1.8645283448712298,2.1380429537431938,2.4115575626151577,2.685072171487121,3.9381155800368046,5.191158988586489,6.444202397136173,7.697245805685856,8.797592590406415,8.64138839022672,8.367873781354756,8.094359172482793,7.820844563610829,7.547329954738865,7.273815345866902,6.020771937317218,4.767728528767535,3.514685120217851,2.261641711668167
5288,2.8365400828547638,3.218079229059924,3.8861568494030205,4.554234469746118,5.222312090089215,5.890389710432311,6.558467330775408,9.61910918103339,12.679751031291374,15.74039288154936,18.801034731807345,21.40384848736475,21.02230934115959,20.354231720816493,19.686154100473395,19.018076480130297,18.3499988597872,17.6819212394441,14.621279389186117,11.560637538928134,8.499995688670149,5.439353838412163
5289,4.187241305649756,4.750461435119857,5.736663683482037,6.722865931844216,7.709068180206397,8.695270428568575,9.681472676930756,14.199528337297998,18.717583997665233,23.23563965803248,27.75369531839972,32.29130966000392,31.72808953053382,30.74188728217164,29.75568503380946,28.76948278544728,27.7832805370851,26.797078288722922,22.27902262835568,17.760966967988445,13.242911307621199,8.724855647253957
5290,4.1224380187469025,4.6769415462886,5.647880965838258,6.618820385387915,7.5897598049375725,8.56069922448723,9.53163864403689,13.979771212843394,18.427903781649896,22.876036350456406,27.324168919262913,32.91035711924829,32.35585359170659,31.384914172156932,30.413974752607274,29.443035333057615,28.472095913507957,27.501156493958298,23.053023925151795,18.60489135634529,14.15675878753878,9.708626218732274
5291,3.351595880008395,3.8024144805325077,4.591800893015079,5.381187305497649,6.170573717980221,6.959960130462791,7.7493465429453625,11.365736340329079,14.982126137712793,18.59851593509651,22.21490573248023,27.356769827551037,26.905951227026925,26.116564814544354,25.327178402061783,24.537791989579212,23.74840557709664,22.95901916461407,19.34262936723035,15.726239569846637,12.109849772462919,8.493459975079201
5292,2.9910124143164416,3.3933294236000933,4.097789222441407,4.80224902128272,5.506708820124034,6.211168618965348,6.915628417806662,10.142946736074473,13.370265054342282,16.597583372610092,19.82490169087791,24.2284335048095,23.82611649552585,23.121656696684536,22.417196897843223,21.71273709900191,21.008277300160596,20.303817501319283,17.076499183051475,13.849180864783666,10.621862546515855,7.394544228248039
5293,2.7047846416677372,3.0686015427890947,3.7056473923676854,4.342693241946275,4.979739091524866,5.6167849411034565,6.253830790682048,9.172307818474215,12.090784846266383,15.009261874058554,17.92773890185072,22.802692522038395,22.438875620917038,21.801829771338447,21.164783921759856,20.527738072181265,19.890692222602674,19.253646373024083,16.335169345231915,13.416692317439747,10.498215289647575,7.579738261855409
5294,2.20733046474823,2.5042354815337093,3.0241181699939683,3.544000858454227,4.063883546914486,4.583766235374744,5.103648923835004,7.485370246439614,9.867091569044224,12.248812891648836,14.630534214253444,19.724931122724897,19.428026105939416,18.908143417479156,18.388260729018896,17.868378040558635,17.348495352098375,16.828612663638115,14.446891341033504,12.065170018428894,9.683448695824282,7.3017273732196735
5295,1.677916042855984,1.903610246250039,2.298802319798513,2.693994393346985,3.0891864668954585,3.484378540443932,3.879570613992405,5.690050956937462,7.500531299882518,9.311011642827577,11.121491985772634,14.871256559632515,14.645562356238461,14.250370282689987,13.855178209141515,13.459986135593041,13.064794062044568,12.669601988496094,10.859121645551037,9.04864130260598,7.238160959660921,5.427680616715864
5296,1.1172675321315855,1.2675496673528908,1.5306947005095728,1.7938397336662546,2.0569847668229366,2.3201297999796187,2.583274833136301,3.7888124482913326,4.9943500634463645,6.199887678601396,7.405425293756428,10.033161309414842,9.882879174193537,9.619734141036854,9.356589107880172,9.09344407472349,8.830299041566807,8.567154008410125,7.361616393255093,6.156078778100062,4.95054116294503,3.745003547789998
5297,0.6682540838903488,0.7581400312657272,0.9155309318380566,1.0729218324103855,1.2303127329827148,1.3877036335550441,1.5450945341273732,2.2661442482220826,2.987193962316792,3.7082436764115014,4.429293390506211,6.0734388854665,5.983552938091121,5.826162037518792,5.668771136946463,5.5113802363741335,5.3539893358018045,5.196598435229475,4.475548721134766,3.7544990070400566,3.033449292945347,2.3123995788506377
5298,0.4397550001969972,0.4989058467966161,0.6024793784527985,0.7060529101089809,0.8096264417651632,0.9131999734213457,1.016773505077528,1.4912714914090162,1.9657694777405041,2.4402674640719924,2.9147654504034803,3.6846018562989733,3.625451009699354,3.5218774780431716,3.418303946386989,3.314730414730807,3.2111568830746244,3.1075833514184423,2.633085365086954,2.158587378755466,1.6840893924239777,1.2095914060924897
5299,0.286284866305672,0.32479265405806435,0.39222005033488544,0.4596474466117065,0.5270748428885276,0.5945022391653487,0.6619296354421698,0.9708325302776295,1.2797354251130895,1.5886383199485492,1.8975412147840094,2.22844041223525,2.1899326244828576,2.1225052282060366,2.0550778319292156,1.9876504356523945,1.9202230393755735,1.8527956430987524,1.5438927482632927,1.2349898534278327,0.926086958592373,0.6171840637569128
5300,0.1600000684787465,0.18152145994052682,0.21920556165659857,0.25688966337267033,0.2945737650887421,0.33225786680481384,0.3699419685208856,0.5425828942000834,0.7152238198792811,0.887864745558479,1.0605056712376768,1.3303544742870113,1.308833082825231,1.2711489811091592,1.2334648793930874,1.1957807776770155,1.1580966759609437,1.1204125742448718,0.947771648565674,0.7751307228864763,0.6024897972072784,0.4298488715280806
5301,0.0966650333943288,0.10966731548161278,0.1324343991801003,0.15520148287858784,0.17796856657707538,0.20073565027556292,0.2235027339740505,0.3278048196211218,0.432106905268193,0.5364089909152644,0.6407110765623357,0.8750441895076194,0.8620419074203355,0.8392748237218479,0.8165077400233604,0.7937406563248728,0.7709735726263852,0.7482064889278977,0.6439044032808263,0.5396023176337551,0.4353002319866837,0.3309981463396124
5302,0.060485888935644626,0.06862176353916513,0.08286773488598757,0.09711370623281,0.11135967757963244,0.1256056489264549,0.13985162027327736,0.2051162164429092,0.27038081261254104,0.33564540878217297,0.40091000495180484,0.6530761972950729,0.6449403226915524,0.63069435134473,0.6164483799979075,0.602202408651085,0.5879564373042625,0.57371046595744,0.5084458697878081,0.4431812736181763,0.37791667744854435,0.3126520812789125
5303,0.04326251605801909,0.04908169821561838,0.059271125452270715,0.06946055268892304,0.07964997992557539,0.08983940716222773,0.10002883439888008,0.1467093195416705,0.19338980468446088,0.24007028982725132,0.28675077497004176,0.499578441059629,0.4937592589020297,0.48356983166537737,0.47338040442872503,0.4631909771920727,0.45300154995542036,0.442812122718768,0.3961316375759776,0.3494511524331872,0.30277066729039676,0.2560901821476063
5304,0.031367184720614005,0.03558634204876214,0.04297411500909338,0.050361887969424625,0.057749660929755864,0.0651374338900871,0.07252520685041834,0.10637056615310214,0.14021592545578596,0.17406128475846977,0.20790664406115364,0.38513873965896495,0.3809195823308168,0.3735318093704856,0.36614403641015436,0.35875626344982314,0.3513684904894919,0.3439807175291607,0.3101353582264769,0.27628999892379313,0.24244463962110932,0.20859928031842545
5305,0.027541528392130105,0.031246101893993974,0.037732835101129916,0.04421956830826585,0.05070630151540179,0.057193034722537735,0.06367976792967367,0.09339722368731823,0.1231146794449628,0.15283213520260736,0.18254959096025195,0.2947264391013124,0.29102186559944854,0.2845351323923126,0.27804839918517665,0.2715616659780407,0.26507493277090477,0.25858819956376883,0.22887074380612427,0.1991532880484797,0.16943583229083514,0.13971837653319055
5306,0.021214760756460276,0.024068329353953997,0.029064947229369295,0.03406156510478459,0.03905818298019989,0.04405480085561519,0.049051418731030486,0.07194225852804301,0.09483309832505553,0.11772393812206808,0.1406147779190806,0.2196416620198345,0.2167880934223408,0.21179147554692548,0.20679485767151018,0.20179823979609487,0.19680162192067957,0.19180500404526427,0.16891416424825173,0.14602332445123922,0.12313248465422667,0.10024164485721414
5307,0.017379901386824617,0.01971764826949346,0.023811058840523276,0.02790446941155309,0.03199787998258291,0.03609129055361272,0.04018470112464254,0.058937707246218926,0.07769071336779533,0.09644371948937172,0.11519672561094813,0.1725522635160582,0.17021451663338938,0.16612110606235955,0.16202769549132973,0.1579342849202999,0.15384087434927007,0.14974746377824025,0.13099445765666387,0.11224145153508747,0.09348844541351108,0.07473543929193467
5308,0.018861538995962508,0.02139857893702769,0.025840952998510806,0.030283327059993915,0.03472570112147703,0.03916807518296014,0.04361044924444325,0.0639621502340575,0.08431385122367176,0.10466555221328604,0.1250172532029003,0.16219714722554288,0.1596601072844777,0.15521773322299456,0.15077535916151147,0.14633298510002835,0.14189061103854522,0.1374482369770621,0.11709653598744785,0.0967448349978336,0.07639313400821932,0.05604143301860505
5309,0.06031042844298219,0.06842270209442457,0.08262734801485494,0.09683199393528533,0.1110366398557157,0.1252412857761461,0.1394459316965765,0.20452120506052845,0.2695964784244804,0.33467175178843245,0.39974702515238447,0.4566317751531136,0.4485195015016712,0.43431485558124083,0.4201102096608105,0.4059055637403801,0.3917009178199497,0.3774962718995193,0.3124209985355673,0.24734572517161535,0.18227045180766333,0.1171951784437113
5310,0.30895518501738617,0.35051232648691727,0.4232791617051753,0.4960459969234333,0.5688128321416914,0.6415796673599494,0.7143465025782075,1.0477107919933368,1.3810750814084662,1.7144393708235957,2.0478036602387255,2.1024107163262697,2.0608535748567385,1.9880867396384805,1.9153199044202225,1.8425530692019643,1.7697862339837063,1.6970193987654483,1.363655109350319,1.0302908199351897,0.6969265305200603,0.3635622411049304
5311,1.1612949269476076,1.3174991271273024,1.5910137359992662,1.8645283448712298,2.1380429537431938,2.4115575626151577,2.685072171487121,3.9381155800368046,5.191158988586489,6.444202397136173,7.697245805685856,8.797592590406415,8.64138839022672,8.367873781354756,8.094359172482793,7.820844563610829,7.547329954738865,7.273815345866902,6.020771937317218,4.767728528767535,3.514685120217851,2.261641711668167
5312,2.8365400828547638,3.218079229059924,3.8861568494030205,4.554234469746118,5.222312090089215,5.890389710432311,6.558467330775408,9.61910918103339,12.679751031291374,15.74039288154936,18.801034731807345,21.40384848736475,21.02230934115959,20.354231720816493,19.686154100473395,19.018076480130297,18.3499988597872,17.6819212394441,14.621279389186117,11.560637538928134,8.499995688670149,5.439353838412163
5313,4.187241305649756,4.750461435119857,5.736663683482037,6.722865931844216,7.709068180206397,8.695270428568575,9.681472676930756,14.199528337297998,18.717583997665233,23.23563965803248,27.75369531839972,32.29130966000392,31.72808953053382,30.74188728217164,29.75568503380946,28.76948278544728,27.7832805370851,26.797078288722922,22.27902262835568,17.760966967988445,13.242911307621199,8.724855647253957
5314,4.1224380187469025,4.6769415462886,5.647880965838258,6.618820385387915,7.5897598049375725,8.56069922448723,9.53163864403689,13.979771212843394,18.427903781649896,22.876036350456406,27.324168919262913,32.91035711924829,32.35585359170659,31.384914172156932,30.413974752607274,29.443035333057615,28.472095913507957,27.501156493958298,23.053023925151795,18.60489135634529,14.15675878753878,9.708626218732274
5315,3.351595880008395,3.8024144805325077,4.591800893015079,5.381187305497649,6.170573717980221,6.959960130462791,7.7493465429453625,11.365736340329079,14.982126137712793,18.59851593509651,22.21490573248023,27.356769827551037,26.905951227026925,26.116564814544354,25.327178402061783,24.537791989579212,23.74840557709664,22.95901916461407,19.34262936723035,15.726239569846637,12.109849772462919,8.493459975079201
5316,2.9910124143164416,3.3933294236000933,4.097789222441407,4.80224902128272,5.506708820124034,6.211168618965348,6.915628417806662,10.142946736074473,13.370265054342282,16.597583372610092,19.82490169087791,24.2284335048095,23.82611649552585,23.121656696684536,22.417196897843223,21.71273709900191,21.008277300160596,20.303817501319283,17.076499183051475,13.849180864783666,10.621862546515855,7.394544228248039
5317,2.7047846416677372,3.0686015427890947,3.7056473923676854,4.342693241946275,4.979739091524866,5.6167849411034565,6.253830790682048,9.172307818474215,12.090784846266383,15.009261874058554,17.92773890185072,22.802692522038395,22.438875620917038,21.801829771338447,21.164783921759856,20.527738072181265,19.890692222602674,19.253646373024083,16.335169345231915,13.416692317439747,10.498215289647575,7.579738261855409
5318,2.20733046474823,2.5042354815337093,3.0241181699939683,3.544000858454227,4.063883546914486,4.583766235374744,5.103648923835004,7.485370246439614,9.867091569044224,12.248812891648836,14.630534214253444,19.724931122724897,19.428026105939416,18.908143417479156,18.388260729018896,17.868378040558635,17.348495352098375,16.828612663638115,14.446891341033504,12.065170018428894,9.683448695824282,7.3017273732196735
5319,1.677916042855984,1.903610246250039,2.298802319798513,2.693994393346985,3.0891864668954585,3.484378540443932,3.879570613992405,5.690050956937462,7.500531299882518,9.311011642827577,11.121491985772634,14.871256559632515,14.645562356238461,14.250370282689987,13.855178209141515,13.459986135593041,13.064794062044568,12.669601988496094,10.859121645551037,9.04864130260598,7.238160959660921,5.427680616715864
5320,1.1172675321315855,1.2675496673528908,1.5306947005095728,1.7938397336662546,2.0569847668229366,2.3201297999796187,2.583274833136301,3.7888124482913326,4.9943500634463645,6.199887678601396,7.405425293756428,10.033161309414842,9.882879174193537,9.619734141036854,9.356589107880172,9.09344407472349,8.830299041566807,8.567154008410125,7.361616393255093,6.156078778100062,4.95054116294503,3.745003547789998
5321,0.6682540838903488,0.7581400312657272,0.9155309318380566,1.0729218324103855,1.2303127329827148,1.3877036335550441,1.5450945341273732,2.2661442482220826,2.987193962316792,3.7082436764115014,4.429293390506211,6.0734388854665,5.983552938091121,5.826162037518792,5.668771136946463,5.5113802363741335,5.3539893358018045,5.196598435229475,4.475548721134766,3.7544990070400566,3.033449292945347,2.3123995788506377
5322,0.4397550001969972,0.4989058467966161,0.6024793784527985,0.7060529101089809,0.8096264417651632,0.9131999734213457,1.016773505077528,1.4912714914090162,1.9657694777405041,2.4402674640719924,2.9147654504034803,3.6846018562989733,3.625451009699354,3.5218774780431716,3.418303946386989,3.314730414730807,3.2111568830746244,3.1075833514184423,2.633085365086954,2.158587378755466,1.6840893924239777,1.2095914060924897
5323,0.286284866305672,0.32479265405806435,0.39222005033488544,0.4596474466117065,0.5270748428885276,0.5945022391653487,0.6619296354421698,0.9708325302776295,1.2797354251130895,1.5886383199485492,1.8975412147840094,2.22844041223525,2.1899326244828576,2.1225052282060366,2.0550778319292156,1.9876504356523945,1.9202230393755735,1.8527956430987524,1.5438927482632927,1.2349898534278327,0.926086958592373,0.6171840637569128
5324,0.1600000684787465,0.18152145994052682,0.21920556165659857,0.25688966337267033,0.2945737650887421,0.33225786680481384,0.3699419685208856,0.5425828942000834,0.7152238198792811,0.887864745558479,1.0605056712376768,1.3303544742870113,1.308833082825231,1.2711489811091592,1.2334648793930874,1.1957807776770155,1.1580966759609437,1.1204125742448718,0.947771648565674,0.7751307228864763,0.6024897972072784,0.4298488715280806
5325,0.0966650333943288,0.10966731548161278,0.1324343991801003,0.15520148287858784,0.17796856657707538,0.20073565027556292,0.2235027339740505,0.3278048196211218,0.432106905268193,0.5364089909152644,0.6407110765623357,0.8750441895076194,0.8620419074203355,0.8392748237218479,0.8165077400233604,0.7937406563248728,0.7709735726263852,0.7482064889278977,0.6439044032808263,0.5396023176337551,0.4353002319866837,0.3309981463396124
5326,0.060485888935644626,0.06862176353916513,0.08286773488598757,0.09711370623281,0.11135967757963244,0.1256056489264549,0.13985162027327736,0.2051162164429092,0.27038081261254104,0.33564540878217297,0.40091000495180484,0.6530761972950729,0.6449403226915524,0.63069435134473,0.6164483799979075,0.602202408651085,0.5879564373042625,0.57371046595744,0.5084458697878081,0.4431812736181763,0.37791667744854435,0.3126520812789125
5327,0.04326251605801909,0.04908169821561838,0.059271125452270715,0.06946055268892304,0.07964997992557539,0.08983940716222773,0.10002883439888008,0.1467093195416705,0.19338980468446088,0.24007028982725132,0.28675077497004176,0.499578441059629,0.4937592589020297,0.48356983166537737,0.47338040442872503,0.4631909771920727,0.45300154995542036,0.442812122718768,0.3961316375759776,0.3494511524331872,0.30277066729039676,0.2560901821476063
5328,0.06656898268586907,0.07552308595105217,0.09120178120737912,0.10688047646370606,0.12255917172003303,0.13823786697635998,0.1539165622326869,0.2257448489433112,0.29757313565393556,0.36940142236455986,0.44122970907518416,0.4271966781704077,0.4182425749052246,0.4025638796488976,0.3868851843925707,0.3712064891362437,0.35552779387991673,0.3398490986235898,0.2680208119129655,0.19619252520234115,0.12436423849171685,0.05253595178109255
5329,0.056639086305014866,0.06425753272192815,0.07759748382143074,0.09093743492093335,0.10427738602043597,0.11761733711993858,0.1309572882194412,0.19207116387144205,0.25318503952344296,0.31429891517544384,0.3754127908274448,0.3168441383691494,0.3092256919522361,0.2958857408527335,0.28254578975323086,0.26920583865372827,0.2558658875542257,0.24252593645472306,0.1814120608027222,0.1202981851507213,0.05918430949872042,-0.0019295661532805208
5330,0.03392680220936796,0.038490250202461725,0.046480878441028384,0.05447150667959503,0.06246213491816169,0.07045276315672834,0.07844339139529499,0.1150505915949522,0.15165779179460942,0.18826499199426663,0.22487219219392388,0.22601923126692836,0.22145578327383458,0.21346515503526792,0.20547452679670128,0.1974838985581346,0.18949327031956797,0.1815026420810013,0.1448954418813441,0.10828824168168688,0.07168104148202967,0.035073841282372425
5331,0.0236676925723058,0.026851201690074235,0.03242554764354464,0.03799989359701504,0.043574239550485436,0.049148585503955844,0.05472293145742625,0.08026049774238261,0.10579806402733898,0.13133563031229536,0.15687319659725174,0.20284547879051973,0.1996619696727513,0.1940876237192809,0.1885132777658105,0.1829389318123401,0.17736458585886972,0.17179023990539932,0.14625267362044297,0.12071510733548661,0.09517754105053022,0.06963997476557385
5332,0.02469635730095266,0.028018230711428102,0.03383485347536883,0.03965147623930954,0.04546809900325027,0.051284721767191,0.05710134453113172,0.08374884553458932,0.11039634653804692,0.1370438475415045,0.16369134854496212,0.2086410790622131,0.20531920565173767,0.19950258288779693,0.19368596012385622,0.18786933735991548,0.18205271459597477,0.17623609183203404,0.14958859082857645,0.12294108982511885,0.09629358882166127,0.06964608781820365
5333,0.018530992112733714,0.02102357064238779,0.025388092472381524,0.02975261430237525,0.03411713613236898,0.03848165796236271,0.04284617979235644,0.06284121893523797,0.08283625807811949,0.10283129722100104,0.12282633636388257,0.23076451461001737,0.2282719360803633,0.22390741425036959,0.21954289242037586,0.21517837059038214,0.21081384876038842,0.2064493269303947,0.18645428778751316,0.16645924864463163,0.1464642095017501,0.12646917035886857
5334,0.022723898938375474,0.025780459658883387,0.031132518111866028,0.036484576564848666,0.0418366350178313,0.04718869347081395,0.05254075192379659,0.0770599598532782,0.10157916778275981,0.12609837571224142,0.15061758364172306,0.3411068640072945,0.3380503032867866,0.33269824483380395,0.3273461863808213,0.32199412792783866,0.316642069474856,0.31129001102187337,0.2867708030923918,0.2622515951629102,0.2377323872334286,0.21321317930394695
5335,0.05954035988303085,0.0675490526604855,0.08157232777140645,0.0955956028823274,0.10961887799324835,0.12364215310416929,0.13766542821509023,0.20190979350324906,0.2661541587914079,0.33039852407956677,0.3946428893677256,0.5323949645104806,0.524386271733026,0.510362996622105,0.4963397215111841,0.48231644640026317,0.4682931712893422,0.4542698961784213,0.3900255308902625,0.32578116560210363,0.2615368003139448,0.19729243502578592
5336,0.09422208070711786,0.10689576455313886,0.129087470513181,0.15127917647322317,0.17347088243326533,0.1956625883933075,0.21785429435334966,0.31952042104539957,0.42118654773744957,0.5228526744294996,0.6245188011215496,0.7630054397344619,0.7503317558884409,0.7281400499283988,0.7059483439683566,0.6837566380083144,0.6615649320482723,0.6393732260882301,0.5377070993961802,0.4360409727041302,0.33437484601208023,0.23270871932003023
5337,0.11060462621291975,0.12548190395938727,0.1515321177130734,0.17758233146675953,0.2036325452204457,0.22968275897413182,0.255732972727818,0.37507595323620807,0.49441893374459817,0.6137619142529884,0.7331048947613785,1.04243040931092,1.0275531315644524,1.0015029178107662,0.9754527040570801,0.949402490303394,0.9233522765497079,0.8973020627960218,0.7779590822876317,0.6586161017792416,0.5392731212708513,0.41993014076246116
5338,0.14593538259187422,0.16556495229609972,0.19993646134515083,0.23430797039420195,0.2686794794432531,0.3030509884923042,0.3374224975413554,0.4948875522726021,0.6523526070038489,0.8098176617350957,0.9672827164663426,1.3368623237393928,1.3172327540351674,1.2828612449861163,1.2484897359370652,1.2141182268880142,1.1797467178389631,1.145375208789912,0.9879101540586653,0.8304450993274186,0.6729800445961718,0.5155149898649249
5339,0.17412844867806587,0.1975502293326846,0.2385619253527876,0.2795736213728906,0.3205853173929936,0.3615970134130966,0.40260870943319965,0.5904942325625675,0.7783797556919354,0.9662652788213034,1.1541508019506714,1.6963697765134498,1.6729479958588311,1.6319362998387281,1.590924603818625,1.549912907798522,1.508901211778419,1.467889515758316,1.2800039926289482,1.0921184694995802,0.9042329463702122,0.7163474232408442
5340,0.20258246617249245,0.22983155799628885,0.277544901707457,0.32525824541862514,0.3729715891297932,0.4206849328409614,0.46839827655212957,0.6869858360383282,0.9055733955245269,1.1241609550107257,1.3427485144969247,1.9211150761464808,1.8938659843226844,1.8461526406115163,1.7984392969003482,1.7507259531891801,1.7030126094780118,1.6552992657668437,1.4367117062806452,1.2181241467944464,0.9995365873082476,0.7809490278220486
5341,0.22682064156334378,0.25732997737244256,0.31075203030808307,0.3641740832437235,0.4175961361793641,0.4710181891150046,0.5244402420506451,0.769180921820084,1.013921601589523,1.2586622813589619,1.5034029611284008,2.0428941262432594,2.0123847904341607,1.9589627374985201,1.9055406845628797,1.852118631627239,1.7986965786915987,1.745274525755958,1.5005338459865192,1.2557931662170803,1.0110524864476413,0.7663118066782024
5342,0.28713168866453304,0.3257533813399477,0.3933802259058238,0.46100707047169975,0.5286339150375757,0.5962607596034519,0.6638876041693279,0.9737042248382178,1.2835208455071077,1.5933374661759976,1.9031540868448875,2.133676930271694,2.095055237596279,2.027428393030403,1.9598015484645268,1.8921747038986507,1.8245478593327746,1.7569210147668985,1.4471043940980086,1.1372877734291187,0.8274711527602288,0.5176545320913388
5343,0.3067951188581142,0.3480617127682659,0.42031979724889373,0.49257788172952155,0.5648359662101494,0.6370940506907772,0.709352135171405,1.040385701701159,1.3714192682309132,1.7024528347606676,2.0334864012904217,2.1612776545091203,2.120011060598969,2.047752976118341,1.975494891637713,1.9032368071570853,1.8309787226764576,1.7587206381958298,1.427687071666076,1.0966535051363218,0.7656199386065674,0.4345863720768133
5344,0.27598175878396375,0.31310368956544515,0.3781044409318533,0.44310519229826134,0.5081059436646694,0.5731066950310776,0.6381074463974856,0.9358932333664804,1.233679020335475,1.53146480730447,1.829250594273465,1.9097257114610804,1.872603780679599,1.8076030293131908,1.7426022779467827,1.6776015265803745,1.6126007752139664,1.5476000238475582,1.2498142368785634,0.9520284499095688,0.6542426629405738,0.35645687597157893
5345,0.2253108014307007,0.2556170506983482,0.3086834977291007,0.36174994475985317,0.4148163917906057,0.46788283882135817,0.5209492858521106,0.7640608400805081,1.0071723943089055,1.2502839485373032,1.4933955027657007,1.6192575536297766,1.588951304362129,1.5358848573313766,1.4828184103006241,1.4297519632698716,1.3766855162391192,1.3236190692083667,1.0805075149799692,0.8373959607515719,0.5942844065231742,0.3511728522947767
5346,0.181071206183045,0.20542684770103406,0.24807374039633354,0.290720633091633,0.3333675257869325,0.376014418482232,0.41866131117753147,0.6140381066158548,0.809414902054178,1.0047916974925013,1.200168492930825,1.489569188741577,1.4652135472235879,1.4225666545282885,1.379919761832989,1.3372728691376894,1.29462597644239,1.2519790837470905,1.0566022883087673,0.8612254928704441,0.6658486974321208,0.4704719019937972
5347,0.1371027565822645,0.15554426178254532,0.18783546186591396,0.22012666194928254,0.2524178620326512,0.2847090621160198,0.3170002621993884,0.464934866444111,0.6128694706888336,0.7608040749335562,0.9087386791782788,1.2544431595756709,1.23600165437539,1.2037104542920214,1.1714192542086528,1.1391280541252842,1.1068368540419156,1.074545653958547,0.9266110497138245,0.7786764454691019,0.6307418412243793,0.48280723697965666
5348,0.12288693681507708,0.1394162914452449,0.16835930297358676,0.19730231450192862,0.22624532603027048,0.25518833755861237,0.28413134908695425,0.4167270081222759,0.5493226671575976,0.6819183261929194,0.8145139852282411,0.965950353268064,0.9494209986378962,0.9204779871095543,0.8915349755812124,0.8625919640528705,0.8336489525245286,0.8047059409961868,0.6721102819608651,0.5395146229255434,0.40691896389022164,0.27432330485489986
5349,0.10407025709033581,0.11806860573895996,0.14257980870966933,0.16709101168037868,0.19160221465108804,0.2161134176217974,0.24062462059250678,0.3529169820306787,0.4652093434688507,0.5775017049070227,0.6897940663451948,0.756275578156249,0.7422772295076249,0.7177660265369155,0.6932548235662062,0.6687436205954969,0.6442324176247876,0.6197212146540781,0.5074288532159061,0.3951364917777342,0.2828441303395622,0.17055176890139007
5350,0.09174496304809825,0.10408545316899447,0.1256937346673304,0.14730201616566632,0.16891029766400223,0.19051857916233816,0.21212686066067407,0.3111201642112374,0.4101134677618008,0.5091067713123641,0.6081000748629275,0.6380177307790044,0.6256772406581081,0.6040689591597722,0.5824606776614363,0.5608523961631003,0.5392441146647644,0.5176358331664285,0.4186425296158651,0.3196492260653017,0.22065592251473837,0.12166261896417502
5351,0.0756798511426919,0.0858594449247251,0.10368398234795255,0.12150851977117999,0.13933305719440744,0.15715759461763487,0.17498213204086233,0.2566410943198301,0.33830005659879786,0.4199590188777657,0.5016179811567335,0.5589042903878931,0.54872469660586,0.5309001591826326,0.5130756217594051,0.4952510843361777,0.4774265469129503,0.45960200948972285,0.37794304721075506,0.2962840849317873,0.21462512265281947,0.13296616037385167
5352,0.06656898268586907,0.07552308595105217,0.09120178120737912,0.10688047646370606,0.12255917172003303,0.13823786697635998,0.1539165622326869,0.2257448489433112,0.29757313565393556,0.36940142236455986,0.44122970907518416,0.4271966781704077,0.4182425749052246,0.4025638796488976,0.3868851843925707,0.3712064891362437,0.35552779387991673,0.3398490986235898,0.2680208119129655,0.19619252520234115,0.12436423849171685,0.05253595178109255
5353,0.056639086305014866,0.06425753272192815,0.07759748382143074,0.09093743492093335,0.10427738602043597,0.11761733711993858,0.1309572882194412,0.19207116387144205,0.25318503952344296,0.31429891517544384,0.3754127908274448,0.3168441383691494,0.3092256919522361,0.2958857408527335,0.28254578975323086,0.26920583865372827,0.2558658875542257,0.24252593645472306,0.1814120608027222,0.1202981851507213,0.05918430949872042,-0.0019295661532805208
5354,0.03392680220936796,0.038490250202461725,0.046480878441028384,0.05447150667959503,0.06246213491816169,0.07045276315672834,0.07844339139529499,0.1150505915949522,0.15165779179460942,0.18826499199426663,0.22487219219392388,0.22601923126692836,0.22145578327383458,0.21346515503526792,0.20547452679670128,0.1974838985581346,0.18949327031956797,0.1815026420810013,0.1448954418813441,0.10828824168168688,0.07168104148202967,0.035073841282372425
5355,0.0236676925723058,0.026851201690074235,0.03242554764354464,0.03799989359701504,0.043574239550485436,0.049148585503955844,0.05472293145742625,0.08026049774238261,0.10579806402733898,0.13133563031229536,0.15687319659725174,0.20284547879051973,0.1996619696727513,0.1940876237192809,0.1885132777658105,0.1829389318123401,0.17736458585886972,0.17179023990539932,0.14625267362044297,0.12071510733548661,0.09517754105053022,0.06963997476557385
5356,0.02469635730095266,0.028018230711428102,0.03383485347536883,0.03965147623930954,0.04546809900325027,0.051284721767191,0.05710134453113172,0.08374884553458932,0.11039634653804692,0.1370438475415045,0.16369134854496212,0.2086410790622131,0.20531920565173767,0.19950258288779693,0.19368596012385622,0.18786933735991548,0.18205271459597477,0.17623609183203404,0.14958859082857645,0.12294108982511885,0.09629358882166127,0.06964608781820365
5357,0.018530992112733714,0.02102357064238779,0.025388092472381524,0.02975261430237525,0.03411713613236898,0.03848165796236271,0.04284617979235644,0.06284121893523797,0.08283625807811949,0.10283129722100104,0.12282633636388257,0.23076451461001737,0.2282719360803633,0.22390741425036959,0.21954289242037586,0.21517837059038214,0.21081384876038842,0.2064493269303947,0.18645428778751316,0.16645924864463163,0.1464642095017501,0.12646917035886857
5358,0.022723898938375474,0.025780459658883387,0.031132518111866028,0.036484576564848666,0.0418366350178313,0.04718869347081395,0.05254075192379659,0.0770599598532782,0.10157916778275981,0.12609837571224142,0.15061758364172306,0.3411068640072945,0.3380503032867866,0.33269824483380395,0.3273461863808213,0.32199412792783866,0.316642069474856,0.31129001102187337,0.2867708030923918,0.2622515951629102,0.2377323872334286,0.21321317930394695
5359,0.05954035988303085,0.0675490526604855,0.08157232777140645,0.0955956028823274,0.10961887799324835,0.12364215310416929,0.13766542821509023,0.20190979350324906,0.2661541587914079,0.33039852407956677,0.3946428893677256,0.5323949645104806,0.524386271733026,0.510362996622105,0.4963397215111841,0.48231644640026317,0.4682931712893422,0.4542698961784213,0.3900255308902625,0.32578116560210363,0.2615368003139448,0.19729243502578592
5360,0.09422208070711786,0.10689576455313886,0.129087470513181,0.15127917647322317,0.17347088243326533,0.1956625883933075,0.21785429435334966,0.31952042104539957,0.42118654773744957,0.5228526744294996,0.6245188011215496,0.7630054397344619,0.7503317558884409,0.7281400499283988,0.7059483439683566,0.6837566380083144,0.6615649320482723,0.6393732260882301,0.5377070993961802,0.4360409727041302,0.33437484601208023,0.23270871932003023
5361,0.11060462621291975,0.12548190395938727,0.1515321177130734,0.17758233146675953,0.2036325452204457,0.22968275897413182,0.255732972727818,0.37507595323620807,0.49441893374459817,0.6137619142529884,0.7331048947613785,1.04243040931092,1.0275531315644524,1.0015029178107662,0.9754527040570801,0.949402490303394,0.9233522765497079,0.8973020627960218,0.7779590822876317,0.6586161017792416,0.5392731212708513,0.41993014076246116
5362,0.14593538259187422,0.16556495229609972,0.19993646134515083,0.23430797039420195,0.2686794794432531,0.3030509884923042,0.3374224975413554,0.4948875522726021,0.6523526070038489,0.8098176617350957,0.9672827164663426,1.3368623237393928,1.3172327540351674,1.2828612449861163,1.2484897359370652,1.2141182268880142,1.1797467178389631,1.145375208789912,0.9879101540586653,0.8304450993274186,0.6729800445961718,0.5155149898649249
5363,0.17412844867806587,0.1975502293326846,0.2385619253527876,0.2795736213728906,0.3205853173929936,0.3615970134130966,0.40260870943319965,0.5904942325625675,0.7783797556919354,0.9662652788213034,1.1541508019506714,1.6963697765134498,1.6729479958588311,1.6319362998387281,1.590924603818625,1.549912907798522,1.508901211778419,1.467889515758316,1.2800039926289482,1.0921184694995802,0.9042329463702122,0.7163474232408442
5364,0.20258246617249245,0.22983155799628885,0.277544901707457,0.32525824541862514,0.3729715891297932,0.4206849328409614,0.46839827655212957,0.6869858360383282,0.9055733955245269,1.1241609550107257,1.3427485144969247,1.9211150761464808,1.8938659843226844,1.8461526406115163,1.7984392969003482,1.7507259531891801,1.7030126094780118,1.6552992657668437,1.4367117062806452,1.2181241467944464,0.9995365873082476,0.7809490278220486
5365,0.22682064156334378,0.25732997737244256,0.31075203030808307,0.3641740832437235,0.4175961361793641,0.4710181891150046,0.5244402420506451,0.769180921820084,1.013921601589523,1.2586622813589619,1.5034029611284008,2.0428941262432594,2.0123847904341607,1.9589627374985201,1.9055406845628797,1.852118631627239,1.7986965786915987,1.745274525755958,1.5005338459865192,1.2557931662170803,1.0110524864476413,0.7663118066782024
5366,0.28713168866453304,0.3257533813399477,0.3933802259058238,0.46100707047169975,0.5286339150375757,0.5962607596034519,0.6638876041693279,0.9737042248382178,1.2835208455071077,1.5933374661759976,1.9031540868448875,2.133676930271694,2.095055237596279,2.027428393030403,1.9598015484645268,1.8921747038986507,1.8245478593327746,1.7569210147668985,1.4471043940980086,1.1372877734291187,0.8274711527602288,0.5176545320913388
5367,0.3067951188581142,0.3480617127682659,0.42031979724889373,0.49257788172952155,0.5648359662101494,0.6370940506907772,0.709352135171405,1.040385701701159,1.3714192682309132,1.7024528347606676,2.0334864012904217,2.1612776545091203,2.120011060598969,2.047752976118341,1.975494891637713,1.9032368071570853,1.8309787226764576,1.7587206381958298,1.427687071666076,1.0966535051363218,0.7656199386065674,0.4345863720768133
5368,0.27598175878396375,0.31310368956544515,0.3781044409318533,0.44310519229826134,0.5081059436646694,0.5731066950310776,0.6381074463974856,0.9358932333664804,1.233679020335475,1.53146480730447,1.829250594273465,1.9097257114610804,1.872603780679599,1.8076030293131908,1.7426022779467827,1.6776015265803745,1.6126007752139664,1.5476000238475582,1.2498142368785634,0.9520284499095688,0.6542426629405738,0.35645687597157893
5369,0.2253108014307007,0.2556170506983482,0.3086834977291007,0.36174994475985317,0.4148163917906057,0.46788283882135817,0.5209492858521106,0.7640608400805081,1.0071723943089055,1.2502839485373032,1.4933955027657007,1.6192575536297766,1.588951304362129,1.5358848573313766,1.4828184103006241,1.4297519632698716,1.3766855162391192,1.3236190692083667,1.0805075149799692,0.8373959607515719,0.5942844065231742,0.3511728522947767
5370,0.181071206183045,0.20542684770103406,0.24807374039633354,0.290720633091633,0.3333675257869325,0.376014418482232,0.41866131117753147,0.6140381066158548,0.809414902054178,1.0047916974925013,1.200168492930825,1.489569188741577,1.4652135472235879,1.4225666545282885,1.379919761832989,1.3372728691376894,1.29462597644239,1.2519790837470905,1.0566022883087673,0.8612254928704441,0.6658486974321208,0.4704719019937972
5371,0.1371027565822645,0.15554426178254532,0.18783546186591396,0.22012666194928254,0.2524178620326512,0.2847090621160198,0.3170002621993884,0.464934866444111,0.6128694706888336,0.7608040749335562,0.9087386791782788,1.2544431595756709,1.23600165437539,1.2037104542920214,1.1714192542086528,1.1391280541252842,1.1068368540419156,1.074545653958547,0.9266110497138245,0.7786764454691019,0.6307418412243793,0.48280723697965666
5372,0.12288693681507708,0.1394162914452449,0.16835930297358676,0.19730231450192862,0.22624532603027048,0.25518833755861237,0.28413134908695425,0.4167270081222759,0.5493226671575976,0.6819183261929194,0.8145139852282411,0.965950353268064,0.9494209986378962,0.9204779871095543,0.8915349755812124,0.8625919640528705,0.8336489525245286,0.8047059409961868,0.6721102819608651,0.5395146229255434,0.40691896389022164,0.27432330485489986
5373,0.10407025709033581,0.11806860573895996,0.14257980870966933,0.16709101168037868,0.19160221465108804,0.2161134176217974,0.24062462059250678,0.3529169820306787,0.4652093434688507,0.5775017049070227,0.6897940663451948,0.756275578156249,0.7422772295076249,0.7177660265369155,0.6932548235662062,0.6687436205954969,0.6442324176247876,0.6197212146540781,0.5074288532159061,0.3951364917777342,0.2828441303395622,0.17055176890139007
5374,0.09174496304809825,0.10408545316899447,0.1256937346673304,0.14730201616566632,0.16891029766400223,0.19051857916233816,0.21212686066067407,0.3111201642112374,0.4101134677618008,0.5091067713123641,0.6081000748629275,0.6380177307790044,0.6256772406581081,0.6040689591597722,0.5824606776614363,0.5608523961631003,0.5392441146647644,0.5176358331664285,0.4186425296158651,0.3196492260653017,0.22065592251473837,0.12166261896417502
5375,0.0756798511426919,0.0858594449247251,0.10368398234795255,0.12150851977117999,0.13933305719440744,0.15715759461763487,0.17498213204086233,0.2566410943198301,0.33830005659879786,0.4199590188777657,0.5016179811567335,0.5589042903878931,0.54872469660586,0.5309001591826326,0.5130756217594051,0.4952510843361777,0.4774265469129503,0.45960200948972285,0.37794304721075506,0.2962840849317873,0.21462512265281947,0.13296616037385167
5376,0.031367184720614005,0.03558634204876214,0.04297411500909338,0.050361887969424625,0.057749660929755864,0.0651374338900871,0.07252520685041834,0.10637056615310214,0.14021592545578596,0.17406128475846977,0.20790664406115364,0.38513873965896495,0.3809195823308168,0.3735318093704856,0.36614403641015436,0.35875626344982314,0.3513684904894919,0.3439807175291607,0.3101353582264769,0.27628999892379313,0.24244463962110932,0.20859928031842545
5377,0.027541528392130105,0.031246101893993974,0.037732835101129916,0.04421956830826585,0.05070630151540179,0.057193034722537735,0.06367976792967367,0.09339722368731823,0.1231146794449628,0.15283213520260736,0.18254959096025195,0.2947264391013124,0.29102186559944854,0.2845351323923126,0.27804839918517665,0.2715616659780407,0.26507493277090477,0.25858819956376883,0.22887074380612427,0.1991532880484797,0.16943583229083514,0.13971837653319055
5378,0.021214760756460276,0.024068329353953997,0.029064947229369295,0.03406156510478459,0.03905818298019989,0.04405480085561519,0.049051418731030486,0.07194225852804301,0.09483309832505553,0.11772393812206808,0.1406147779190806,0.2196416620198345,0.2167880934223408,0.21179147554692548,0.20679485767151018,0.20179823979609487,0.19680162192067957,0.19180500404526427,0.16891416424825173,0.14602332445123922,0.12313248465422667,0.10024164485721414
5379,0.017379901386824617,0.01971764826949346,0.023811058840523276,0.02790446941155309,0.03199787998258291,0.03609129055361272,0.04018470112464254,0.058937707246218926,0.07769071336779533,0.09644371948937172,0.11519672561094813,0.1725522635160582,0.17021451663338938,0.16612110606235955,0.16202769549132973,0.1579342849202999,0.15384087434927007,0.14974746377824025,0.13099445765666387,0.11224145153508747,0.09348844541351108,0.07473543929193467
5380,0.018861538995962508,0.02139857893702769,0.025840952998510806,0.030283327059993915,0.03472570112147703,0.03916807518296014,0.04361044924444325,0.0639621502340575,0.08431385122367176,0.10466555221328604,0.1250172532029003,0.16219714722554288,0.1596601072844777,0.15521773322299456,0.15077535916151147,0.14633298510002835,0.14189061103854522,0.1374482369770621,0.11709653598744785,0.0967448349978336,0.07639313400821932,0.05604143301860505
5381,0.06031042844298219,0.06842270209442457,0.08262734801485494,0.09683199393528533,0.1110366398557157,0.1252412857761461,0.1394459316965765,0.20452120506052845,0.2695964784244804,0.33467175178843245,0.39974702515238447,0.4566317751531136,0.4485195015016712,0.43431485558124083,0.4201102096608105,0.4059055637403801,0.3917009178199497,0.3774962718995193,0.3124209985355673,0.24734572517161535,0.18227045180766333,0.1171951784437113
5382,0.30895518501738617,0.35051232648691727,0.4232791617051753,0.4960459969234333,0.5688128321416914,0.6415796673599494,0.7143465025782075,1.0477107919933368,1.3810750814084662,1.7144393708235957,2.0478036602387255,2.1024107163262697,2.0608535748567385,1.9880867396384805,1.9153199044202225,1.8425530692019643,1.7697862339837063,1.6970193987654483,1.363655109350319,1.0302908199351897,0.6969265305200603,0.3635622411049304
5383,1.1612949269476076,1.3174991271273024,1.5910137359992662,1.8645283448712298,2.1380429537431938,2.4115575626151577,2.685072171487121,3.9381155800368046,5.191158988586489,6.444202397136173,7.697245805685856,8.797592590406415,8.64138839022672,8.367873781354756,8.094359172482793,7.820844563610829,7.547329954738865,7.273815345866902,6.020771937317218,4.767728528767535,3.514685120217851,2.261641711668167
5384,2.8365400828547638,3.218079229059924,3.8861568494030205,4.554234469746118,5.222312090089215,5.890389710432311,6.558467330775408,9.61910918103339,12.679751031291374,15.74039288154936,18.801034731807345,21.40384848736475,21.02230934115959,20.354231720816493,19.686154100473395,19.018076480130297,18.3499988597872,17.6819212394441,14.621279389186117,11.560637538928134,8.499995688670149,5.439353838412163
5385,4.187241305649756,4.750461435119857,5.736663683482037,6.722865931844216,7.709068180206397,8.695270428568575,9.681472676930756,14.199528337297998,18.717583997665233,23.23563965803248,27.75369531839972,32.29130966000392,31.72808953053382,30.74188728217164,29.75568503380946,28.76948278544728,27.7832805370851,26.797078288722922,22.27902262835568,17.760966967988445,13.242911307621199,8.724855647253957
5386,4.1224380187469025,4.6769415462886,5.647880965838258,6.618820385387915,7.5897598049375725,8.56069922448723,9.53163864403689,13.979771212843394,18.427903781649896,22.876036350456406,27.324168919262913,32.91035711924829,32.35585359170659,31.384914172156932,30.413974752607274,29.443035333057615,28.472095913507957,27.501156493958298,23.053023925151795,18.60489135634529,14.15675878753878,9.708626218732274
5387,3.351595880008395,3.8024144805325077,4.591800893015079,5.381187305497649,6.170573717980221,6.959960130462791,7.7493465429453625,11.365736340329079,14.982126137712793,18.59851593509651,22.21490573248023,27.356769827551037,26.905951227026925,26.116564814544354,25.327178402061783,24.537791989579212,23.74840557709664,22.95901916461407,19.34262936723035,15.726239569846637,12.109849772462919,8.493459975079201
5388,2.9910124143164416,3.3933294236000933,4.097789222441407,4.80224902128272,5.506708820124034,6.211168618965348,6.915628417806662,10.142946736074473,13.370265054342282,16.597583372610092,19.82490169087791,24.2284335048095,23.82611649552585,23.121656696684536,22.417196897843223,21.71273709900191,21.008277300160596,20.303817501319283,17.076499183051475,13.849180864783666,10.621862546515855,7.394544228248039
5389,2.7047846416677372,3.0686015427890947,3.7056473923676854,4.342693241946275,4.979739091524866,5.6167849411034565,6.253830790682048,9.172307818474215,12.090784846266383,15.009261874058554,17.92773890185072,22.802692522038395,22.438875620917038,21.801829771338447,21.164783921759856,20.527738072181265,19.890692222602674,19.253646373024083,16.335169345231915,13.416692317439747,10.498215289647575,7.579738261855409
5390,2.20733046474823,2.5042354815337093,3.0241181699939683,3.544000858454227,4.063883546914486,4.583766235374744,5.103648923835004,7.485370246439614,9.867091569044224,12.248812891648836,14.630534214253444,19.724931122724897,19.428026105939416,18.908143417479156,18.388260729018896,17.868378040558635,17.348495352098375,16.828612663638115,14.446891341033504,12.065170018428894,9.683448695824282,7.3017273732196735
5391,1.677916042855984,1.903610246250039,2.298802319798513,2.693994393346985,3.0891864668954585,3.484378540443932,3.879570613992405,5.690050956937462,7.500531299882518,9.311011642827577,11.121491985772634,14.871256559632515,14.645562356238461,14.250370282689987,13.855178209141515,13.459986135593041,13.064794062044568,12.669601988496094,10.859121645551037,9.04864130260598,7.238160959660921,5.427680616715864
5392,1.1172675321315855,1.2675496673528908,1.5306947005095728,1.7938397336662546,2.0569847668229366,2.3201297999796187,2.583274833136301,3.7888124482913326,4.9943500634463645,6.199887678601396,7.405425293756428,10.033161309414842,9.882879174193537,9.619734141036854,9.356589107880172,9.09344407472349,8.830299041566807,8.567154008410125,7.361616393255093,6.156078778100062,4.95054116294503,3.745003547789998
5393,0.6682540838903488,0.7581400312657272,0.9155309318380566,1.0729218324103855,1.2303127329827148,1.3877036335550441,1.5450945341273732,2.2661442482220826,2.987193962316792,3.7082436764115014,4.429293390506211,6.0734388854665,5.983552938091121,5.826162037518792,5.668771136946463,5.5113802363741335,5.3539893358018045,5.196598435229475,4.475548721134766,3.7544990070400566,3.033449292945347,2.3123995788506377
5394,0.4397550001969972,0.4989058467966161,0.6024793784527985,0.7060529101089809,0.8096264417651632,0.9131999734213457,1.016773505077528,1.4912714914090162,1.9657694777405041,2.4402674640719924,2.9147654504034803,3.6846018562989733,3.625451009699354,3.5218774780431716,3.418303946386989,3.314730414730807,3.2111568830746244,3.1075833514184423,2.633085365086954,2.158587378755466,1.6840893924239777,1.2095914060924897
5395,0.286284866305672,0.32479265405806435,0.39222005033488544,0.4596474466117065,0.5270748428885276,0.5945022391653487,0.6619296354421698,0.9708325302776295,1.2797354251130895,1.5886383199485492,1.8975412147840094,2.22844041223525,2.1899326244828576,2.1225052282060366,2.0550778319292156,1.9876504356523945,1.9202230393755735,1.8527956430987524,1.5438927482632927,1.2349898534278327,0.926086958592373,0.6171840637569128
5396,0.1600000684787465,0.18152145994052682,0.21920556165659857,0.25688966337267033,0.2945737650887421,0.33225786680481384,0.3699419685208856,0.5425828942000834,0.7152238198792811,0.887864745558479,1.0605056712376768,1.3303544742870113,1.308833082825231,1.2711489811091592,1.2334648793930874,1.1957807776770155,1.1580966759609437,1.1204125742448718,0.947771648565674,0.7751307228864763,0.6024897972072784,0.4298488715280806
5397,0.0966650333943288,0.10966731548161278,0.1324343991801003,0.15520148287858784,0.17796856657707538,0.20073565027556292,0.2235027339740505,0.3278048196211218,0.432106905268193,0.5364089909152644,0.6407110765623357,0.8750441895076194,0.8620419074203355,0.8392748237218479,0.8165077400233604,0.7937406563248728,0.7709735726263852,0.7482064889278977,0.6439044032808263,0.5396023176337551,0.4353002319866837,0.3309981463396124
5398,0.060485888935644626,0.06862176353916513,0.08286773488598757,0.09711370623281,0.11135967757963244,0.1256056489264549,0.13985162027327736,0.2051162164429092,0.27038081261254104,0.33564540878217297,0.40091000495180484,0.6530761972950729,0.6449403226915524,0.63069435134473,0.6164483799979075,0.602202408651085,0.5879564373042625,0.57371046595744,0.5084458697878081,0.4431812736181763,0.37791667744854435,0.3126520812789125
5399,0.04326251605801909,0.04908169821561838,0.059271125452270715,0.06946055268892304,0.07964997992557539,0.08983940716222773,0.10002883439888008,0.1467093195416705,0.19338980468446088,0.24007028982725132,0.28675077497004176,0.499578441059629,0.4937592589020297,0.48356983166537737,0.47338040442872503,0.4631909771920727,0.45300154995542036,0.442812122718768,0.3961316375759776,0.3494511524331872,0.30277066729039676,0.2560901821476063
5400,0.031367184720614005,0.03558634204876214,0.04297411500909338,0.050361887969424625,0.057749660929755864,0.0651374338900871,0.07252520685041834,0.10637056615310214,0.14021592545578596,0.17406128475846977,0.20790664406115364,0.38513873965896495,0.3809195823308168,0.3735318093704856,0.36614403641015436,0.35875626344982314,0.3513684904894919,0.3439807175291607,0.3101353582264769,0.27628999892379313,0.24244463962110932,0.20859928031842545
5401,0.027541528392130105,0.031246101893993974,0.037732835101129916,0.04421956830826585,0.05070630151540179,0.057193034722537735,0.06367976792967367,0.09339722368731823,0.1231146794449628,0.15283213520260736,0.18254959096025195,0.2947264391013124,0.29102186559944854,0.2845351323923126,0.27804839918517665,0.2715616659780407,0.26507493277090477,0.25858819956376883,0.22887074380612427,0.1991532880484797,0.16943583229083514,0.13971837653319055
5402,0.021214760756460276,0.024068329353953997,0.029064947229369295,0.03406156510478459,0.03905818298019989,0.04405480085561519,0.049051418731030486,0.07194225852804301,0.09483309832505553,0.11772393812206808,0.1406147779190806,0.2196416620198345,0.2167880934223408,0.21179147554692548,0.20679485767151018,0.20179823979609487,0.19680162192067957,0.19180500404526427,0.16891416424825173,0.14602332445123922,0.12313248465422667,0.10024164485721414
5403,0.017379901386824617,0.01971764826949346,0.023811058840523276,0.02790446941155309,0.03199787998258291,0.03609129055361272,0.04018470112464254,0.058937707246218926,0.07769071336779533,0.09644371948937172,0.11519672561094813,0.1725522635160582,0.17021451663338938,0.16612110606235955,0.16202769549132973,0.1579342849202999,0.15384087434927007,0.14974746377824025,0.13099445765666387,0.11224145153508747,0.09348844541351108,0.07473543929193467
5404,0.018861538995962508,0.02139857893702769,0.025840952998510806,0.030283327059993915,0.03472570112147703,0.03916807518296014,0.04361044924444325,0.0639621502340575,0.08431385122367176,0.10466555221328604,0.1250172532029003,0.16219714722554288,0.1596601072844777,0.15521773322299456,0.15077535916151147,0.14633298510002835,0.14189061103854522,0.1374482369770621,0.11709653598744785,0.0967448349978336,0.07639313400821932,0.05604143301860505
5405,0.06031042844298219,0.06842270209442457,0.08262734801485494,0.09683199393528533,0.1110366398557157,0.1252412857761461,0.1394459316965765,0.20452120506052845,0.2695964784244804,0.33467175178843245,0.39974702515238447,0.4566317751531136,0.4485195015016712,0.43431485558124083,0.4201102096608105,0.4059055637403801,0.3917009178199497,0.3774962718995193,0.3124209985355673,0.24734572517161535,0.18227045180766333,0.1171951784437113
5406,0.30895518501738617,0.35051232648691727,0.4232791617051753,0.4960459969234333,0.5688128321416914,0.6415796673599494,0.7143465025782075,1.0477107919933368,1.3810750814084662,1.7144393708235957,2.0478036602387255,2.1024107163262697,2.0608535748567385,1.9880867396384805,1.9153199044202225,1.8425530692019643,1.7697862339837063,1.6970193987654483,1.363655109350319,1.0302908199351897,0.6969265305200603,0.3635622411049304
5407,1.1612949269476076,1.3174991271273024,1.5910137359992662,1.8645283448712298,2.1380429537431938,2.4115575626151577,2.685072171487121,3.9381155800368046,5.191158988586489,6.444202397136173,7.697245805685856,8.797592590406415,8.64138839022672,8.367873781354756,8.094359172482793,7.820844563610829,7.547329954738865,7.273815345866902,6.020771937317218,4.767728528767535,3.514685120217851,2.261641711668167
5408,2.8365400828547638,3.218079229059924,3.8861568494030205,4.554234469746118,5.222312090089215,5.890389710432311,6.558467330775408,9.61910918103339,12.679751031291374,15.74039288154936,18.801034731807345,21.40384848736475,21.02230934115959,20.354231720816493,19.686154100473395,19.018076480130297,18.3499988597872,17.6819212394441,14.621279389186117,11.560637538928134,8.499995688670149,5.439353838412163
5409,4.187241305649756,4.750461435119857,5.736663683482037,6.722865931844216,7.709068180206397,8.695270428568575,9.681472676930756,14.199528337297998,18.717583997665233,23.23563965803248,27.75369531839972,32.29130966000392,31.72808953053382,30.74188728217164,29.75568503380946,28.76948278544728,27.7832805370851,26.797078288722922,22.27902262835568,17.760966967988445,13.242911307621199,8.724855647253957
5410,4.1224380187469025,4.6769415462886,5.647880965838258,6.618820385387915,7.5897598049375725,8.56069922448723,9.53163864403689,13.979771212843394,18.427903781649896,22.876036350456406,27.324168919262913,32.91035711924829,32.35585359170659,31.384914172156932,30.413974752607274,29.443035333057615,28.472095913507957,27.501156493958298,23.053023925151795,18.60489135634529,14.15675878753878,9.708626218732274
5411,3.351595880008395,3.8024144805325077,4.591800893015079,5.381187305497649,6.170573717980221,6.959960130462791,7.7493465429453625,11.365736340329079,14.982126137712793,18.59851593509651,22.21490573248023,27.356769827551037,26.905951227026925,26.116564814544354,25.327178402061783,24.537791989579212,23.74840557709664,22.95901916461407,19.34262936723035,15.726239569846637,12.109849772462919,8.493459975079201
5412,2.9910124143164416,3.3933294236000933,4.097789222441407,4.80224902128272,5.506708820124034,6.211168618965348,6.915628417806662,10.142946736074473,13.370265054342282,16.597583372610092,19.82490169087791,24.2284335048095,23.82611649552585,23.121656696684536,22.417196897843223,21.71273709900191,21.008277300160596,20.303817501319283,17.076499183051475,13.849180864783666,10.621862546515855,7.394544228248039
5413,2.7047846416677372,3.0686015427890947,3.7056473923676854,4.342693241946275,4.979739091524866,5.6167849411034565,6.253830790682048,9.172307818474215,12.090784846266383,15.009261874058554,17.92773890185072,22.802692522038395,22.438875620917038,21.801829771338447,21.164783921759856,20.527738072181265,19.890692222602674,19.253646373024083,16.335169345231915,13.416692317439747,10.498215289647575,7.579738261855409
5414,2.20733046474823,2.5042354815337093,3.0241181699939683,3.544000858454227,4.063883546914486,4.583766235374744,5.103648923835004,7.485370246439614,9.867091569044224,12.248812891648836,14.630534214253444,19.724931122724897,19.428026105939416,18.908143417479156,18.388260729018896,17.868378040558635,17.348495352098375,16.828612663638115,14.446891341033504,12.065170018428894,9.683448695824282,7.3017273732196735
5415,1.677916042855984,1.903610246250039,2.298802319798513,2.693994393346985,3.0891864668954585,3.484378540443932,3.879570613992405,5.690050956937462,7.500531299882518,9.311011642827577,11.121491985772634,14.871256559632515,14.645562356238461,14.250370282689987,13.855178209141515,13.459986135593041,13.064794062044568,12.669601988496094,10.859121645551037,9.04864130260598,7.238160959660921,5.427680616715864
5416,1.1172675321315855,1.2675496673528908,1.5306947005095728,1.7938397336662546,2.0569847668229366,2.3201297999796187,2.583274833136301,3.7888124482913326,4.9943500634463645,6.199887678601396,7.405425293756428,10.033161309414842,9.882879174193537,9.619734141036854,9.356589107880172,9.09344407472349,8.830299041566807,8.567154008410125,7.361616393255093,6.156078778100062,4.95054116294503,3.745003547789998
5417,0.6682540838903488,0.7581400312657272,0.9155309318380566,1.0729218324103855,1.2303127329827148,1.3877036335550441,1.5450945341273732,2.2661442482220826,2.987193962316792,3.7082436764115014,4.429293390506211,6.0734388854665,5.983552938091121,5.826162037518792,5.668771136946463,5.5113802363741335,5.3539893358018045,5.196598435229475,4.475548721134766,3.7544990070400566,3.033449292945347,2.3123995788506377
5418,0.4397550001969972,0.4989058467966161,0.6024793784527985,0.7060529101089809,0.8096264417651632,0.9131999734213457,1.016773505077528,1.4912714914090162,1.9657694777405041,2.4402674640719924,2.9147654504034803,3.6846018562989733,3.625451009699354,3.5218774780431716,3.418303946386989,3.314730414730807,3.2111568830746244,3.1075833514184423,2.633085365086954,2.158587378755466,1.6840893924239777,1.2095914060924897
5419,0.286284866305672,0.32479265405806435,0.39222005033488544,0.4596474466117065,0.5270748428885276,0.5945022391653487,0.6619296354421698,0.9708325302776295,1.2797354251130895,1.5886383199485492,1.8975412147840094,2.22844041223525,2.1899326244828576,2.1225052282060366,2.0550778319292156,1.9876504356523945,1.9202230393755735,1.8527956430987524,1.5438927482632927,1.2349898534278327,0.926086958592373,0.6171840637569128
5420,0.1600000684787465,0.18152145994052682,0.21920556165659857,0.25688966337267033,0.2945737650887421,0.33225786680481384,0.3699419685208856,0.5425828942000834,0.7152238198792811,0.887864745558479,1.0605056712376768,1.3303544742870113,1.308833082825231,1.2711489811091592,1.2334648793930874,1.1957807776770155,1.1580966759609437,1.1204125742448718,0.947771648565674,0.7751307228864763,0.6024897972072784,0.4298488715280806
5421,0.0966650333943288,0.10966731548161278,0.1324343991801003,0.15520148287858784,0.17796856657707538,0.20073565027556292,0.2235027339740505,0.3278048196211218,0.432106905268193,0.5364089909152644,0.6407110765623357,0.8750441895076194,0.8620419074203355,0.8392748237218479,0.8165077400233604,0.7937406563248728,0.7709735726263852,0.7482064889278977,0.6439044032808263,0.5396023176337551,0.4353002319866837,0.3309981463396124
5422,0.060485888935644626,0.06862176353916513,0.08286773488598757,0.09711370623281,0.11135967757963244,0.1256056489264549,0.13985162027327736,0.2051162164429092,0.27038081261254104,0.33564540878217297,0.40091000495180484,0.6530761972950729,0.6449403226915524,0.63069435134473,0.6164483799979075,0.602202408651085,0.5879564373042625,0.57371046595744,0.5084458697878081,0.4431812736181763,0.37791667744854435,0.3126520812789125
5423,0.04326251605801909,0.04908169821561838,0.059271125452270715,0.06946055268892304,0.07964997992557539,0.08983940716222773,0.10002883439888008,0.1467093195416705,0.19338980468446088,0.24007028982725132,0.28675077497004176,0.499578441059629,0.4937592589020297,0.48356983166537737,0.47338040442872503,0.4631909771920727,0.45300154995542036,0.442812122718768,0.3961316375759776,0.3494511524331872,0.30277066729039676,0.2560901821476063
5424,0.031367184720614005,0.03558634204876214,0.04297411500909338,0.050361887969424625,0.057749660929755864,0.0651374338900871,0.07252520685041834,0.10637056615310214,0.14021592545578596,0.17406128475846977,0.20790664406115364,0.38513873965896495,0.3809195823308168,0.3735318093704856,0.36614403641015436,0.35875626344982314,0.3513684904894919,0.3439807175291607,0.3101353582264769,0.27628999892379313,0.24244463962110932,0.20859928031842545
5425,0.027541528392130105,0.031246101893993974,0.037732835101129916,0.04421956830826585,0.05070630151540179,0.057193034722537735,0.06367976792967367,0.09339722368731823,0.1231146794449628,0.15283213520260736,0.18254959096025195,0.2947264391013124,0.29102186559944854,0.2845351323923126,0.27804839918517665,0.2715616659780407,0.26507493277090477,0.25858819956376883,0.22887074380612427,0.1991532880484797,0.16943583229083514,0.13971837653319055
5426,0.021214760756460276,0.024068329353953997,0.029064947229369295,0.03406156510478459,0.03905818298019989,0.04405480085561519,0.049051418731030486,0.07194225852804301,0.09483309832505553,0.11772393812206808,0.1406147779190806,0.2196416620198345,0.2167880934223408,0.21179147554692548,0.20679485767151018,0.20179823979609487,0.19680162192067957,0.19180500404526427,0.16891416424825173,0.14602332445123922,0.12313248465422667,0.10024164485721414
5427,0.017379901386824617,0.01971764826949346,0.023811058840523276,0.02790446941155309,0.03199787998258291,0.03609129055361272,0.04018470112464254,0.058937707246218926,0.07769071336779533,0.09644371948937172,0.11519672561094813,0.1725522635160582,0.17021451663338938,0.16612110606235955,0.16202769549132973,0.1579342849202999,0.15384087434927007,0.14974746377824025,0.13099445765666387,0.11224145153508747,0.09348844541351108,0.07473543929193467
5428,0.018861538995962508,0.02139857893702769,0.025840952998510806,0.030283327059993915,0.03472570112147703,0.03916807518296014,0.04361044924444325,0.0639621502340575,0.08431385122367176,0.10466555221328604,0.1250172532029003,0.16219714722554288,0.1596601072844777,0.15521773322299456,0.15077535916151147,0.14633298510002835,0.14189061103854522,0.1374482369770621,0.11709653598744785,0.0967448349978336,0.07639313400821932,0.05604143301860505
5429,0.06031042844298219,0.06842270209442457,0.08262734801485494,0.09683199393528533,0.1110366398557157,0.1252412857761461,0.1394459316965765,0.20452120506052845,0.2695964784244804,0.33467175178843245,0.39974702515238447,0.4566317751531136,0.4485195015016712,0.43431485558124083,0.4201102096608105,0.4059055637403801,0.3917009178199497,0.3774962718995193,0.3124209985355673,0.24734572517161535,0.18227045180766333,0.1171951784437113
5430,0.30895518501738617,0.35051232648691727,0.4232791617051753,0.4960459969234333,0.5688128321416914,0.6415796673599494,0.7143465025782075,1.0477107919933368,1.3810750814084662,1.7144393708235957,2.0478036602387255,2.1024107163262697,2.0608535748567385,1.9880867396384805,1.9153199044202225,1.8425530692019643,1.7697862339837063,1.6970193987654483,1.363655109350319,1.0302908199351897,0.6969265305200603,0.3635622411049304
5431,1.1612949269476076,1.3174991271273024,1.5910137359992662,1.8645283448712298,2.1380429537431938,2.4115575626151577,2.685072171487121,3.9381155800368046,5.191158988586489,6.444202397136173,7.697245805685856,8.797592590406415,8.64138839022672,8.367873781354756,8.094359172482793,7.820844563610829,7.547329954738865,7.273815345866902,6.020771937317218,4.767728528767535,3.514685120217851,2.261641711668167
5432,2.8365400828547638,3.218079229059924,3.8861568494030205,4.554234469746118,5.222312090089215,5.890389710432311,6.558467330775408,9.61910918103339,12.679751031291374,15.74039288154936,18.801034731807345,21.40384848736475,21.02230934115959,20.354231720816493,19.686154100473395,19.018076480130297,18.3499988597872,17.6819212394441,14.621279389186117,11.560637538928134,8.499995688670149,5.439353838412163
5433,4.187241305649756,4.750461435119857,5.736663683482037,6.722865931844216,7.709068180206397,8.695270428568575,9.681472676930756,14.199528337297998,18.717583997665233,23.23563965803248,27.75369531839972,32.29130966000392,31.72808953053382,30.74188728217164,29.75568503380946,28.76948278544728,27.7832805370851,26.797078288722922,22.27902262835568,17.760966967988445,13.242911307621199,8.724855647253957
5434,4.1224380187469025,4.6769415462886,5.647880965838258,6.618820385387915,7.5897598049375725,8.56069922448723,9.53163864403689,13.979771212843394,18.427903781649896,22.876036350456406,27.324168919262913,32.91035711924829,32.35585359170659,31.384914172156932,30.413974752607274,29.443035333057615,28.472095913507957,27.501156493958298,23.053023925151795,18.60489135634529,14.15675878753878,9.708626218732274
5435,3.351595880008395,3.8024144805325077,4.591800893015079,5.381187305497649,6.170573717980221,6.959960130462791,7.7493465429453625,11.365736340329079,14.982126137712793,18.59851593509651,22.21490573248023,27.356769827551037,26.905951227026925,26.116564814544354,25.327178402061783,24.537791989579212,23.74840557709664,22.95901916461407,19.34262936723035,15.726239569846637,12.109849772462919,8.493459975079201
5436,2.9910124143164416,3.3933294236000933,4.097789222441407,4.80224902128272,5.506708820124034,6.211168618965348,6.915628417806662,10.142946736074473,13.370265054342282,16.597583372610092,19.82490169087791,24.2284335048095,23.82611649552585,23.121656696684536,22.417196897843223,21.71273709900191,21.008277300160596,20.303817501319283,17.076499183051475,13.849180864783666,10.621862546515855,7.394544228248039
5437,2.7047846416677372,3.0686015427890947,3.7056473923676854,4.342693241946275,4.979739091524866,5.6167849411034565,6.253830790682048,9.172307818474215,12.090784846266383,15.009261874058554,17.92773890185072,22.802692522038395,22.438875620917038,21.801829771338447,21.164783921759856,20.527738072181265,19.890692222602674,19.253646373024083,16.335169345231915,13.416692317439747,10.498215289647575,7.579738261855409
5438,2.20733046474823,2.5042354815337093,3.0241181699939683,3.544000858454227,4.063883546914486,4.583766235374744,5.103648923835004,7.485370246439614,9.867091569044224,12.248812891648836,14.630534214253444,19.724931122724897,19.428026105939416,18.908143417479156,18.388260729018896,17.868378040558635,17.348495352098375,16.828612663638115,14.446891341033504,12.065170018428894,9.683448695824282,7.3017273732196735
5439,1.677916042855984,1.903610246250039,2.298802319798513,2.693994393346985,3.0891864668954585,3.484378540443932,3.879570613992405,5.690050956937462,7.500531299882518,9.311011642827577,11.121491985772634,14.871256559632515,14.645562356238461,14.250370282689987,13.855178209141515,13.459986135593041,13.064794062044568,12.669601988496094,10.859121645551037,9.04864130260598,7.238160959660921,5.427680616715864
5440,1.1172675321315855,1.2675496673528908,1.5306947005095728,1.7938397336662546,2.0569847668229366,2.3201297999796187,2.583274833136301,3.7888124482913326,4.9943500634463645,6.199887678601396,7.405425293756428,10.033161309414842,9.882879174193537,9.619734141036854,9.356589107880172,9.09344407472349,8.830299041566807,8.567154008410125,7.361616393255093,6.156078778100062,4.95054116294503,3.745003547789998
5441,0.6682540838903488,0.7581400312657272,0.9155309318380566,1.0729218324103855,1.2303127329827148,1.3877036335550441,1.5450945341273732,2.2661442482220826,2.987193962316792,3.7082436764115014,4.429293390506211,6.0734388854665,5.983552938091121,5.826162037518792,5.668771136946463,5.5113802363741335,5.3539893358018045,5.196598435229475,4.475548721134766,3.7544990070400566,3.033449292945347,2.3123995788506377
5442,0.4397550001969972,0.4989058467966161,0.6024793784527985,0.7060529101089809,0.8096264417651632,0.9131999734213457,1.016773505077528,1.4912714914090162,1.9657694777405041,2.4402674640719924,2.9147654504034803,3.6846018562989733,3.625451009699354,3.5218774780431716,3.418303946386989,3.314730414730807,3.2111568830746244,3.1075833514184423,2.633085365086954,2.158587378755466,1.6840893924239777,1.2095914060924897
5443,0.286284866305672,0.32479265405806435,0.39222005033488544,0.4596474466117065,0.5270748428885276,0.5945022391653487,0.6619296354421698,0.9708325302776295,1.2797354251130895,1.5886383199485492,1.8975412147840094,2.22844041223525,2.1899326244828576,2.1225052282060366,2.0550778319292156,1.9876504356523945,1.9202230393755735,1.8527956430987524,1.5438927482632927,1.2349898534278327,0.926086958592373,0.6171840637569128
5444,0.1600000684787465,0.18152145994052682,0.21920556165659857,0.25688966337267033,0.2945737650887421,0.33225786680481384,0.3699419685208856,0.5425828942000834,0.7152238198792811,0.887864745558479,1.0605056712376768,1.3303544742870113,1.308833082825231,1.2711489811091592,1.2334648793930874,1.1957807776770155,1.1580966759609437,1.1204125742448718,0.947771648565674,0.7751307228864763,0.6024897972072784,0.4298488715280806
5445,0.0966650333943288,0.10966731548161278,0.1324343991801003,0.15520148287858784,0.17796856657707538,0.20073565027556292,0.2235027339740505,0.3278048196211218,0.432106905268193,0.5364089909152644,0.6407110765623357,0.8750441895076194,0.8620419074203355,0.8392748237218479,0.8165077400233604,0.7937406563248728,0.7709735726263852,0.7482064889278977,0.6439044032808263,0.5396023176337551,0.4353002319866837,0.3309981463396124
5446,0.060485888935644626,0.06862176353916513,0.08286773488598757,0.09711370623281,0.11135967757963244,0.1256056489264549,0.13985162027327736,0.2051162164429092,0.27038081261254104,0.33564540878217297,0.40091000495180484,0.6530761972950729,0.6449403226915524,0.63069435134473,0.6164483799979075,0.602202408651085,0.5879564373042625,0.57371046595744,0.5084458697878081,0.4431812736181763,0.37791667744854435,0.3126520812789125
5447,0.04326251605801909,0.04908169821561838,0.059271125452270715,0.06946055268892304,0.07964997992557539,0.08983940716222773,0.10002883439888008,0.1467093195416705,0.19338980468446088,0.24007028982725132,0.28675077497004176,0.499578441059629,0.4937592589020297,0.48356983166537737,0.47338040442872503,0.4631909771920727,0.45300154995542036,0.442812122718768,0.3961316375759776,0.3494511524331872,0.30277066729039676,0.2560901821476063
5448,0.031367184720614005,0.03558634204876214,0.04297411500909338,0.050361887969424625,0.057749660929755864,0.0651374338900871,0.07252520685041834,0.10637056615310214,0.14021592545578596,0.17406128475846977,0.20790664406115364,0.38513873965896495,0.3809195823308168,0.3735318093704856,0.36614403641015436,0.35875626344982314,0.3513684904894919,0.3439807175291607,0.3101353582264769,0.27628999892379313,0.24244463962110932,0.20859928031842545
5449,0.027541528392130105,0.031246101893993974,0.037732835101129916,0.04421956830826585,0.05070630151540179,0.057193034722537735,0.06367976792967367,0.09339722368731823,0.1231146794449628,0.15283213520260736,0.18254959096025195,0.2947264391013124,0.29102186559944854,0.2845351323923126,0.27804839918517665,0.2715616659780407,0.26507493277090477,0.25858819956376883,0.22887074380612427,0.1991532880484797,0.16943583229083514,0.13971837653319055
5450,0.021214760756460276,0.024068329353953997,0.029064947229369295,0.03406156510478459,0.03905818298019989,0.04405480085561519,0.049051418731030486,0.07194225852804301,0.09483309832505553,0.11772393812206808,0.1406147779190806,0.2196416620198345,0.2167880934223408,0.21179147554692548,0.20679485767151018,0.20179823979609487,0.19680162192067957,0.19180500404526427,0.16891416424825173,0.14602332445123922,0.12313248465422667,0.10024164485721414
5451,0.017379901386824617,0.01971764826949346,0.023811058840523276,0.02790446941155309,0.03199787998258291,0.03609129055361272,0.04018470112464254,0.058937707246218926,0.07769071336779533,0.09644371948937172,0.11519672561094813,0.1725522635160582,0.17021451663338938,0.16612110606235955,0.16202769549132973,0.1579342849202999,0.15384087434927007,0.14974746377824025,0.13099445765666387,0.11224145153508747,0.09348844541351108,0.07473543929193467
5452,0.018861538995962508,0.02139857893702769,0.025840952998510806,0.030283327059993915,0.03472570112147703,0.03916807518296014,0.04361044924444325,0.0639621502340575,0.08431385122367176,0.10466555221328604,0.1250172532029003,0.16219714722554288,0.1596601072844777,0.15521773322299456,0.15077535916151147,0.14633298510002835,0.14189061103854522,0.1374482369770621,0.11709653598744785,0.0967448349978336,0.07639313400821932,0.05604143301860505
5453,0.06031042844298219,0.06842270209442457,0.08262734801485494,0.09683199393528533,0.1110366398557157,0.1252412857761461,0.1394459316965765,0.20452120506052845,0.2695964784244804,0.33467175178843245,0.39974702515238447,0.4566317751531136,0.4485195015016712,0.43431485558124083,0.4201102096608105,0.4059055637403801,0.3917009178199497,0.3774962718995193,0.3124209985355673,0.24734572517161535,0.18227045180766333,0.1171951784437113
5454,0.30895518501738617,0.35051232648691727,0.4232791617051753,0.4960459969234333,0.5688128321416914,0.6415796673599494,0.7143465025782075,1.0477107919933368,1.3810750814084662,1.7144393708235957,2.0478036602387255,2.1024107163262697,2.0608535748567385,1.9880867396384805,1.9153199044202225,1.8425530692019643,1.7697862339837063,1.6970193987654483,1.363655109350319,1.0302908199351897,0.6969265305200603,0.3635622411049304
5455,1.1612949269476076,1.3174991271273024,1.5910137359992662,1.8645283448712298,2.1380429537431938,2.4115575626151577,2.685072171487121,3.9381155800368046,5.191158988586489,6.444202397136173,7.697245805685856,8.797592590406415,8.64138839022672,8.367873781354756,8.094359172482793,7.820844563610829,7.547329954738865,7.273815345866902,6.020771937317218,4.767728528767535,3.514685120217851,2.261641711668167
5456,2.8365400828547638,3.218079229059924,3.8861568494030205,4.554234469746118,5.222312090089215,5.890389710432311,6.558467330775408,9.61910918103339,12.679751031291374,15.74039288154936,18.801034731807345,21.40384848736475,21.02230934115959,20.354231720816493,19.686154100473395,19.018076480130297,18.3499988597872,17.6819212394441,14.621279389186117,11.560637538928134,8.499995688670149,5.439353838412163
5457,4.187241305649756,4.750461435119857,5.736663683482037,6.722865931844216,7.709068180206397,8.695270428568575,9.681472676930756,14.199528337297998,18.717583997665233,23.23563965803248,27.75369531839972,32.29130966000392,31.72808953053382,30.74188728217164,29.75568503380946,28.76948278544728,27.7832805370851,26.797078288722922,22.27902262835568,17.760966967988445,13.242911307621199,8.724855647253957
5458,4.1224380187469025,4.6769415462886,5.647880965838258,6.618820385387915,7.5897598049375725,8.56069922448723,9.53163864403689,13.979771212843394,18.427903781649896,22.876036350456406,27.324168919262913,32.91035711924829,32.35585359170659,31.384914172156932,30.413974752607274,29.443035333057615,28.472095913507957,27.501156493958298,23.053023925151795,18.60489135634529,14.15675878753878,9.708626218732274
5459,3.351595880008395,3.8024144805325077,4.591800893015079,5.381187305497649,6.170573717980221,6.959960130462791,7.7493465429453625,11.365736340329079,14.982126137712793,18.59851593509651,22.21490573248023,27.356769827551037,26.905951227026925,26.116564814544354,25.327178402061783,24.537791989579212,23.74840557709664,22.95901916461407,19.34262936723035,15.726239569846637,12.109849772462919,8.493459975079201
5460,2.9910124143164416,3.3933294236000933,4.097789222441407,4.80224902128272,5.506708820124034,6.211168618965348,6.915628417806662,10.142946736074473,13.370265054342282,16.597583372610092,19.82490169087791,24.2284335048095,23.82611649552585,23.121656696684536,22.417196897843223,21.71273709900191,21.008277300160596,20.303817501319283,17.076499183051475,13.849180864783666,10.621862546515855,7.394544228248039
5461,2.7047846416677372,3.0686015427890947,3.7056473923676854,4.342693241946275,4.979739091524866,5.6167849411034565,6.253830790682048,9.172307818474215,12.090784846266383,15.009261874058554,17.92773890185072,22.802692522038395,22.438875620917038,21.801829771338447,21.164783921759856,20.527738072181265,19.890692222602674,19.253646373024083,16.335169345231915,13.416692317439747,10.498215289647575,7.579738261855409
5462,2.20733046474823,2.5042354815337093,3.0241181699939683,3.544000858454227,4.063883546914486,4.583766235374744,5.103648923835004,7.485370246439614,9.867091569044224,12.248812891648836,14.630534214253444,19.724931122724897,19.428026105939416,18.908143417479156,18.388260729018896,17.868378040558635,17.348495352098375,16.828612663638115,14.446891341033504,12.065170018428894,9.683448695824282,7.3017273732196735
5463,1.677916042855984,1.903610246250039,2.298802319798513,2.693994393346985,3.0891864668954585,3.484378540443932,3.879570613992405,5.690050956937462,7.500531299882518,9.311011642827577,11.121491985772634,14.871256559632515,14.645562356238461,14.250370282689987,13.855178209141515,13.459986135593041,13.064794062044568,12.669601988496094,10.859121645551037,9.04864130260598,7.238160959660921,5.427680616715864
5464,1.1172675321315855,1.2675496673528908,1.5306947005095728,1.7938397336662546,2.0569847668229366,2.3201297999796187,2.583274833136301,3.7888124482913326,4.9943500634463645,6.199887678601396,7.405425293756428,10.033161309414842,9.882879174193537,9.619734141036854,9.356589107880172,9.09344407472349,8.830299041566807,8.567154008410125,7.361616393255093,6.156078778100062,4.95054116294503,3.745003547789998
5465,0.6682540838903488,0.7581400312657272,0.9155309318380566,1.0729218324103855,1.2303127329827148,1.3877036335550441,1.5450945341273732,2.2661442482220826,2.987193962316792,3.7082436764115014,4.429293390506211,6.0734388854665,5.983552938091121,5.826162037518792,5.668771136946463,5.5113802363741335,5.3539893358018045,5.196598435229475,4.475548721134766,3.7544990070400566,3.033449292945347,2.3123995788506377
5466,0.4397550001969972,0.4989058467966161,0.6024793784527985,0.7060529101089809,0.8096264417651632,0.9131999734213457,1.016773505077528,1.4912714914090162,1.9657694777405041,2.4402674640719924,2.9147654504034803,3.6846018562989733,3.625451009699354,3.5218774780431716,3.418303946386989,3.314730414730807,3.2111568830746244,3.1075833514184423,2.633085365086954,2.158587378755466,1.6840893924239777,1.2095914060924897
5467,0.286284866305672,0.32479265405806435,0.39222005033488544,0.4596474466117065,0.5270748428885276,0.5945022391653487,0.6619296354421698,0.9708325302776295,1.2797354251130895,1.5886383199485492,1.8975412147840094,2.22844041223525,2.1899326244828576,2.1225052282060366,2.0550778319292156,1.9876504356523945,1.9202230393755735,1.8527956430987524,1.5438927482632927,1.2349898534278327,0.926086958592373,0.6171840637569128
5468,0.1600000684787465,0.18152145994052682,0.21920556165659857,0.25688966337267033,0.2945737650887421,0.33225786680481384,0.3699419685208856,0.5425828942000834,0.7152238198792811,0.887864745558479,1.0605056712376768,1.3303544742870113,1.308833082825231,1.2711489811091592,1.2334648793930874,1.1957807776770155,1.1580966759609437,1.1204125742448718,0.947771648565674,0.7751307228864763,0.6024897972072784,0.4298488715280806
5469,0.0966650333943288,0.10966731548161278,0.1324343991801003,0.15520148287858784,0.17796856657707538,0.20073565027556292,0.2235027339740505,0.3278048196211218,0.432106905268193,0.5364089909152644,0.6407110765623357,0.8750441895076194,0.8620419074203355,0.8392748237218479,0.8165077400233604,0.7937406563248728,0.7709735726263852,0.7482064889278977,0.6439044032808263,0.5396023176337551,0.4353002319866837,0.3309981463396124
5470,0.060485888935644626,0.06862176353916513,0.08286773488598757,0.09711370623281,0.11135967757963244,0.1256056489264549,0.13985162027327736,0.2051162164429092,0.27038081261254104,0.33564540878217297,0.40091000495180484,0.6530761972950729,0.6449403226915524,0.63069435134473,0.6164483799979075,0.602202408651085,0.5879564373042625,0.57371046595744,0.5084458697878081,0.4431812736181763,0.37791667744854435,0.3126520812789125
5471,0.04326251605801909,0.04908169821561838,0.059271125452270715,0.06946055268892304,0.07964997992557539,0.08983940716222773,0.10002883439888008,0.1467093195416705,0.19338980468446088,0.24007028982725132,0.28675077497004176,0.499578441059629,0.4937592589020297,0.48356983166537737,0.47338040442872503,0.4631909771920727,0.45300154995542036,0.442812122718768,0.3961316375759776,0.3494511524331872,0.30277066729039676,0.2560901821476063
5472,0.031367184720614005,0.03558634204876214,0.04297411500909338,0.050361887969424625,0.057749660929755864,0.0651374338900871,0.07252520685041834,0.10637056615310214,0.14021592545578596,0.17406128475846977,0.20790664406115364,0.38513873965896495,0.3809195823308168,0.3735318093704856,0.36614403641015436,0.35875626344982314,0.3513684904894919,0.3439807175291607,0.3101353582264769,0.27628999892379313,0.24244463962110932,0.20859928031842545
5473,0.027541528392130105,0.031246101893993974,0.037732835101129916,0.04421956830826585,0.05070630151540179,0.057193034722537735,0.06367976792967367,0.09339722368731823,0.1231146794449628,0.15283213520260736,0.18254959096025195,0.2947264391013124,0.29102186559944854,0.2845351323923126,0.27804839918517665,0.2715616659780407,0.26507493277090477,0.25858819956376883,0.22887074380612427,0.1991532880484797,0.16943583229083514,0.13971837653319055
5474,0.021214760756460276,0.024068329353953997,0.029064947229369295,0.03406156510478459,0.03905818298019989,0.04405480085561519,0.049051418731030486,0.07194225852804301,0.09483309832505553,0.11772393812206808,0.1406147779190806,0.2196416620198345,0.2167880934223408,0.21179147554692548,0.20679485767151018,0.20179823979609487,0.19680162192067957,0.19180500404526427,0.16891416424825173,0.14602332445123922,0.12313248465422667,0.10024164485721414
5475,0.017379901386824617,0.01971764826949346,0.023811058840523276,0.02790446941155309,0.03199787998258291,0.03609129055361272,0.04018470112464254,0.058937707246218926,0.07769071336779533,0.09644371948937172,0.11519672561094813,0.1725522635160582,0.17021451663338938,0.16612110606235955,0.16202769549132973,0.1579342849202999,0.15384087434927007,0.14974746377824025,0.13099445765666387,0.11224145153508747,0.09348844541351108,0.07473543929193467
5476,0.018861538995962508,0.02139857893702769,0.025840952998510806,0.030283327059993915,0.03472570112147703,0.03916807518296014,0.04361044924444325,0.0639621502340575,0.08431385122367176,0.10466555221328604,0.1250172532029003,0.16219714722554288,0.1596601072844777,0.15521773322299456,0.15077535916151147,0.14633298510002835,0.14189061103854522,0.1374482369770621,0.11709653598744785,0.0967448349978336,0.07639313400821932,0.05604143301860505
5477,0.06031042844298219,0.06842270209442457,0.08262734801485494,0.09683199393528533,0.1110366398557157,0.1252412857761461,0.1394459316965765,0.20452120506052845,0.2695964784244804,0.33467175178843245,0.39974702515238447,0.4566317751531136,0.4485195015016712,0.43431485558124083,0.4201102096608105,0.4059055637403801,0.3917009178199497,0.3774962718995193,0.3124209985355673,0.24734572517161535,0.18227045180766333,0.1171951784437113
5478,0.30895518501738617,0.35051232648691727,0.4232791617051753,0.4960459969234333,0.5688128321416914,0.6415796673599494,0.7143465025782075,1.0477107919933368,1.3810750814084662,1.7144393708235957,2.0478036602387255,2.1024107163262697,2.0608535748567385,1.9880867396384805,1.9153199044202225,1.8425530692019643,1.7697862339837063,1.6970193987654483,1.363655109350319,1.0302908199351897,0.6969265305200603,0.3635622411049304
5479,1.1612949269476076,1.3174991271273024,1.5910137359992662,1.8645283448712298,2.1380429537431938,2.4115575626151577,2.685072171487121,3.9381155800368046,5.191158988586489,6.444202397136173,7.697245805685856,8.797592590406415,8.64138839022672,8.367873781354756,8.094359172482793,7.820844563610829,7.547329954738865,7.273815345866902,6.020771937317218,4.767728528767535,3.514685120217851,2.261641711668167
5480,2.8365400828547638,3.218079229059924,3.8861568494030205,4.554234469746118,5.222312090089215,5.890389710432311,6.558467330775408,9.61910918103339,12.679751031291374,15.74039288154936,18.801034731807345,21.40384848736475,21.02230934115959,20.354231720816493,19.686154100473395,19.018076480130297,18.3499988597872,17.6819212394441,14.621279389186117,11.560637538928134,8.499995688670149,5.439353838412163
5481,4.187241305649756,4.750461435119857,5.736663683482037,6.722865931844216,7.709068180206397,8.695270428568575,9.681472676930756,14.199528337297998,18.717583997665233,23.23563965803248,27.75369531839972,32.29130966000392,31.72808953053382,30.74188728217164,29.75568503380946,28.76948278544728,27.7832805370851,26.797078288722922,22.27902262835568,17.760966967988445,13.242911307621199,8.724855647253957
5482,4.1224380187469025,4.6769415462886,5.647880965838258,6.618820385387915,7.5897598049375725,8.56069922448723,9.53163864403689,13.979771212843394,18.427903781649896,22.876036350456406,27.324168919262913,32.91035711924829,32.35585359170659,31.384914172156932,30.413974752607274,29.443035333057615,28.472095913507957,27.501156493958298,23.053023925151795,18.60489135634529,14.15675878753878,9.708626218732274
5483,3.351595880008395,3.8024144805325077,4.591800893015079,5.381187305497649,6.170573717980221,6.959960130462791,7.7493465429453625,11.365736340329079,14.982126137712793,18.59851593509651,22.21490573248023,27.356769827551037,26.905951227026925,26.116564814544354,25.327178402061783,24.537791989579212,23.74840557709664,22.95901916461407,19.34262936723035,15.726239569846637,12.109849772462919,8.493459975079201
5484,2.9910124143164416,3.3933294236000933,4.097789222441407,4.80224902128272,5.506708820124034,6.211168618965348,6.915628417806662,10.142946736074473,13.370265054342282,16.597583372610092,19.82490169087791,24.2284335048095,23.82611649552585,23.121656696684536,22.417196897843223,21.71273709900191,21.008277300160596,20.303817501319283,17.076499183051475,13.849180864783666,10.621862546515855,7.394544228248039
5485,2.7047846416677372,3.0686015427890947,3.7056473923676854,4.342693241946275,4.979739091524866,5.6167849411034565,6.253830790682048,9.172307818474215,12.090784846266383,15.009261874058554,17.92773890185072,22.802692522038395,22.438875620917038,21.801829771338447,21.164783921759856,20.527738072181265,19.890692222602674,19.253646373024083,16.335169345231915,13.416692317439747,10.498215289647575,7.579738261855409
5486,2.20733046474823,2.5042354815337093,3.0241181699939683,3.544000858454227,4.063883546914486,4.583766235374744,5.103648923835004,7.485370246439614,9.867091569044224,12.248812891648836,14.630534214253444,19.724931122724897,19.428026105939416,18.908143417479156,18.388260729018896,17.868378040558635,17.348495352098375,16.828612663638115,14.446891341033504,12.065170018428894,9.683448695824282,7.3017273732196735
5487,1.677916042855984,1.903610246250039,2.298802319798513,2.693994393346985,3.0891864668954585,3.484378540443932,3.879570613992405,5.690050956937462,7.500531299882518,9.311011642827577,11.121491985772634,14.871256559632515,14.645562356238461,14.250370282689987,13.855178209141515,13.459986135593041,13.064794062044568,12.669601988496094,10.859121645551037,9.04864130260598,7.238160959660921,5.427680616715864
5488,1.1172675321315855,1.2675496673528908,1.5306947005095728,1.7938397336662546,2.0569847668229366,2.3201297999796187,2.583274833136301,3.7888124482913326,4.9943500634463645,6.199887678601396,7.405425293756428,10.033161309414842,9.882879174193537,9.619734141036854,9.356589107880172,9.09344407472349,8.830299041566807,8.567154008410125,7.361616393255093,6.156078778100062,4.95054116294503,3.745003547789998
5489,0.6682540838903488,0.7581400312657272,0.9155309318380566,1.0729218324103855,1.2303127329827148,1.3877036335550441,1.5450945341273732,2.2661442482220826,2.987193962316792,3.7082436764115014,4.429293390506211,6.0734388854665,5.983552938091121,5.826162037518792,5.668771136946463,5.5113802363741335,5.3539893358018045,5.196598435229475,4.475548721134766,3.7544990070400566,3.033449292945347,2.3123995788506377
5490,0.4397550001969972,0.4989058467966161,0.6024793784527985,0.7060529101089809,0.8096264417651632,0.9131999734213457,1.016773505077528,1.4912714914090162,1.9657694777405041,2.4402674640719924,2.9147654504034803,3.6846018562989733,3.625451009699354,3.5218774780431716,3.418303946386989,3.314730414730807,3.2111568830746244,3.1075833514184423,2.633085365086954,2.158587378755466,1.6840893924239777,1.2095914060924897
5491,0.286284866305672,0.32479265405806435,0.39222005033488544,0.4596474466117065,0.5270748428885276,0.5945022391653487,0.6619296354421698,0.9708325302776295,1.2797354251130895,1.5886383199485492,1.8975412147840094,2.22844041223525,2.1899326244828576,2.1225052282060366,2.0550778319292156,1.9876504356523945,1.9202230393755735,1.8527956430987524,1.5438927482632927,1.2349898534278327,0.926086958592373,0.6171840637569128
5492,0.1600000684787465,0.18152145994052682,0.21920556165659857,0.25688966337267033,0.2945737650887421,0.33225786680481384,0.3699419685208856,0.5425828942000834,0.7152238198792811,0.887864745558479,1.0605056712376768,1.3303544742870113,1.308833082825231,1.2711489811091592,1.2334648793930874,1.1957807776770155,1.1580966759609437,1.1204125742448718,0.947771648565674,0.7751307228864763,0.6024897972072784,0.4298488715280806
5493,0.0966650333943288,0.10966731548161278,0.1324343991801003,0.15520148287858784,0.17796856657707538,0.20073565027556292,0.2235027339740505,0.3278048196211218,0.432106905268193,0.5364089909152644,0.6407110765623357,0.8750441895076194,0.8620419074203355,0.8392748237218479,0.8165077400233604,0.7937406563248728,0.7709735726263852,0.7482064889278977,0.6439044032808263,0.5396023176337551,0.4353002319866837,0.3309981463396124
5494,0.060485888935644626,0.06862176353916513,0.08286773488598757,0.09711370623281,0.11135967757963244,0.1256056489264549,0.13985162027327736,0.2051162164429092,0.27038081261254104,0.33564540878217297,0.40091000495180484,0.6530761972950729,0.6449403226915524,0.63069435134473,0.6164483799979075,0.602202408651085,0.5879564373042625,0.57371046595744,0.5084458697878081,0.4431812736181763,0.37791667744854435,0.3126520812789125
5495,0.04326251605801909,0.04908169821561838,0.059271125452270715,0.06946055268892304,0.07964997992557539,0.08983940716222773,0.10002883439888008,0.1467093195416705,0.19338980468446088,0.24007028982725132,0.28675077497004176,0.499578441059629,0.4937592589020297,0.48356983166537737,0.47338040442872503,0.4631909771920727,0.45300154995542036,0.442812122718768,0.3961316375759776,0.3494511524331872,0.30277066729039676,0.2560901821476063
5496,0.06656898268586907,0.07552308595105217,0.09120178120737912,0.10688047646370606,0.12255917172003303,0.13823786697635998,0.1539165622326869,0.2257448489433112,0.29757313565393556,0.36940142236455986,0.44122970907518416,0.4271966781704077,0.4182425749052246,0.4025638796488976,0.3868851843925707,0.3712064891362437,0.35552779387991673,0.3398490986235898,0.2680208119129655,0.19619252520234115,0.12436423849171685,0.05253595178109255
5497,0.056639086305014866,0.06425753272192815,0.07759748382143074,0.09093743492093335,0.10427738602043597,0.11761733711993858,0.1309572882194412,0.19207116387144205,0.25318503952344296,0.31429891517544384,0.3754127908274448,0.3168441383691494,0.3092256919522361,0.2958857408527335,0.28254578975323086,0.26920583865372827,0.2558658875542257,0.24252593645472306,0.1814120608027222,0.1202981851507213,0.05918430949872042,-0.0019295661532805208
5498,0.03392680220936796,0.038490250202461725,0.046480878441028384,0.05447150667959503,0.06246213491816169,0.07045276315672834,0.07844339139529499,0.1150505915949522,0.15165779179460942,0.18826499199426663,0.22487219219392388,0.22601923126692836,0.22145578327383458,0.21346515503526792,0.20547452679670128,0.1974838985581346,0.18949327031956797,0.1815026420810013,0.1448954418813441,0.10828824168168688,0.07168104148202967,0.035073841282372425
5499,0.0236676925723058,0.026851201690074235,0.03242554764354464,0.03799989359701504,0.043574239550485436,0.049148585503955844,0.05472293145742625,0.08026049774238261,0.10579806402733898,0.13133563031229536,0.15687319659725174,0.20284547879051973,0.1996619696727513,0.1940876237192809,0.1885132777658105,0.1829389318123401,0.17736458585886972,0.17179023990539932,0.14625267362044297,0.12071510733548661,0.09517754105053022,0.06963997476557385
5500,0.02469635730095266,0.028018230711428102,0.03383485347536883,0.03965147623930954,0.04546809900325027,0.051284721767191,0.05710134453113172,0.08374884553458932,0.11039634653804692,0.1370438475415045,0.16369134854496212,0.2086410790622131,0.20531920565173767,0.19950258288779693,0.19368596012385622,0.18786933735991548,0.18205271459597477,0.17623609183203404,0.14958859082857645,0.12294108982511885,0.09629358882166127,0.06964608781820365
5501,0.018530992112733714,0.02102357064238779,0.025388092472381524,0.02975261430237525,0.03411713613236898,0.03848165796236271,0.04284617979235644,0.06284121893523797,0.08283625807811949,0.10283129722100104,0.12282633636388257,0.23076451461001737,0.2282719360803633,0.22390741425036959,0.21954289242037586,0.21517837059038214,0.21081384876038842,0.2064493269303947,0.18645428778751316,0.16645924864463163,0.1464642095017501,0.12646917035886857
5502,0.022723898938375474,0.025780459658883387,0.031132518111866028,0.036484576564848666,0.0418366350178313,0.04718869347081395,0.05254075192379659,0.0770599598532782,0.10157916778275981,0.12609837571224142,0.15061758364172306,0.3411068640072945,0.3380503032867866,0.33269824483380395,0.3273461863808213,0.32199412792783866,0.316642069474856,0.31129001102187337,0.2867708030923918,0.2622515951629102,0.2377323872334286,0.21321317930394695
5503,0.05954035988303085,0.0675490526604855,0.08157232777140645,0.0955956028823274,0.10961887799324835,0.12364215310416929,0.13766542821509023,0.20190979350324906,0.2661541587914079,0.33039852407956677,0.3946428893677256,0.5323949645104806,0.524386271733026,0.510362996622105,0.4963397215111841,0.48231644640026317,0.4682931712893422,0.4542698961784213,0.3900255308902625,0.32578116560210363,0.2615368003139448,0.19729243502578592
5504,0.09422208070711786,0.10689576455313886,0.129087470513181,0.15127917647322317,0.17347088243326533,0.1956625883933075,0.21785429435334966,0.31952042104539957,0.42118654773744957,0.5228526744294996,0.6245188011215496,0.7630054397344619,0.7503317558884409,0.7281400499283988,0.7059483439683566,0.6837566380083144,0.6615649320482723,0.6393732260882301,0.5377070993961802,0.4360409727041302,0.33437484601208023,0.23270871932003023
5505,0.11060462621291975,0.12548190395938727,0.1515321177130734,0.17758233146675953,0.2036325452204457,0.22968275897413182,0.255732972727818,0.37507595323620807,0.49441893374459817,0.6137619142529884,0.7331048947613785,1.04243040931092,1.0275531315644524,1.0015029178107662,0.9754527040570801,0.949402490303394,0.9233522765497079,0.8973020627960218,0.7779590822876317,0.6586161017792416,0.5392731212708513,0.41993014076246116
5506,0.14593538259187422,0.16556495229609972,0.19993646134515083,0.23430797039420195,0.2686794794432531,0.3030509884923042,0.3374224975413554,0.4948875522726021,0.6523526070038489,0.8098176617350957,0.9672827164663426,1.3368623237393928,1.3172327540351674,1.2828612449861163,1.2484897359370652,1.2141182268880142,1.1797467178389631,1.145375208789912,0.9879101540586653,0.8304450993274186,0.6729800445961718,0.5155149898649249
5507,0.17412844867806587,0.1975502293326846,0.2385619253527876,0.2795736213728906,0.3205853173929936,0.3615970134130966,0.40260870943319965,0.5904942325625675,0.7783797556919354,0.9662652788213034,1.1541508019506714,1.6963697765134498,1.6729479958588311,1.6319362998387281,1.590924603818625,1.549912907798522,1.508901211778419,1.467889515758316,1.2800039926289482,1.0921184694995802,0.9042329463702122,0.7163474232408442
5508,0.20258246617249245,0.22983155799628885,0.277544901707457,0.32525824541862514,0.3729715891297932,0.4206849328409614,0.46839827655212957,0.6869858360383282,0.9055733955245269,1.1241609550107257,1.3427485144969247,1.9211150761464808,1.8938659843226844,1.8461526406115163,1.7984392969003482,1.7507259531891801,1.7030126094780118,1.6552992657668437,1.4367117062806452,1.2181241467944464,0.9995365873082476,0.7809490278220486
5509,0.22682064156334378,0.25732997737244256,0.31075203030808307,0.3641740832437235,0.4175961361793641,0.4710181891150046,0.5244402420506451,0.769180921820084,1.013921601589523,1.2586622813589619,1.5034029611284008,2.0428941262432594,2.0123847904341607,1.9589627374985201,1.9055406845628797,1.852118631627239,1.7986965786915987,1.745274525755958,1.5005338459865192,1.2557931662170803,1.0110524864476413,0.7663118066782024
5510,0.28713168866453304,0.3257533813399477,0.3933802259058238,0.46100707047169975,0.5286339150375757,0.5962607596034519,0.6638876041693279,0.9737042248382178,1.2835208455071077,1.5933374661759976,1.9031540868448875,2.133676930271694,2.095055237596279,2.027428393030403,1.9598015484645268,1.8921747038986507,1.8245478593327746,1.7569210147668985,1.4471043940980086,1.1372877734291187,0.8274711527602288,0.5176545320913388
5511,0.3067951188581142,0.3480617127682659,0.42031979724889373,0.49257788172952155,0.5648359662101494,0.6370940506907772,0.709352135171405,1.040385701701159,1.3714192682309132,1.7024528347606676,2.0334864012904217,2.1612776545091203,2.120011060598969,2.047752976118341,1.975494891637713,1.9032368071570853,1.8309787226764576,1.7587206381958298,1.427687071666076,1.0966535051363218,0.7656199386065674,0.4345863720768133
5512,0.27598175878396375,0.31310368956544515,0.3781044409318533,0.44310519229826134,0.5081059436646694,0.5731066950310776,0.6381074463974856,0.9358932333664804,1.233679020335475,1.53146480730447,1.829250594273465,1.9097257114610804,1.872603780679599,1.8076030293131908,1.7426022779467827,1.6776015265803745,1.6126007752139664,1.5476000238475582,1.2498142368785634,0.9520284499095688,0.6542426629405738,0.35645687597157893
5513,0.2253108014307007,0.2556170506983482,0.3086834977291007,0.36174994475985317,0.4148163917906057,0.46788283882135817,0.5209492858521106,0.7640608400805081,1.0071723943089055,1.2502839485373032,1.4933955027657007,1.6192575536297766,1.588951304362129,1.5358848573313766,1.4828184103006241,1.4297519632698716,1.3766855162391192,1.3236190692083667,1.0805075149799692,0.8373959607515719,0.5942844065231742,0.3511728522947767
5514,0.181071206183045,0.20542684770103406,0.24807374039633354,0.290720633091633,0.3333675257869325,0.376014418482232,0.41866131117753147,0.6140381066158548,0.809414902054178,1.0047916974925013,1.200168492930825,1.489569188741577,1.4652135472235879,1.4225666545282885,1.379919761832989,1.3372728691376894,1.29462597644239,1.2519790837470905,1.0566022883087673,0.8612254928704441,0.6658486974321208,0.4704719019937972
5515,0.1371027565822645,0.15554426178254532,0.18783546186591396,0.22012666194928254,0.2524178620326512,0.2847090621160198,0.3170002621993884,0.464934866444111,0.6128694706888336,0.7608040749335562,0.9087386791782788,1.2544431595756709,1.23600165437539,1.2037104542920214,1.1714192542086528,1.1391280541252842,1.1068368540419156,1.074545653958547,0.9266110497138245,0.7786764454691019,0.6307418412243793,0.48280723697965666
5516,0.12288693681507708,0.1394162914452449,0.16835930297358676,0.19730231450192862,0.22624532603027048,0.25518833755861237,0.28413134908695425,0.4167270081222759,0.5493226671575976,0.6819183261929194,0.8145139852282411,0.965950353268064,0.9494209986378962,0.9204779871095543,0.8915349755812124,0.8625919640528705,0.8336489525245286,0.8047059409961868,0.6721102819608651,0.5395146229255434,0.40691896389022164,0.27432330485489986
5517,0.10407025709033581,0.11806860573895996,0.14257980870966933,0.16709101168037868,0.19160221465108804,0.2161134176217974,0.24062462059250678,0.3529169820306787,0.4652093434688507,0.5775017049070227,0.6897940663451948,0.756275578156249,0.7422772295076249,0.7177660265369155,0.6932548235662062,0.6687436205954969,0.6442324176247876,0.6197212146540781,0.5074288532159061,0.3951364917777342,0.2828441303395622,0.17055176890139007
5518,0.09174496304809825,0.10408545316899447,0.1256937346673304,0.14730201616566632,0.16891029766400223,0.19051857916233816,0.21212686066067407,0.3111201642112374,0.4101134677618008,0.5091067713123641,0.6081000748629275,0.6380177307790044,0.6256772406581081,0.6040689591597722,0.5824606776614363,0.5608523961631003,0.5392441146647644,0.5176358331664285,0.4186425296158651,0.3196492260653017,0.22065592251473837,0.12166261896417502
5519,0.0756798511426919,0.0858594449247251,0.10368398234795255,0.12150851977117999,0.13933305719440744,0.15715759461763487,0.17498213204086233,0.2566410943198301,0.33830005659879786,0.4199590188777657,0.5016179811567335,0.5589042903878931,0.54872469660586,0.5309001591826326,0.5130756217594051,0.4952510843361777,0.4774265469129503,0.45960200948972285,0.37794304721075506,0.2962840849317873,0.21462512265281947,0.13296616037385167
5520,0.06656898268586907,0.07552308595105217,0.09120178120737912,0.10688047646370606,0.12255917172003303,0.13823786697635998,0.1539165622326869,0.2257448489433112,0.29757313565393556,0.36940142236455986,0.44122970907518416,0.4271966781704077,0.4182425749052246,0.4025638796488976,0.3868851843925707,0.3712064891362437,0.35552779387991673,0.3398490986235898,0.2680208119129655,0.19619252520234115,0.12436423849171685,0.05253595178109255
5521,0.056639086305014866,0.06425753272192815,0.07759748382143074,0.09093743492093335,0.10427738602043597,0.11761733711993858,0.1309572882194412,0.19207116387144205,0.25318503952344296,0.31429891517544384,0.3754127908274448,0.3168441383691494,0.3092256919522361,0.2958857408527335,0.28254578975323086,0.26920583865372827,0.2558658875542257,0.24252593645472306,0.1814120608027222,0.1202981851507213,0.05918430949872042,-0.0019295661532805208
5522,0.03392680220936796,0.038490250202461725,0.046480878441028384,0.05447150667959503,0.06246213491816169,0.07045276315672834,0.07844339139529499,0.1150505915949522,0.15165779179460942,0.18826499199426663,0.22487219219392388,0.22601923126692836,0.22145578327383458,0.21346515503526792,0.20547452679670128,0.1974838985581346,0.18949327031956797,0.1815026420810013,0.1448954418813441,0.10828824168168688,0.07168104148202967,0.035073841282372425
5523,0.0236676925723058,0.026851201690074235,0.03242554764354464,0.03799989359701504,0.043574239550485436,0.049148585503955844,0.05472293145742625,0.08026049774238261,0.10579806402733898,0.13133563031229536,0.15687319659725174,0.20284547879051973,0.1996619696727513,0.1940876237192809,0.1885132777658105,0.1829389318123401,0.17736458585886972,0.17179023990539932,0.14625267362044297,0.12071510733548661,0.09517754105053022,0.06963997476557385
5524,0.02469635730095266,0.028018230711428102,0.03383485347536883,0.03965147623930954,0.04546809900325027,0.051284721767191,0.05710134453113172,0.08374884553458932,0.11039634653804692,0.1370438475415045,0.16369134854496212,0.2086410790622131,0.20531920565173767,0.19950258288779693,0.19368596012385622,0.18786933735991548,0.18205271459597477,0.17623609183203404,0.14958859082857645,0.12294108982511885,0.09629358882166127,0.06964608781820365
5525,0.018530992112733714,0.02102357064238779,0.025388092472381524,0.02975261430237525,0.03411713613236898,0.03848165796236271,0.04284617979235644,0.06284121893523797,0.08283625807811949,0.10283129722100104,0.12282633636388257,0.23076451461001737,0.2282719360803633,0.22390741425036959,0.21954289242037586,0.21517837059038214,0.21081384876038842,0.2064493269303947,0.18645428778751316,0.16645924864463163,0.1464642095017501,0.12646917035886857
5526,0.022723898938375474,0.025780459658883387,0.031132518111866028,0.036484576564848666,0.0418366350178313,0.04718869347081395,0.05254075192379659,0.0770599598532782,0.10157916778275981,0.12609837571224142,0.15061758364172306,0.3411068640072945,0.3380503032867866,0.33269824483380395,0.3273461863808213,0.32199412792783866,0.316642069474856,0.31129001102187337,0.2867708030923918,0.2622515951629102,0.2377323872334286,0.21321317930394695
5527,0.05954035988303085,0.0675490526604855,0.08157232777140645,0.0955956028823274,0.10961887799324835,0.12364215310416929,0.13766542821509023,0.20190979350324906,0.2661541587914079,0.33039852407956677,0.3946428893677256,0.5323949645104806,0.524386271733026,0.510362996622105,0.4963397215111841,0.48231644640026317,0.4682931712893422,0.4542698961784213,0.3900255308902625,0.32578116560210363,0.2615368003139448,0.19729243502578592
5528,0.09422208070711786,0.10689576455313886,0.129087470513181,0.15127917647322317,0.17347088243326533,0.1956625883933075,0.21785429435334966,0.31952042104539957,0.42118654773744957,0.5228526744294996,0.6245188011215496,0.7630054397344619,0.7503317558884409,0.7281400499283988,0.7059483439683566,0.6837566380083144,0.6615649320482723,0.6393732260882301,0.5377070993961802,0.4360409727041302,0.33437484601208023,0.23270871932003023
5529,0.11060462621291975,0.12548190395938727,0.1515321177130734,0.17758233146675953,0.2036325452204457,0.22968275897413182,0.255732972727818,0.37507595323620807,0.49441893374459817,0.6137619142529884,0.7331048947613785,1.04243040931092,1.0275531315644524,1.0015029178107662,0.9754527040570801,0.949402490303394,0.9233522765497079,0.8973020627960218,0.7779590822876317,0.6586161017792416,0.5392731212708513,0.41993014076246116
5530,0.14593538259187422,0.16556495229609972,0.19993646134515083,0.23430797039420195,0.2686794794432531,0.3030509884923042,0.3374224975413554,0.4948875522726021,0.6523526070038489,0.8098176617350957,0.9672827164663426,1.3368623237393928,1.3172327540351674,1.2828612449861163,1.2484897359370652,1.2141182268880142,1.1797467178389631,1.145375208789912,0.9879101540586653,0.8304450993274186,0.6729800445961718,0.5155149898649249
5531,0.17412844867806587,0.1975502293326846,0.2385619253527876,0.2795736213728906,0.3205853173929936,0.3615970134130966,0.40260870943319965,0.5904942325625675,0.7783797556919354,0.9662652788213034,1.1541508019506714,1.6963697765134498,1.6729479958588311,1.6319362998387281,1.590924603818625,1.549912907798522,1.508901211778419,1.467889515758316,1.2800039926289482,1.0921184694995802,0.9042329463702122,0.7163474232408442
5532,0.20258246617249245,0.22983155799628885,0.277544901707457,0.32525824541862514,0.3729715891297932,0.4206849328409614,0.46839827655212957,0.6869858360383282,0.9055733955245269,1.1241609550107257,1.3427485144969247,1.9211150761464808,1.8938659843226844,1.8461526406115163,1.7984392969003482,1.7507259531891801,1.7030126094780118,1.6552992657668437,1.4367117062806452,1.2181241467944464,0.9995365873082476,0.7809490278220486
5533,0.22682064156334378,0.25732997737244256,0.31075203030808307,0.3641740832437235,0.4175961361793641,0.4710181891150046,0.5244402420506451,0.769180921820084,1.013921601589523,1.2586622813589619,1.5034029611284008,2.0428941262432594,2.0123847904341607,1.9589627374985201,1.9055406845628797,1.852118631627239,1.7986965786915987,1.745274525755958,1.5005338459865192,1.2557931662170803,1.0110524864476413,0.7663118066782024
5534,0.28713168866453304,0.3257533813399477,0.3933802259058238,0.46100707047169975,0.5286339150375757,0.5962607596034519,0.6638876041693279,0.9737042248382178,1.2835208455071077,1.5933374661759976,1.9031540868448875,2.133676930271694,2.095055237596279,2.027428393030403,1.9598015484645268,1.8921747038986507,1.8245478593327746,1.7569210147668985,1.4471043940980086,1.1372877734291187,0.8274711527602288,0.5176545320913388
5535,0.3067951188581142,0.3480617127682659,0.42031979724889373,0.49257788172952155,0.5648359662101494,0.6370940506907772,0.709352135171405,1.040385701701159,1.3714192682309132,1.7024528347606676,2.0334864012904217,2.1612776545091203,2.120011060598969,2.047752976118341,1.975494891637713,1.9032368071570853,1.8309787226764576,1.7587206381958298,1.427687071666076,1.0966535051363218,0.7656199386065674,0.4345863720768133
5536,0.27598175878396375,0.31310368956544515,0.3781044409318533,0.44310519229826134,0.5081059436646694,0.5731066950310776,0.6381074463974856,0.9358932333664804,1.233679020335475,1.53146480730447,1.829250594273465,1.9097257114610804,1.872603780679599,1.8076030293131908,1.7426022779467827,1.6776015265803745,1.6126007752139664,1.5476000238475582,1.2498142368785634,0.9520284499095688,0.6542426629405738,0.35645687597157893
5537,0.2253108014307007,0.2556170506983482,0.3086834977291007,0.36174994475985317,0.4148163917906057,0.46788283882135817,0.5209492858521106,0.7640608400805081,1.0071723943089055,1.2502839485373032,1.4933955027657007,1.6192575536297766,1.588951304362129,1.5358848573313766,1.4828184103006241,1.4297519632698716,1.3766855162391192,1.3236190692083667,1.0805075149799692,0.8373959607515719,0.5942844065231742,0.3511728522947767
5538,0.181071206183045,0.20542684770103406,0.24807374039633354,0.290720633091633,0.3333675257869325,0.376014418482232,0.41866131117753147,0.6140381066158548,0.809414902054178,1.0047916974925013,1.200168492930825,1.489569188741577,1.4652135472235879,1.4225666545282885,1.379919761832989,1.3372728691376894,1.29462597644239,1.2519790837470905,1.0566022883087673,0.8612254928704441,0.6658486974321208,0.4704719019937972
5539,0.1371027565822645,0.15554426178254532,0.18783546186591396,0.22012666194928254,0.2524178620326512,0.2847090621160198,0.3170002621993884,0.464934866444111,0.6128694706888336,0.7608040749335562,0.9087386791782788,1.2544431595756709,1.23600165437539,1.2037104542920214,1.1714192542086528,1.1391280541252842,1.1068368540419156,1.074545653958547,0.9266110497138245,0.7786764454691019,0.6307418412243793,0.48280723697965666
5540,0.12288693681507708,0.1394162914452449,0.16835930297358676,0.19730231450192862,0.22624532603027048,0.25518833755861237,0.28413134908695425,0.4167270081222759,0.5493226671575976,0.6819183261929194,0.8145139852282411,0.965950353268064,0.9494209986378962,0.9204779871095543,0.8915349755812124,0.8625919640528705,0.8336489525245286,0.8047059409961868,0.6721102819608651,0.5395146229255434,0.40691896389022164,0.27432330485489986
5541,0.10407025709033581,0.11806860573895996,0.14257980870966933,0.16709101168037868,0.19160221465108804,0.2161134176217974,0.24062462059250678,0.3529169820306787,0.4652093434688507,0.5775017049070227,0.6897940663451948,0.756275578156249,0.7422772295076249,0.7177660265369155,0.6932548235662062,0.6687436205954969,0.6442324176247876,0.6197212146540781,0.5074288532159061,0.3951364917777342,0.2828441303395622,0.17055176890139007
5542,0.09174496304809825,0.10408545316899447,0.1256937346673304,0.14730201616566632,0.16891029766400223,0.19051857916233816,0.21212686066067407,0.3111201642112374,0.4101134677618008,0.5091067713123641,0.6081000748629275,0.6380177307790044,0.6256772406581081,0.6040689591597722,0.5824606776614363,0.5608523961631003,0.5392441146647644,0.5176358331664285,0.4186425296158651,0.3196492260653017,0.22065592251473837,0.12166261896417502
5543,0.0756798511426919,0.0858594449247251,0.10368398234795255,0.12150851977117999,0.13933305719440744,0.15715759461763487,0.17498213204086233,0.2566410943198301,0.33830005659879786,0.4199590188777657,0.5016179811567335,0.5589042903878931,0.54872469660586,0.5309001591826326,0.5130756217594051,0.4952510843361777,0.4774265469129503,0.45960200948972285,0.37794304721075506,0.2962840849317873,0.21462512265281947,0.13296616037385167
5544,0.031367184720614005,0.03558634204876214,0.04297411500909338,0.050361887969424625,0.057749660929755864,0.0651374338900871,0.07252520685041834,0.10637056615310214,0.14021592545578596,0.17406128475846977,0.20790664406115364,0.38513873965896495,0.3809195823308168,0.3735318093704856,0.36614403641015436,0.35875626344982314,0.3513684904894919,0.3439807175291607,0.3101353582264769,0.27628999892379313,0.24244463962110932,0.20859928031842545
5545,0.027541528392130105,0.031246101893993974,0.037732835101129916,0.04421956830826585,0.05070630151540179,0.057193034722537735,0.06367976792967367,0.09339722368731823,0.1231146794449628,0.15283213520260736,0.18254959096025195,0.2947264391013124,0.29102186559944854,0.2845351323923126,0.27804839918517665,0.2715616659780407,0.26507493277090477,0.25858819956376883,0.22887074380612427,0.1991532880484797,0.16943583229083514,0.13971837653319055
5546,0.021214760756460276,0.024068329353953997,0.029064947229369295,0.03406156510478459,0.03905818298019989,0.04405480085561519,0.049051418731030486,0.07194225852804301,0.09483309832505553,0.11772393812206808,0.1406147779190806,0.2196416620198345,0.2167880934223408,0.21179147554692548,0.20679485767151018,0.20179823979609487,0.19680162192067957,0.19180500404526427,0.16891416424825173,0.14602332445123922,0.12313248465422667,0.10024164485721414
5547,0.017379901386824617,0.01971764826949346,0.023811058840523276,0.02790446941155309,0.03199787998258291,0.03609129055361272,0.04018470112464254,0.058937707246218926,0.07769071336779533,0.09644371948937172,0.11519672561094813,0.1725522635160582,0.17021451663338938,0.16612110606235955,0.16202769549132973,0.1579342849202999,0.15384087434927007,0.14974746377824025,0.13099445765666387,0.11224145153508747,0.09348844541351108,0.07473543929193467
5548,0.018861538995962508,0.02139857893702769,0.025840952998510806,0.030283327059993915,0.03472570112147703,0.03916807518296014,0.04361044924444325,0.0639621502340575,0.08431385122367176,0.10466555221328604,0.1250172532029003,0.16219714722554288,0.1596601072844777,0.15521773322299456,0.15077535916151147,0.14633298510002835,0.14189061103854522,0.1374482369770621,0.11709653598744785,0.0967448349978336,0.07639313400821932,0.05604143301860505
5549,0.06031042844298219,0.06842270209442457,0.08262734801485494,0.09683199393528533,0.1110366398557157,0.1252412857761461,0.1394459316965765,0.20452120506052845,0.2695964784244804,0.33467175178843245,0.39974702515238447,0.4566317751531136,0.4485195015016712,0.43431485558124083,0.4201102096608105,0.4059055637403801,0.3917009178199497,0.3774962718995193,0.3124209985355673,0.24734572517161535,0.18227045180766333,0.1171951784437113
5550,0.30895518501738617,0.35051232648691727,0.4232791617051753,0.4960459969234333,0.5688128321416914,0.6415796673599494,0.7143465025782075,1.0477107919933368,1.3810750814084662,1.7144393708235957,2.0478036602387255,2.1024107163262697,2.0608535748567385,1.9880867396384805,1.9153199044202225,1.8425530692019643,1.7697862339837063,1.6970193987654483,1.363655109350319,1.0302908199351897,0.6969265305200603,0.3635622411049304
5551,1.1612949269476076,1.3174991271273024,1.5910137359992662,1.8645283448712298,2.1380429537431938,2.4115575626151577,2.685072171487121,3.9381155800368046,5.191158988586489,6.444202397136173,7.697245805685856,8.797592590406415,8.64138839022672,8.367873781354756,8.094359172482793,7.820844563610829,7.547329954738865,7.273815345866902,6.020771937317218,4.767728528767535,3.514685120217851,2.261641711668167
5552,2.8365400828547638,3.218079229059924,3.8861568494030205,4.554234469746118,5.222312090089215,5.890389710432311,6.558467330775408,9.61910918103339,12.679751031291374,15.74039288154936,18.801034731807345,21.40384848736475,21.02230934115959,20.354231720816493,19.686154100473395,19.018076480130297,18.3499988597872,17.6819212394441,14.621279389186117,11.560637538928134,8.499995688670149,5.439353838412163
5553,4.187241305649756,4.750461435119857,5.736663683482037,6.722865931844216,7.709068180206397,8.695270428568575,9.681472676930756,14.199528337297998,18.717583997665233,23.23563965803248,27.75369531839972,32.29130966000392,31.72808953053382,30.74188728217164,29.75568503380946,28.76948278544728,27.7832805370851,26.797078288722922,22.27902262835568,17.760966967988445,13.242911307621199,8.724855647253957
5554,4.1224380187469025,4.6769415462886,5.647880965838258,6.618820385387915,7.5897598049375725,8.56069922448723,9.53163864403689,13.979771212843394,18.427903781649896,22.876036350456406,27.324168919262913,32.91035711924829,32.35585359170659,31.384914172156932,30.413974752607274,29.443035333057615,28.472095913507957,27.501156493958298,23.053023925151795,18.60489135634529,14.15675878753878,9.708626218732274
5555,3.351595880008395,3.8024144805325077,4.591800893015079,5.381187305497649,6.170573717980221,6.959960130462791,7.7493465429453625,11.365736340329079,14.982126137712793,18.59851593509651,22.21490573248023,27.356769827551037,26.905951227026925,26.116564814544354,25.327178402061783,24.537791989579212,23.74840557709664,22.95901916461407,19.34262936723035,15.726239569846637,12.109849772462919,8.493459975079201
5556,2.9910124143164416,3.3933294236000933,4.097789222441407,4.80224902128272,5.506708820124034,6.211168618965348,6.915628417806662,10.142946736074473,13.370265054342282,16.597583372610092,19.82490169087791,24.2284335048095,23.82611649552585,23.121656696684536,22.417196897843223,21.71273709900191,21.008277300160596,20.303817501319283,17.076499183051475,13.849180864783666,10.621862546515855,7.394544228248039
5557,2.7047846416677372,3.0686015427890947,3.7056473923676854,4.342693241946275,4.979739091524866,5.6167849411034565,6.253830790682048,9.172307818474215,12.090784846266383,15.009261874058554,17.92773890185072,22.802692522038395,22.438875620917038,21.801829771338447,21.164783921759856,20.527738072181265,19.890692222602674,19.253646373024083,16.335169345231915,13.416692317439747,10.498215289647575,7.579738261855409
5558,2.20733046474823,2.5042354815337093,3.0241181699939683,3.544000858454227,4.063883546914486,4.583766235374744,5.103648923835004,7.485370246439614,9.867091569044224,12.248812891648836,14.630534214253444,19.724931122724897,19.428026105939416,18.908143417479156,18.388260729018896,17.868378040558635,17.348495352098375,16.828612663638115,14.446891341033504,12.065170018428894,9.683448695824282,7.3017273732196735
5559,1.677916042855984,1.903610246250039,2.298802319798513,2.693994393346985,3.0891864668954585,3.484378540443932,3.879570613992405,5.690050956937462,7.500531299882518,9.311011642827577,11.121491985772634,14.871256559632515,14.645562356238461,14.250370282689987,13.855178209141515,13.459986135593041,13.064794062044568,12.669601988496094,10.859121645551037,9.04864130260598,7.238160959660921,5.427680616715864
5560,1.1172675321315855,1.2675496673528908,1.5306947005095728,1.7938397336662546,2.0569847668229366,2.3201297999796187,2.583274833136301,3.7888124482913326,4.9943500634463645,6.199887678601396,7.405425293756428,10.033161309414842,9.882879174193537,9.619734141036854,9.356589107880172,9.09344407472349,8.830299041566807,8.567154008410125,7.361616393255093,6.156078778100062,4.95054116294503,3.745003547789998
5561,0.6682540838903488,0.7581400312657272,0.9155309318380566,1.0729218324103855,1.2303127329827148,1.3877036335550441,1.5450945341273732,2.2661442482220826,2.987193962316792,3.7082436764115014,4.429293390506211,6.0734388854665,5.983552938091121,5.826162037518792,5.668771136946463,5.5113802363741335,5.3539893358018045,5.196598435229475,4.475548721134766,3.7544990070400566,3.033449292945347,2.3123995788506377
5562,0.4397550001969972,0.4989058467966161,0.6024793784527985,0.7060529101089809,0.8096264417651632,0.9131999734213457,1.016773505077528,1.4912714914090162,1.9657694777405041,2.4402674640719924,2.9147654504034803,3.6846018562989733,3.625451009699354,3.5218774780431716,3.418303946386989,3.314730414730807,3.2111568830746244,3.1075833514184423,2.633085365086954,2.158587378755466,1.6840893924239777,1.2095914060924897
5563,0.286284866305672,0.32479265405806435,0.39222005033488544,0.4596474466117065,0.5270748428885276,0.5945022391653487,0.6619296354421698,0.9708325302776295,1.2797354251130895,1.5886383199485492,1.8975412147840094,2.22844041223525,2.1899326244828576,2.1225052282060366,2.0550778319292156,1.9876504356523945,1.9202230393755735,1.8527956430987524,1.5438927482632927,1.2349898534278327,0.926086958592373,0.6171840637569128
5564,0.1600000684787465,0.18152145994052682,0.21920556165659857,0.25688966337267033,0.2945737650887421,0.33225786680481384,0.3699419685208856,0.5425828942000834,0.7152238198792811,0.887864745558479,1.0605056712376768,1.3303544742870113,1.308833082825231,1.2711489811091592,1.2334648793930874,1.1957807776770155,1.1580966759609437,1.1204125742448718,0.947771648565674,0.7751307228864763,0.6024897972072784,0.4298488715280806
5565,0.0966650333943288,0.10966731548161278,0.1324343991801003,0.15520148287858784,0.17796856657707538,0.20073565027556292,0.2235027339740505,0.3278048196211218,0.432106905268193,0.5364089909152644,0.6407110765623357,0.8750441895076194,0.8620419074203355,0.8392748237218479,0.8165077400233604,0.7937406563248728,0.7709735726263852,0.7482064889278977,0.6439044032808263,0.5396023176337551,0.4353002319866837,0.3309981463396124
5566,0.060485888935644626,0.06862176353916513,0.08286773488598757,0.09711370623281,0.11135967757963244,0.1256056489264549,0.13985162027327736,0.2051162164429092,0.27038081261254104,0.33564540878217297,0.40091000495180484,0.6530761972950729,0.6449403226915524,0.63069435134473,0.6164483799979075,0.602202408651085,0.5879564373042625,0.57371046595744,0.5084458697878081,0.4431812736181763,0.37791667744854435,0.3126520812789125
5567,0.04326251605801909,0.04908169821561838,0.059271125452270715,0.06946055268892304,0.07964997992557539,0.08983940716222773,0.10002883439888008,0.1467093195416705,0.19338980468446088,0.24007028982725132,0.28675077497004176,0.499578441059629,0.4937592589020297,0.48356983166537737,0.47338040442872503,0.4631909771920727,0.45300154995542036,0.442812122718768,0.3961316375759776,0.3494511524331872,0.30277066729039676,0.2560901821476063
5568,0.031367184720614005,0.03558634204876214,0.04297411500909338,0.050361887969424625,0.057749660929755864,0.0651374338900871,0.07252520685041834,0.10637056615310214,0.14021592545578596,0.17406128475846977,0.20790664406115364,0.38513873965896495,0.3809195823308168,0.3735318093704856,0.36614403641015436,0.35875626344982314,0.3513684904894919,0.3439807175291607,0.3101353582264769,0.27628999892379313,0.24244463962110932,0.20859928031842545
5569,0.027541528392130105,0.031246101893993974,0.037732835101129916,0.04421956830826585,0.05070630151540179,0.057193034722537735,0.06367976792967367,0.09339722368731823,0.1231146794449628,0.15283213520260736,0.18254959096025195,0.2947264391013124,0.29102186559944854,0.2845351323923126,0.27804839918517665,0.2715616659780407,0.26507493277090477,0.25858819956376883,0.22887074380612427,0.1991532880484797,0.16943583229083514,0.13971837653319055
5570,0.021214760756460276,0.024068329353953997,0.029064947229369295,0.03406156510478459,0.03905818298019989,0.04405480085561519,0.049051418731030486,0.07194225852804301,0.09483309832505553,0.11772393812206808,0.1406147779190806,0.2196416620198345,0.2167880934223408,0.21179147554692548,0.20679485767151018,0.20179823979609487,0.19680162192067957,0.19180500404526427,0.16891416424825173,0.14602332445123922,0.12313248465422667,0.10024164485721414
5571,0.017379901386824617,0.01971764826949346,0.023811058840523276,0.02790446941155309,0.03199787998258291,0.03609129055361272,0.04018470112464254,0.058937707246218926,0.07769071336779533,0.09644371948937172,0.11519672561094813,0.1725522635160582,0.17021451663338938,0.16612110606235955,0.16202769549132973,0.1579342849202999,0.15384087434927007,0.14974746377824025,0.13099445765666387,0.11224145153508747,0.09348844541351108,0.07473543929193467
5572,0.018861538995962508,0.02139857893702769,0.025840952998510806,0.030283327059993915,0.03472570112147703,0.03916807518296014,0.04361044924444325,0.0639621502340575,0.08431385122367176,0.10466555221328604,0.1250172532029003,0.16219714722554288,0.1596601072844777,0.15521773322299456,0.15077535916151147,0.14633298510002835,0.14189061103854522,0.1374482369770621,0.11709653598744785,0.0967448349978336,0.07639313400821932,0.05604143301860505
5573,0.06031042844298219,0.06842270209442457,0.08262734801485494,0.09683199393528533,0.1110366398557157,0.1252412857761461,0.1394459316965765,0.20452120506052845,0.2695964784244804,0.33467175178843245,0.39974702515238447,0.4566317751531136,0.4485195015016712,0.43431485558124083,0.4201102096608105,0.4059055637403801,0.3917009178199497,0.3774962718995193,0.3124209985355673,0.24734572517161535,0.18227045180766333,0.1171951784437113
5574,0.30895518501738617,0.35051232648691727,0.4232791617051753,0.4960459969234333,0.5688128321416914,0.6415796673599494,0.7143465025782075,1.0477107919933368,1.3810750814084662,1.7144393708235957,2.0478036602387255,2.1024107163262697,2.0608535748567385,1.9880867396384805,1.9153199044202225,1.8425530692019643,1.7697862339837063,1.6970193987654483,1.363655109350319,1.0302908199351897,0.6969265305200603,0.3635622411049304
5575,1.1612949269476076,1.3174991271273024,1.5910137359992662,1.8645283448712298,2.1380429537431938,2.4115575626151577,2.685072171487121,3.9381155800368046,5.191158988586489,6.444202397136173,7.697245805685856,8.797592590406415,8.64138839022672,8.367873781354756,8.094359172482793,7.820844563610829,7.547329954738865,7.273815345866902,6.020771937317218,4.767728528767535,3.514685120217851,2.261641711668167
5576,2.8365400828547638,3.218079229059924,3.8861568494030205,4.554234469746118,5.222312090089215,5.890389710432311,6.558467330775408,9.61910918103339,12.679751031291374,15.74039288154936,18.801034731807345,21.40384848736475,21.02230934115959,20.354231720816493,19.686154100473395,19.018076480130297,18.3499988597872,17.6819212394441,14.621279389186117,11.560637538928134,8.499995688670149,5.439353838412163
5577,4.187241305649756,4.750461435119857,5.736663683482037,6.722865931844216,7.709068180206397,8.695270428568575,9.681472676930756,14.199528337297998,18.717583997665233,23.23563965803248,27.75369531839972,32.29130966000392,31.72808953053382,30.74188728217164,29.75568503380946,28.76948278544728,27.7832805370851,26.797078288722922,22.27902262835568,17.760966967988445,13.242911307621199,8.724855647253957
5578,4.1224380187469025,4.6769415462886,5.647880965838258,6.618820385387915,7.5897598049375725,8.56069922448723,9.53163864403689,13.979771212843394,18.427903781649896,22.876036350456406,27.324168919262913,32.91035711924829,32.35585359170659,31.384914172156932,30.413974752607274,29.443035333057615,28.472095913507957,27.501156493958298,23.053023925151795,18.60489135634529,14.15675878753878,9.708626218732274
5579,3.351595880008395,3.8024144805325077,4.591800893015079,5.381187305497649,6.170573717980221,6.959960130462791,7.7493465429453625,11.365736340329079,14.982126137712793,18.59851593509651,22.21490573248023,27.356769827551037,26.905951227026925,26.116564814544354,25.327178402061783,24.537791989579212,23.74840557709664,22.95901916461407,19.34262936723035,15.726239569846637,12.109849772462919,8.493459975079201
5580,2.9910124143164416,3.3933294236000933,4.097789222441407,4.80224902128272,5.506708820124034,6.211168618965348,6.915628417806662,10.142946736074473,13.370265054342282,16.597583372610092,19.82490169087791,24.2284335048095,23.82611649552585,23.121656696684536,22.417196897843223,21.71273709900191,21.008277300160596,20.303817501319283,17.076499183051475,13.849180864783666,10.621862546515855,7.394544228248039
5581,2.7047846416677372,3.0686015427890947,3.7056473923676854,4.342693241946275,4.979739091524866,5.6167849411034565,6.253830790682048,9.172307818474215,12.090784846266383,15.009261874058554,17.92773890185072,22.802692522038395,22.438875620917038,21.801829771338447,21.164783921759856,20.527738072181265,19.890692222602674,19.253646373024083,16.335169345231915,13.416692317439747,10.498215289647575,7.579738261855409
5582,2.20733046474823,2.5042354815337093,3.0241181699939683,3.544000858454227,4.063883546914486,4.583766235374744,5.103648923835004,7.485370246439614,9.867091569044224,12.248812891648836,14.630534214253444,19.724931122724897,19.428026105939416,18.908143417479156,18.388260729018896,17.868378040558635,17.348495352098375,16.828612663638115,14.446891341033504,12.065170018428894,9.683448695824282,7.3017273732196735
5583,1.677916042855984,1.903610246250039,2.298802319798513,2.693994393346985,3.0891864668954585,3.484378540443932,3.879570613992405,5.690050956937462,7.500531299882518,9.311011642827577,11.121491985772634,14.871256559632515,14.645562356238461,14.250370282689987,13.855178209141515,13.459986135593041,13.064794062044568,12.669601988496094,10.859121645551037,9.04864130260598,7.238160959660921,5.427680616715864
5584,1.1172675321315855,1.2675496673528908,1.5306947005095728,1.7938397336662546,2.0569847668229366,2.3201297999796187,2.583274833136301,3.7888124482913326,4.9943500634463645,6.199887678601396,7.405425293756428,10.033161309414842,9.882879174193537,9.619734141036854,9.356589107880172,9.09344407472349,8.830299041566807,8.567154008410125,7.361616393255093,6.156078778100062,4.95054116294503,3.745003547789998
5585,0.6682540838903488,0.7581400312657272,0.9155309318380566,1.0729218324103855,1.2303127329827148,1.3877036335550441,1.5450945341273732,2.2661442482220826,2.987193962316792,3.7082436764115014,4.429293390506211,6.0734388854665,5.983552938091121,5.826162037518792,5.668771136946463,5.5113802363741335,5.3539893358018045,5.196598435229475,4.475548721134766,3.7544990070400566,3.033449292945347,2.3123995788506377
5586,0.4397550001969972,0.4989058467966161,0.6024793784527985,0.7060529101089809,0.8096264417651632,0.9131999734213457,1.016773505077528,1.4912714914090162,1.9657694777405041,2.4402674640719924,2.9147654504034803,3.6846018562989733,3.625451009699354,3.5218774780431716,3.418303946386989,3.314730414730807,3.2111568830746244,3.1075833514184423,2.633085365086954,2.158587378755466,1.6840893924239777,1.2095914060924897
5587,0.286284866305672,0.32479265405806435,0.39222005033488544,0.4596474466117065,0.5270748428885276,0.5945022391653487,0.6619296354421698,0.9708325302776295,1.2797354251130895,1.5886383199485492,1.8975412147840094,2.22844041223525,2.1899326244828576,2.1225052282060366,2.0550778319292156,1.9876504356523945,1.9202230393755735,1.8527956430987524,1.5438927482632927,1.2349898534278327,0.926086958592373,0.6171840637569128
5588,0.1600000684787465,0.18152145994052682,0.21920556165659857,0.25688966337267033,0.2945737650887421,0.33225786680481384,0.3699419685208856,0.5425828942000834,0.7152238198792811,0.887864745558479,1.0605056712376768,1.3303544742870113,1.308833082825231,1.2711489811091592,1.2334648793930874,1.1957807776770155,1.1580966759609437,1.1204125742448718,0.947771648565674,0.7751307228864763,0.6024897972072784,0.4298488715280806
5589,0.0966650333943288,0.10966731548161278,0.1324343991801003,0.15520148287858784,0.17796856657707538,0.20073565027556292,0.2235027339740505,0.3278048196211218,0.432106905268193,0.5364089909152644,0.6407110765623357,0.8750441895076194,0.8620419074203355,0.8392748237218479,0.8165077400233604,0.7937406563248728,0.7709735726263852,0.7482064889278977,0.6439044032808263,0.5396023176337551,0.4353002319866837,0.3309981463396124
5590,0.060485888935644626,0.06862176353916513,0.08286773488598757,0.09711370623281,0.11135967757963244,0.1256056489264549,0.13985162027327736,0.2051162164429092,0.27038081261254104,0.33564540878217297,0.40091000495180484,0.6530761972950729,0.6449403226915524,0.63069435134473,0.6164483799979075,0.602202408651085,0.5879564373042625,0.57371046595744,0.5084458697878081,0.4431812736181763,0.37791667744854435,0.3126520812789125
5591,0.04326251605801909,0.04908169821561838,0.059271125452270715,0.06946055268892304,0.07964997992557539,0.08983940716222773,0.10002883439888008,0.1467093195416705,0.19338980468446088,0.24007028982725132,0.28675077497004176,0.499578441059629,0.4937592589020297,0.48356983166537737,0.47338040442872503,0.4631909771920727,0.45300154995542036,0.442812122718768,0.3961316375759776,0.3494511524331872,0.30277066729039676,0.2560901821476063
5592,0.031367184720614005,0.03558634204876214,0.04297411500909338,0.050361887969424625,0.057749660929755864,0.0651374338900871,0.07252520685041834,0.10637056615310214,0.14021592545578596,0.17406128475846977,0.20790664406115364,0.38513873965896495,0.3809195823308168,0.3735318093704856,0.36614403641015436,0.35875626344982314,0.3513684904894919,0.3439807175291607,0.3101353582264769,0.27628999892379313,0.24244463962110932,0.20859928031842545
5593,0.027541528392130105,0.031246101893993974,0.037732835101129916,0.04421956830826585,0.05070630151540179,0.057193034722537735,0.06367976792967367,0.09339722368731823,0.1231146794449628,0.15283213520260736,0.18254959096025195,0.2947264391013124,0.29102186559944854,0.2845351323923126,0.27804839918517665,0.2715616659780407,0.26507493277090477,0.25858819956376883,0.22887074380612427,0.1991532880484797,0.16943583229083514,0.13971837653319055
5594,0.021214760756460276,0.024068329353953997,0.029064947229369295,0.03406156510478459,0.03905818298019989,0.04405480085561519,0.049051418731030486,0.07194225852804301,0.09483309832505553,0.11772393812206808,0.1406147779190806,0.2196416620198345,0.2167880934223408,0.21179147554692548,0.20679485767151018,0.20179823979609487,0.19680162192067957,0.19180500404526427,0.16891416424825173,0.14602332445123922,0.12313248465422667,0.10024164485721414
5595,0.017379901386824617,0.01971764826949346,0.023811058840523276,0.02790446941155309,0.03199787998258291,0.03609129055361272,0.04018470112464254,0.058937707246218926,0.07769071336779533,0.09644371948937172,0.11519672561094813,0.1725522635160582,0.17021451663338938,0.16612110606235955,0.16202769549132973,0.1579342849202999,0.15384087434927007,0.14974746377824025,0.13099445765666387,0.11224145153508747,0.09348844541351108,0.07473543929193467
5596,0.018861538995962508,0.02139857893702769,0.025840952998510806,0.030283327059993915,0.03472570112147703,0.03916807518296014,0.04361044924444325,0.0639621502340575,0.08431385122367176,0.10466555221328604,0.1250172532029003,0.16219714722554288,0.1596601072844777,0.15521773322299456,0.15077535916151147,0.14633298510002835,0.14189061103854522,0.1374482369770621,0.11709653598744785,0.0967448349978336,0.07639313400821932,0.05604143301860505
5597,0.06031042844298219,0.06842270209442457,0.08262734801485494,0.09683199393528533,0.1110366398557157,0.1252412857761461,0.1394459316965765,0.20452120506052845,0.2695964784244804,0.33467175178843245,0.39974702515238447,0.4566317751531136,0.4485195015016712,0.43431485558124083,0.4201102096608105,0.4059055637403801,0.3917009178199497,0.3774962718995193,0.3124209985355673,0.24734572517161535,0.18227045180766333,0.1171951784437113
5598,0.30895518501738617,0.35051232648691727,0.4232791617051753,0.4960459969234333,0.5688128321416914,0.6415796673599494,0.7143465025782075,1.0477107919933368,1.3810750814084662,1.7144393708235957,2.0478036602387255,2.1024107163262697,2.0608535748567385,1.9880867396384805,1.9153199044202225,1.8425530692019643,1.7697862339837063,1.6970193987654483,1.363655109350319,1.0302908199351897,0.6969265305200603,0.3635622411049304
5599,1.1612949269476076,1.3174991271273024,1.5910137359992662,1.8645283448712298,2.1380429537431938,2.4115575626151577,2.685072171487121,3.9381155800368046,5.191158988586489,6.444202397136173,7.697245805685856,8.797592590406415,8.64138839022672,8.367873781354756,8.094359172482793,7.820844563610829,7.547329954738865,7.273815345866902,6.020771937317218,4.767728528767535,3.514685120217851,2.261641711668167
5600,2.8365400828547638,3.218079229059924,3.8861568494030205,4.554234469746118,5.222312090089215,5.890389710432311,6.558467330775408,9.61910918103339,12.679751031291374,15.74039288154936,18.801034731807345,21.40384848736475,21.02230934115959,20.354231720816493,19.686154100473395,19.018076480130297,18.3499988597872,17.6819212394441,14.621279389186117,11.560637538928134,8.499995688670149,5.439353838412163
5601,4.187241305649756,4.750461435119857,5.736663683482037,6.722865931844216,7.709068180206397,8.695270428568575,9.681472676930756,14.199528337297998,18.717583997665233,23.23563965803248,27.75369531839972,32.29130966000392,31.72808953053382,30.74188728217164,29.75568503380946,28.76948278544728,27.7832805370851,26.797078288722922,22.27902262835568,17.760966967988445,13.242911307621199,8.724855647253957
5602,4.1224380187469025,4.6769415462886,5.647880965838258,6.618820385387915,7.5897598049375725,8.56069922448723,9.53163864403689,13.979771212843394,18.427903781649896,22.876036350456406,27.324168919262913,32.91035711924829,32.35585359170659,31.384914172156932,30.413974752607274,29.443035333057615,28.472095913507957,27.501156493958298,23.053023925151795,18.60489135634529,14.15675878753878,9.708626218732274
5603,3.351595880008395,3.8024144805325077,4.591800893015079,5.381187305497649,6.170573717980221,6.959960130462791,7.7493465429453625,11.365736340329079,14.982126137712793,18.59851593509651,22.21490573248023,27.356769827551037,26.905951227026925,26.116564814544354,25.327178402061783,24.537791989579212,23.74840557709664,22.95901916461407,19.34262936723035,15.726239569846637,12.109849772462919,8.493459975079201
5604,2.9910124143164416,3.3933294236000933,4.097789222441407,4.80224902128272,5.506708820124034,6.211168618965348,6.915628417806662,10.142946736074473,13.370265054342282,16.597583372610092,19.82490169087791,24.2284335048095,23.82611649552585,23.121656696684536,22.417196897843223,21.71273709900191,21.008277300160596,20.303817501319283,17.076499183051475,13.849180864783666,10.621862546515855,7.394544228248039
5605,2.7047846416677372,3.0686015427890947,3.7056473923676854,4.342693241946275,4.979739091524866,5.6167849411034565,6.253830790682048,9.172307818474215,12.090784846266383,15.009261874058554,17.92773890185072,22.802692522038395,22.438875620917038,21.801829771338447,21.164783921759856,20.527738072181265,19.890692222602674,19.253646373024083,16.335169345231915,13.416692317439747,10.498215289647575,7.579738261855409
5606,2.20733046474823,2.5042354815337093,3.0241181699939683,3.544000858454227,4.063883546914486,4.583766235374744,5.103648923835004,7.485370246439614,9.867091569044224,12.248812891648836,14.630534214253444,19.724931122724897,19.428026105939416,18.908143417479156,18.388260729018896,17.868378040558635,17.348495352098375,16.828612663638115,14.446891341033504,12.065170018428894,9.683448695824282,7.3017273732196735
5607,1.677916042855984,1.903610246250039,2.298802319798513,2.693994393346985,3.0891864668954585,3.484378540443932,3.879570613992405,5.690050956937462,7.500531299882518,9.311011642827577,11.121491985772634,14.871256559632515,14.645562356238461,14.250370282689987,13.855178209141515,13.459986135593041,13.064794062044568,12.669601988496094,10.859121645551037,9.04864130260598,7.238160959660921,5.427680616715864
5608,1.1172675321315855,1.2675496673528908,1.5306947005095728,1.7938397336662546,2.0569847668229366,2.3201297999796187,2.583274833136301,3.7888124482913326,4.9943500634463645,6.199887678601396,7.405425293756428,10.033161309414842,9.882879174193537,9.619734141036854,9.356589107880172,9.09344407472349,8.830299041566807,8.567154008410125,7.361616393255093,6.156078778100062,4.95054116294503,3.745003547789998
5609,0.6682540838903488,0.7581400312657272,0.9155309318380566,1.0729218324103855,1.2303127329827148,1.3877036335550441,1.5450945341273732,2.2661442482220826,2.987193962316792,3.7082436764115014,4.429293390506211,6.0734388854665,5.983552938091121,5.826162037518792,5.668771136946463,5.5113802363741335,5.3539893358018045,5.196598435229475,4.475548721134766,3.7544990070400566,3.033449292945347,2.3123995788506377
5610,0.4397550001969972,0.4989058467966161,0.6024793784527985,0.7060529101089809,0.8096264417651632,0.9131999734213457,1.016773505077528,1.4912714914090162,1.9657694777405041,2.4402674640719924,2.9147654504034803,3.6846018562989733,3.625451009699354,3.5218774780431716,3.418303946386989,3.314730414730807,3.2111568830746244,3.1075833514184423,2.633085365086954,2.158587378755466,1.6840893924239777,1.2095914060924897
5611,0.286284866305672,0.32479265405806435,0.39222005033488544,0.4596474466117065,0.5270748428885276,0.5945022391653487,0.6619296354421698,0.9708325302776295,1.2797354251130895,1.5886383199485492,1.8975412147840094,2.22844041223525,2.1899326244828576,2.1225052282060366,2.0550778319292156,1.9876504356523945,1.9202230393755735,1.8527956430987524,1.5438927482632927,1.2349898534278327,0.926086958592373,0.6171840637569128
5612,0.1600000684787465,0.18152145994052682,0.21920556165659857,0.25688966337267033,0.2945737650887421,0.33225786680481384,0.3699419685208856,0.5425828942000834,0.7152238198792811,0.887864745558479,1.0605056712376768,1.3303544742870113,1.308833082825231,1.2711489811091592,1.2334648793930874,1.1957807776770155,1.1580966759609437,1.1204125742448718,0.947771648565674,0.7751307228864763,0.6024897972072784,0.4298488715280806
5613,0.0966650333943288,0.10966731548161278,0.1324343991801003,0.15520148287858784,0.17796856657707538,0.20073565027556292,0.2235027339740505,0.3278048196211218,0.432106905268193,0.5364089909152644,0.6407110765623357,0.8750441895076194,0.8620419074203355,0.8392748237218479,0.8165077400233604,0.7937406563248728,0.7709735726263852,0.7482064889278977,0.6439044032808263,0.5396023176337551,0.4353002319866837,0.3309981463396124
5614,0.060485888935644626,0.06862176353916513,0.08286773488598757,0.09711370623281,0.11135967757963244,0.1256056489264549,0.13985162027327736,0.2051162164429092,0.27038081261254104,0.33564540878217297,0.40091000495180484,0.6530761972950729,0.6449403226915524,0.63069435134473,0.6164483799979075,0.602202408651085,0.5879564373042625,0.57371046595744,0.5084458697878081,0.4431812736181763,0.37791667744854435,0.3126520812789125
5615,0.04326251605801909,0.04908169821561838,0.059271125452270715,0.06946055268892304,0.07964997992557539,0.08983940716222773,0.10002883439888008,0.1467093195416705,0.19338980468446088,0.24007028982725132,0.28675077497004176,0.499578441059629,0.4937592589020297,0.48356983166537737,0.47338040442872503,0.4631909771920727,0.45300154995542036,0.442812122718768,0.3961316375759776,0.3494511524331872,0.30277066729039676,0.2560901821476063
5616,0.031367184720614005,0.03558634204876214,0.04297411500909338,0.050361887969424625,0.057749660929755864,0.0651374338900871,0.07252520685041834,0.10637056615310214,0.14021592545578596,0.17406128475846977,0.20790664406115364,0.38513873965896495,0.3809195823308168,0.3735318093704856,0.36614403641015436,0.35875626344982314,0.3513684904894919,0.3439807175291607,0.3101353582264769,0.27628999892379313,0.24244463962110932,0.20859928031842545
5617,0.027541528392130105,0.031246101893993974,0.037732835101129916,0.04421956830826585,0.05070630151540179,0.057193034722537735,0.06367976792967367,0.09339722368731823,0.1231146794449628,0.15283213520260736,0.18254959096025195,0.2947264391013124,0.29102186559944854,0.2845351323923126,0.27804839918517665,0.2715616659780407,0.26507493277090477,0.25858819956376883,0.22887074380612427,0.1991532880484797,0.16943583229083514,0.13971837653319055
5618,0.021214760756460276,0.024068329353953997,0.029064947229369295,0.03406156510478459,0.03905818298019989,0.04405480085561519,0.049051418731030486,0.07194225852804301,0.09483309832505553,0.11772393812206808,0.1406147779190806,0.2196416620198345,0.2167880934223408,0.21179147554692548,0.20679485767151018,0.20179823979609487,0.19680162192067957,0.19180500404526427,0.16891416424825173,0.14602332445123922,0.12313248465422667,0.10024164485721414
5619,0.017379901386824617,0.01971764826949346,0.023811058840523276,0.02790446941155309,0.03199787998258291,0.03609129055361272,0.04018470112464254,0.058937707246218926,0.07769071336779533,0.09644371948937172,0.11519672561094813,0.1725522635160582,0.17021451663338938,0.16612110606235955,0.16202769549132973,0.1579342849202999,0.15384087434927007,0.14974746377824025,0.13099445765666387,0.11224145153508747,0.09348844541351108,0.07473543929193467
5620,0.018861538995962508,0.02139857893702769,0.025840952998510806,0.030283327059993915,0.03472570112147703,0.03916807518296014,0.04361044924444325,0.0639621502340575,0.08431385122367176,0.10466555221328604,0.1250172532029003,0.16219714722554288,0.1596601072844777,0.15521773322299456,0.15077535916151147,0.14633298510002835,0.14189061103854522,0.1374482369770621,0.11709653598744785,0.0967448349978336,0.07639313400821932,0.05604143301860505
5621,0.06031042844298219,0.06842270209442457,0.08262734801485494,0.09683199393528533,0.1110366398557157,0.1252412857761461,0.1394459316965765,0.20452120506052845,0.2695964784244804,0.33467175178843245,0.39974702515238447,0.4566317751531136,0.4485195015016712,0.43431485558124083,0.4201102096608105,0.4059055637403801,0.3917009178199497,0.3774962718995193,0.3124209985355673,0.24734572517161535,0.18227045180766333,0.1171951784437113
5622,0.30895518501738617,0.35051232648691727,0.4232791617051753,0.4960459969234333,0.5688128321416914,0.6415796673599494,0.7143465025782075,1.0477107919933368,1.3810750814084662,1.7144393708235957,2.0478036602387255,2.1024107163262697,2.0608535748567385,1.9880867396384805,1.9153199044202225,1.8425530692019643,1.7697862339837063,1.6970193987654483,1.363655109350319,1.0302908199351897,0.6969265305200603,0.3635622411049304
5623,1.1612949269476076,1.3174991271273024,1.5910137359992662,1.8645283448712298,2.1380429537431938,2.4115575626151577,2.685072171487121,3.9381155800368046,5.191158988586489,6.444202397136173,7.697245805685856,8.797592590406415,8.64138839022672,8.367873781354756,8.094359172482793,7.820844563610829,7.547329954738865,7.273815345866902,6.020771937317218,4.767728528767535,3.514685120217851,2.261641711668167
5624,2.8365400828547638,3.218079229059924,3.8861568494030205,4.554234469746118,5.222312090089215,5.890389710432311,6.558467330775408,9.61910918103339,12.679751031291374,15.74039288154936,18.801034731807345,21.40384848736475,21.02230934115959,20.354231720816493,19.686154100473395,19.018076480130297,18.3499988597872,17.6819212394441,14.621279389186117,11.560637538928134,8.499995688670149,5.439353838412163
5625,4.187241305649756,4.750461435119857,5.736663683482037,6.722865931844216,7.709068180206397,8.695270428568575,9.681472676930756,14.199528337297998,18.717583997665233,23.23563965803248,27.75369531839972,32.29130966000392,31.72808953053382,30.74188728217164,29.75568503380946,28.76948278544728,27.7832805370851,26.797078288722922,22.27902262835568,17.760966967988445,13.242911307621199,8.724855647253957
5626,4.1224380187469025,4.6769415462886,5.647880965838258,6.618820385387915,7.5897598049375725,8.56069922448723,9.53163864403689,13.979771212843394,18.427903781649896,22.876036350456406,27.324168919262913,32.91035711924829,32.35585359170659,31.384914172156932,30.413974752607274,29.443035333057615,28.472095913507957,27.501156493958298,23.053023925151795,18.60489135634529,14.15675878753878,9.708626218732274
5627,3.351595880008395,3.8024144805325077,4.591800893015079,5.381187305497649,6.170573717980221,6.959960130462791,7.7493465429453625,11.365736340329079,14.982126137712793,18.59851593509651,22.21490573248023,27.356769827551037,26.905951227026925,26.116564814544354,25.327178402061783,24.537791989579212,23.74840557709664,22.95901916461407,19.34262936723035,15.726239569846637,12.109849772462919,8.493459975079201
5628,2.9910124143164416,3.3933294236000933,4.097789222441407,4.80224902128272,5.506708820124034,6.211168618965348,6.915628417806662,10.142946736074473,13.370265054342282,16.597583372610092,19.82490169087791,24.2284335048095,23.82611649552585,23.121656696684536,22.417196897843223,21.71273709900191,21.008277300160596,20.303817501319283,17.076499183051475,13.849180864783666,10.621862546515855,7.394544228248039
5629,2.7047846416677372,3.0686015427890947,3.7056473923676854,4.342693241946275,4.979739091524866,5.6167849411034565,6.253830790682048,9.172307818474215,12.090784846266383,15.009261874058554,17.92773890185072,22.802692522038395,22.438875620917038,21.801829771338447,21.164783921759856,20.527738072181265,19.890692222602674,19.253646373024083,16.335169345231915,13.416692317439747,10.498215289647575,7.579738261855409
5630,2.20733046474823,2.5042354815337093,3.0241181699939683,3.544000858454227,4.063883546914486,4.583766235374744,5.103648923835004,7.485370246439614,9.867091569044224,12.248812891648836,14.630534214253444,19.724931122724897,19.428026105939416,18.908143417479156,18.388260729018896,17.868378040558635,17.348495352098375,16.828612663638115,14.446891341033504,12.065170018428894,9.683448695824282,7.3017273732196735
5631,1.677916042855984,1.903610246250039,2.298802319798513,2.693994393346985,3.0891864668954585,3.484378540443932,3.879570613992405,5.690050956937462,7.500531299882518,9.311011642827577,11.121491985772634,14.871256559632515,14.645562356238461,14.250370282689987,13.855178209141515,13.459986135593041,13.064794062044568,12.669601988496094,10.859121645551037,9.04864130260598,7.238160959660921,5.427680616715864
5632,1.1172675321315855,1.2675496673528908,1.5306947005095728,1.7938397336662546,2.0569847668229366,2.3201297999796187,2.583274833136301,3.7888124482913326,4.9943500634463645,6.199887678601396,7.405425293756428,10.033161309414842,9.882879174193537,9.619734141036854,9.356589107880172,9.09344407472349,8.830299041566807,8.567154008410125,7.361616393255093,6.156078778100062,4.95054116294503,3.745003547789998
5633,0.6682540838903488,0.7581400312657272,0.9155309318380566,1.0729218324103855,1.2303127329827148,1.3877036335550441,1.5450945341273732,2.2661442482220826,2.987193962316792,3.7082436764115014,4.429293390506211,6.0734388854665,5.983552938091121,5.826162037518792,5.668771136946463,5.5113802363741335,5.3539893358018045,5.196598435229475,4.475548721134766,3.7544990070400566,3.033449292945347,2.3123995788506377
5634,0.4397550001969972,0.4989058467966161,0.6024793784527985,0.7060529101089809,0.8096264417651632,0.9131999734213457,1.016773505077528,1.4912714914090162,1.9657694777405041,2.4402674640719924,2.9147654504034803,3.6846018562989733,3.625451009699354,3.5218774780431716,3.418303946386989,3.314730414730807,3.2111568830746244,3.1075833514184423,2.633085365086954,2.158587378755466,1.6840893924239777,1.2095914060924897
5635,0.286284866305672,0.32479265405806435,0.39222005033488544,0.4596474466117065,0.5270748428885276,0.5945022391653487,0.6619296354421698,0.9708325302776295,1.2797354251130895,1.5886383199485492,1.8975412147840094,2.22844041223525,2.1899326244828576,2.1225052282060366,2.0550778319292156,1.9876504356523945,1.9202230393755735,1.8527956430987524,1.5438927482632927,1.2349898534278327,0.926086958592373,0.6171840637569128
5636,0.1600000684787465,0.18152145994052682,0.21920556165659857,0.25688966337267033,0.2945737650887421,0.33225786680481384,0.3699419685208856,0.5425828942000834,0.7152238198792811,0.887864745558479,1.0605056712376768,1.3303544742870113,1.308833082825231,1.2711489811091592,1.2334648793930874,1.1957807776770155,1.1580966759609437,1.1204125742448718,0.947771648565674,0.7751307228864763,0.6024897972072784,0.4298488715280806
5637,0.0966650333943288,0.10966731548161278,0.1324343991801003,0.15520148287858784,0.17796856657707538,0.20073565027556292,0.2235027339740505,0.3278048196211218,0.432106905268193,0.5364089909152644,0.6407110765623357,0.8750441895076194,0.8620419074203355,0.8392748237218479,0.8165077400233604,0.7937406563248728,0.7709735726263852,0.7482064889278977,0.6439044032808263,0.5396023176337551,0.4353002319866837,0.3309981463396124
5638,0.060485888935644626,0.06862176353916513,0.08286773488598757,0.09711370623281,0.11135967757963244,0.1256056489264549,0.13985162027327736,0.2051162164429092,0.27038081261254104,0.33564540878217297,0.40091000495180484,0.6530761972950729,0.6449403226915524,0.63069435134473,0.6164483799979075,0.602202408651085,0.5879564373042625,0.57371046595744,0.5084458697878081,0.4431812736181763,0.37791667744854435,0.3126520812789125
5639,0.04326251605801909,0.04908169821561838,0.059271125452270715,0.06946055268892304,0.07964997992557539,0.08983940716222773,0.10002883439888008,0.1467093195416705,0.19338980468446088,0.24007028982725132,0.28675077497004176,0.499578441059629,0.4937592589020297,0.48356983166537737,0.47338040442872503,0.4631909771920727,0.45300154995542036,0.442812122718768,0.3961316375759776,0.3494511524331872,0.30277066729039676,0.2560901821476063
5640,0.031367184720614005,0.03558634204876214,0.04297411500909338,0.050361887969424625,0.057749660929755864,0.0651374338900871,0.07252520685041834,0.10637056615310214,0.14021592545578596,0.17406128475846977,0.20790664406115364,0.38513873965896495,0.3809195823308168,0.3735318093704856,0.36614403641015436,0.35875626344982314,0.3513684904894919,0.3439807175291607,0.3101353582264769,0.27628999892379313,0.24244463962110932,0.20859928031842545
5641,0.027541528392130105,0.031246101893993974,0.037732835101129916,0.04421956830826585,0.05070630151540179,0.057193034722537735,0.06367976792967367,0.09339722368731823,0.1231146794449628,0.15283213520260736,0.18254959096025195,0.2947264391013124,0.29102186559944854,0.2845351323923126,0.27804839918517665,0.2715616659780407,0.26507493277090477,0.25858819956376883,0.22887074380612427,0.1991532880484797,0.16943583229083514,0.13971837653319055
5642,0.021214760756460276,0.024068329353953997,0.029064947229369295,0.03406156510478459,0.03905818298019989,0.04405480085561519,0.049051418731030486,0.07194225852804301,0.09483309832505553,0.11772393812206808,0.1406147779190806,0.2196416620198345,0.2167880934223408,0.21179147554692548,0.20679485767151018,0.20179823979609487,0.19680162192067957,0.19180500404526427,0.16891416424825173,0.14602332445123922,0.12313248465422667,0.10024164485721414
5643,0.017379901386824617,0.01971764826949346,0.023811058840523276,0.02790446941155309,0.03199787998258291,0.03609129055361272,0.04018470112464254,0.058937707246218926,0.07769071336779533,0.09644371948937172,0.11519672561094813,0.1725522635160582,0.17021451663338938,0.16612110606235955,0.16202769549132973,0.1579342849202999,0.15384087434927007,0.14974746377824025,0.13099445765666387,0.11224145153508747,0.09348844541351108,0.07473543929193467
5644,0.018861538995962508,0.02139857893702769,0.025840952998510806,0.030283327059993915,0.03472570112147703,0.03916807518296014,0.04361044924444325,0.0639621502340575,0.08431385122367176,0.10466555221328604,0.1250172532029003,0.16219714722554288,0.1596601072844777,0.15521773322299456,0.15077535916151147,0.14633298510002835,0.14189061103854522,0.1374482369770621,0.11709653598744785,0.0967448349978336,0.07639313400821932,0.05604143301860505
5645,0.06031042844298219,0.06842270209442457,0.08262734801485494,0.09683199393528533,0.1110366398557157,0.1252412857761461,0.1394459316965765,0.20452120506052845,0.2695964784244804,0.33467175178843245,0.39974702515238447,0.4566317751531136,0.4485195015016712,0.43431485558124083,0.4201102096608105,0.4059055637403801,0.3917009178199497,0.3774962718995193,0.3124209985355673,0.24734572517161535,0.18227045180766333,0.1171951784437113
5646,0.30895518501738617,0.35051232648691727,0.4232791617051753,0.4960459969234333,0.5688128321416914,0.6415796673599494,0.7143465025782075,1.0477107919933368,1.3810750814084662,1.7144393708235957,2.0478036602387255,2.1024107163262697,2.0608535748567385,1.9880867396384805,1.9153199044202225,1.8425530692019643,1.7697862339837063,1.6970193987654483,1.363655109350319,1.0302908199351897,0.6969265305200603,0.3635622411049304
5647,1.1612949269476076,1.3174991271273024,1.5910137359992662,1.8645283448712298,2.1380429537431938,2.4115575626151577,2.685072171487121,3.9381155800368046,5.191158988586489,6.444202397136173,7.697245805685856,8.797592590406415,8.64138839022672,8.367873781354756,8.094359172482793,7.820844563610829,7.547329954738865,7.273815345866902,6.020771937317218,4.767728528767535,3.514685120217851,2.261641711668167
5648,2.8365400828547638,3.218079229059924,3.8861568494030205,4.554234469746118,5.222312090089215,5.890389710432311,6.558467330775408,9.61910918103339,12.679751031291374,15.74039288154936,18.801034731807345,21.40384848736475,21.02230934115959,20.354231720816493,19.686154100473395,19.018076480130297,18.3499988597872,17.6819212394441,14.621279389186117,11.560637538928134,8.499995688670149,5.439353838412163
5649,4.187241305649756,4.750461435119857,5.736663683482037,6.722865931844216,7.709068180206397,8.695270428568575,9.681472676930756,14.199528337297998,18.717583997665233,23.23563965803248,27.75369531839972,32.29130966000392,31.72808953053382,30.74188728217164,29.75568503380946,28.76948278544728,27.7832805370851,26.797078288722922,22.27902262835568,17.760966967988445,13.242911307621199,8.724855647253957
5650,4.1224380187469025,4.6769415462886,5.647880965838258,6.618820385387915,7.5897598049375725,8.56069922448723,9.53163864403689,13.979771212843394,18.427903781649896,22.876036350456406,27.324168919262913,32.91035711924829,32.35585359170659,31.384914172156932,30.413974752607274,29.443035333057615,28.472095913507957,27.501156493958298,23.053023925151795,18.60489135634529,14.15675878753878,9.708626218732274
5651,3.351595880008395,3.8024144805325077,4.591800893015079,5.381187305497649,6.170573717980221,6.959960130462791,7.7493465429453625,11.365736340329079,14.982126137712793,18.59851593509651,22.21490573248023,27.356769827551037,26.905951227026925,26.116564814544354,25.327178402061783,24.537791989579212,23.74840557709664,22.95901916461407,19.34262936723035,15.726239569846637,12.109849772462919,8.493459975079201
5652,2.9910124143164416,3.3933294236000933,4.097789222441407,4.80224902128272,5.506708820124034,6.211168618965348,6.915628417806662,10.142946736074473,13.370265054342282,16.597583372610092,19.82490169087791,24.2284335048095,23.82611649552585,23.121656696684536,22.417196897843223,21.71273709900191,21.008277300160596,20.303817501319283,17.076499183051475,13.849180864783666,10.621862546515855,7.394544228248039
5653,2.7047846416677372,3.0686015427890947,3.7056473923676854,4.342693241946275,4.979739091524866,5.6167849411034565,6.253830790682048,9.172307818474215,12.090784846266383,15.009261874058554,17.92773890185072,22.802692522038395,22.438875620917038,21.801829771338447,21.164783921759856,20.527738072181265,19.890692222602674,19.253646373024083,16.335169345231915,13.416692317439747,10.498215289647575,7.579738261855409
5654,2.20733046474823,2.5042354815337093,3.0241181699939683,3.544000858454227,4.063883546914486,4.583766235374744,5.103648923835004,7.485370246439614,9.867091569044224,12.248812891648836,14.630534214253444,19.724931122724897,19.428026105939416,18.908143417479156,18.388260729018896,17.868378040558635,17.348495352098375,16.828612663638115,14.446891341033504,12.065170018428894,9.683448695824282,7.3017273732196735
5655,1.677916042855984,1.903610246250039,2.298802319798513,2.693994393346985,3.0891864668954585,3.484378540443932,3.879570613992405,5.690050956937462,7.500531299882518,9.311011642827577,11.121491985772634,14.871256559632515,14.645562356238461,14.250370282689987,13.855178209141515,13.459986135593041,13.064794062044568,12.669601988496094,10.859121645551037,9.04864130260598,7.238160959660921,5.427680616715864
5656,1.1172675321315855,1.2675496673528908,1.5306947005095728,1.7938397336662546,2.0569847668229366,2.3201297999796187,2.583274833136301,3.7888124482913326,4.9943500634463645,6.199887678601396,7.405425293756428,10.033161309414842,9.882879174193537,9.619734141036854,9.356589107880172,9.09344407472349,8.830299041566807,8.567154008410125,7.361616393255093,6.156078778100062,4.95054116294503,3.745003547789998
5657,0.6682540838903488,0.7581400312657272,0.9155309318380566,1.0729218324103855,1.2303127329827148,1.3877036335550441,1.5450945341273732,2.2661442482220826,2.987193962316792,3.7082436764115014,4.429293390506211,6.0734388854665,5.983552938091121,5.826162037518792,5.668771136946463,5.5113802363741335,5.3539893358018045,5.196598435229475,4.475548721134766,3.7544990070400566,3.033449292945347,2.3123995788506377
5658,0.4397550001969972,0.4989058467966161,0.6024793784527985,0.7060529101089809,0.8096264417651632,0.9131999734213457,1.016773505077528,1.4912714914090162,1.9657694777405041,2.4402674640719924,2.9147654504034803,3.6846018562989733,3.625451009699354,3.5218774780431716,3.418303946386989,3.314730414730807,3.2111568830746244,3.1075833514184423,2.633085365086954,2.158587378755466,1.6840893924239777,1.2095914060924897
5659,0.286284866305672,0.32479265405806435,0.39222005033488544,0.4596474466117065,0.5270748428885276,0.5945022391653487,0.6619296354421698,0.9708325302776295,1.2797354251130895,1.5886383199485492,1.8975412147840094,2.22844041223525,2.1899326244828576,2.1225052282060366,2.0550778319292156,1.9876504356523945,1.9202230393755735,1.8527956430987524,1.5438927482632927,1.2349898534278327,0.926086958592373,0.6171840637569128
5660,0.1600000684787465,0.18152145994052682,0.21920556165659857,0.25688966337267033,0.2945737650887421,0.33225786680481384,0.3699419685208856,0.5425828942000834,0.7152238198792811,0.887864745558479,1.0605056712376768,1.3303544742870113,1.308833082825231,1.2711489811091592,1.2334648793930874,1.1957807776770155,1.1580966759609437,1.1204125742448718,0.947771648565674,0.7751307228864763,0.6024897972072784,0.4298488715280806
5661,0.0966650333943288,0.10966731548161278,0.1324343991801003,0.15520148287858784,0.17796856657707538,0.20073565027556292,0.2235027339740505,0.3278048196211218,0.432106905268193,0.5364089909152644,0.6407110765623357,0.8750441895076194,0.8620419074203355,0.8392748237218479,0.8165077400233604,0.7937406563248728,0.7709735726263852,0.7482064889278977,0.6439044032808263,0.5396023176337551,0.4353002319866837,0.3309981463396124
5662,0.060485888935644626,0.06862176353916513,0.08286773488598757,0.09711370623281,0.11135967757963244,0.1256056489264549,0.13985162027327736,0.2051162164429092,0.27038081261254104,0.33564540878217297,0.40091000495180484,0.6530761972950729,0.6449403226915524,0.63069435134473,0.6164483799979075,0.602202408651085,0.5879564373042625,0.57371046595744,0.5084458697878081,0.4431812736181763,0.37791667744854435,0.3126520812789125
5663,0.04326251605801909,0.04908169821561838,0.059271125452270715,0.06946055268892304,0.07964997992557539,0.08983940716222773,0.10002883439888008,0.1467093195416705,0.19338980468446088,0.24007028982725132,0.28675077497004176,0.499578441059629,0.4937592589020297,0.48356983166537737,0.47338040442872503,0.4631909771920727,0.45300154995542036,0.442812122718768,0.3961316375759776,0.3494511524331872,0.30277066729039676,0.2560901821476063
5664,0.06656898268586907,0.07552308595105217,0.09120178120737912,0.10688047646370606,0.12255917172003303,0.13823786697635998,0.1539165622326869,0.2257448489433112,0.29757313565393556,0.36940142236455986,0.44122970907518416,0.4271966781704077,0.4182425749052246,0.4025638796488976,0.3868851843925707,0.3712064891362437,0.35552779387991673,0.3398490986235898,0.2680208119129655,0.19619252520234115,0.12436423849171685,0.05253595178109255
5665,0.056639086305014866,0.06425753272192815,0.07759748382143074,0.09093743492093335,0.10427738602043597,0.11761733711993858,0.1309572882194412,0.19207116387144205,0.25318503952344296,0.31429891517544384,0.3754127908274448,0.3168441383691494,0.3092256919522361,0.2958857408527335,0.28254578975323086,0.26920583865372827,0.2558658875542257,0.24252593645472306,0.1814120608027222,0.1202981851507213,0.05918430949872042,-0.0019295661532805208
5666,0.03392680220936796,0.038490250202461725,0.046480878441028384,0.05447150667959503,0.06246213491816169,0.07045276315672834,0.07844339139529499,0.1150505915949522,0.15165779179460942,0.18826499199426663,0.22487219219392388,0.22601923126692836,0.22145578327383458,0.21346515503526792,0.20547452679670128,0.1974838985581346,0.18949327031956797,0.1815026420810013,0.1448954418813441,0.10828824168168688,0.07168104148202967,0.035073841282372425
5667,0.0236676925723058,0.026851201690074235,0.03242554764354464,0.03799989359701504,0.043574239550485436,0.049148585503955844,0.05472293145742625,0.08026049774238261,0.10579806402733898,0.13133563031229536,0.15687319659725174,0.20284547879051973,0.1996619696727513,0.1940876237192809,0.1885132777658105,0.1829389318123401,0.17736458585886972,0.17179023990539932,0.14625267362044297,0.12071510733548661,0.09517754105053022,0.06963997476557385
5668,0.02469635730095266,0.028018230711428102,0.03383485347536883,0.03965147623930954,0.04546809900325027,0.051284721767191,0.05710134453113172,0.08374884553458932,0.11039634653804692,0.1370438475415045,0.16369134854496212,0.2086410790622131,0.20531920565173767,0.19950258288779693,0.19368596012385622,0.18786933735991548,0.18205271459597477,0.17623609183203404,0.14958859082857645,0.12294108982511885,0.09629358882166127,0.06964608781820365
5669,0.018530992112733714,0.02102357064238779,0.025388092472381524,0.02975261430237525,0.03411713613236898,0.03848165796236271,0.04284617979235644,0.06284121893523797,0.08283625807811949,0.10283129722100104,0.12282633636388257,0.23076451461001737,0.2282719360803633,0.22390741425036959,0.21954289242037586,0.21517837059038214,0.21081384876038842,0.2064493269303947,0.18645428778751316,0.16645924864463163,0.1464642095017501,0.12646917035886857
5670,0.022723898938375474,0.025780459658883387,0.031132518111866028,0.036484576564848666,0.0418366350178313,0.04718869347081395,0.05254075192379659,0.0770599598532782,0.10157916778275981,0.12609837571224142,0.15061758364172306,0.3411068640072945,0.3380503032867866,0.33269824483380395,0.3273461863808213,0.32199412792783866,0.316642069474856,0.31129001102187337,0.2867708030923918,0.2622515951629102,0.2377323872334286,0.21321317930394695
5671,0.05954035988303085,0.0675490526604855,0.08157232777140645,0.0955956028823274,0.10961887799324835,0.12364215310416929,0.13766542821509023,0.20190979350324906,0.2661541587914079,0.33039852407956677,0.3946428893677256,0.5323949645104806,0.524386271733026,0.510362996622105,0.4963397215111841,0.48231644640026317,0.4682931712893422,0.4542698961784213,0.3900255308902625,0.32578116560210363,0.2615368003139448,0.19729243502578592
5672,0.09422208070711786,0.10689576455313886,0.129087470513181,0.15127917647322317,0.17347088243326533,0.1956625883933075,0.21785429435334966,0.31952042104539957,0.42118654773744957,0.5228526744294996,0.6245188011215496,0.7630054397344619,0.7503317558884409,0.7281400499283988,0.7059483439683566,0.6837566380083144,0.6615649320482723,0.6393732260882301,0.5377070993961802,0.4360409727041302,0.33437484601208023,0.23270871932003023
5673,0.11060462621291975,0.12548190395938727,0.1515321177130734,0.17758233146675953,0.2036325452204457,0.22968275897413182,0.255732972727818,0.37507595323620807,0.49441893374459817,0.6137619142529884,0.7331048947613785,1.04243040931092,1.0275531315644524,1.0015029178107662,0.9754527040570801,0.949402490303394,0.9233522765497079,0.8973020627960218,0.7779590822876317,0.6586161017792416,0.5392731212708513,0.41993014076246116
5674,0.14593538259187422,0.16556495229609972,0.19993646134515083,0.23430797039420195,0.2686794794432531,0.3030509884923042,0.3374224975413554,0.4948875522726021,0.6523526070038489,0.8098176617350957,0.9672827164663426,1.3368623237393928,1.3172327540351674,1.2828612449861163,1.2484897359370652,1.2141182268880142,1.1797467178389631,1.145375208789912,0.9879101540586653,0.8304450993274186,0.6729800445961718,0.5155149898649249
5675,0.17412844867806587,0.1975502293326846,0.2385619253527876,0.2795736213728906,0.3205853173929936,0.3615970134130966,0.40260870943319965,0.5904942325625675,0.7783797556919354,0.9662652788213034,1.1541508019506714,1.6963697765134498,1.6729479958588311,1.6319362998387281,1.590924603818625,1.549912907798522,1.508901211778419,1.467889515758316,1.2800039926289482,1.0921184694995802,0.9042329463702122,0.7163474232408442
5676,0.20258246617249245,0.22983155799628885,0.277544901707457,0.32525824541862514,0.3729715891297932,0.4206849328409614,0.46839827655212957,0.6869858360383282,0.9055733955245269,1.1241609550107257,1.3427485144969247,1.9211150761464808,1.8938659843226844,1.8461526406115163,1.7984392969003482,1.7507259531891801,1.7030126094780118,1.6552992657668437,1.4367117062806452,1.2181241467944464,0.9995365873082476,0.7809490278220486
5677,0.22682064156334378,0.25732997737244256,0.31075203030808307,0.3641740832437235,0.4175961361793641,0.4710181891150046,0.5244402420506451,0.769180921820084,1.013921601589523,1.2586622813589619,1.5034029611284008,2.0428941262432594,2.0123847904341607,1.9589627374985201,1.9055406845628797,1.852118631627239,1.7986965786915987,1.745274525755958,1.5005338459865192,1.2557931662170803,1.0110524864476413,0.7663118066782024
5678,0.28713168866453304,0.3257533813399477,0.3933802259058238,0.46100707047169975,0.5286339150375757,0.5962607596034519,0.6638876041693279,0.9737042248382178,1.2835208455071077,1.5933374661759976,1.9031540868448875,2.133676930271694,2.095055237596279,2.027428393030403,1.9598015484645268,1.8921747038986507,1.8245478593327746,1.7569210147668985,1.4471043940980086,1.1372877734291187,0.8274711527602288,0.5176545320913388
5679,0.3067951188581142,0.3480617127682659,0.42031979724889373,0.49257788172952155,0.5648359662101494,0.6370940506907772,0.709352135171405,1.040385701701159,1.3714192682309132,1.7024528347606676,2.0334864012904217,2.1612776545091203,2.120011060598969,2.047752976118341,1.975494891637713,1.9032368071570853,1.8309787226764576,1.7587206381958298,1.427687071666076,1.0966535051363218,0.7656199386065674,0.4345863720768133
5680,0.27598175878396375,0.31310368956544515,0.3781044409318533,0.44310519229826134,0.5081059436646694,0.5731066950310776,0.6381074463974856,0.9358932333664804,1.233679020335475,1.53146480730447,1.829250594273465,1.9097257114610804,1.872603780679599,1.8076030293131908,1.7426022779467827,1.6776015265803745,1.6126007752139664,1.5476000238475582,1.2498142368785634,0.9520284499095688,0.6542426629405738,0.35645687597157893
5681,0.2253108014307007,0.2556170506983482,0.3086834977291007,0.36174994475985317,0.4148163917906057,0.46788283882135817,0.5209492858521106,0.7640608400805081,1.0071723943089055,1.2502839485373032,1.4933955027657007,1.6192575536297766,1.588951304362129,1.5358848573313766,1.4828184103006241,1.4297519632698716,1.3766855162391192,1.3236190692083667,1.0805075149799692,0.8373959607515719,0.5942844065231742,0.3511728522947767
5682,0.181071206183045,0.20542684770103406,0.24807374039633354,0.290720633091633,0.3333675257869325,0.376014418482232,0.41866131117753147,0.6140381066158548,0.809414902054178,1.0047916974925013,1.200168492930825,1.489569188741577,1.4652135472235879,1.4225666545282885,1.379919761832989,1.3372728691376894,1.29462597644239,1.2519790837470905,1.0566022883087673,0.8612254928704441,0.6658486974321208,0.4704719019937972
5683,0.1371027565822645,0.15554426178254532,0.18783546186591396,0.22012666194928254,0.2524178620326512,0.2847090621160198,0.3170002621993884,0.464934866444111,0.6128694706888336,0.7608040749335562,0.9087386791782788,1.2544431595756709,1.23600165437539,1.2037104542920214,1.1714192542086528,1.1391280541252842,1.1068368540419156,1.074545653958547,0.9266110497138245,0.7786764454691019,0.6307418412243793,0.48280723697965666
5684,0.12288693681507708,0.1394162914452449,0.16835930297358676,0.19730231450192862,0.22624532603027048,0.25518833755861237,0.28413134908695425,0.4167270081222759,0.5493226671575976,0.6819183261929194,0.8145139852282411,0.965950353268064,0.9494209986378962,0.9204779871095543,0.8915349755812124,0.8625919640528705,0.8336489525245286,0.8047059409961868,0.6721102819608651,0.5395146229255434,0.40691896389022164,0.27432330485489986
5685,0.10407025709033581,0.11806860573895996,0.14257980870966933,0.16709101168037868,0.19160221465108804,0.2161134176217974,0.24062462059250678,0.3529169820306787,0.4652093434688507,0.5775017049070227,0.6897940663451948,0.756275578156249,0.7422772295076249,0.7177660265369155,0.6932548235662062,0.6687436205954969,0.6442324176247876,0.6197212146540781,0.5074288532159061,0.3951364917777342,0.2828441303395622,0.17055176890139007
5686,0.09174496304809825,0.10408545316899447,0.1256937346673304,0.14730201616566632,0.16891029766400223,0.19051857916233816,0.21212686066067407,0.3111201642112374,0.4101134677618008,0.5091067713123641,0.6081000748629275,0.6380177307790044,0.6256772406581081,0.6040689591597722,0.5824606776614363,0.5608523961631003,0.5392441146647644,0.5176358331664285,0.4186425296158651,0.3196492260653017,0.22065592251473837,0.12166261896417502
5687,0.0756798511426919,0.0858594449247251,0.10368398234795255,0.12150851977117999,0.13933305719440744,0.15715759461763487,0.17498213204086233,0.2566410943198301,0.33830005659879786,0.4199590188777657,0.5016179811567335,0.5589042903878931,0.54872469660586,0.5309001591826326,0.5130756217594051,0.4952510843361777,0.4774265469129503,0.45960200948972285,0.37794304721075506,0.2962840849317873,0.21462512265281947,0.13296616037385167
5688,0.06656898268586907,0.07552308595105217,0.09120178120737912,0.10688047646370606,0.12255917172003303,0.13823786697635998,0.1539165622326869,0.2257448489433112,0.29757313565393556,0.36940142236455986,0.44122970907518416,0.4271966781704077,0.4182425749052246,0.4025638796488976,0.3868851843925707,0.3712064891362437,0.35552779387991673,0.3398490986235898,0.2680208119129655,0.19619252520234115,0.12436423849171685,0.05253595178109255
5689,0.056639086305014866,0.06425753272192815,0.07759748382143074,0.09093743492093335,0.10427738602043597,0.11761733711993858,0.1309572882194412,0.19207116387144205,0.25318503952344296,0.31429891517544384,0.3754127908274448,0.3168441383691494,0.3092256919522361,0.2958857408527335,0.28254578975323086,0.26920583865372827,0.2558658875542257,0.24252593645472306,0.1814120608027222,0.1202981851507213,0.05918430949872042,-0.0019295661532805208
5690,0.03392680220936796,0.038490250202461725,0.046480878441028384,0.05447150667959503,0.06246213491816169,0.07045276315672834,0.07844339139529499,0.1150505915949522,0.15165779179460942,0.18826499199426663,0.22487219219392388,0.22601923126692836,0.22145578327383458,0.21346515503526792,0.20547452679670128,0.1974838985581346,0.18949327031956797,0.1815026420810013,0.1448954418813441,0.10828824168168688,0.07168104148202967,0.035073841282372425
5691,0.0236676925723058,0.026851201690074235,0.03242554764354464,0.03799989359701504,0.043574239550485436,0.049148585503955844,0.05472293145742625,0.08026049774238261,0.10579806402733898,0.13133563031229536,0.15687319659725174,0.20284547879051973,0.1996619696727513,0.1940876237192809,0.1885132777658105,0.1829389318123401,0.17736458585886972,0.17179023990539932,0.14625267362044297,0.12071510733548661,0.09517754105053022,0.06963997476557385
5692,0.02469635730095266,0.028018230711428102,0.03383485347536883,0.03965147623930954,0.04546809900325027,0.051284721767191,0.05710134453113172,0.08374884553458932,0.11039634653804692,0.1370438475415045,0.16369134854496212,0.2086410790622131,0.20531920565173767,0.19950258288779693,0.19368596012385622,0.18786933735991548,0.18205271459597477,0.17623609183203404,0.14958859082857645,0.12294108982511885,0.09629358882166127,0.06964608781820365
5693,0.018530992112733714,0.02102357064238779,0.025388092472381524,0.02975261430237525,0.03411713613236898,0.03848165796236271,0.04284617979235644,0.06284121893523797,0.08283625807811949,0.10283129722100104,0.12282633636388257,0.23076451461001737,0.2282719360803633,0.22390741425036959,0.21954289242037586,0.21517837059038214,0.21081384876038842,0.2064493269303947,0.18645428778751316,0.16645924864463163,0.1464642095017501,0.12646917035886857
5694,0.022723898938375474,0.025780459658883387,0.031132518111866028,0.036484576564848666,0.0418366350178313,0.04718869347081395,0.05254075192379659,0.0770599598532782,0.10157916778275981,0.12609837571224142,0.15061758364172306,0.3411068640072945,0.3380503032867866,0.33269824483380395,0.3273461863808213,0.32199412792783866,0.316642069474856,0.31129001102187337,0.2867708030923918,0.2622515951629102,0.2377323872334286,0.21321317930394695
5695,0.05954035988303085,0.0675490526604855,0.08157232777140645,0.0955956028823274,0.10961887799324835,0.12364215310416929,0.13766542821509023,0.20190979350324906,0.2661541587914079,0.33039852407956677,0.3946428893677256,0.5323949645104806,0.524386271733026,0.510362996622105,0.4963397215111841,0.48231644640026317,0.4682931712893422,0.4542698961784213,0.3900255308902625,0.32578116560210363,0.2615368003139448,0.19729243502578592
5696,0.09422208070711786,0.10689576455313886,0.129087470513181,0.15127917647322317,0.17347088243326533,0.1956625883933075,0.21785429435334966,0.31952042104539957,0.42118654773744957,0.5228526744294996,0.6245188011215496,0.7630054397344619,0.7503317558884409,0.7281400499283988,0.7059483439683566,0.6837566380083144,0.6615649320482723,0.6393732260882301,0.5377070993961802,0.4360409727041302,0.33437484601208023,0.23270871932003023
5697,0.11060462621291975,0.12548190395938727,0.1515321177130734,0.17758233146675953,0.2036325452204457,0.22968275897413182,0.255732972727818,0.37507595323620807,0.49441893374459817,0.6137619142529884,0.7331048947613785,1.04243040931092,1.0275531315644524,1.0015029178107662,0.9754527040570801,0.949402490303394,0.9233522765497079,0.8973020627960218,0.7779590822876317,0.6586161017792416,0.5392731212708513,0.41993014076246116
5698,0.14593538259187422,0.16556495229609972,0.19993646134515083,0.23430797039420195,0.2686794794432531,0.3030509884923042,0.3374224975413554,0.4948875522726021,0.6523526070038489,0.8098176617350957,0.9672827164663426,1.3368623237393928,1.3172327540351674,1.2828612449861163,1.2484897359370652,1.2141182268880142,1.1797467178389631,1.145375208789912,0.9879101540586653,0.8304450993274186,0.6729800445961718,0.5155149898649249
5699,0.17412844867806587,0.1975502293326846,0.2385619253527876,0.2795736213728906,0.3205853173929936,0.3615970134130966,0.40260870943319965,0.5904942325625675,0.7783797556919354,0.9662652788213034,1.1541508019506714,1.6963697765134498,1.6729479958588311,1.6319362998387281,1.590924603818625,1.549912907798522,1.508901211778419,1.467889515758316,1.2800039926289482,1.0921184694995802,0.9042329463702122,0.7163474232408442
5700,0.20258246617249245,0.22983155799628885,0.277544901707457,0.32525824541862514,0.3729715891297932,0.4206849328409614,0.46839827655212957,0.6869858360383282,0.9055733955245269,1.1241609550107257,1.3427485144969247,1.9211150761464808,1.8938659843226844,1.8461526406115163,1.7984392969003482,1.7507259531891801,1.7030126094780118,1.6552992657668437,1.4367117062806452,1.2181241467944464,0.9995365873082476,0.7809490278220486
5701,0.22682064156334378,0.25732997737244256,0.31075203030808307,0.3641740832437235,0.4175961361793641,0.4710181891150046,0.5244402420506451,0.769180921820084,1.013921601589523,1.2586622813589619,1.5034029611284008,2.0428941262432594,2.0123847904341607,1.9589627374985201,1.9055406845628797,1.852118631627239,1.7986965786915987,1.745274525755958,1.5005338459865192,1.2557931662170803,1.0110524864476413,0.7663118066782024
5702,0.28713168866453304,0.3257533813399477,0.3933802259058238,0.46100707047169975,0.5286339150375757,0.5962607596034519,0.6638876041693279,0.9737042248382178,1.2835208455071077,1.5933374661759976,1.9031540868448875,2.133676930271694,2.095055237596279,2.027428393030403,1.9598015484645268,1.8921747038986507,1.8245478593327746,1.7569210147668985,1.4471043940980086,1.1372877734291187,0.8274711527602288,0.5176545320913388
5703,0.3067951188581142,0.3480617127682659,0.42031979724889373,0.49257788172952155,0.5648359662101494,0.6370940506907772,0.709352135171405,1.040385701701159,1.3714192682309132,1.7024528347606676,2.0334864012904217,2.1612776545091203,2.120011060598969,2.047752976118341,1.975494891637713,1.9032368071570853,1.8309787226764576,1.7587206381958298,1.427687071666076,1.0966535051363218,0.7656199386065674,0.4345863720768133
5704,0.27598175878396375,0.31310368956544515,0.3781044409318533,0.44310519229826134,0.5081059436646694,0.5731066950310776,0.6381074463974856,0.9358932333664804,1.233679020335475,1.53146480730447,1.829250594273465,1.9097257114610804,1.872603780679599,1.8076030293131908,1.7426022779467827,1.6776015265803745,1.6126007752139664,1.5476000238475582,1.2498142368785634,0.9520284499095688,0.6542426629405738,0.35645687597157893
5705,0.2253108014307007,0.2556170506983482,0.3086834977291007,0.36174994475985317,0.4148163917906057,0.46788283882135817,0.5209492858521106,0.7640608400805081,1.0071723943089055,1.2502839485373032,1.4933955027657007,1.6192575536297766,1.588951304362129,1.5358848573313766,1.4828184103006241,1.4297519632698716,1.3766855162391192,1.3236190692083667,1.0805075149799692,0.8373959607515719,0.5942844065231742,0.3511728522947767
5706,0.181071206183045,0.20542684770103406,0.24807374039633354,0.290720633091633,0.3333675257869325,0.376014418482232,0.41866131117753147,0.6140381066158548,0.809414902054178,1.0047916974925013,1.200168492930825,1.489569188741577,1.4652135472235879,1.4225666545282885,1.379919761832989,1.3372728691376894,1.29462597644239,1.2519790837470905,1.0566022883087673,0.8612254928704441,0.6658486974321208,0.4704719019937972
5707,0.1371027565822645,0.15554426178254532,0.18783546186591396,0.22012666194928254,0.2524178620326512,0.2847090621160198,0.3170002621993884,0.464934866444111,0.6128694706888336,0.7608040749335562,0.9087386791782788,1.2544431595756709,1.23600165437539,1.2037104542920214,1.1714192542086528,1.1391280541252842,1.1068368540419156,1.074545653958547,0.9266110497138245,0.7786764454691019,0.6307418412243793,0.48280723697965666
5708,0.12288693681507708,0.1394162914452449,0.16835930297358676,0.19730231450192862,0.22624532603027048,0.25518833755861237,0.28413134908695425,0.4167270081222759,0.5493226671575976,0.6819183261929194,0.8145139852282411,0.965950353268064,0.9494209986378962,0.9204779871095543,0.8915349755812124,0.8625919640528705,0.8336489525245286,0.8047059409961868,0.6721102819608651,0.5395146229255434,0.40691896389022164,0.27432330485489986
5709,0.10407025709033581,0.11806860573895996,0.14257980870966933,0.16709101168037868,0.19160221465108804,0.2161134176217974,0.24062462059250678,0.3529169820306787,0.4652093434688507,0.5775017049070227,0.6897940663451948,0.756275578156249,0.7422772295076249,0.7177660265369155,0.6932548235662062,0.6687436205954969,0.6442324176247876,0.6197212146540781,0.5074288532159061,0.3951364917777342,0.2828441303395622,0.17055176890139007
5710,0.09174496304809825,0.10408545316899447,0.1256937346673304,0.14730201616566632,0.16891029766400223,0.19051857916233816,0.21212686066067407,0.3111201642112374,0.4101134677618008,0.5091067713123641,0.6081000748629275,0.6380177307790044,0.6256772406581081,0.6040689591597722,0.5824606776614363,0.5608523961631003,0.5392441146647644,0.5176358331664285,0.4186425296158651,0.3196492260653017,0.22065592251473837,0.12166261896417502
5711,0.0756798511426919,0.0858594449247251,0.10368398234795255,0.12150851977117999,0.13933305719440744,0.15715759461763487,0.17498213204086233,0.2566410943198301,0.33830005659879786,0.4199590188777657,0.5016179811567335,0.5589042903878931,0.54872469660586,0.5309001591826326,0.5130756217594051,0.4952510843361777,0.4774265469129503,0.45960200948972285,0.37794304721075506,0.2962840849317873,0.21462512265281947,0.13296616037385167
5712,0.031367184720614005,0.03558634204876214,0.04297411500909338,0.050361887969424625,0.057749660929755864,0.0651374338900871,0.07252520685041834,0.10637056615310214,0.14021592545578596,0.17406128475846977,0.20790664406115364,0.38513873965896495,0.3809195823308168,0.3735318093704856,0.36614403641015436,0.35875626344982314,0.3513684904894919,0.3439807175291607,0.3101353582264769,0.27628999892379313,0.24244463962110932,0.20859928031842545
5713,0.027541528392130105,0.031246101893993974,0.037732835101129916,0.04421956830826585,0.05070630151540179,0.057193034722537735,0.06367976792967367,0.09339722368731823,0.1231146794449628,0.15283213520260736,0.18254959096025195,0.2947264391013124,0.29102186559944854,0.2845351323923126,0.27804839918517665,0.2715616659780407,0.26507493277090477,0.25858819956376883,0.22887074380612427,0.1991532880484797,0.16943583229083514,0.13971837653319055
5714,0.021214760756460276,0.024068329353953997,0.029064947229369295,0.03406156510478459,0.03905818298019989,0.04405480085561519,0.049051418731030486,0.07194225852804301,0.09483309832505553,0.11772393812206808,0.1406147779190806,0.2196416620198345,0.2167880934223408,0.21179147554692548,0.20679485767151018,0.20179823979609487,0.19680162192067957,0.19180500404526427,0.16891416424825173,0.14602332445123922,0.12313248465422667,0.10024164485721414
5715,0.017379901386824617,0.01971764826949346,0.023811058840523276,0.02790446941155309,0.03199787998258291,0.03609129055361272,0.04018470112464254,0.058937707246218926,0.07769071336779533,0.09644371948937172,0.11519672561094813,0.1725522635160582,0.17021451663338938,0.16612110606235955,0.16202769549132973,0.1579342849202999,0.15384087434927007,0.14974746377824025,0.13099445765666387,0.11224145153508747,0.09348844541351108,0.07473543929193467
5716,0.018861538995962508,0.02139857893702769,0.025840952998510806,0.030283327059993915,0.03472570112147703,0.03916807518296014,0.04361044924444325,0.0639621502340575,0.08431385122367176,0.10466555221328604,0.1250172532029003,0.16219714722554288,0.1596601072844777,0.15521773322299456,0.15077535916151147,0.14633298510002835,0.14189061103854522,0.1374482369770621,0.11709653598744785,0.0967448349978336,0.07639313400821932,0.05604143301860505
5717,0.06031042844298219,0.06842270209442457,0.08262734801485494,0.09683199393528533,0.1110366398557157,0.1252412857761461,0.1394459316965765,0.20452120506052845,0.2695964784244804,0.33467175178843245,0.39974702515238447,0.4566317751531136,0.4485195015016712,0.43431485558124083,0.4201102096608105,0.4059055637403801,0.3917009178199497,0.3774962718995193,0.3124209985355673,0.24734572517161535,0.18227045180766333,0.1171951784437113
5718,0.30895518501738617,0.35051232648691727,0.4232791617051753,0.4960459969234333,0.5688128321416914,0.6415796673599494,0.7143465025782075,1.0477107919933368,1.3810750814084662,1.7144393708235957,2.0478036602387255,2.1024107163262697,2.0608535748567385,1.9880867396384805,1.9153199044202225,1.8425530692019643,1.7697862339837063,1.6970193987654483,1.363655109350319,1.0302908199351897,0.6969265305200603,0.3635622411049304
5719,1.1612949269476076,1.3174991271273024,1.5910137359992662,1.8645283448712298,2.1380429537431938,2.4115575626151577,2.685072171487121,3.9381155800368046,5.191158988586489,6.444202397136173,7.697245805685856,8.797592590406415,8.64138839022672,8.367873781354756,8.094359172482793,7.820844563610829,7.547329954738865,7.273815345866902,6.020771937317218,4.767728528767535,3.514685120217851,2.261641711668167
5720,2.8365400828547638,3.218079229059924,3.8861568494030205,4.554234469746118,5.222312090089215,5.890389710432311,6.558467330775408,9.61910918103339,12.679751031291374,15.74039288154936,18.801034731807345,21.40384848736475,21.02230934115959,20.354231720816493,19.686154100473395,19.018076480130297,18.3499988597872,17.6819212394441,14.621279389186117,11.560637538928134,8.499995688670149,5.439353838412163
5721,4.187241305649756,4.750461435119857,5.736663683482037,6.722865931844216,7.709068180206397,8.695270428568575,9.681472676930756,14.199528337297998,18.717583997665233,23.23563965803248,27.75369531839972,32.29130966000392,31.72808953053382,30.74188728217164,29.75568503380946,28.76948278544728,27.7832805370851,26.797078288722922,22.27902262835568,17.760966967988445,13.242911307621199,8.724855647253957
5722,4.1224380187469025,4.6769415462886,5.647880965838258,6.618820385387915,7.5897598049375725,8.56069922448723,9.53163864403689,13.979771212843394,18.427903781649896,22.876036350456406,27.324168919262913,32.91035711924829,32.35585359170659,31.384914172156932,30.413974752607274,29.443035333057615,28.472095913507957,27.501156493958298,23.053023925151795,18.60489135634529,14.15675878753878,9.708626218732274
5723,3.351595880008395,3.8024144805325077,4.591800893015079,5.381187305497649,6.170573717980221,6.959960130462791,7.7493465429453625,11.365736340329079,14.982126137712793,18.59851593509651,22.21490573248023,27.356769827551037,26.905951227026925,26.116564814544354,25.327178402061783,24.537791989579212,23.74840557709664,22.95901916461407,19.34262936723035,15.726239569846637,12.109849772462919,8.493459975079201
5724,2.9910124143164416,3.3933294236000933,4.097789222441407,4.80224902128272,5.506708820124034,6.211168618965348,6.915628417806662,10.142946736074473,13.370265054342282,16.597583372610092,19.82490169087791,24.2284335048095,23.82611649552585,23.121656696684536,22.417196897843223,21.71273709900191,21.008277300160596,20.303817501319283,17.076499183051475,13.849180864783666,10.621862546515855,7.394544228248039
5725,2.7047846416677372,3.0686015427890947,3.7056473923676854,4.342693241946275,4.979739091524866,5.6167849411034565,6.253830790682048,9.172307818474215,12.090784846266383,15.009261874058554,17.92773890185072,22.802692522038395,22.438875620917038,21.801829771338447,21.164783921759856,20.527738072181265,19.890692222602674,19.253646373024083,16.335169345231915,13.416692317439747,10.498215289647575,7.579738261855409
5726,2.20733046474823,2.5042354815337093,3.0241181699939683,3.544000858454227,4.063883546914486,4.583766235374744,5.103648923835004,7.485370246439614,9.867091569044224,12.248812891648836,14.630534214253444,19.724931122724897,19.428026105939416,18.908143417479156,18.388260729018896,17.868378040558635,17.348495352098375,16.828612663638115,14.446891341033504,12.065170018428894,9.683448695824282,7.3017273732196735
5727,1.677916042855984,1.903610246250039,2.298802319798513,2.693994393346985,3.0891864668954585,3.484378540443932,3.879570613992405,5.690050956937462,7.500531299882518,9.311011642827577,11.121491985772634,14.871256559632515,14.645562356238461,14.250370282689987,13.855178209141515,13.459986135593041,13.064794062044568,12.669601988496094,10.859121645551037,9.04864130260598,7.238160959660921,5.427680616715864
5728,1.1172675321315855,1.2675496673528908,1.5306947005095728,1.7938397336662546,2.0569847668229366,2.3201297999796187,2.583274833136301,3.7888124482913326,4.9943500634463645,6.199887678601396,7.405425293756428,10.033161309414842,9.882879174193537,9.619734141036854,9.356589107880172,9.09344407472349,8.830299041566807,8.567154008410125,7.361616393255093,6.156078778100062,4.95054116294503,3.745003547789998
5729,0.6682540838903488,0.7581400312657272,0.9155309318380566,1.0729218324103855,1.2303127329827148,1.3877036335550441,1.5450945341273732,2.2661442482220826,2.987193962316792,3.7082436764115014,4.429293390506211,6.0734388854665,5.983552938091121,5.826162037518792,5.668771136946463,5.5113802363741335,5.3539893358018045,5.196598435229475,4.475548721134766,3.7544990070400566,3.033449292945347,2.3123995788506377
5730,0.4397550001969972,0.4989058467966161,0.6024793784527985,0.7060529101089809,0.8096264417651632,0.9131999734213457,1.016773505077528,1.4912714914090162,1.9657694777405041,2.4402674640719924,2.9147654504034803,3.6846018562989733,3.625451009699354,3.5218774780431716,3.418303946386989,3.314730414730807,3.2111568830746244,3.1075833514184423,2.633085365086954,2.158587378755466,1.6840893924239777,1.2095914060924897
5731,0.286284866305672,0.32479265405806435,0.39222005033488544,0.4596474466117065,0.5270748428885276,0.5945022391653487,0.6619296354421698,0.9708325302776295,1.2797354251130895,1.5886383199485492,1.8975412147840094,2.22844041223525,2.1899326244828576,2.1225052282060366,2.0550778319292156,1.9876504356523945,1.9202230393755735,1.8527956430987524,1.5438927482632927,1.2349898534278327,0.926086958592373,0.6171840637569128
5732,0.1600000684787465,0.18152145994052682,0.21920556165659857,0.25688966337267033,0.2945737650887421,0.33225786680481384,0.3699419685208856,0.5425828942000834,0.7152238198792811,0.887864745558479,1.0605056712376768,1.3303544742870113,1.308833082825231,1.2711489811091592,1.2334648793930874,1.1957807776770155,1.1580966759609437,1.1204125742448718,0.947771648565674,0.7751307228864763,0.6024897972072784,0.4298488715280806
5733,0.0966650333943288,0.10966731548161278,0.1324343991801003,0.15520148287858784,0.17796856657707538,0.20073565027556292,0.2235027339740505,0.3278048196211218,0.432106905268193,0.5364089909152644,0.6407110765623357,0.8750441895076194,0.8620419074203355,0.8392748237218479,0.8165077400233604,0.7937406563248728,0.7709735726263852,0.7482064889278977,0.6439044032808263,0.5396023176337551,0.4353002319866837,0.3309981463396124
5734,0.060485888935644626,0.06862176353916513,0.08286773488598757,0.09711370623281,0.11135967757963244,0.1256056489264549,0.13985162027327736,0.2051162164429092,0.27038081261254104,0.33564540878217297,0.40091000495180484,0.6530761972950729,0.6449403226915524,0.63069435134473,0.6164483799979075,0.602202408651085,0.5879564373042625,0.57371046595744,0.5084458697878081,0.4431812736181763,0.37791667744854435,0.3126520812789125
5735,0.04326251605801909,0.04908169821561838,0.059271125452270715,0.06946055268892304,0.07964997992557539,0.08983940716222773,0.10002883439888008,0.1467093195416705,0.19338980468446088,0.24007028982725132,0.28675077497004176,0.499578441059629,0.4937592589020297,0.48356983166537737,0.47338040442872503,0.4631909771920727,0.45300154995542036,0.442812122718768,0.3961316375759776,0.3494511524331872,0.30277066729039676,0.2560901821476063
5736,0.031367184720614005,0.03558634204876214,0.04297411500909338,0.050361887969424625,0.057749660929755864,0.0651374338900871,0.07252520685041834,0.10637056615310214,0.14021592545578596,0.17406128475846977,0.20790664406115364,0.38513873965896495,0.3809195823308168,0.3735318093704856,0.36614403641015436,0.35875626344982314,0.3513684904894919,0.3439807175291607,0.3101353582264769,0.27628999892379313,0.24244463962110932,0.20859928031842545
5737,0.027541528392130105,0.031246101893993974,0.037732835101129916,0.04421956830826585,0.05070630151540179,0.057193034722537735,0.06367976792967367,0.09339722368731823,0.1231146794449628,0.15283213520260736,0.18254959096025195,0.2947264391013124,0.29102186559944854,0.2845351323923126,0.27804839918517665,0.2715616659780407,0.26507493277090477,0.25858819956376883,0.22887074380612427,0.1991532880484797,0.16943583229083514,0.13971837653319055
5738,0.021214760756460276,0.024068329353953997,0.029064947229369295,0.03406156510478459,0.03905818298019989,0.04405480085561519,0.049051418731030486,0.07194225852804301,0.09483309832505553,0.11772393812206808,0.1406147779190806,0.2196416620198345,0.2167880934223408,0.21179147554692548,0.20679485767151018,0.20179823979609487,0.19680162192067957,0.19180500404526427,0.16891416424825173,0.14602332445123922,0.12313248465422667,0.10024164485721414
5739,0.017379901386824617,0.01971764826949346,0.023811058840523276,0.02790446941155309,0.03199787998258291,0.03609129055361272,0.04018470112464254,0.058937707246218926,0.07769071336779533,0.09644371948937172,0.11519672561094813,0.1725522635160582,0.17021451663338938,0.16612110606235955,0.16202769549132973,0.1579342849202999,0.15384087434927007,0.14974746377824025,0.13099445765666387,0.11224145153508747,0.09348844541351108,0.07473543929193467
5740,0.018861538995962508,0.02139857893702769,0.025840952998510806,0.030283327059993915,0.03472570112147703,0.03916807518296014,0.04361044924444325,0.0639621502340575,0.08431385122367176,0.10466555221328604,0.1250172532029003,0.16219714722554288,0.1596601072844777,0.15521773322299456,0.15077535916151147,0.14633298510002835,0.14189061103854522,0.1374482369770621,0.11709653598744785,0.0967448349978336,0.07639313400821932,0.05604143301860505
5741,0.06031042844298219,0.06842270209442457,0.08262734801485494,0.09683199393528533,0.1110366398557157,0.1252412857761461,0.1394459316965765,0.20452120506052845,0.2695964784244804,0.33467175178843245,0.39974702515238447,0.4566317751531136,0.4485195015016712,0.43431485558124083,0.4201102096608105,0.4059055637403801,0.3917009178199497,0.3774962718995193,0.3124209985355673,0.24734572517161535,0.18227045180766333,0.1171951784437113
5742,0.30895518501738617,0.35051232648691727,0.4232791617051753,0.4960459969234333,0.5688128321416914,0.6415796673599494,0.7143465025782075,1.0477107919933368,1.3810750814084662,1.7144393708235957,2.0478036602387255,2.1024107163262697,2.0608535748567385,1.9880867396384805,1.9153199044202225,1.8425530692019643,1.7697862339837063,1.6970193987654483,1.363655109350319,1.0302908199351897,0.6969265305200603,0.3635622411049304
5743,1.1612949269476076,1.3174991271273024,1.5910137359992662,1.8645283448712298,2.1380429537431938,2.4115575626151577,2.685072171487121,3.9381155800368046,5.191158988586489,6.444202397136173,7.697245805685856,8.797592590406415,8.64138839022672,8.367873781354756,8.094359172482793,7.820844563610829,7.547329954738865,7.273815345866902,6.020771937317218,4.767728528767535,3.514685120217851,2.261641711668167
5744,2.8365400828547638,3.218079229059924,3.8861568494030205,4.554234469746118,5.222312090089215,5.890389710432311,6.558467330775408,9.61910918103339,12.679751031291374,15.74039288154936,18.801034731807345,21.40384848736475,21.02230934115959,20.354231720816493,19.686154100473395,19.018076480130297,18.3499988597872,17.6819212394441,14.621279389186117,11.560637538928134,8.499995688670149,5.439353838412163
5745,4.187241305649756,4.750461435119857,5.736663683482037,6.722865931844216,7.709068180206397,8.695270428568575,9.681472676930756,14.199528337297998,18.717583997665233,23.23563965803248,27.75369531839972,32.29130966000392,31.72808953053382,30.74188728217164,29.75568503380946,28.76948278544728,27.7832805370851,26.797078288722922,22.27902262835568,17.760966967988445,13.242911307621199,8.724855647253957
5746,4.1224380187469025,4.6769415462886,5.647880965838258,6.618820385387915,7.5897598049375725,8.56069922448723,9.53163864403689,13.979771212843394,18.427903781649896,22.876036350456406,27.324168919262913,32.91035711924829,32.35585359170659,31.384914172156932,30.413974752607274,29.443035333057615,28.472095913507957,27.501156493958298,23.053023925151795,18.60489135634529,14.15675878753878,9.708626218732274
5747,3.351595880008395,3.8024144805325077,4.591800893015079,5.381187305497649,6.170573717980221,6.959960130462791,7.7493465429453625,11.365736340329079,14.982126137712793,18.59851593509651,22.21490573248023,27.356769827551037,26.905951227026925,26.116564814544354,25.327178402061783,24.537791989579212,23.74840557709664,22.95901916461407,19.34262936723035,15.726239569846637,12.109849772462919,8.493459975079201
5748,2.9910124143164416,3.3933294236000933,4.097789222441407,4.80224902128272,5.506708820124034,6.211168618965348,6.915628417806662,10.142946736074473,13.370265054342282,16.597583372610092,19.82490169087791,24.2284335048095,23.82611649552585,23.121656696684536,22.417196897843223,21.71273709900191,21.008277300160596,20.303817501319283,17.076499183051475,13.849180864783666,10.621862546515855,7.394544228248039
5749,2.7047846416677372,3.0686015427890947,3.7056473923676854,4.342693241946275,4.979739091524866,5.6167849411034565,6.253830790682048,9.172307818474215,12.090784846266383,15.009261874058554,17.92773890185072,22.802692522038395,22.438875620917038,21.801829771338447,21.164783921759856,20.527738072181265,19.890692222602674,19.253646373024083,16.335169345231915,13.416692317439747,10.498215289647575,7.579738261855409
5750,2.20733046474823,2.5042354815337093,3.0241181699939683,3.544000858454227,4.063883546914486,4.583766235374744,5.103648923835004,7.485370246439614,9.867091569044224,12.248812891648836,14.630534214253444,19.724931122724897,19.428026105939416,18.908143417479156,18.388260729018896,17.868378040558635,17.348495352098375,16.828612663638115,14.446891341033504,12.065170018428894,9.683448695824282,7.3017273732196735
5751,1.677916042855984,1.903610246250039,2.298802319798513,2.693994393346985,3.0891864668954585,3.484378540443932,3.879570613992405,5.690050956937462,7.500531299882518,9.311011642827577,11.121491985772634,14.871256559632515,14.645562356238461,14.250370282689987,13.855178209141515,13.459986135593041,13.064794062044568,12.669601988496094,10.859121645551037,9.04864130260598,7.238160959660921,5.427680616715864
5752,1.1172675321315855,1.2675496673528908,1.5306947005095728,1.7938397336662546,2.0569847668229366,2.3201297999796187,2.583274833136301,3.7888124482913326,4.9943500634463645,6.199887678601396,7.405425293756428,10.033161309414842,9.882879174193537,9.619734141036854,9.356589107880172,9.09344407472349,8.830299041566807,8.567154008410125,7.361616393255093,6.156078778100062,4.95054116294503,3.745003547789998
5753,0.6682540838903488,0.7581400312657272,0.9155309318380566,1.0729218324103855,1.2303127329827148,1.3877036335550441,1.5450945341273732,2.2661442482220826,2.987193962316792,3.7082436764115014,4.429293390506211,6.0734388854665,5.983552938091121,5.826162037518792,5.668771136946463,5.5113802363741335,5.3539893358018045,5.196598435229475,4.475548721134766,3.7544990070400566,3.033449292945347,2.3123995788506377
5754,0.4397550001969972,0.4989058467966161,0.6024793784527985,0.7060529101089809,0.8096264417651632,0.9131999734213457,1.016773505077528,1.4912714914090162,1.9657694777405041,2.4402674640719924,2.9147654504034803,3.6846018562989733,3.625451009699354,3.5218774780431716,3.418303946386989,3.314730414730807,3.2111568830746244,3.1075833514184423,2.633085365086954,2.158587378755466,1.6840893924239777,1.2095914060924897
5755,0.286284866305672,0.32479265405806435,0.39222005033488544,0.4596474466117065,0.5270748428885276,0.5945022391653487,0.6619296354421698,0.9708325302776295,1.2797354251130895,1.5886383199485492,1.8975412147840094,2.22844041223525,2.1899326244828576,2.1225052282060366,2.0550778319292156,1.9876504356523945,1.9202230393755735,1.8527956430987524,1.5438927482632927,1.2349898534278327,0.926086958592373,0.6171840637569128
5756,0.1600000684787465,0.18152145994052682,0.21920556165659857,0.25688966337267033,0.2945737650887421,0.33225786680481384,0.3699419685208856,0.5425828942000834,0.7152238198792811,0.887864745558479,1.0605056712376768,1.3303544742870113,1.308833082825231,1.2711489811091592,1.2334648793930874,1.1957807776770155,1.1580966759609437,1.1204125742448718,0.947771648565674,0.7751307228864763,0.6024897972072784,0.4298488715280806
5757,0.0966650333943288,0.10966731548161278,0.1324343991801003,0.15520148287858784,0.17796856657707538,0.20073565027556292,0.2235027339740505,0.3278048196211218,0.432106905268193,0.5364089909152644,0.6407110765623357,0.8750441895076194,0.8620419074203355,0.8392748237218479,0.8165077400233604,0.7937406563248728,0.7709735726263852,0.7482064889278977,0.6439044032808263,0.5396023176337551,0.4353002319866837,0.3309981463396124
5758,0.060485888935644626,0.06862176353916513,0.08286773488598757,0.09711370623281,0.11135967757963244,0.1256056489264549,0.13985162027327736,0.2051162164429092,0.27038081261254104,0.33564540878217297,0.40091000495180484,0.6530761972950729,0.6449403226915524,0.63069435134473,0.6164483799979075,0.602202408651085,0.5879564373042625,0.57371046595744,0.5084458697878081,0.4431812736181763,0.37791667744854435,0.3126520812789125
5759,0.04326251605801909,0.04908169821561838,0.059271125452270715,0.06946055268892304,0.07964997992557539,0.08983940716222773,0.10002883439888008,0.1467093195416705,0.19338980468446088,0.24007028982725132,0.28675077497004176,0.499578441059629,0.4937592589020297,0.48356983166537737,0.47338040442872503,0.4631909771920727,0.45300154995542036,0.442812122718768,0.3961316375759776,0.3494511524331872,0.30277066729039676,0.2560901821476063
5760,0.031367184720614005,0.03558634204876214,0.04297411500909338,0.050361887969424625,0.057749660929755864,0.0651374338900871,0.07252520685041834,0.10637056615310214,0.14021592545578596,0.17406128475846977,0.20790664406115364,0.38513873965896495,0.3809195823308168,0.3735318093704856,0.36614403641015436,0.35875626344982314,0.3513684904894919,0.3439807175291607,0.3101353582264769,0.27628999892379313,0.24244463962110932,0.20859928031842545
5761,0.027541528392130105,0.031246101893993974,0.037732835101129916,0.04421956830826585,0.05070630151540179,0.057193034722537735,0.06367976792967367,0.09339722368731823,0.1231146794449628,0.15283213520260736,0.18254959096025195,0.2947264391013124,0.29102186559944854,0.2845351323923126,0.27804839918517665,0.2715616659780407,0.26507493277090477,0.25858819956376883,0.22887074380612427,0.1991532880484797,0.16943583229083514,0.13971837653319055
5762,0.021214760756460276,0.024068329353953997,0.029064947229369295,0.03406156510478459,0.03905818298019989,0.04405480085561519,0.049051418731030486,0.07194225852804301,0.09483309832505553,0.11772393812206808,0.1406147779190806,0.2196416620198345,0.2167880934223408,0.21179147554692548,0.20679485767151018,0.20179823979609487,0.19680162192067957,0.19180500404526427,0.16891416424825173,0.14602332445123922,0.12313248465422667,0.10024164485721414
5763,0.017379901386824617,0.01971764826949346,0.023811058840523276,0.02790446941155309,0.03199787998258291,0.03609129055361272,0.04018470112464254,0.058937707246218926,0.07769071336779533,0.09644371948937172,0.11519672561094813,0.1725522635160582,0.17021451663338938,0.16612110606235955,0.16202769549132973,0.1579342849202999,0.15384087434927007,0.14974746377824025,0.13099445765666387,0.11224145153508747,0.09348844541351108,0.07473543929193467
5764,0.018861538995962508,0.02139857893702769,0.025840952998510806,0.030283327059993915,0.03472570112147703,0.03916807518296014,0.04361044924444325,0.0639621502340575,0.08431385122367176,0.10466555221328604,0.1250172532029003,0.16219714722554288,0.1596601072844777,0.15521773322299456,0.15077535916151147,0.14633298510002835,0.14189061103854522,0.1374482369770621,0.11709653598744785,0.0967448349978336,0.07639313400821932,0.05604143301860505
5765,0.06031042844298219,0.06842270209442457,0.08262734801485494,0.09683199393528533,0.1110366398557157,0.1252412857761461,0.1394459316965765,0.20452120506052845,0.2695964784244804,0.33467175178843245,0.39974702515238447,0.4566317751531136,0.4485195015016712,0.43431485558124083,0.4201102096608105,0.4059055637403801,0.3917009178199497,0.3774962718995193,0.3124209985355673,0.24734572517161535,0.18227045180766333,0.1171951784437113
5766,0.30895518501738617,0.35051232648691727,0.4232791617051753,0.4960459969234333,0.5688128321416914,0.6415796673599494,0.7143465025782075,1.0477107919933368,1.3810750814084662,1.7144393708235957,2.0478036602387255,2.1024107163262697,2.0608535748567385,1.9880867396384805,1.9153199044202225,1.8425530692019643,1.7697862339837063,1.6970193987654483,1.363655109350319,1.0302908199351897,0.6969265305200603,0.3635622411049304
5767,1.1612949269476076,1.3174991271273024,1.5910137359992662,1.8645283448712298,2.1380429537431938,2.4115575626151577,2.685072171487121,3.9381155800368046,5.191158988586489,6.444202397136173,7.697245805685856,8.797592590406415,8.64138839022672,8.367873781354756,8.094359172482793,7.820844563610829,7.547329954738865,7.273815345866902,6.020771937317218,4.767728528767535,3.514685120217851,2.261641711668167
5768,2.8365400828547638,3.218079229059924,3.8861568494030205,4.554234469746118,5.222312090089215,5.890389710432311,6.558467330775408,9.61910918103339,12.679751031291374,15.74039288154936,18.801034731807345,21.40384848736475,21.02230934115959,20.354231720816493,19.686154100473395,19.018076480130297,18.3499988597872,17.6819212394441,14.621279389186117,11.560637538928134,8.499995688670149,5.439353838412163
5769,4.187241305649756,4.750461435119857,5.736663683482037,6.722865931844216,7.709068180206397,8.695270428568575,9.681472676930756,14.199528337297998,18.717583997665233,23.23563965803248,27.75369531839972,32.29130966000392,31.72808953053382,30.74188728217164,29.75568503380946,28.76948278544728,27.7832805370851,26.797078288722922,22.27902262835568,17.760966967988445,13.242911307621199,8.724855647253957
5770,4.1224380187469025,4.6769415462886,5.647880965838258,6.618820385387915,7.5897598049375725,8.56069922448723,9.53163864403689,13.979771212843394,18.427903781649896,22.876036350456406,27.324168919262913,32.91035711924829,32.35585359170659,31.384914172156932,30.413974752607274,29.443035333057615,28.472095913507957,27.501156493958298,23.053023925151795,18.60489135634529,14.15675878753878,9.708626218732274
5771,3.351595880008395,3.8024144805325077,4.591800893015079,5.381187305497649,6.170573717980221,6.959960130462791,7.7493465429453625,11.365736340329079,14.982126137712793,18.59851593509651,22.21490573248023,27.356769827551037,26.905951227026925,26.116564814544354,25.327178402061783,24.537791989579212,23.74840557709664,22.95901916461407,19.34262936723035,15.726239569846637,12.109849772462919,8.493459975079201
5772,2.9910124143164416,3.3933294236000933,4.097789222441407,4.80224902128272,5.506708820124034,6.211168618965348,6.915628417806662,10.142946736074473,13.370265054342282,16.597583372610092,19.82490169087791,24.2284335048095,23.82611649552585,23.121656696684536,22.417196897843223,21.71273709900191,21.008277300160596,20.303817501319283,17.076499183051475,13.849180864783666,10.621862546515855,7.394544228248039
5773,2.7047846416677372,3.0686015427890947,3.7056473923676854,4.342693241946275,4.979739091524866,5.6167849411034565,6.253830790682048,9.172307818474215,12.090784846266383,15.009261874058554,17.92773890185072,22.802692522038395,22.438875620917038,21.801829771338447,21.164783921759856,20.527738072181265,19.890692222602674,19.253646373024083,16.335169345231915,13.416692317439747,10.498215289647575,7.579738261855409
5774,2.20733046474823,2.5042354815337093,3.0241181699939683,3.544000858454227,4.063883546914486,4.583766235374744,5.103648923835004,7.485370246439614,9.867091569044224,12.248812891648836,14.630534214253444,19.724931122724897,19.428026105939416,18.908143417479156,18.388260729018896,17.868378040558635,17.348495352098375,16.828612663638115,14.446891341033504,12.065170018428894,9.683448695824282,7.3017273732196735
5775,1.677916042855984,1.903610246250039,2.298802319798513,2.693994393346985,3.0891864668954585,3.484378540443932,3.879570613992405,5.690050956937462,7.500531299882518,9.311011642827577,11.121491985772634,14.871256559632515,14.645562356238461,14.250370282689987,13.855178209141515,13.459986135593041,13.064794062044568,12.669601988496094,10.859121645551037,9.04864130260598,7.238160959660921,5.427680616715864
5776,1.1172675321315855,1.2675496673528908,1.5306947005095728,1.7938397336662546,2.0569847668229366,2.3201297999796187,2.583274833136301,3.7888124482913326,4.9943500634463645,6.199887678601396,7.405425293756428,10.033161309414842,9.882879174193537,9.619734141036854,9.356589107880172,9.09344407472349,8.830299041566807,8.567154008410125,7.361616393255093,6.156078778100062,4.95054116294503,3.745003547789998
5777,0.6682540838903488,0.7581400312657272,0.9155309318380566,1.0729218324103855,1.2303127329827148,1.3877036335550441,1.5450945341273732,2.2661442482220826,2.987193962316792,3.7082436764115014,4.429293390506211,6.0734388854665,5.983552938091121,5.826162037518792,5.668771136946463,5.5113802363741335,5.3539893358018045,5.196598435229475,4.475548721134766,3.7544990070400566,3.033449292945347,2.3123995788506377
5778,0.4397550001969972,0.4989058467966161,0.6024793784527985,0.7060529101089809,0.8096264417651632,0.9131999734213457,1.016773505077528,1.4912714914090162,1.9657694777405041,2.4402674640719924,2.9147654504034803,3.6846018562989733,3.625451009699354,3.5218774780431716,3.418303946386989,3.314730414730807,3.2111568830746244,3.1075833514184423,2.633085365086954,2.158587378755466,1.6840893924239777,1.2095914060924897
5779,0.286284866305672,0.32479265405806435,0.39222005033488544,0.4596474466117065,0.5270748428885276,0.5945022391653487,0.6619296354421698,0.9708325302776295,1.2797354251130895,1.5886383199485492,1.8975412147840094,2.22844041223525,2.1899326244828576,2.1225052282060366,2.0550778319292156,1.9876504356523945,1.9202230393755735,1.8527956430987524,1.5438927482632927,1.2349898534278327,0.926086958592373,0.6171840637569128
5780,0.1600000684787465,0.18152145994052682,0.21920556165659857,0.25688966337267033,0.2945737650887421,0.33225786680481384,0.3699419685208856,0.5425828942000834,0.7152238198792811,0.887864745558479,1.0605056712376768,1.3303544742870113,1.308833082825231,1.2711489811091592,1.2334648793930874,1.1957807776770155,1.1580966759609437,1.1204125742448718,0.947771648565674,0.7751307228864763,0.6024897972072784,0.4298488715280806
5781,0.0966650333943288,0.10966731548161278,0.1324343991801003,0.15520148287858784,0.17796856657707538,0.20073565027556292,0.2235027339740505,0.3278048196211218,0.432106905268193,0.5364089909152644,0.6407110765623357,0.8750441895076194,0.8620419074203355,0.8392748237218479,0.8165077400233604,0.7937406563248728,0.7709735726263852,0.7482064889278977,0.6439044032808263,0.5396023176337551,0.4353002319866837,0.3309981463396124
5782,0.060485888935644626,0.06862176353916513,0.08286773488598757,0.09711370623281,0.11135967757963244,0.1256056489264549,0.13985162027327736,0.2051162164429092,0.27038081261254104,0.33564540878217297,0.40091000495180484,0.6530761972950729,0.6449403226915524,0.63069435134473,0.6164483799979075,0.602202408651085,0.5879564373042625,0.57371046595744,0.5084458697878081,0.4431812736181763,0.37791667744854435,0.3126520812789125
5783,0.04326251605801909,0.04908169821561838,0.059271125452270715,0.06946055268892304,0.07964997992557539,0.08983940716222773,0.10002883439888008,0.1467093195416705,0.19338980468446088,0.24007028982725132,0.28675077497004176,0.499578441059629,0.4937592589020297,0.48356983166537737,0.47338040442872503,0.4631909771920727,0.45300154995542036,0.442812122718768,0.3961316375759776,0.3494511524331872,0.30277066729039676,0.2560901821476063
5784,0.031367184720614005,0.03558634204876214,0.04297411500909338,0.050361887969424625,0.057749660929755864,0.0651374338900871,0.07252520685041834,0.10637056615310214,0.14021592545578596,0.17406128475846977,0.20790664406115364,0.38513873965896495,0.3809195823308168,0.3735318093704856,0.36614403641015436,0.35875626344982314,0.3513684904894919,0.3439807175291607,0.3101353582264769,0.27628999892379313,0.24244463962110932,0.20859928031842545
5785,0.027541528392130105,0.031246101893993974,0.037732835101129916,0.04421956830826585,0.05070630151540179,0.057193034722537735,0.06367976792967367,0.09339722368731823,0.1231146794449628,0.15283213520260736,0.18254959096025195,0.2947264391013124,0.29102186559944854,0.2845351323923126,0.27804839918517665,0.2715616659780407,0.26507493277090477,0.25858819956376883,0.22887074380612427,0.1991532880484797,0.16943583229083514,0.13971837653319055
5786,0.021214760756460276,0.024068329353953997,0.029064947229369295,0.03406156510478459,0.03905818298019989,0.04405480085561519,0.049051418731030486,0.07194225852804301,0.09483309832505553,0.11772393812206808,0.1406147779190806,0.2196416620198345,0.2167880934223408,0.21179147554692548,0.20679485767151018,0.20179823979609487,0.19680162192067957,0.19180500404526427,0.16891416424825173,0.14602332445123922,0.12313248465422667,0.10024164485721414
5787,0.017379901386824617,0.01971764826949346,0.023811058840523276,0.02790446941155309,0.03199787998258291,0.03609129055361272,0.04018470112464254,0.058937707246218926,0.07769071336779533,0.09644371948937172,0.11519672561094813,0.1725522635160582,0.17021451663338938,0.16612110606235955,0.16202769549132973,0.1579342849202999,0.15384087434927007,0.14974746377824025,0.13099445765666387,0.11224145153508747,0.09348844541351108,0.07473543929193467
5788,0.018861538995962508,0.02139857893702769,0.025840952998510806,0.030283327059993915,0.03472570112147703,0.03916807518296014,0.04361044924444325,0.0639621502340575,0.08431385122367176,0.10466555221328604,0.1250172532029003,0.16219714722554288,0.1596601072844777,0.15521773322299456,0.15077535916151147,0.14633298510002835,0.14189061103854522,0.1374482369770621,0.11709653598744785,0.0967448349978336,0.07639313400821932,0.05604143301860505
5789,0.06031042844298219,0.06842270209442457,0.08262734801485494,0.09683199393528533,0.1110366398557157,0.1252412857761461,0.1394459316965765,0.20452120506052845,0.2695964784244804,0.33467175178843245,0.39974702515238447,0.4566317751531136,0.4485195015016712,0.43431485558124083,0.4201102096608105,0.4059055637403801,0.3917009178199497,0.3774962718995193,0.3124209985355673,0.24734572517161535,0.18227045180766333,0.1171951784437113
5790,0.30895518501738617,0.35051232648691727,0.4232791617051753,0.4960459969234333,0.5688128321416914,0.6415796673599494,0.7143465025782075,1.0477107919933368,1.3810750814084662,1.7144393708235957,2.0478036602387255,2.1024107163262697,2.0608535748567385,1.9880867396384805,1.9153199044202225,1.8425530692019643,1.7697862339837063,1.6970193987654483,1.363655109350319,1.0302908199351897,0.6969265305200603,0.3635622411049304
5791,1.1612949269476076,1.3174991271273024,1.5910137359992662,1.8645283448712298,2.1380429537431938,2.4115575626151577,2.685072171487121,3.9381155800368046,5.191158988586489,6.444202397136173,7.697245805685856,8.797592590406415,8.64138839022672,8.367873781354756,8.094359172482793,7.820844563610829,7.547329954738865,7.273815345866902,6.020771937317218,4.767728528767535,3.514685120217851,2.261641711668167
5792,2.8365400828547638,3.218079229059924,3.8861568494030205,4.554234469746118,5.222312090089215,5.890389710432311,6.558467330775408,9.61910918103339,12.679751031291374,15.74039288154936,18.801034731807345,21.40384848736475,21.02230934115959,20.354231720816493,19.686154100473395,19.018076480130297,18.3499988597872,17.6819212394441,14.621279389186117,11.560637538928134,8.499995688670149,5.439353838412163
5793,4.187241305649756,4.750461435119857,5.736663683482037,6.722865931844216,7.709068180206397,8.695270428568575,9.681472676930756,14.199528337297998,18.717583997665233,23.23563965803248,27.75369531839972,32.29130966000392,31.72808953053382,30.74188728217164,29.75568503380946,28.76948278544728,27.7832805370851,26.797078288722922,22.27902262835568,17.760966967988445,13.242911307621199,8.724855647253957
5794,4.1224380187469025,4.6769415462886,5.647880965838258,6.618820385387915,7.5897598049375725,8.56069922448723,9.53163864403689,13.979771212843394,18.427903781649896,22.876036350456406,27.324168919262913,32.91035711924829,32.35585359170659,31.384914172156932,30.413974752607274,29.443035333057615,28.472095913507957,27.501156493958298,23.053023925151795,18.60489135634529,14.15675878753878,9.708626218732274
5795,3.351595880008395,3.8024144805325077,4.591800893015079,5.381187305497649,6.170573717980221,6.959960130462791,7.7493465429453625,11.365736340329079,14.982126137712793,18.59851593509651,22.21490573248023,27.356769827551037,26.905951227026925,26.116564814544354,25.327178402061783,24.537791989579212,23.74840557709664,22.95901916461407,19.34262936723035,15.726239569846637,12.109849772462919,8.493459975079201
5796,2.9910124143164416,3.3933294236000933,4.097789222441407,4.80224902128272,5.506708820124034,6.211168618965348,6.915628417806662,10.142946736074473,13.370265054342282,16.597583372610092,19.82490169087791,24.2284335048095,23.82611649552585,23.121656696684536,22.417196897843223,21.71273709900191,21.008277300160596,20.303817501319283,17.076499183051475,13.849180864783666,10.621862546515855,7.394544228248039
5797,2.7047846416677372,3.0686015427890947,3.7056473923676854,4.342693241946275,4.979739091524866,5.6167849411034565,6.253830790682048,9.172307818474215,12.090784846266383,15.009261874058554,17.92773890185072,22.802692522038395,22.438875620917038,21.801829771338447,21.164783921759856,20.527738072181265,19.890692222602674,19.253646373024083,16.335169345231915,13.416692317439747,10.498215289647575,7.579738261855409
5798,2.20733046474823,2.5042354815337093,3.0241181699939683,3.544000858454227,4.063883546914486,4.583766235374744,5.103648923835004,7.485370246439614,9.867091569044224,12.248812891648836,14.630534214253444,19.724931122724897,19.428026105939416,18.908143417479156,18.388260729018896,17.868378040558635,17.348495352098375,16.828612663638115,14.446891341033504,12.065170018428894,9.683448695824282,7.3017273732196735
5799,1.677916042855984,1.903610246250039,2.298802319798513,2.693994393346985,3.0891864668954585,3.484378540443932,3.879570613992405,5.690050956937462,7.500531299882518,9.311011642827577,11.121491985772634,14.871256559632515,14.645562356238461,14.250370282689987,13.855178209141515,13.459986135593041,13.064794062044568,12.669601988496094,10.859121645551037,9.04864130260598,7.238160959660921,5.427680616715864
5800,1.1172675321315855,1.2675496673528908,1.5306947005095728,1.7938397336662546,2.0569847668229366,2.3201297999796187,2.583274833136301,3.7888124482913326,4.9943500634463645,6.199887678601396,7.405425293756428,10.033161309414842,9.882879174193537,9.619734141036854,9.356589107880172,9.09344407472349,8.830299041566807,8.567154008410125,7.361616393255093,6.156078778100062,4.95054116294503,3.745003547789998
5801,0.6682540838903488,0.7581400312657272,0.9155309318380566,1.0729218324103855,1.2303127329827148,1.3877036335550441,1.5450945341273732,2.2661442482220826,2.987193962316792,3.7082436764115014,4.429293390506211,6.0734388854665,5.983552938091121,5.826162037518792,5.668771136946463,5.5113802363741335,5.3539893358018045,5.196598435229475,4.475548721134766,3.7544990070400566,3.033449292945347,2.3123995788506377
5802,0.4397550001969972,0.4989058467966161,0.6024793784527985,0.7060529101089809,0.8096264417651632,0.9131999734213457,1.016773505077528,1.4912714914090162,1.9657694777405041,2.4402674640719924,2.9147654504034803,3.6846018562989733,3.625451009699354,3.5218774780431716,3.418303946386989,3.314730414730807,3.2111568830746244,3.1075833514184423,2.633085365086954,2.158587378755466,1.6840893924239777,1.2095914060924897
5803,0.286284866305672,0.32479265405806435,0.39222005033488544,0.4596474466117065,0.5270748428885276,0.5945022391653487,0.6619296354421698,0.9708325302776295,1.2797354251130895,1.5886383199485492,1.8975412147840094,2.22844041223525,2.1899326244828576,2.1225052282060366,2.0550778319292156,1.9876504356523945,1.9202230393755735,1.8527956430987524,1.5438927482632927,1.2349898534278327,0.926086958592373,0.6171840637569128
5804,0.1600000684787465,0.18152145994052682,0.21920556165659857,0.25688966337267033,0.2945737650887421,0.33225786680481384,0.3699419685208856,0.5425828942000834,0.7152238198792811,0.887864745558479,1.0605056712376768,1.3303544742870113,1.308833082825231,1.2711489811091592,1.2334648793930874,1.1957807776770155,1.1580966759609437,1.1204125742448718,0.947771648565674,0.7751307228864763,0.6024897972072784,0.4298488715280806
5805,0.0966650333943288,0.10966731548161278,0.1324343991801003,0.15520148287858784,0.17796856657707538,0.20073565027556292,0.2235027339740505,0.3278048196211218,0.432106905268193,0.5364089909152644,0.6407110765623357,0.8750441895076194,0.8620419074203355,0.8392748237218479,0.8165077400233604,0.7937406563248728,0.7709735726263852,0.7482064889278977,0.6439044032808263,0.5396023176337551,0.4353002319866837,0.3309981463396124
5806,0.060485888935644626,0.06862176353916513,0.08286773488598757,0.09711370623281,0.11135967757963244,0.1256056489264549,0.13985162027327736,0.2051162164429092,0.27038081261254104,0.33564540878217297,0.40091000495180484,0.6530761972950729,0.6449403226915524,0.63069435134473,0.6164483799979075,0.602202408651085,0.5879564373042625,0.57371046595744,0.5084458697878081,0.4431812736181763,0.37791667744854435,0.3126520812789125
5807,0.04326251605801909,0.04908169821561838,0.059271125452270715,0.06946055268892304,0.07964997992557539,0.08983940716222773,0.10002883439888008,0.1467093195416705,0.19338980468446088,0.24007028982725132,0.28675077497004176,0.499578441059629,0.4937592589020297,0.48356983166537737,0.47338040442872503,0.4631909771920727,0.45300154995542036,0.442812122718768,0.3961316375759776,0.3494511524331872,0.30277066729039676,0.2560901821476063
5808,0.031367184720614005,0.03558634204876214,0.04297411500909338,0.050361887969424625,0.057749660929755864,0.0651374338900871,0.07252520685041834,0.10637056615310214,0.14021592545578596,0.17406128475846977,0.20790664406115364,0.38513873965896495,0.3809195823308168,0.3735318093704856,0.36614403641015436,0.35875626344982314,0.3513684904894919,0.3439807175291607,0.3101353582264769,0.27628999892379313,0.24244463962110932,0.20859928031842545
5809,0.027541528392130105,0.031246101893993974,0.037732835101129916,0.04421956830826585,0.05070630151540179,0.057193034722537735,0.06367976792967367,0.09339722368731823,0.1231146794449628,0.15283213520260736,0.18254959096025195,0.2947264391013124,0.29102186559944854,0.2845351323923126,0.27804839918517665,0.2715616659780407,0.26507493277090477,0.25858819956376883,0.22887074380612427,0.1991532880484797,0.16943583229083514,0.13971837653319055
5810,0.021214760756460276,0.024068329353953997,0.029064947229369295,0.03406156510478459,0.03905818298019989,0.04405480085561519,0.049051418731030486,0.07194225852804301,0.09483309832505553,0.11772393812206808,0.1406147779190806,0.2196416620198345,0.2167880934223408,0.21179147554692548,0.20679485767151018,0.20179823979609487,0.19680162192067957,0.19180500404526427,0.16891416424825173,0.14602332445123922,0.12313248465422667,0.10024164485721414
5811,0.017379901386824617,0.01971764826949346,0.023811058840523276,0.02790446941155309,0.03199787998258291,0.03609129055361272,0.04018470112464254,0.058937707246218926,0.07769071336779533,0.09644371948937172,0.11519672561094813,0.1725522635160582,0.17021451663338938,0.16612110606235955,0.16202769549132973,0.1579342849202999,0.15384087434927007,0.14974746377824025,0.13099445765666387,0.11224145153508747,0.09348844541351108,0.07473543929193467
5812,0.018861538995962508,0.02139857893702769,0.025840952998510806,0.030283327059993915,0.03472570112147703,0.03916807518296014,0.04361044924444325,0.0639621502340575,0.08431385122367176,0.10466555221328604,0.1250172532029003,0.16219714722554288,0.1596601072844777,0.15521773322299456,0.15077535916151147,0.14633298510002835,0.14189061103854522,0.1374482369770621,0.11709653598744785,0.0967448349978336,0.07639313400821932,0.05604143301860505
5813,0.06031042844298219,0.06842270209442457,0.08262734801485494,0.09683199393528533,0.1110366398557157,0.1252412857761461,0.1394459316965765,0.20452120506052845,0.2695964784244804,0.33467175178843245,0.39974702515238447,0.4566317751531136,0.4485195015016712,0.43431485558124083,0.4201102096608105,0.4059055637403801,0.3917009178199497,0.3774962718995193,0.3124209985355673,0.24734572517161535,0.18227045180766333,0.1171951784437113
5814,0.30895518501738617,0.35051232648691727,0.4232791617051753,0.4960459969234333,0.5688128321416914,0.6415796673599494,0.7143465025782075,1.0477107919933368,1.3810750814084662,1.7144393708235957,2.0478036602387255,2.1024107163262697,2.0608535748567385,1.9880867396384805,1.9153199044202225,1.8425530692019643,1.7697862339837063,1.6970193987654483,1.363655109350319,1.0302908199351897,0.6969265305200603,0.3635622411049304
5815,1.1612949269476076,1.3174991271273024,1.5910137359992662,1.8645283448712298,2.1380429537431938,2.4115575626151577,2.685072171487121,3.9381155800368046,5.191158988586489,6.444202397136173,7.697245805685856,8.797592590406415,8.64138839022672,8.367873781354756,8.094359172482793,7.820844563610829,7.547329954738865,7.273815345866902,6.020771937317218,4.767728528767535,3.514685120217851,2.261641711668167
5816,2.8365400828547638,3.218079229059924,3.8861568494030205,4.554234469746118,5.222312090089215,5.890389710432311,6.558467330775408,9.61910918103339,12.679751031291374,15.74039288154936,18.801034731807345,21.40384848736475,21.02230934115959,20.354231720816493,19.686154100473395,19.018076480130297,18.3499988597872,17.6819212394441,14.621279389186117,11.560637538928134,8.499995688670149,5.439353838412163
5817,4.187241305649756,4.750461435119857,5.736663683482037,6.722865931844216,7.709068180206397,8.695270428568575,9.681472676930756,14.199528337297998,18.717583997665233,23.23563965803248,27.75369531839972,32.29130966000392,31.72808953053382,30.74188728217164,29.75568503380946,28.76948278544728,27.7832805370851,26.797078288722922,22.27902262835568,17.760966967988445,13.242911307621199,8.724855647253957
5818,4.1224380187469025,4.6769415462886,5.647880965838258,6.618820385387915,7.5897598049375725,8.56069922448723,9.53163864403689,13.979771212843394,18.427903781649896,22.876036350456406,27.324168919262913,32.91035711924829,32.35585359170659,31.384914172156932,30.413974752607274,29.443035333057615,28.472095913507957,27.501156493958298,23.053023925151795,18.60489135634529,14.15675878753878,9.708626218732274
5819,3.351595880008395,3.8024144805325077,4.591800893015079,5.381187305497649,6.170573717980221,6.959960130462791,7.7493465429453625,11.365736340329079,14.982126137712793,18.59851593509651,22.21490573248023,27.356769827551037,26.905951227026925,26.116564814544354,25.327178402061783,24.537791989579212,23.74840557709664,22.95901916461407,19.34262936723035,15.726239569846637,12.109849772462919,8.493459975079201
5820,2.9910124143164416,3.3933294236000933,4.097789222441407,4.80224902128272,5.506708820124034,6.211168618965348,6.915628417806662,10.142946736074473,13.370265054342282,16.597583372610092,19.82490169087791,24.2284335048095,23.82611649552585,23.121656696684536,22.417196897843223,21.71273709900191,21.008277300160596,20.303817501319283,17.076499183051475,13.849180864783666,10.621862546515855,7.394544228248039
5821,2.7047846416677372,3.0686015427890947,3.7056473923676854,4.342693241946275,4.979739091524866,5.6167849411034565,6.253830790682048,9.172307818474215,12.090784846266383,15.009261874058554,17.92773890185072,22.802692522038395,22.438875620917038,21.801829771338447,21.164783921759856,20.527738072181265,19.890692222602674,19.253646373024083,16.335169345231915,13.416692317439747,10.498215289647575,7.579738261855409
5822,2.20733046474823,2.5042354815337093,3.0241181699939683,3.544000858454227,4.063883546914486,4.583766235374744,5.103648923835004,7.485370246439614,9.867091569044224,12.248812891648836,14.630534214253444,19.724931122724897,19.428026105939416,18.908143417479156,18.388260729018896,17.868378040558635,17.348495352098375,16.828612663638115,14.446891341033504,12.065170018428894,9.683448695824282,7.3017273732196735
5823,1.677916042855984,1.903610246250039,2.298802319798513,2.693994393346985,3.0891864668954585,3.484378540443932,3.879570613992405,5.690050956937462,7.500531299882518,9.311011642827577,11.121491985772634,14.871256559632515,14.645562356238461,14.250370282689987,13.855178209141515,13.459986135593041,13.064794062044568,12.669601988496094,10.859121645551037,9.04864130260598,7.238160959660921,5.427680616715864
5824,1.1172675321315855,1.2675496673528908,1.5306947005095728,1.7938397336662546,2.0569847668229366,2.3201297999796187,2.583274833136301,3.7888124482913326,4.9943500634463645,6.199887678601396,7.405425293756428,10.033161309414842,9.882879174193537,9.619734141036854,9.356589107880172,9.09344407472349,8.830299041566807,8.567154008410125,7.361616393255093,6.156078778100062,4.95054116294503,3.745003547789998
5825,0.6682540838903488,0.7581400312657272,0.9155309318380566,1.0729218324103855,1.2303127329827148,1.3877036335550441,1.5450945341273732,2.2661442482220826,2.987193962316792,3.7082436764115014,4.429293390506211,6.0734388854665,5.983552938091121,5.826162037518792,5.668771136946463,5.5113802363741335,5.3539893358018045,5.196598435229475,4.475548721134766,3.7544990070400566,3.033449292945347,2.3123995788506377
5826,0.4397550001969972,0.4989058467966161,0.6024793784527985,0.7060529101089809,0.8096264417651632,0.9131999734213457,1.016773505077528,1.4912714914090162,1.9657694777405041,2.4402674640719924,2.9147654504034803,3.6846018562989733,3.625451009699354,3.5218774780431716,3.418303946386989,3.314730414730807,3.2111568830746244,3.1075833514184423,2.633085365086954,2.158587378755466,1.6840893924239777,1.2095914060924897
5827,0.286284866305672,0.32479265405806435,0.39222005033488544,0.4596474466117065,0.5270748428885276,0.5945022391653487,0.6619296354421698,0.9708325302776295,1.2797354251130895,1.5886383199485492,1.8975412147840094,2.22844041223525,2.1899326244828576,2.1225052282060366,2.0550778319292156,1.9876504356523945,1.9202230393755735,1.8527956430987524,1.5438927482632927,1.2349898534278327,0.926086958592373,0.6171840637569128
5828,0.1600000684787465,0.18152145994052682,0.21920556165659857,0.25688966337267033,0.2945737650887421,0.33225786680481384,0.3699419685208856,0.5425828942000834,0.7152238198792811,0.887864745558479,1.0605056712376768,1.3303544742870113,1.308833082825231,1.2711489811091592,1.2334648793930874,1.1957807776770155,1.1580966759609437,1.1204125742448718,0.947771648565674,0.7751307228864763,0.6024897972072784,0.4298488715280806
5829,0.0966650333943288,0.10966731548161278,0.1324343991801003,0.15520148287858784,0.17796856657707538,0.20073565027556292,0.2235027339740505,0.3278048196211218,0.432106905268193,0.5364089909152644,0.6407110765623357,0.8750441895076194,0.8620419074203355,0.8392748237218479,0.8165077400233604,0.7937406563248728,0.7709735726263852,0.7482064889278977,0.6439044032808263,0.5396023176337551,0.4353002319866837,0.3309981463396124
5830,0.060485888935644626,0.06862176353916513,0.08286773488598757,0.09711370623281,0.11135967757963244,0.1256056489264549,0.13985162027327736,0.2051162164429092,0.27038081261254104,0.33564540878217297,0.40091000495180484,0.6530761972950729,0.6449403226915524,0.63069435134473,0.6164483799979075,0.602202408651085,0.5879564373042625,0.57371046595744,0.5084458697878081,0.4431812736181763,0.37791667744854435,0.3126520812789125
5831,0.04326251605801909,0.04908169821561838,0.059271125452270715,0.06946055268892304,0.07964997992557539,0.08983940716222773,0.10002883439888008,0.1467093195416705,0.19338980468446088,0.24007028982725132,0.28675077497004176,0.499578441059629,0.4937592589020297,0.48356983166537737,0.47338040442872503,0.4631909771920727,0.45300154995542036,0.442812122718768,0.3961316375759776,0.3494511524331872,0.30277066729039676,0.2560901821476063
5832,0.06656898268586907,0.07552308595105217,0.09120178120737912,0.10688047646370606,0.12255917172003303,0.13823786697635998,0.1539165622326869,0.2257448489433112,0.29757313565393556,0.36940142236455986,0.44122970907518416,0.4271966781704077,0.4182425749052246,0.4025638796488976,0.3868851843925707,0.3712064891362437,0.35552779387991673,0.3398490986235898,0.2680208119129655,0.19619252520234115,0.12436423849171685,0.05253595178109255
5833,0.056639086305014866,0.06425753272192815,0.07759748382143074,0.09093743492093335,0.10427738602043597,0.11761733711993858,0.1309572882194412,0.19207116387144205,0.25318503952344296,0.31429891517544384,0.3754127908274448,0.3168441383691494,0.3092256919522361,0.2958857408527335,0.28254578975323086,0.26920583865372827,0.2558658875542257,0.24252593645472306,0.1814120608027222,0.1202981851507213,0.05918430949872042,-0.0019295661532805208
5834,0.03392680220936796,0.038490250202461725,0.046480878441028384,0.05447150667959503,0.06246213491816169,0.07045276315672834,0.07844339139529499,0.1150505915949522,0.15165779179460942,0.18826499199426663,0.22487219219392388,0.22601923126692836,0.22145578327383458,0.21346515503526792,0.20547452679670128,0.1974838985581346,0.18949327031956797,0.1815026420810013,0.1448954418813441,0.10828824168168688,0.07168104148202967,0.035073841282372425
5835,0.0236676925723058,0.026851201690074235,0.03242554764354464,0.03799989359701504,0.043574239550485436,0.049148585503955844,0.05472293145742625,0.08026049774238261,0.10579806402733898,0.13133563031229536,0.15687319659725174,0.20284547879051973,0.1996619696727513,0.1940876237192809,0.1885132777658105,0.1829389318123401,0.17736458585886972,0.17179023990539932,0.14625267362044297,0.12071510733548661,0.09517754105053022,0.06963997476557385
5836,0.02469635730095266,0.028018230711428102,0.03383485347536883,0.03965147623930954,0.04546809900325027,0.051284721767191,0.05710134453113172,0.08374884553458932,0.11039634653804692,0.1370438475415045,0.16369134854496212,0.2086410790622131,0.20531920565173767,0.19950258288779693,0.19368596012385622,0.18786933735991548,0.18205271459597477,0.17623609183203404,0.14958859082857645,0.12294108982511885,0.09629358882166127,0.06964608781820365
5837,0.018530992112733714,0.02102357064238779,0.025388092472381524,0.02975261430237525,0.03411713613236898,0.03848165796236271,0.04284617979235644,0.06284121893523797,0.08283625807811949,0.10283129722100104,0.12282633636388257,0.23076451461001737,0.2282719360803633,0.22390741425036959,0.21954289242037586,0.21517837059038214,0.21081384876038842,0.2064493269303947,0.18645428778751316,0.16645924864463163,0.1464642095017501,0.12646917035886857
5838,0.022723898938375474,0.025780459658883387,0.031132518111866028,0.036484576564848666,0.0418366350178313,0.04718869347081395,0.05254075192379659,0.0770599598532782,0.10157916778275981,0.12609837571224142,0.15061758364172306,0.3411068640072945,0.3380503032867866,0.33269824483380395,0.3273461863808213,0.32199412792783866,0.316642069474856,0.31129001102187337,0.2867708030923918,0.2622515951629102,0.2377323872334286,0.21321317930394695
5839,0.05954035988303085,0.0675490526604855,0.08157232777140645,0.0955956028823274,0.10961887799324835,0.12364215310416929,0.13766542821509023,0.20190979350324906,0.2661541587914079,0.33039852407956677,0.3946428893677256,0.5323949645104806,0.524386271733026,0.510362996622105,0.4963397215111841,0.48231644640026317,0.4682931712893422,0.4542698961784213,0.3900255308902625,0.32578116560210363,0.2615368003139448,0.19729243502578592
5840,0.09422208070711786,0.10689576455313886,0.129087470513181,0.15127917647322317,0.17347088243326533,0.1956625883933075,0.21785429435334966,0.31952042104539957,0.42118654773744957,0.5228526744294996,0.6245188011215496,0.7630054397344619,0.7503317558884409,0.7281400499283988,0.7059483439683566,0.6837566380083144,0.6615649320482723,0.6393732260882301,0.5377070993961802,0.4360409727041302,0.33437484601208023,0.23270871932003023
5841,0.11060462621291975,0.12548190395938727,0.1515321177130734,0.17758233146675953,0.2036325452204457,0.22968275897413182,0.255732972727818,0.37507595323620807,0.49441893374459817,0.6137619142529884,0.7331048947613785,1.04243040931092,1.0275531315644524,1.0015029178107662,0.9754527040570801,0.949402490303394,0.9233522765497079,0.8973020627960218,0.7779590822876317,0.6586161017792416,0.5392731212708513,0.41993014076246116
5842,0.14593538259187422,0.16556495229609972,0.19993646134515083,0.23430797039420195,0.2686794794432531,0.3030509884923042,0.3374224975413554,0.4948875522726021,0.6523526070038489,0.8098176617350957,0.9672827164663426,1.3368623237393928,1.3172327540351674,1.2828612449861163,1.2484897359370652,1.2141182268880142,1.1797467178389631,1.145375208789912,0.9879101540586653,0.8304450993274186,0.6729800445961718,0.5155149898649249
5843,0.17412844867806587,0.1975502293326846,0.2385619253527876,0.2795736213728906,0.3205853173929936,0.3615970134130966,0.40260870943319965,0.5904942325625675,0.7783797556919354,0.9662652788213034,1.1541508019506714,1.6963697765134498,1.6729479958588311,1.6319362998387281,1.590924603818625,1.549912907798522,1.508901211778419,1.467889515758316,1.2800039926289482,1.0921184694995802,0.9042329463702122,0.7163474232408442
5844,0.20258246617249245,0.22983155799628885,0.277544901707457,0.32525824541862514,0.3729715891297932,0.4206849328409614,0.46839827655212957,0.6869858360383282,0.9055733955245269,1.1241609550107257,1.3427485144969247,1.9211150761464808,1.8938659843226844,1.8461526406115163,1.7984392969003482,1.7507259531891801,1.7030126094780118,1.6552992657668437,1.4367117062806452,1.2181241467944464,0.9995365873082476,0.7809490278220486
5845,0.22682064156334378,0.25732997737244256,0.31075203030808307,0.3641740832437235,0.4175961361793641,0.4710181891150046,0.5244402420506451,0.769180921820084,1.013921601589523,1.2586622813589619,1.5034029611284008,2.0428941262432594,2.0123847904341607,1.9589627374985201,1.9055406845628797,1.852118631627239,1.7986965786915987,1.745274525755958,1.5005338459865192,1.2557931662170803,1.0110524864476413,0.7663118066782024
5846,0.28713168866453304,0.3257533813399477,0.3933802259058238,0.46100707047169975,0.5286339150375757,0.5962607596034519,0.6638876041693279,0.9737042248382178,1.2835208455071077,1.5933374661759976,1.9031540868448875,2.133676930271694,2.095055237596279,2.027428393030403,1.9598015484645268,1.8921747038986507,1.8245478593327746,1.7569210147668985,1.4471043940980086,1.1372877734291187,0.8274711527602288,0.5176545320913388
5847,0.3067951188581142,0.3480617127682659,0.42031979724889373,0.49257788172952155,0.5648359662101494,0.6370940506907772,0.709352135171405,1.040385701701159,1.3714192682309132,1.7024528347606676,2.0334864012904217,2.1612776545091203,2.120011060598969,2.047752976118341,1.975494891637713,1.9032368071570853,1.8309787226764576,1.7587206381958298,1.427687071666076,1.0966535051363218,0.7656199386065674,0.4345863720768133
5848,0.27598175878396375,0.31310368956544515,0.3781044409318533,0.44310519229826134,0.5081059436646694,0.5731066950310776,0.6381074463974856,0.9358932333664804,1.233679020335475,1.53146480730447,1.829250594273465,1.9097257114610804,1.872603780679599,1.8076030293131908,1.7426022779467827,1.6776015265803745,1.6126007752139664,1.5476000238475582,1.2498142368785634,0.9520284499095688,0.6542426629405738,0.35645687597157893
5849,0.2253108014307007,0.2556170506983482,0.3086834977291007,0.36174994475985317,0.4148163917906057,0.46788283882135817,0.5209492858521106,0.7640608400805081,1.0071723943089055,1.2502839485373032,1.4933955027657007,1.6192575536297766,1.588951304362129,1.5358848573313766,1.4828184103006241,1.4297519632698716,1.3766855162391192,1.3236190692083667,1.0805075149799692,0.8373959607515719,0.5942844065231742,0.3511728522947767
5850,0.181071206183045,0.20542684770103406,0.24807374039633354,0.290720633091633,0.3333675257869325,0.376014418482232,0.41866131117753147,0.6140381066158548,0.809414902054178,1.0047916974925013,1.200168492930825,1.489569188741577,1.4652135472235879,1.4225666545282885,1.379919761832989,1.3372728691376894,1.29462597644239,1.2519790837470905,1.0566022883087673,0.8612254928704441,0.6658486974321208,0.4704719019937972
5851,0.1371027565822645,0.15554426178254532,0.18783546186591396,0.22012666194928254,0.2524178620326512,0.2847090621160198,0.3170002621993884,0.464934866444111,0.6128694706888336,0.7608040749335562,0.9087386791782788,1.2544431595756709,1.23600165437539,1.2037104542920214,1.1714192542086528,1.1391280541252842,1.1068368540419156,1.074545653958547,0.9266110497138245,0.7786764454691019,0.6307418412243793,0.48280723697965666
5852,0.12288693681507708,0.1394162914452449,0.16835930297358676,0.19730231450192862,0.22624532603027048,0.25518833755861237,0.28413134908695425,0.4167270081222759,0.5493226671575976,0.6819183261929194,0.8145139852282411,0.965950353268064,0.9494209986378962,0.9204779871095543,0.8915349755812124,0.8625919640528705,0.8336489525245286,0.8047059409961868,0.6721102819608651,0.5395146229255434,0.40691896389022164,0.27432330485489986
5853,0.10407025709033581,0.11806860573895996,0.14257980870966933,0.16709101168037868,0.19160221465108804,0.2161134176217974,0.24062462059250678,0.3529169820306787,0.4652093434688507,0.5775017049070227,0.6897940663451948,0.756275578156249,0.7422772295076249,0.7177660265369155,0.6932548235662062,0.6687436205954969,0.6442324176247876,0.6197212146540781,0.5074288532159061,0.3951364917777342,0.2828441303395622,0.17055176890139007
5854,0.09174496304809825,0.10408545316899447,0.1256937346673304,0.14730201616566632,0.16891029766400223,0.19051857916233816,0.21212686066067407,0.3111201642112374,0.4101134677618008,0.5091067713123641,0.6081000748629275,0.6380177307790044,0.6256772406581081,0.6040689591597722,0.5824606776614363,0.5608523961631003,0.5392441146647644,0.5176358331664285,0.4186425296158651,0.3196492260653017,0.22065592251473837,0.12166261896417502
5855,0.0756798511426919,0.0858594449247251,0.10368398234795255,0.12150851977117999,0.13933305719440744,0.15715759461763487,0.17498213204086233,0.2566410943198301,0.33830005659879786,0.4199590188777657,0.5016179811567335,0.5589042903878931,0.54872469660586,0.5309001591826326,0.5130756217594051,0.4952510843361777,0.4774265469129503,0.45960200948972285,0.37794304721075506,0.2962840849317873,0.21462512265281947,0.13296616037385167
5856,0.06656898268586907,0.07552308595105217,0.09120178120737912,0.10688047646370606,0.12255917172003303,0.13823786697635998,0.1539165622326869,0.2257448489433112,0.29757313565393556,0.36940142236455986,0.44122970907518416,0.4271966781704077,0.4182425749052246,0.4025638796488976,0.3868851843925707,0.3712064891362437,0.35552779387991673,0.3398490986235898,0.2680208119129655,0.19619252520234115,0.12436423849171685,0.05253595178109255
5857,0.056639086305014866,0.06425753272192815,0.07759748382143074,0.09093743492093335,0.10427738602043597,0.11761733711993858,0.1309572882194412,0.19207116387144205,0.25318503952344296,0.31429891517544384,0.3754127908274448,0.3168441383691494,0.3092256919522361,0.2958857408527335,0.28254578975323086,0.26920583865372827,0.2558658875542257,0.24252593645472306,0.1814120608027222,0.1202981851507213,0.05918430949872042,-0.0019295661532805208
5858,0.03392680220936796,0.038490250202461725,0.046480878441028384,0.05447150667959503,0.06246213491816169,0.07045276315672834,0.07844339139529499,0.1150505915949522,0.15165779179460942,0.18826499199426663,0.22487219219392388,0.22601923126692836,0.22145578327383458,0.21346515503526792,0.20547452679670128,0.1974838985581346,0.18949327031956797,0.1815026420810013,0.1448954418813441,0.10828824168168688,0.07168104148202967,0.035073841282372425
5859,0.0236676925723058,0.026851201690074235,0.03242554764354464,0.03799989359701504,0.043574239550485436,0.049148585503955844,0.05472293145742625,0.08026049774238261,0.10579806402733898,0.13133563031229536,0.15687319659725174,0.20284547879051973,0.1996619696727513,0.1940876237192809,0.1885132777658105,0.1829389318123401,0.17736458585886972,0.17179023990539932,0.14625267362044297,0.12071510733548661,0.09517754105053022,0.06963997476557385
5860,0.02469635730095266,0.028018230711428102,0.03383485347536883,0.03965147623930954,0.04546809900325027,0.051284721767191,0.05710134453113172,0.08374884553458932,0.11039634653804692,0.1370438475415045,0.16369134854496212,0.2086410790622131,0.20531920565173767,0.19950258288779693,0.19368596012385622,0.18786933735991548,0.18205271459597477,0.17623609183203404,0.14958859082857645,0.12294108982511885,0.09629358882166127,0.06964608781820365
5861,0.018530992112733714,0.02102357064238779,0.025388092472381524,0.02975261430237525,0.03411713613236898,0.03848165796236271,0.04284617979235644,0.06284121893523797,0.08283625807811949,0.10283129722100104,0.12282633636388257,0.23076451461001737,0.2282719360803633,0.22390741425036959,0.21954289242037586,0.21517837059038214,0.21081384876038842,0.2064493269303947,0.18645428778751316,0.16645924864463163,0.1464642095017501,0.12646917035886857
5862,0.022723898938375474,0.025780459658883387,0.031132518111866028,0.036484576564848666,0.0418366350178313,0.04718869347081395,0.05254075192379659,0.0770599598532782,0.10157916778275981,0.12609837571224142,0.15061758364172306,0.3411068640072945,0.3380503032867866,0.33269824483380395,0.3273461863808213,0.32199412792783866,0.316642069474856,0.31129001102187337,0.2867708030923918,0.2622515951629102,0.2377323872334286,0.21321317930394695
5863,0.05954035988303085,0.0675490526604855,0.08157232777140645,0.0955956028823274,0.10961887799324835,0.12364215310416929,0.13766542821509023,0.20190979350324906,0.2661541587914079,0.33039852407956677,0.3946428893677256,0.5323949645104806,0.524386271733026,0.510362996622105,0.4963397215111841,0.48231644640026317,0.4682931712893422,0.4542698961784213,0.3900255308902625,0.32578116560210363,0.2615368003139448,0.19729243502578592
5864,0.09422208070711786,0.10689576455313886,0.129087470513181,0.15127917647322317,0.17347088243326533,0.1956625883933075,0.21785429435334966,0.31952042104539957,0.42118654773744957,0.5228526744294996,0.6245188011215496,0.7630054397344619,0.7503317558884409,0.7281400499283988,0.7059483439683566,0.6837566380083144,0.6615649320482723,0.6393732260882301,0.5377070993961802,0.4360409727041302,0.33437484601208023,0.23270871932003023
5865,0.11060462621291975,0.12548190395938727,0.1515321177130734,0.17758233146675953,0.2036325452204457,0.22968275897413182,0.255732972727818,0.37507595323620807,0.49441893374459817,0.6137619142529884,0.7331048947613785,1.04243040931092,1.0275531315644524,1.0015029178107662,0.9754527040570801,0.949402490303394,0.9233522765497079,0.8973020627960218,0.7779590822876317,0.6586161017792416,0.5392731212708513,0.41993014076246116
5866,0.14593538259187422,0.16556495229609972,0.19993646134515083,0.23430797039420195,0.2686794794432531,0.3030509884923042,0.3374224975413554,0.4948875522726021,0.6523526070038489,0.8098176617350957,0.9672827164663426,1.3368623237393928,1.3172327540351674,1.2828612449861163,1.2484897359370652,1.2141182268880142,1.1797467178389631,1.145375208789912,0.9879101540586653,0.8304450993274186,0.6729800445961718,0.5155149898649249
5867,0.17412844867806587,0.1975502293326846,0.2385619253527876,0.2795736213728906,0.3205853173929936,0.3615970134130966,0.40260870943319965,0.5904942325625675,0.7783797556919354,0.9662652788213034,1.1541508019506714,1.6963697765134498,1.6729479958588311,1.6319362998387281,1.590924603818625,1.549912907798522,1.508901211778419,1.467889515758316,1.2800039926289482,1.0921184694995802,0.9042329463702122,0.7163474232408442
5868,0.20258246617249245,0.22983155799628885,0.277544901707457,0.32525824541862514,0.3729715891297932,0.4206849328409614,0.46839827655212957,0.6869858360383282,0.9055733955245269,1.1241609550107257,1.3427485144969247,1.9211150761464808,1.8938659843226844,1.8461526406115163,1.7984392969003482,1.7507259531891801,1.7030126094780118,1.6552992657668437,1.4367117062806452,1.2181241467944464,0.9995365873082476,0.7809490278220486
5869,0.22682064156334378,0.25732997737244256,0.31075203030808307,0.3641740832437235,0.4175961361793641,0.4710181891150046,0.5244402420506451,0.769180921820084,1.013921601589523,1.2586622813589619,1.5034029611284008,2.0428941262432594,2.0123847904341607,1.9589627374985201,1.9055406845628797,1.852118631627239,1.7986965786915987,1.745274525755958,1.5005338459865192,1.2557931662170803,1.0110524864476413,0.7663118066782024
5870,0.28713168866453304,0.3257533813399477,0.3933802259058238,0.46100707047169975,0.5286339150375757,0.5962607596034519,0.6638876041693279,0.9737042248382178,1.2835208455071077,1.5933374661759976,1.9031540868448875,2.133676930271694,2.095055237596279,2.027428393030403,1.9598015484645268,1.8921747038986507,1.8245478593327746,1.7569210147668985,1.4471043940980086,1.1372877734291187,0.8274711527602288,0.5176545320913388
5871,0.3067951188581142,0.3480617127682659,0.42031979724889373,0.49257788172952155,0.5648359662101494,0.6370940506907772,0.709352135171405,1.040385701701159,1.3714192682309132,1.7024528347606676,2.0334864012904217,2.1612776545091203,2.120011060598969,2.047752976118341,1.975494891637713,1.9032368071570853,1.8309787226764576,1.7587206381958298,1.427687071666076,1.0966535051363218,0.7656199386065674,0.4345863720768133
5872,0.27598175878396375,0.31310368956544515,0.3781044409318533,0.44310519229826134,0.5081059436646694,0.5731066950310776,0.6381074463974856,0.9358932333664804,1.233679020335475,1.53146480730447,1.829250594273465,1.9097257114610804,1.872603780679599,1.8076030293131908,1.7426022779467827,1.6776015265803745,1.6126007752139664,1.5476000238475582,1.2498142368785634,0.9520284499095688,0.6542426629405738,0.35645687597157893
5873,0.2253108014307007,0.2556170506983482,0.3086834977291007,0.36174994475985317,0.4148163917906057,0.46788283882135817,0.5209492858521106,0.7640608400805081,1.0071723943089055,1.2502839485373032,1.4933955027657007,1.6192575536297766,1.588951304362129,1.5358848573313766,1.4828184103006241,1.4297519632698716,1.3766855162391192,1.3236190692083667,1.0805075149799692,0.8373959607515719,0.5942844065231742,0.3511728522947767
5874,0.181071206183045,0.20542684770103406,0.24807374039633354,0.290720633091633,0.3333675257869325,0.376014418482232,0.41866131117753147,0.6140381066158548,0.809414902054178,1.0047916974925013,1.200168492930825,1.489569188741577,1.4652135472235879,1.4225666545282885,1.379919761832989,1.3372728691376894,1.29462597644239,1.2519790837470905,1.0566022883087673,0.8612254928704441,0.6658486974321208,0.4704719019937972
5875,0.1371027565822645,0.15554426178254532,0.18783546186591396,0.22012666194928254,0.2524178620326512,0.2847090621160198,0.3170002621993884,0.464934866444111,0.6128694706888336,0.7608040749335562,0.9087386791782788,1.2544431595756709,1.23600165437539,1.2037104542920214,1.1714192542086528,1.1391280541252842,1.1068368540419156,1.074545653958547,0.9266110497138245,0.7786764454691019,0.6307418412243793,0.48280723697965666
5876,0.12288693681507708,0.1394162914452449,0.16835930297358676,0.19730231450192862,0.22624532603027048,0.25518833755861237,0.28413134908695425,0.4167270081222759,0.5493226671575976,0.6819183261929194,0.8145139852282411,0.965950353268064,0.9494209986378962,0.9204779871095543,0.8915349755812124,0.8625919640528705,0.8336489525245286,0.8047059409961868,0.6721102819608651,0.5395146229255434,0.40691896389022164,0.27432330485489986
5877,0.10407025709033581,0.11806860573895996,0.14257980870966933,0.16709101168037868,0.19160221465108804,0.2161134176217974,0.24062462059250678,0.3529169820306787,0.4652093434688507,0.5775017049070227,0.6897940663451948,0.756275578156249,0.7422772295076249,0.7177660265369155,0.6932548235662062,0.6687436205954969,0.6442324176247876,0.6197212146540781,0.5074288532159061,0.3951364917777342,0.2828441303395622,0.17055176890139007
5878,0.09174496304809825,0.10408545316899447,0.1256937346673304,0.14730201616566632,0.16891029766400223,0.19051857916233816,0.21212686066067407,0.3111201642112374,0.4101134677618008,0.5091067713123641,0.6081000748629275,0.6380177307790044,0.6256772406581081,0.6040689591597722,0.5824606776614363,0.5608523961631003,0.5392441146647644,0.5176358331664285,0.4186425296158651,0.3196492260653017,0.22065592251473837,0.12166261896417502
5879,0.0756798511426919,0.0858594449247251,0.10368398234795255,0.12150851977117999,0.13933305719440744,0.15715759461763487,0.17498213204086233,0.2566410943198301,0.33830005659879786,0.4199590188777657,0.5016179811567335,0.5589042903878931,0.54872469660586,0.5309001591826326,0.5130756217594051,0.4952510843361777,0.4774265469129503,0.45960200948972285,0.37794304721075506,0.2962840849317873,0.21462512265281947,0.13296616037385167
5880,0.031367184720614005,0.03558634204876214,0.04297411500909338,0.050361887969424625,0.057749660929755864,0.0651374338900871,0.07252520685041834,0.10637056615310214,0.14021592545578596,0.17406128475846977,0.20790664406115364,0.38513873965896495,0.3809195823308168,0.3735318093704856,0.36614403641015436,0.35875626344982314,0.3513684904894919,0.3439807175291607,0.3101353582264769,0.27628999892379313,0.24244463962110932,0.20859928031842545
5881,0.027541528392130105,0.031246101893993974,0.037732835101129916,0.04421956830826585,0.05070630151540179,0.057193034722537735,0.06367976792967367,0.09339722368731823,0.1231146794449628,0.15283213520260736,0.18254959096025195,0.2947264391013124,0.29102186559944854,0.2845351323923126,0.27804839918517665,0.2715616659780407,0.26507493277090477,0.25858819956376883,0.22887074380612427,0.1991532880484797,0.16943583229083514,0.13971837653319055
5882,0.021214760756460276,0.024068329353953997,0.029064947229369295,0.03406156510478459,0.03905818298019989,0.04405480085561519,0.049051418731030486,0.07194225852804301,0.09483309832505553,0.11772393812206808,0.1406147779190806,0.2196416620198345,0.2167880934223408,0.21179147554692548,0.20679485767151018,0.20179823979609487,0.19680162192067957,0.19180500404526427,0.16891416424825173,0.14602332445123922,0.12313248465422667,0.10024164485721414
5883,0.017379901386824617,0.01971764826949346,0.023811058840523276,0.02790446941155309,0.03199787998258291,0.03609129055361272,0.04018470112464254,0.058937707246218926,0.07769071336779533,0.09644371948937172,0.11519672561094813,0.1725522635160582,0.17021451663338938,0.16612110606235955,0.16202769549132973,0.1579342849202999,0.15384087434927007,0.14974746377824025,0.13099445765666387,0.11224145153508747,0.09348844541351108,0.07473543929193467
5884,0.018861538995962508,0.02139857893702769,0.025840952998510806,0.030283327059993915,0.03472570112147703,0.03916807518296014,0.04361044924444325,0.0639621502340575,0.08431385122367176,0.10466555221328604,0.1250172532029003,0.16219714722554288,0.1596601072844777,0.15521773322299456,0.15077535916151147,0.14633298510002835,0.14189061103854522,0.1374482369770621,0.11709653598744785,0.0967448349978336,0.07639313400821932,0.05604143301860505
5885,0.06031042844298219,0.06842270209442457,0.08262734801485494,0.09683199393528533,0.1110366398557157,0.1252412857761461,0.1394459316965765,0.20452120506052845,0.2695964784244804,0.33467175178843245,0.39974702515238447,0.4566317751531136,0.4485195015016712,0.43431485558124083,0.4201102096608105,0.4059055637403801,0.3917009178199497,0.3774962718995193,0.3124209985355673,0.24734572517161535,0.18227045180766333,0.1171951784437113
5886,0.30895518501738617,0.35051232648691727,0.4232791617051753,0.4960459969234333,0.5688128321416914,0.6415796673599494,0.7143465025782075,1.0477107919933368,1.3810750814084662,1.7144393708235957,2.0478036602387255,2.1024107163262697,2.0608535748567385,1.9880867396384805,1.9153199044202225,1.8425530692019643,1.7697862339837063,1.6970193987654483,1.363655109350319,1.0302908199351897,0.6969265305200603,0.3635622411049304
5887,1.1612949269476076,1.3174991271273024,1.5910137359992662,1.8645283448712298,2.1380429537431938,2.4115575626151577,2.685072171487121,3.9381155800368046,5.191158988586489,6.444202397136173,7.697245805685856,8.797592590406415,8.64138839022672,8.367873781354756,8.094359172482793,7.820844563610829,7.547329954738865,7.273815345866902,6.020771937317218,4.767728528767535,3.514685120217851,2.261641711668167
5888,2.8365400828547638,3.218079229059924,3.8861568494030205,4.554234469746118,5.222312090089215,5.890389710432311,6.558467330775408,9.61910918103339,12.679751031291374,15.74039288154936,18.801034731807345,21.40384848736475,21.02230934115959,20.354231720816493,19.686154100473395,19.018076480130297,18.3499988597872,17.6819212394441,14.621279389186117,11.560637538928134,8.499995688670149,5.439353838412163
5889,4.187241305649756,4.750461435119857,5.736663683482037,6.722865931844216,7.709068180206397,8.695270428568575,9.681472676930756,14.199528337297998,18.717583997665233,23.23563965803248,27.75369531839972,32.29130966000392,31.72808953053382,30.74188728217164,29.75568503380946,28.76948278544728,27.7832805370851,26.797078288722922,22.27902262835568,17.760966967988445,13.242911307621199,8.724855647253957
5890,4.1224380187469025,4.6769415462886,5.647880965838258,6.618820385387915,7.5897598049375725,8.56069922448723,9.53163864403689,13.979771212843394,18.427903781649896,22.876036350456406,27.324168919262913,32.91035711924829,32.35585359170659,31.384914172156932,30.413974752607274,29.443035333057615,28.472095913507957,27.501156493958298,23.053023925151795,18.60489135634529,14.15675878753878,9.708626218732274
5891,3.351595880008395,3.8024144805325077,4.591800893015079,5.381187305497649,6.170573717980221,6.959960130462791,7.7493465429453625,11.365736340329079,14.982126137712793,18.59851593509651,22.21490573248023,27.356769827551037,26.905951227026925,26.116564814544354,25.327178402061783,24.537791989579212,23.74840557709664,22.95901916461407,19.34262936723035,15.726239569846637,12.109849772462919,8.493459975079201
5892,2.9910124143164416,3.3933294236000933,4.097789222441407,4.80224902128272,5.506708820124034,6.211168618965348,6.915628417806662,10.142946736074473,13.370265054342282,16.597583372610092,19.82490169087791,24.2284335048095,23.82611649552585,23.121656696684536,22.417196897843223,21.71273709900191,21.008277300160596,20.303817501319283,17.076499183051475,13.849180864783666,10.621862546515855,7.394544228248039
5893,2.7047846416677372,3.0686015427890947,3.7056473923676854,4.342693241946275,4.979739091524866,5.6167849411034565,6.253830790682048,9.172307818474215,12.090784846266383,15.009261874058554,17.92773890185072,22.802692522038395,22.438875620917038,21.801829771338447,21.164783921759856,20.527738072181265,19.890692222602674,19.253646373024083,16.335169345231915,13.416692317439747,10.498215289647575,7.579738261855409
5894,2.20733046474823,2.5042354815337093,3.0241181699939683,3.544000858454227,4.063883546914486,4.583766235374744,5.103648923835004,7.485370246439614,9.867091569044224,12.248812891648836,14.630534214253444,19.724931122724897,19.428026105939416,18.908143417479156,18.388260729018896,17.868378040558635,17.348495352098375,16.828612663638115,14.446891341033504,12.065170018428894,9.683448695824282,7.3017273732196735
5895,1.677916042855984,1.903610246250039,2.298802319798513,2.693994393346985,3.0891864668954585,3.484378540443932,3.879570613992405,5.690050956937462,7.500531299882518,9.311011642827577,11.121491985772634,14.871256559632515,14.645562356238461,14.250370282689987,13.855178209141515,13.459986135593041,13.064794062044568,12.669601988496094,10.859121645551037,9.04864130260598,7.238160959660921,5.427680616715864
5896,1.1172675321315855,1.2675496673528908,1.5306947005095728,1.7938397336662546,2.0569847668229366,2.3201297999796187,2.583274833136301,3.7888124482913326,4.9943500634463645,6.199887678601396,7.405425293756428,10.033161309414842,9.882879174193537,9.619734141036854,9.356589107880172,9.09344407472349,8.830299041566807,8.567154008410125,7.361616393255093,6.156078778100062,4.95054116294503,3.745003547789998
5897,0.6682540838903488,0.7581400312657272,0.9155309318380566,1.0729218324103855,1.2303127329827148,1.3877036335550441,1.5450945341273732,2.2661442482220826,2.987193962316792,3.7082436764115014,4.429293390506211,6.0734388854665,5.983552938091121,5.826162037518792,5.668771136946463,5.5113802363741335,5.3539893358018045,5.196598435229475,4.475548721134766,3.7544990070400566,3.033449292945347,2.3123995788506377
5898,0.4397550001969972,0.4989058467966161,0.6024793784527985,0.7060529101089809,0.8096264417651632,0.9131999734213457,1.016773505077528,1.4912714914090162,1.9657694777405041,2.4402674640719924,2.9147654504034803,3.6846018562989733,3.625451009699354,3.5218774780431716,3.418303946386989,3.314730414730807,3.2111568830746244,3.1075833514184423,2.633085365086954,2.158587378755466,1.6840893924239777,1.2095914060924897
5899,0.286284866305672,0.32479265405806435,0.39222005033488544,0.4596474466117065,0.5270748428885276,0.5945022391653487,0.6619296354421698,0.9708325302776295,1.2797354251130895,1.5886383199485492,1.8975412147840094,2.22844041223525,2.1899326244828576,2.1225052282060366,2.0550778319292156,1.9876504356523945,1.9202230393755735,1.8527956430987524,1.5438927482632927,1.2349898534278327,0.926086958592373,0.6171840637569128
5900,0.1600000684787465,0.18152145994052682,0.21920556165659857,0.25688966337267033,0.2945737650887421,0.33225786680481384,0.3699419685208856,0.5425828942000834,0.7152238198792811,0.887864745558479,1.0605056712376768,1.3303544742870113,1.308833082825231,1.2711489811091592,1.2334648793930874,1.1957807776770155,1.1580966759609437,1.1204125742448718,0.947771648565674,0.7751307228864763,0.6024897972072784,0.4298488715280806
5901,0.0966650333943288,0.10966731548161278,0.1324343991801003,0.15520148287858784,0.17796856657707538,0.20073565027556292,0.2235027339740505,0.3278048196211218,0.432106905268193,0.5364089909152644,0.6407110765623357,0.8750441895076194,0.8620419074203355,0.8392748237218479,0.8165077400233604,0.7937406563248728,0.7709735726263852,0.7482064889278977,0.6439044032808263,0.5396023176337551,0.4353002319866837,0.3309981463396124
5902,0.060485888935644626,0.06862176353916513,0.08286773488598757,0.09711370623281,0.11135967757963244,0.1256056489264549,0.13985162027327736,0.2051162164429092,0.27038081261254104,0.33564540878217297,0.40091000495180484,0.6530761972950729,0.6449403226915524,0.63069435134473,0.6164483799979075,0.602202408651085,0.5879564373042625,0.57371046595744,0.5084458697878081,0.4431812736181763,0.37791667744854435,0.3126520812789125
5903,0.04326251605801909,0.04908169821561838,0.059271125452270715,0.06946055268892304,0.07964997992557539,0.08983940716222773,0.10002883439888008,0.1467093195416705,0.19338980468446088,0.24007028982725132,0.28675077497004176,0.499578441059629,0.4937592589020297,0.48356983166537737,0.47338040442872503,0.4631909771920727,0.45300154995542036,0.442812122718768,0.3961316375759776,0.3494511524331872,0.30277066729039676,0.2560901821476063
5904,0.031367184720614005,0.03558634204876214,0.04297411500909338,0.050361887969424625,0.057749660929755864,0.0651374338900871,0.07252520685041834,0.10637056615310214,0.14021592545578596,0.17406128475846977,0.20790664406115364,0.38513873965896495,0.3809195823308168,0.3735318093704856,0.36614403641015436,0.35875626344982314,0.3513684904894919,0.3439807175291607,0.3101353582264769,0.27628999892379313,0.24244463962110932,0.20859928031842545
5905,0.027541528392130105,0.031246101893993974,0.037732835101129916,0.04421956830826585,0.05070630151540179,0.057193034722537735,0.06367976792967367,0.09339722368731823,0.1231146794449628,0.15283213520260736,0.18254959096025195,0.2947264391013124,0.29102186559944854,0.2845351323923126,0.27804839918517665,0.2715616659780407,0.26507493277090477,0.25858819956376883,0.22887074380612427,0.1991532880484797,0.16943583229083514,0.13971837653319055
5906,0.021214760756460276,0.024068329353953997,0.029064947229369295,0.03406156510478459,0.03905818298019989,0.04405480085561519,0.049051418731030486,0.07194225852804301,0.09483309832505553,0.11772393812206808,0.1406147779190806,0.2196416620198345,0.2167880934223408,0.21179147554692548,0.20679485767151018,0.20179823979609487,0.19680162192067957,0.19180500404526427,0.16891416424825173,0.14602332445123922,0.12313248465422667,0.10024164485721414
5907,0.017379901386824617,0.01971764826949346,0.023811058840523276,0.02790446941155309,0.03199787998258291,0.03609129055361272,0.04018470112464254,0.058937707246218926,0.07769071336779533,0.09644371948937172,0.11519672561094813,0.1725522635160582,0.17021451663338938,0.16612110606235955,0.16202769549132973,0.1579342849202999,0.15384087434927007,0.14974746377824025,0.13099445765666387,0.11224145153508747,0.09348844541351108,0.07473543929193467
5908,0.018861538995962508,0.02139857893702769,0.025840952998510806,0.030283327059993915,0.03472570112147703,0.03916807518296014,0.04361044924444325,0.0639621502340575,0.08431385122367176,0.10466555221328604,0.1250172532029003,0.16219714722554288,0.1596601072844777,0.15521773322299456,0.15077535916151147,0.14633298510002835,0.14189061103854522,0.1374482369770621,0.11709653598744785,0.0967448349978336,0.07639313400821932,0.05604143301860505
5909,0.06031042844298219,0.06842270209442457,0.08262734801485494,0.09683199393528533,0.1110366398557157,0.1252412857761461,0.1394459316965765,0.20452120506052845,0.2695964784244804,0.33467175178843245,0.39974702515238447,0.4566317751531136,0.4485195015016712,0.43431485558124083,0.4201102096608105,0.4059055637403801,0.3917009178199497,0.3774962718995193,0.3124209985355673,0.24734572517161535,0.18227045180766333,0.1171951784437113
5910,0.30895518501738617,0.35051232648691727,0.4232791617051753,0.4960459969234333,0.5688128321416914,0.6415796673599494,0.7143465025782075,1.0477107919933368,1.3810750814084662,1.7144393708235957,2.0478036602387255,2.1024107163262697,2.0608535748567385,1.9880867396384805,1.9153199044202225,1.8425530692019643,1.7697862339837063,1.6970193987654483,1.363655109350319,1.0302908199351897,0.6969265305200603,0.3635622411049304
5911,1.1612949269476076,1.3174991271273024,1.5910137359992662,1.8645283448712298,2.1380429537431938,2.4115575626151577,2.685072171487121,3.9381155800368046,5.191158988586489,6.444202397136173,7.697245805685856,8.797592590406415,8.64138839022672,8.367873781354756,8.094359172482793,7.820844563610829,7.547329954738865,7.273815345866902,6.020771937317218,4.767728528767535,3.514685120217851,2.261641711668167
5912,2.8365400828547638,3.218079229059924,3.8861568494030205,4.554234469746118,5.222312090089215,5.890389710432311,6.558467330775408,9.61910918103339,12.679751031291374,15.74039288154936,18.801034731807345,21.40384848736475,21.02230934115959,20.354231720816493,19.686154100473395,19.018076480130297,18.3499988597872,17.6819212394441,14.621279389186117,11.560637538928134,8.499995688670149,5.439353838412163
5913,4.187241305649756,4.750461435119857,5.736663683482037,6.722865931844216,7.709068180206397,8.695270428568575,9.681472676930756,14.199528337297998,18.717583997665233,23.23563965803248,27.75369531839972,32.29130966000392,31.72808953053382,30.74188728217164,29.75568503380946,28.76948278544728,27.7832805370851,26.797078288722922,22.27902262835568,17.760966967988445,13.242911307621199,8.724855647253957
5914,4.1224380187469025,4.6769415462886,5.647880965838258,6.618820385387915,7.5897598049375725,8.56069922448723,9.53163864403689,13.979771212843394,18.427903781649896,22.876036350456406,27.324168919262913,32.91035711924829,32.35585359170659,31.384914172156932,30.413974752607274,29.443035333057615,28.472095913507957,27.501156493958298,23.053023925151795,18.60489135634529,14.15675878753878,9.708626218732274
5915,3.351595880008395,3.8024144805325077,4.591800893015079,5.381187305497649,6.170573717980221,6.959960130462791,7.7493465429453625,11.365736340329079,14.982126137712793,18.59851593509651,22.21490573248023,27.356769827551037,26.905951227026925,26.116564814544354,25.327178402061783,24.537791989579212,23.74840557709664,22.95901916461407,19.34262936723035,15.726239569846637,12.109849772462919,8.493459975079201
5916,2.9910124143164416,3.3933294236000933,4.097789222441407,4.80224902128272,5.506708820124034,6.211168618965348,6.915628417806662,10.142946736074473,13.370265054342282,16.597583372610092,19.82490169087791,24.2284335048095,23.82611649552585,23.121656696684536,22.417196897843223,21.71273709900191,21.008277300160596,20.303817501319283,17.076499183051475,13.849180864783666,10.621862546515855,7.394544228248039
5917,2.7047846416677372,3.0686015427890947,3.7056473923676854,4.342693241946275,4.979739091524866,5.6167849411034565,6.253830790682048,9.172307818474215,12.090784846266383,15.009261874058554,17.92773890185072,22.802692522038395,22.438875620917038,21.801829771338447,21.164783921759856,20.527738072181265,19.890692222602674,19.253646373024083,16.335169345231915,13.416692317439747,10.498215289647575,7.579738261855409
5918,2.20733046474823,2.5042354815337093,3.0241181699939683,3.544000858454227,4.063883546914486,4.583766235374744,5.103648923835004,7.485370246439614,9.867091569044224,12.248812891648836,14.630534214253444,19.724931122724897,19.428026105939416,18.908143417479156,18.388260729018896,17.868378040558635,17.348495352098375,16.828612663638115,14.446891341033504,12.065170018428894,9.683448695824282,7.3017273732196735
5919,1.677916042855984,1.903610246250039,2.298802319798513,2.693994393346985,3.0891864668954585,3.484378540443932,3.879570613992405,5.690050956937462,7.500531299882518,9.311011642827577,11.121491985772634,14.871256559632515,14.645562356238461,14.250370282689987,13.855178209141515,13.459986135593041,13.064794062044568,12.669601988496094,10.859121645551037,9.04864130260598,7.238160959660921,5.427680616715864
5920,1.1172675321315855,1.2675496673528908,1.5306947005095728,1.7938397336662546,2.0569847668229366,2.3201297999796187,2.583274833136301,3.7888124482913326,4.9943500634463645,6.199887678601396,7.405425293756428,10.033161309414842,9.882879174193537,9.619734141036854,9.356589107880172,9.09344407472349,8.830299041566807,8.567154008410125,7.361616393255093,6.156078778100062,4.95054116294503,3.745003547789998
5921,0.6682540838903488,0.7581400312657272,0.9155309318380566,1.0729218324103855,1.2303127329827148,1.3877036335550441,1.5450945341273732,2.2661442482220826,2.987193962316792,3.7082436764115014,4.429293390506211,6.0734388854665,5.983552938091121,5.826162037518792,5.668771136946463,5.5113802363741335,5.3539893358018045,5.196598435229475,4.475548721134766,3.7544990070400566,3.033449292945347,2.3123995788506377
5922,0.4397550001969972,0.4989058467966161,0.6024793784527985,0.7060529101089809,0.8096264417651632,0.9131999734213457,1.016773505077528,1.4912714914090162,1.9657694777405041,2.4402674640719924,2.9147654504034803,3.6846018562989733,3.625451009699354,3.5218774780431716,3.418303946386989,3.314730414730807,3.2111568830746244,3.1075833514184423,2.633085365086954,2.158587378755466,1.6840893924239777,1.2095914060924897
5923,0.286284866305672,0.32479265405806435,0.39222005033488544,0.4596474466117065,0.5270748428885276,0.5945022391653487,0.6619296354421698,0.9708325302776295,1.2797354251130895,1.5886383199485492,1.8975412147840094,2.22844041223525,2.1899326244828576,2.1225052282060366,2.0550778319292156,1.9876504356523945,1.9202230393755735,1.8527956430987524,1.5438927482632927,1.2349898534278327,0.926086958592373,0.6171840637569128
5924,0.1600000684787465,0.18152145994052682,0.21920556165659857,0.25688966337267033,0.2945737650887421,0.33225786680481384,0.3699419685208856,0.5425828942000834,0.7152238198792811,0.887864745558479,1.0605056712376768,1.3303544742870113,1.308833082825231,1.2711489811091592,1.2334648793930874,1.1957807776770155,1.1580966759609437,1.1204125742448718,0.947771648565674,0.7751307228864763,0.6024897972072784,0.4298488715280806
5925,0.0966650333943288,0.10966731548161278,0.1324343991801003,0.15520148287858784,0.17796856657707538,0.20073565027556292,0.2235027339740505,0.3278048196211218,0.432106905268193,0.5364089909152644,0.6407110765623357,0.8750441895076194,0.8620419074203355,0.8392748237218479,0.8165077400233604,0.7937406563248728,0.7709735726263852,0.7482064889278977,0.6439044032808263,0.5396023176337551,0.4353002319866837,0.3309981463396124
5926,0.060485888935644626,0.06862176353916513,0.08286773488598757,0.09711370623281,0.11135967757963244,0.1256056489264549,0.13985162027327736,0.2051162164429092,0.27038081261254104,0.33564540878217297,0.40091000495180484,0.6530761972950729,0.6449403226915524,0.63069435134473,0.6164483799979075,0.602202408651085,0.5879564373042625,0.57371046595744,0.5084458697878081,0.4431812736181763,0.37791667744854435,0.3126520812789125
5927,0.04326251605801909,0.04908169821561838,0.059271125452270715,0.06946055268892304,0.07964997992557539,0.08983940716222773,0.10002883439888008,0.1467093195416705,0.19338980468446088,0.24007028982725132,0.28675077497004176,0.499578441059629,0.4937592589020297,0.48356983166537737,0.47338040442872503,0.4631909771920727,0.45300154995542036,0.442812122718768,0.3961316375759776,0.3494511524331872,0.30277066729039676,0.2560901821476063
5928,0.031367184720614005,0.03558634204876214,0.04297411500909338,0.050361887969424625,0.057749660929755864,0.0651374338900871,0.07252520685041834,0.10637056615310214,0.14021592545578596,0.17406128475846977,0.20790664406115364,0.38513873965896495,0.3809195823308168,0.3735318093704856,0.36614403641015436,0.35875626344982314,0.3513684904894919,0.3439807175291607,0.3101353582264769,0.27628999892379313,0.24244463962110932,0.20859928031842545
5929,0.027541528392130105,0.031246101893993974,0.037732835101129916,0.04421956830826585,0.05070630151540179,0.057193034722537735,0.06367976792967367,0.09339722368731823,0.1231146794449628,0.15283213520260736,0.18254959096025195,0.2947264391013124,0.29102186559944854,0.2845351323923126,0.27804839918517665,0.2715616659780407,0.26507493277090477,0.25858819956376883,0.22887074380612427,0.1991532880484797,0.16943583229083514,0.13971837653319055
5930,0.021214760756460276,0.024068329353953997,0.029064947229369295,0.03406156510478459,0.03905818298019989,0.04405480085561519,0.049051418731030486,0.07194225852804301,0.09483309832505553,0.11772393812206808,0.1406147779190806,0.2196416620198345,0.2167880934223408,0.21179147554692548,0.20679485767151018,0.20179823979609487,0.19680162192067957,0.19180500404526427,0.16891416424825173,0.14602332445123922,0.12313248465422667,0.10024164485721414
5931,0.017379901386824617,0.01971764826949346,0.023811058840523276,0.02790446941155309,0.03199787998258291,0.03609129055361272,0.04018470112464254,0.058937707246218926,0.07769071336779533,0.09644371948937172,0.11519672561094813,0.1725522635160582,0.17021451663338938,0.16612110606235955,0.16202769549132973,0.1579342849202999,0.15384087434927007,0.14974746377824025,0.13099445765666387,0.11224145153508747,0.09348844541351108,0.07473543929193467
5932,0.018861538995962508,0.02139857893702769,0.025840952998510806,0.030283327059993915,0.03472570112147703,0.03916807518296014,0.04361044924444325,0.0639621502340575,0.08431385122367176,0.10466555221328604,0.1250172532029003,0.16219714722554288,0.1596601072844777,0.15521773322299456,0.15077535916151147,0.14633298510002835,0.14189061103854522,0.1374482369770621,0.11709653598744785,0.0967448349978336,0.07639313400821932,0.05604143301860505
5933,0.06031042844298219,0.06842270209442457,0.08262734801485494,0.09683199393528533,0.1110366398557157,0.1252412857761461,0.1394459316965765,0.20452120506052845,0.2695964784244804,0.33467175178843245,0.39974702515238447,0.4566317751531136,0.4485195015016712,0.43431485558124083,0.4201102096608105,0.4059055637403801,0.3917009178199497,0.3774962718995193,0.3124209985355673,0.24734572517161535,0.18227045180766333,0.1171951784437113
5934,0.30895518501738617,0.35051232648691727,0.4232791617051753,0.4960459969234333,0.5688128321416914,0.6415796673599494,0.7143465025782075,1.0477107919933368,1.3810750814084662,1.7144393708235957,2.0478036602387255,2.1024107163262697,2.0608535748567385,1.9880867396384805,1.9153199044202225,1.8425530692019643,1.7697862339837063,1.6970193987654483,1.363655109350319,1.0302908199351897,0.6969265305200603,0.3635622411049304
5935,1.1612949269476076,1.3174991271273024,1.5910137359992662,1.8645283448712298,2.1380429537431938,2.4115575626151577,2.685072171487121,3.9381155800368046,5.191158988586489,6.444202397136173,7.697245805685856,8.797592590406415,8.64138839022672,8.367873781354756,8.094359172482793,7.820844563610829,7.547329954738865,7.273815345866902,6.020771937317218,4.767728528767535,3.514685120217851,2.261641711668167
5936,2.8365400828547638,3.218079229059924,3.8861568494030205,4.554234469746118,5.222312090089215,5.890389710432311,6.558467330775408,9.61910918103339,12.679751031291374,15.74039288154936,18.801034731807345,21.40384848736475,21.02230934115959,20.354231720816493,19.686154100473395,19.018076480130297,18.3499988597872,17.6819212394441,14.621279389186117,11.560637538928134,8.499995688670149,5.439353838412163
5937,4.187241305649756,4.750461435119857,5.736663683482037,6.722865931844216,7.709068180206397,8.695270428568575,9.681472676930756,14.199528337297998,18.717583997665233,23.23563965803248,27.75369531839972,32.29130966000392,31.72808953053382,30.74188728217164,29.75568503380946,28.76948278544728,27.7832805370851,26.797078288722922,22.27902262835568,17.760966967988445,13.242911307621199,8.724855647253957
5938,4.1224380187469025,4.6769415462886,5.647880965838258,6.618820385387915,7.5897598049375725,8.56069922448723,9.53163864403689,13.979771212843394,18.427903781649896,22.876036350456406,27.324168919262913,32.91035711924829,32.35585359170659,31.384914172156932,30.413974752607274,29.443035333057615,28.472095913507957,27.501156493958298,23.053023925151795,18.60489135634529,14.15675878753878,9.708626218732274
5939,3.351595880008395,3.8024144805325077,4.591800893015079,5.381187305497649,6.170573717980221,6.959960130462791,7.7493465429453625,11.365736340329079,14.982126137712793,18.59851593509651,22.21490573248023,27.356769827551037,26.905951227026925,26.116564814544354,25.327178402061783,24.537791989579212,23.74840557709664,22.95901916461407,19.34262936723035,15.726239569846637,12.109849772462919,8.493459975079201
5940,2.9910124143164416,3.3933294236000933,4.097789222441407,4.80224902128272,5.506708820124034,6.211168618965348,6.915628417806662,10.142946736074473,13.370265054342282,16.597583372610092,19.82490169087791,24.2284335048095,23.82611649552585,23.121656696684536,22.417196897843223,21.71273709900191,21.008277300160596,20.303817501319283,17.076499183051475,13.849180864783666,10.621862546515855,7.394544228248039
5941,2.7047846416677372,3.0686015427890947,3.7056473923676854,4.342693241946275,4.979739091524866,5.6167849411034565,6.253830790682048,9.172307818474215,12.090784846266383,15.009261874058554,17.92773890185072,22.802692522038395,22.438875620917038,21.801829771338447,21.164783921759856,20.527738072181265,19.890692222602674,19.253646373024083,16.335169345231915,13.416692317439747,10.498215289647575,7.579738261855409
5942,2.20733046474823,2.5042354815337093,3.0241181699939683,3.544000858454227,4.063883546914486,4.583766235374744,5.103648923835004,7.485370246439614,9.867091569044224,12.248812891648836,14.630534214253444,19.724931122724897,19.428026105939416,18.908143417479156,18.388260729018896,17.868378040558635,17.348495352098375,16.828612663638115,14.446891341033504,12.065170018428894,9.683448695824282,7.3017273732196735
5943,1.677916042855984,1.903610246250039,2.298802319798513,2.693994393346985,3.0891864668954585,3.484378540443932,3.879570613992405,5.690050956937462,7.500531299882518,9.311011642827577,11.121491985772634,14.871256559632515,14.645562356238461,14.250370282689987,13.855178209141515,13.459986135593041,13.064794062044568,12.669601988496094,10.859121645551037,9.04864130260598,7.238160959660921,5.427680616715864
5944,1.1172675321315855,1.2675496673528908,1.5306947005095728,1.7938397336662546,2.0569847668229366,2.3201297999796187,2.583274833136301,3.7888124482913326,4.9943500634463645,6.199887678601396,7.405425293756428,10.033161309414842,9.882879174193537,9.619734141036854,9.356589107880172,9.09344407472349,8.830299041566807,8.567154008410125,7.361616393255093,6.156078778100062,4.95054116294503,3.745003547789998
5945,0.6682540838903488,0.7581400312657272,0.9155309318380566,1.0729218324103855,1.2303127329827148,1.3877036335550441,1.5450945341273732,2.2661442482220826,2.987193962316792,3.7082436764115014,4.429293390506211,6.0734388854665,5.983552938091121,5.826162037518792,5.668771136946463,5.5113802363741335,5.3539893358018045,5.196598435229475,4.475548721134766,3.7544990070400566,3.033449292945347,2.3123995788506377
5946,0.4397550001969972,0.4989058467966161,0.6024793784527985,0.7060529101089809,0.8096264417651632,0.9131999734213457,1.016773505077528,1.4912714914090162,1.9657694777405041,2.4402674640719924,2.9147654504034803,3.6846018562989733,3.625451009699354,3.5218774780431716,3.418303946386989,3.314730414730807,3.2111568830746244,3.1075833514184423,2.633085365086954,2.158587378755466,1.6840893924239777,1.2095914060924897
5947,0.286284866305672,0.32479265405806435,0.39222005033488544,0.4596474466117065,0.5270748428885276,0.5945022391653487,0.6619296354421698,0.9708325302776295,1.2797354251130895,1.5886383199485492,1.8975412147840094,2.22844041223525,2.1899326244828576,2.1225052282060366,2.0550778319292156,1.9876504356523945,1.9202230393755735,1.8527956430987524,1.5438927482632927,1.2349898534278327,0.926086958592373,0.6171840637569128
5948,0.1600000684787465,0.18152145994052682,0.21920556165659857,0.25688966337267033,0.2945737650887421,0.33225786680481384,0.3699419685208856,0.5425828942000834,0.7152238198792811,0.887864745558479,1.0605056712376768,1.3303544742870113,1.308833082825231,1.2711489811091592,1.2334648793930874,1.1957807776770155,1.1580966759609437,1.1204125742448718,0.947771648565674,0.7751307228864763,0.6024897972072784,0.4298488715280806
5949,0.0966650333943288,0.10966731548161278,0.1324343991801003,0.15520148287858784,0.17796856657707538,0.20073565027556292,0.2235027339740505,0.3278048196211218,0.432106905268193,0.5364089909152644,0.6407110765623357,0.8750441895076194,0.8620419074203355,0.8392748237218479,0.8165077400233604,0.7937406563248728,0.7709735726263852,0.7482064889278977,0.6439044032808263,0.5396023176337551,0.4353002319866837,0.3309981463396124
5950,0.060485888935644626,0.06862176353916513,0.08286773488598757,0.09711370623281,0.11135967757963244,0.1256056489264549,0.13985162027327736,0.2051162164429092,0.27038081261254104,0.33564540878217297,0.40091000495180484,0.6530761972950729,0.6449403226915524,0.63069435134473,0.6164483799979075,0.602202408651085,0.5879564373042625,0.57371046595744,0.5084458697878081,0.4431812736181763,0.37791667744854435,0.3126520812789125
5951,0.04326251605801909,0.04908169821561838,0.059271125452270715,0.06946055268892304,0.07964997992557539,0.08983940716222773,0.10002883439888008,0.1467093195416705,0.19338980468446088,0.24007028982725132,0.28675077497004176,0.499578441059629,0.4937592589020297,0.48356983166537737,0.47338040442872503,0.4631909771920727,0.45300154995542036,0.442812122718768,0.3961316375759776,0.3494511524331872,0.30277066729039676,0.2560901821476063
5952,0.031367184720614005,0.03558634204876214,0.04297411500909338,0.050361887969424625,0.057749660929755864,0.0651374338900871,0.07252520685041834,0.10637056615310214,0.14021592545578596,0.17406128475846977,0.20790664406115364,0.38513873965896495,0.3809195823308168,0.3735318093704856,0.36614403641015436,0.35875626344982314,0.3513684904894919,0.3439807175291607,0.3101353582264769,0.27628999892379313,0.24244463962110932,0.20859928031842545
5953,0.027541528392130105,0.031246101893993974,0.037732835101129916,0.04421956830826585,0.05070630151540179,0.057193034722537735,0.06367976792967367,0.09339722368731823,0.1231146794449628,0.15283213520260736,0.18254959096025195,0.2947264391013124,0.29102186559944854,0.2845351323923126,0.27804839918517665,0.2715616659780407,0.26507493277090477,0.25858819956376883,0.22887074380612427,0.1991532880484797,0.16943583229083514,0.13971837653319055
5954,0.021214760756460276,0.024068329353953997,0.029064947229369295,0.03406156510478459,0.03905818298019989,0.04405480085561519,0.049051418731030486,0.07194225852804301,0.09483309832505553,0.11772393812206808,0.1406147779190806,0.2196416620198345,0.2167880934223408,0.21179147554692548,0.20679485767151018,0.20179823979609487,0.19680162192067957,0.19180500404526427,0.16891416424825173,0.14602332445123922,0.12313248465422667,0.10024164485721414
5955,0.017379901386824617,0.01971764826949346,0.023811058840523276,0.02790446941155309,0.03199787998258291,0.03609129055361272,0.04018470112464254,0.058937707246218926,0.07769071336779533,0.09644371948937172,0.11519672561094813,0.1725522635160582,0.17021451663338938,0.16612110606235955,0.16202769549132973,0.1579342849202999,0.15384087434927007,0.14974746377824025,0.13099445765666387,0.11224145153508747,0.09348844541351108,0.07473543929193467
5956,0.018861538995962508,0.02139857893702769,0.025840952998510806,0.030283327059993915,0.03472570112147703,0.03916807518296014,0.04361044924444325,0.0639621502340575,0.08431385122367176,0.10466555221328604,0.1250172532029003,0.16219714722554288,0.1596601072844777,0.15521773322299456,0.15077535916151147,0.14633298510002835,0.14189061103854522,0.1374482369770621,0.11709653598744785,0.0967448349978336,0.07639313400821932,0.05604143301860505
5957,0.06031042844298219,0.06842270209442457,0.08262734801485494,0.09683199393528533,0.1110366398557157,0.1252412857761461,0.1394459316965765,0.20452120506052845,0.2695964784244804,0.33467175178843245,0.39974702515238447,0.4566317751531136,0.4485195015016712,0.43431485558124083,0.4201102096608105,0.4059055637403801,0.3917009178199497,0.3774962718995193,0.3124209985355673,0.24734572517161535,0.18227045180766333,0.1171951784437113
5958,0.30895518501738617,0.35051232648691727,0.4232791617051753,0.4960459969234333,0.5688128321416914,0.6415796673599494,0.7143465025782075,1.0477107919933368,1.3810750814084662,1.7144393708235957,2.0478036602387255,2.1024107163262697,2.0608535748567385,1.9880867396384805,1.9153199044202225,1.8425530692019643,1.7697862339837063,1.6970193987654483,1.363655109350319,1.0302908199351897,0.6969265305200603,0.3635622411049304
5959,1.1612949269476076,1.3174991271273024,1.5910137359992662,1.8645283448712298,2.1380429537431938,2.4115575626151577,2.685072171487121,3.9381155800368046,5.191158988586489,6.444202397136173,7.697245805685856,8.797592590406415,8.64138839022672,8.367873781354756,8.094359172482793,7.820844563610829,7.547329954738865,7.273815345866902,6.020771937317218,4.767728528767535,3.514685120217851,2.261641711668167
5960,2.8365400828547638,3.218079229059924,3.8861568494030205,4.554234469746118,5.222312090089215,5.890389710432311,6.558467330775408,9.61910918103339,12.679751031291374,15.74039288154936,18.801034731807345,21.40384848736475,21.02230934115959,20.354231720816493,19.686154100473395,19.018076480130297,18.3499988597872,17.6819212394441,14.621279389186117,11.560637538928134,8.499995688670149,5.439353838412163
5961,4.187241305649756,4.750461435119857,5.736663683482037,6.722865931844216,7.709068180206397,8.695270428568575,9.681472676930756,14.199528337297998,18.717583997665233,23.23563965803248,27.75369531839972,32.29130966000392,31.72808953053382,30.74188728217164,29.75568503380946,28.76948278544728,27.7832805370851,26.797078288722922,22.27902262835568,17.760966967988445,13.242911307621199,8.724855647253957
5962,4.1224380187469025,4.6769415462886,5.647880965838258,6.618820385387915,7.5897598049375725,8.56069922448723,9.53163864403689,13.979771212843394,18.427903781649896,22.876036350456406,27.324168919262913,32.91035711924829,32.35585359170659,31.384914172156932,30.413974752607274,29.443035333057615,28.472095913507957,27.501156493958298,23.053023925151795,18.60489135634529,14.15675878753878,9.708626218732274
5963,3.351595880008395,3.8024144805325077,4.591800893015079,5.381187305497649,6.170573717980221,6.959960130462791,7.7493465429453625,11.365736340329079,14.982126137712793,18.59851593509651,22.21490573248023,27.356769827551037,26.905951227026925,26.116564814544354,25.327178402061783,24.537791989579212,23.74840557709664,22.95901916461407,19.34262936723035,15.726239569846637,12.109849772462919,8.493459975079201
5964,2.9910124143164416,3.3933294236000933,4.097789222441407,4.80224902128272,5.506708820124034,6.211168618965348,6.915628417806662,10.142946736074473,13.370265054342282,16.597583372610092,19.82490169087791,24.2284335048095,23.82611649552585,23.121656696684536,22.417196897843223,21.71273709900191,21.008277300160596,20.303817501319283,17.076499183051475,13.849180864783666,10.621862546515855,7.394544228248039
5965,2.7047846416677372,3.0686015427890947,3.7056473923676854,4.342693241946275,4.979739091524866,5.6167849411034565,6.253830790682048,9.172307818474215,12.090784846266383,15.009261874058554,17.92773890185072,22.802692522038395,22.438875620917038,21.801829771338447,21.164783921759856,20.527738072181265,19.890692222602674,19.253646373024083,16.335169345231915,13.416692317439747,10.498215289647575,7.579738261855409
5966,2.20733046474823,2.5042354815337093,3.0241181699939683,3.544000858454227,4.063883546914486,4.583766235374744,5.103648923835004,7.485370246439614,9.867091569044224,12.248812891648836,14.630534214253444,19.724931122724897,19.428026105939416,18.908143417479156,18.388260729018896,17.868378040558635,17.348495352098375,16.828612663638115,14.446891341033504,12.065170018428894,9.683448695824282,7.3017273732196735
5967,1.677916042855984,1.903610246250039,2.298802319798513,2.693994393346985,3.0891864668954585,3.484378540443932,3.879570613992405,5.690050956937462,7.500531299882518,9.311011642827577,11.121491985772634,14.871256559632515,14.645562356238461,14.250370282689987,13.855178209141515,13.459986135593041,13.064794062044568,12.669601988496094,10.859121645551037,9.04864130260598,7.238160959660921,5.427680616715864
5968,1.1172675321315855,1.2675496673528908,1.5306947005095728,1.7938397336662546,2.0569847668229366,2.3201297999796187,2.583274833136301,3.7888124482913326,4.9943500634463645,6.199887678601396,7.405425293756428,10.033161309414842,9.882879174193537,9.619734141036854,9.356589107880172,9.09344407472349,8.830299041566807,8.567154008410125,7.361616393255093,6.156078778100062,4.95054116294503,3.745003547789998
5969,0.6682540838903488,0.7581400312657272,0.9155309318380566,1.0729218324103855,1.2303127329827148,1.3877036335550441,1.5450945341273732,2.2661442482220826,2.987193962316792,3.7082436764115014,4.429293390506211,6.0734388854665,5.983552938091121,5.826162037518792,5.668771136946463,5.5113802363741335,5.3539893358018045,5.196598435229475,4.475548721134766,3.7544990070400566,3.033449292945347,2.3123995788506377
5970,0.4397550001969972,0.4989058467966161,0.6024793784527985,0.7060529101089809,0.8096264417651632,0.9131999734213457,1.016773505077528,1.4912714914090162,1.9657694777405041,2.4402674640719924,2.9147654504034803,3.6846018562989733,3.625451009699354,3.5218774780431716,3.418303946386989,3.314730414730807,3.2111568830746244,3.1075833514184423,2.633085365086954,2.158587378755466,1.6840893924239777,1.2095914060924897
5971,0.286284866305672,0.32479265405806435,0.39222005033488544,0.4596474466117065,0.5270748428885276,0.5945022391653487,0.6619296354421698,0.9708325302776295,1.2797354251130895,1.5886383199485492,1.8975412147840094,2.22844041223525,2.1899326244828576,2.1225052282060366,2.0550778319292156,1.9876504356523945,1.9202230393755735,1.8527956430987524,1.5438927482632927,1.2349898534278327,0.926086958592373,0.6171840637569128
5972,0.1600000684787465,0.18152145994052682,0.21920556165659857,0.25688966337267033,0.2945737650887421,0.33225786680481384,0.3699419685208856,0.5425828942000834,0.7152238198792811,0.887864745558479,1.0605056712376768,1.3303544742870113,1.308833082825231,1.2711489811091592,1.2334648793930874,1.1957807776770155,1.1580966759609437,1.1204125742448718,0.947771648565674,0.7751307228864763,0.6024897972072784,0.4298488715280806
5973,0.0966650333943288,0.10966731548161278,0.1324343991801003,0.15520148287858784,0.17796856657707538,0.20073565027556292,0.2235027339740505,0.3278048196211218,0.432106905268193,0.5364089909152644,0.6407110765623357,0.8750441895076194,0.8620419074203355,0.8392748237218479,0.8165077400233604,0.7937406563248728,0.7709735726263852,0.7482064889278977,0.6439044032808263,0.5396023176337551,0.4353002319866837,0.3309981463396124
5974,0.060485888935644626,0.06862176353916513,0.08286773488598757,0.09711370623281,0.11135967757963244,0.1256056489264549,0.13985162027327736,0.2051162164429092,0.27038081261254104,0.33564540878217297,0.40091000495180484,0.6530761972950729,0.6449403226915524,0.63069435134473,0.6164483799979075,0.602202408651085,0.5879564373042625,0.57371046595744,0.5084458697878081,0.4431812736181763,0.37791667744854435,0.3126520812789125
5975,0.04326251605801909,0.04908169821561838,0.059271125452270715,0.06946055268892304,0.07964997992557539,0.08983940716222773,0.10002883439888008,0.1467093195416705,0.19338980468446088,0.24007028982725132,0.28675077497004176,0.499578441059629,0.4937592589020297,0.48356983166537737,0.47338040442872503,0.4631909771920727,0.45300154995542036,0.442812122718768,0.3961316375759776,0.3494511524331872,0.30277066729039676,0.2560901821476063
5976,0.031367184720614005,0.03558634204876214,0.04297411500909338,0.050361887969424625,0.057749660929755864,0.0651374338900871,0.07252520685041834,0.10637056615310214,0.14021592545578596,0.17406128475846977,0.20790664406115364,0.38513873965896495,0.3809195823308168,0.3735318093704856,0.36614403641015436,0.35875626344982314,0.3513684904894919,0.3439807175291607,0.3101353582264769,0.27628999892379313,0.24244463962110932,0.20859928031842545
5977,0.027541528392130105,0.031246101893993974,0.037732835101129916,0.04421956830826585,0.05070630151540179,0.057193034722537735,0.06367976792967367,0.09339722368731823,0.1231146794449628,0.15283213520260736,0.18254959096025195,0.2947264391013124,0.29102186559944854,0.2845351323923126,0.27804839918517665,0.2715616659780407,0.26507493277090477,0.25858819956376883,0.22887074380612427,0.1991532880484797,0.16943583229083514,0.13971837653319055
5978,0.021214760756460276,0.024068329353953997,0.029064947229369295,0.03406156510478459,0.03905818298019989,0.04405480085561519,0.049051418731030486,0.07194225852804301,0.09483309832505553,0.11772393812206808,0.1406147779190806,0.2196416620198345,0.2167880934223408,0.21179147554692548,0.20679485767151018,0.20179823979609487,0.19680162192067957,0.19180500404526427,0.16891416424825173,0.14602332445123922,0.12313248465422667,0.10024164485721414
5979,0.017379901386824617,0.01971764826949346,0.023811058840523276,0.02790446941155309,0.03199787998258291,0.03609129055361272,0.04018470112464254,0.058937707246218926,0.07769071336779533,0.09644371948937172,0.11519672561094813,0.1725522635160582,0.17021451663338938,0.16612110606235955,0.16202769549132973,0.1579342849202999,0.15384087434927007,0.14974746377824025,0.13099445765666387,0.11224145153508747,0.09348844541351108,0.07473543929193467
5980,0.018861538995962508,0.02139857893702769,0.025840952998510806,0.030283327059993915,0.03472570112147703,0.03916807518296014,0.04361044924444325,0.0639621502340575,0.08431385122367176,0.10466555221328604,0.1250172532029003,0.16219714722554288,0.1596601072844777,0.15521773322299456,0.15077535916151147,0.14633298510002835,0.14189061103854522,0.1374482369770621,0.11709653598744785,0.0967448349978336,0.07639313400821932,0.05604143301860505
5981,0.06031042844298219,0.06842270209442457,0.08262734801485494,0.09683199393528533,0.1110366398557157,0.1252412857761461,0.1394459316965765,0.20452120506052845,0.2695964784244804,0.33467175178843245,0.39974702515238447,0.4566317751531136,0.4485195015016712,0.43431485558124083,0.4201102096608105,0.4059055637403801,0.3917009178199497,0.3774962718995193,0.3124209985355673,0.24734572517161535,0.18227045180766333,0.1171951784437113
5982,0.30895518501738617,0.35051232648691727,0.4232791617051753,0.4960459969234333,0.5688128321416914,0.6415796673599494,0.7143465025782075,1.0477107919933368,1.3810750814084662,1.7144393708235957,2.0478036602387255,2.1024107163262697,2.0608535748567385,1.9880867396384805,1.9153199044202225,1.8425530692019643,1.7697862339837063,1.6970193987654483,1.363655109350319,1.0302908199351897,0.6969265305200603,0.3635622411049304
5983,1.1612949269476076,1.3174991271273024,1.5910137359992662,1.8645283448712298,2.1380429537431938,2.4115575626151577,2.685072171487121,3.9381155800368046,5.191158988586489,6.444202397136173,7.697245805685856,8.797592590406415,8.64138839022672,8.367873781354756,8.094359172482793,7.820844563610829,7.547329954738865,7.273815345866902,6.020771937317218,4.767728528767535,3.514685120217851,2.261641711668167
5984,2.8365400828547638,3.218079229059924,3.8861568494030205,4.554234469746118,5.222312090089215,5.890389710432311,6.558467330775408,9.61910918103339,12.679751031291374,15.74039288154936,18.801034731807345,21.40384848736475,21.02230934115959,20.354231720816493,19.686154100473395,19.018076480130297,18.3499988597872,17.6819212394441,14.621279389186117,11.560637538928134,8.499995688670149,5.439353838412163
5985,4.187241305649756,4.750461435119857,5.736663683482037,6.722865931844216,7.709068180206397,8.695270428568575,9.681472676930756,14.199528337297998,18.717583997665233,23.23563965803248,27.75369531839972,32.29130966000392,31.72808953053382,30.74188728217164,29.75568503380946,28.76948278544728,27.7832805370851,26.797078288722922,22.27902262835568,17.760966967988445,13.242911307621199,8.724855647253957
5986,4.1224380187469025,4.6769415462886,5.647880965838258,6.618820385387915,7.5897598049375725,8.56069922448723,9.53163864403689,13.979771212843394,18.427903781649896,22.876036350456406,27.324168919262913,32.91035711924829,32.35585359170659,31.384914172156932,30.413974752607274,29.443035333057615,28.472095913507957,27.501156493958298,23.053023925151795,18.60489135634529,14.15675878753878,9.708626218732274
5987,3.351595880008395,3.8024144805325077,4.591800893015079,5.381187305497649,6.170573717980221,6.959960130462791,7.7493465429453625,11.365736340329079,14.982126137712793,18.59851593509651,22.21490573248023,27.356769827551037,26.905951227026925,26.116564814544354,25.327178402061783,24.537791989579212,23.74840557709664,22.95901916461407,19.34262936723035,15.726239569846637,12.109849772462919,8.493459975079201
5988,2.9910124143164416,3.3933294236000933,4.097789222441407,4.80224902128272,5.506708820124034,6.211168618965348,6.915628417806662,10.142946736074473,13.370265054342282,16.597583372610092,19.82490169087791,24.2284335048095,23.82611649552585,23.121656696684536,22.417196897843223,21.71273709900191,21.008277300160596,20.303817501319283,17.076499183051475,13.849180864783666,10.621862546515855,7.394544228248039
5989,2.7047846416677372,3.0686015427890947,3.7056473923676854,4.342693241946275,4.979739091524866,5.6167849411034565,6.253830790682048,9.172307818474215,12.090784846266383,15.009261874058554,17.92773890185072,22.802692522038395,22.438875620917038,21.801829771338447,21.164783921759856,20.527738072181265,19.890692222602674,19.253646373024083,16.335169345231915,13.416692317439747,10.498215289647575,7.579738261855409
5990,2.20733046474823,2.5042354815337093,3.0241181699939683,3.544000858454227,4.063883546914486,4.583766235374744,5.103648923835004,7.485370246439614,9.867091569044224,12.248812891648836,14.630534214253444,19.724931122724897,19.428026105939416,18.908143417479156,18.388260729018896,17.868378040558635,17.348495352098375,16.828612663638115,14.446891341033504,12.065170018428894,9.683448695824282,7.3017273732196735
5991,1.677916042855984,1.903610246250039,2.298802319798513,2.693994393346985,3.0891864668954585,3.484378540443932,3.879570613992405,5.690050956937462,7.500531299882518,9.311011642827577,11.121491985772634,14.871256559632515,14.645562356238461,14.250370282689987,13.855178209141515,13.459986135593041,13.064794062044568,12.669601988496094,10.859121645551037,9.04864130260598,7.238160959660921,5.427680616715864
5992,1.1172675321315855,1.2675496673528908,1.5306947005095728,1.7938397336662546,2.0569847668229366,2.3201297999796187,2.583274833136301,3.7888124482913326,4.9943500634463645,6.199887678601396,7.405425293756428,10.033161309414842,9.882879174193537,9.619734141036854,9.356589107880172,9.09344407472349,8.830299041566807,8.567154008410125,7.361616393255093,6.156078778100062,4.95054116294503,3.745003547789998
5993,0.6682540838903488,0.7581400312657272,0.9155309318380566,1.0729218324103855,1.2303127329827148,1.3877036335550441,1.5450945341273732,2.2661442482220826,2.987193962316792,3.7082436764115014,4.429293390506211,6.0734388854665,5.983552938091121,5.826162037518792,5.668771136946463,5.5113802363741335,5.3539893358018045,5.196598435229475,4.475548721134766,3.7544990070400566,3.033449292945347,2.3123995788506377
5994,0.4397550001969972,0.4989058467966161,0.6024793784527985,0.7060529101089809,0.8096264417651632,0.9131999734213457,1.016773505077528,1.4912714914090162,1.9657694777405041,2.4402674640719924,2.9147654504034803,3.6846018562989733,3.625451009699354,3.5218774780431716,3.418303946386989,3.314730414730807,3.2111568830746244,3.1075833514184423,2.633085365086954,2.158587378755466,1.6840893924239777,1.2095914060924897
5995,0.286284866305672,0.32479265405806435,0.39222005033488544,0.4596474466117065,0.5270748428885276,0.5945022391653487,0.6619296354421698,0.9708325302776295,1.2797354251130895,1.5886383199485492,1.8975412147840094,2.22844041223525,2.1899326244828576,2.1225052282060366,2.0550778319292156,1.9876504356523945,1.9202230393755735,1.8527956430987524,1.5438927482632927,1.2349898534278327,0.926086958592373,0.6171840637569128
5996,0.1600000684787465,0.18152145994052682,0.21920556165659857,0.25688966337267033,0.2945737650887421,0.33225786680481384,0.3699419685208856,0.5425828942000834,0.7152238198792811,0.887864745558479,1.0605056712376768,1.3303544742870113,1.308833082825231,1.2711489811091592,1.2334648793930874,1.1957807776770155,1.1580966759609437,1.1204125742448718,0.947771648565674,0.7751307228864763,0.6024897972072784,0.4298488715280806
5997,0.0966650333943288,0.10966731548161278,0.1324343991801003,0.15520148287858784,0.17796856657707538,0.20073565027556292,0.2235027339740505,0.3278048196211218,0.432106905268193,0.5364089909152644,0.6407110765623357,0.8750441895076194,0.8620419074203355,0.8392748237218479,0.8165077400233604,0.7937406563248728,0.7709735726263852,0.7482064889278977,0.6439044032808263,0.5396023176337551,0.4353002319866837,0.3309981463396124
5998,0.060485888935644626,0.06862176353916513,0.08286773488598757,0.09711370623281,0.11135967757963244,0.1256056489264549,0.13985162027327736,0.2051162164429092,0.27038081261254104,0.33564540878217297,0.40091000495180484,0.6530761972950729,0.6449403226915524,0.63069435134473,0.6164483799979075,0.602202408651085,0.5879564373042625,0.57371046595744,0.5084458697878081,0.4431812736181763,0.37791667744854435,0.3126520812789125
5999,0.04326251605801909,0.04908169821561838,0.059271125452270715,0.06946055268892304,0.07964997992557539,0.08983940716222773,0.10002883439888008,0.1467093195416705,0.19338980468446088,0.24007028982725132,0.28675077497004176,0.499578441059629,0.4937592589020297,0.48356983166537737,0.47338040442872503,0.4631909771920727,0.45300154995542036,0.442812122718768,0.3961316375759776,0.3494511524331872,0.30277066729039676,0.2560901821476063
6000,0.06656898268586907,0.07552308595105217,0.09120178120737912,0.10688047646370606,0.12255917172003303,0.13823786697635998,0.1539165622326869,0.2257448489433112,0.29757313565393556,0.36940142236455986,0.44122970907518416,0.4271966781704077,0.4182425749052246,0.4025638796488976,0.3868851843925707,0.3712064891362437,0.35552779387991673,0.3398490986235898,0.2680208119129655,0.19619252520234115,0.12436423849171685,0.05253595178109255
6001,0.056639086305014866,0.06425753272192815,0.07759748382143074,0.09093743492093335,0.10427738602043597,0.11761733711993858,0.1309572882194412,0.19207116387144205,0.25318503952344296,0.31429891517544384,0.3754127908274448,0.3168441383691494,0.3092256919522361,0.2958857408527335,0.28254578975323086,0.26920583865372827,0.2558658875542257,0.24252593645472306,0.1814120608027222,0.1202981851507213,0.05918430949872042,-0.0019295661532805208
6002,0.03392680220936796,0.038490250202461725,0.046480878441028384,0.05447150667959503,0.06246213491816169,0.07045276315672834,0.07844339139529499,0.1150505915949522,0.15165779179460942,0.18826499199426663,0.22487219219392388,0.22601923126692836,0.22145578327383458,0.21346515503526792,0.20547452679670128,0.1974838985581346,0.18949327031956797,0.1815026420810013,0.1448954418813441,0.10828824168168688,0.07168104148202967,0.035073841282372425
6003,0.0236676925723058,0.026851201690074235,0.03242554764354464,0.03799989359701504,0.043574239550485436,0.049148585503955844,0.05472293145742625,0.08026049774238261,0.10579806402733898,0.13133563031229536,0.15687319659725174,0.20284547879051973,0.1996619696727513,0.1940876237192809,0.1885132777658105,0.1829389318123401,0.17736458585886972,0.17179023990539932,0.14625267362044297,0.12071510733548661,0.09517754105053022,0.06963997476557385
6004,0.02469635730095266,0.028018230711428102,0.03383485347536883,0.03965147623930954,0.04546809900325027,0.051284721767191,0.05710134453113172,0.08374884553458932,0.11039634653804692,0.1370438475415045,0.16369134854496212,0.2086410790622131,0.20531920565173767,0.19950258288779693,0.19368596012385622,0.18786933735991548,0.18205271459597477,0.17623609183203404,0.14958859082857645,0.12294108982511885,0.09629358882166127,0.06964608781820365
6005,0.018530992112733714,0.02102357064238779,0.025388092472381524,0.02975261430237525,0.03411713613236898,0.03848165796236271,0.04284617979235644,0.06284121893523797,0.08283625807811949,0.10283129722100104,0.12282633636388257,0.23076451461001737,0.2282719360803633,0.22390741425036959,0.21954289242037586,0.21517837059038214,0.21081384876038842,0.2064493269303947,0.18645428778751316,0.16645924864463163,0.1464642095017501,0.12646917035886857
6006,0.022723898938375474,0.025780459658883387,0.031132518111866028,0.036484576564848666,0.0418366350178313,0.04718869347081395,0.05254075192379659,0.0770599598532782,0.10157916778275981,0.12609837571224142,0.15061758364172306,0.3411068640072945,0.3380503032867866,0.33269824483380395,0.3273461863808213,0.32199412792783866,0.316642069474856,0.31129001102187337,0.2867708030923918,0.2622515951629102,0.2377323872334286,0.21321317930394695
6007,0.05954035988303085,0.0675490526604855,0.08157232777140645,0.0955956028823274,0.10961887799324835,0.12364215310416929,0.13766542821509023,0.20190979350324906,0.2661541587914079,0.33039852407956677,0.3946428893677256,0.5323949645104806,0.524386271733026,0.510362996622105,0.4963397215111841,0.48231644640026317,0.4682931712893422,0.4542698961784213,0.3900255308902625,0.32578116560210363,0.2615368003139448,0.19729243502578592
6008,0.09422208070711786,0.10689576455313886,0.129087470513181,0.15127917647322317,0.17347088243326533,0.1956625883933075,0.21785429435334966,0.31952042104539957,0.42118654773744957,0.5228526744294996,0.6245188011215496,0.7630054397344619,0.7503317558884409,0.7281400499283988,0.7059483439683566,0.6837566380083144,0.6615649320482723,0.6393732260882301,0.5377070993961802,0.4360409727041302,0.33437484601208023,0.23270871932003023
6009,0.11060462621291975,0.12548190395938727,0.1515321177130734,0.17758233146675953,0.2036325452204457,0.22968275897413182,0.255732972727818,0.37507595323620807,0.49441893374459817,0.6137619142529884,0.7331048947613785,1.04243040931092,1.0275531315644524,1.0015029178107662,0.9754527040570801,0.949402490303394,0.9233522765497079,0.8973020627960218,0.7779590822876317,0.6586161017792416,0.5392731212708513,0.41993014076246116
6010,0.14593538259187422,0.16556495229609972,0.19993646134515083,0.23430797039420195,0.2686794794432531,0.3030509884923042,0.3374224975413554,0.4948875522726021,0.6523526070038489,0.8098176617350957,0.9672827164663426,1.3368623237393928,1.3172327540351674,1.2828612449861163,1.2484897359370652,1.2141182268880142,1.1797467178389631,1.145375208789912,0.9879101540586653,0.8304450993274186,0.6729800445961718,0.5155149898649249
6011,0.17412844867806587,0.1975502293326846,0.2385619253527876,0.2795736213728906,0.3205853173929936,0.3615970134130966,0.40260870943319965,0.5904942325625675,0.7783797556919354,0.9662652788213034,1.1541508019506714,1.6963697765134498,1.6729479958588311,1.6319362998387281,1.590924603818625,1.549912907798522,1.508901211778419,1.467889515758316,1.2800039926289482,1.0921184694995802,0.9042329463702122,0.7163474232408442
6012,0.20258246617249245,0.22983155799628885,0.277544901707457,0.32525824541862514,0.3729715891297932,0.4206849328409614,0.46839827655212957,0.6869858360383282,0.9055733955245269,1.1241609550107257,1.3427485144969247,1.9211150761464808,1.8938659843226844,1.8461526406115163,1.7984392969003482,1.7507259531891801,1.7030126094780118,1.6552992657668437,1.4367117062806452,1.2181241467944464,0.9995365873082476,0.7809490278220486
6013,0.22682064156334378,0.25732997737244256,0.31075203030808307,0.3641740832437235,0.4175961361793641,0.4710181891150046,0.5244402420506451,0.769180921820084,1.013921601589523,1.2586622813589619,1.5034029611284008,2.0428941262432594,2.0123847904341607,1.9589627374985201,1.9055406845628797,1.852118631627239,1.7986965786915987,1.745274525755958,1.5005338459865192,1.2557931662170803,1.0110524864476413,0.7663118066782024
6014,0.28713168866453304,0.3257533813399477,0.3933802259058238,0.46100707047169975,0.5286339150375757,0.5962607596034519,0.6638876041693279,0.9737042248382178,1.2835208455071077,1.5933374661759976,1.9031540868448875,2.133676930271694,2.095055237596279,2.027428393030403,1.9598015484645268,1.8921747038986507,1.8245478593327746,1.7569210147668985,1.4471043940980086,1.1372877734291187,0.8274711527602288,0.5176545320913388
6015,0.3067951188581142,0.3480617127682659,0.42031979724889373,0.49257788172952155,0.5648359662101494,0.6370940506907772,0.709352135171405,1.040385701701159,1.3714192682309132,1.7024528347606676,2.0334864012904217,2.1612776545091203,2.120011060598969,2.047752976118341,1.975494891637713,1.9032368071570853,1.8309787226764576,1.7587206381958298,1.427687071666076,1.0966535051363218,0.7656199386065674,0.4345863720768133
6016,0.27598175878396375,0.31310368956544515,0.3781044409318533,0.44310519229826134,0.5081059436646694,0.5731066950310776,0.6381074463974856,0.9358932333664804,1.233679020335475,1.53146480730447,1.829250594273465,1.9097257114610804,1.872603780679599,1.8076030293131908,1.7426022779467827,1.6776015265803745,1.6126007752139664,1.5476000238475582,1.2498142368785634,0.9520284499095688,0.6542426629405738,0.35645687597157893
6017,0.2253108014307007,0.2556170506983482,0.3086834977291007,0.36174994475985317,0.4148163917906057,0.46788283882135817,0.5209492858521106,0.7640608400805081,1.0071723943089055,1.2502839485373032,1.4933955027657007,1.6192575536297766,1.588951304362129,1.5358848573313766,1.4828184103006241,1.4297519632698716,1.3766855162391192,1.3236190692083667,1.0805075149799692,0.8373959607515719,0.5942844065231742,0.3511728522947767
6018,0.181071206183045,0.20542684770103406,0.24807374039633354,0.290720633091633,0.3333675257869325,0.376014418482232,0.41866131117753147,0.6140381066158548,0.809414902054178,1.0047916974925013,1.200168492930825,1.489569188741577,1.4652135472235879,1.4225666545282885,1.379919761832989,1.3372728691376894,1.29462597644239,1.2519790837470905,1.0566022883087673,0.8612254928704441,0.6658486974321208,0.4704719019937972
6019,0.1371027565822645,0.15554426178254532,0.18783546186591396,0.22012666194928254,0.2524178620326512,0.2847090621160198,0.3170002621993884,0.464934866444111,0.6128694706888336,0.7608040749335562,0.9087386791782788,1.2544431595756709,1.23600165437539,1.2037104542920214,1.1714192542086528,1.1391280541252842,1.1068368540419156,1.074545653958547,0.9266110497138245,0.7786764454691019,0.6307418412243793,0.48280723697965666
6020,0.12288693681507708,0.1394162914452449,0.16835930297358676,0.19730231450192862,0.22624532603027048,0.25518833755861237,0.28413134908695425,0.4167270081222759,0.5493226671575976,0.6819183261929194,0.8145139852282411,0.965950353268064,0.9494209986378962,0.9204779871095543,0.8915349755812124,0.8625919640528705,0.8336489525245286,0.8047059409961868,0.6721102819608651,0.5395146229255434,0.40691896389022164,0.27432330485489986
6021,0.10407025709033581,0.11806860573895996,0.14257980870966933,0.16709101168037868,0.19160221465108804,0.2161134176217974,0.24062462059250678,0.3529169820306787,0.4652093434688507,0.5775017049070227,0.6897940663451948,0.756275578156249,0.7422772295076249,0.7177660265369155,0.6932548235662062,0.6687436205954969,0.6442324176247876,0.6197212146540781,0.5074288532159061,0.3951364917777342,0.2828441303395622,0.17055176890139007
6022,0.09174496304809825,0.10408545316899447,0.1256937346673304,0.14730201616566632,0.16891029766400223,0.19051857916233816,0.21212686066067407,0.3111201642112374,0.4101134677618008,0.5091067713123641,0.6081000748629275,0.6380177307790044,0.6256772406581081,0.6040689591597722,0.5824606776614363,0.5608523961631003,0.5392441146647644,0.5176358331664285,0.4186425296158651,0.3196492260653017,0.22065592251473837,0.12166261896417502
6023,0.0756798511426919,0.0858594449247251,0.10368398234795255,0.12150851977117999,0.13933305719440744,0.15715759461763487,0.17498213204086233,0.2566410943198301,0.33830005659879786,0.4199590188777657,0.5016179811567335,0.5589042903878931,0.54872469660586,0.5309001591826326,0.5130756217594051,0.4952510843361777,0.4774265469129503,0.45960200948972285,0.37794304721075506,0.2962840849317873,0.21462512265281947,0.13296616037385167
6024,0.06656898268586907,0.07552308595105217,0.09120178120737912,0.10688047646370606,0.12255917172003303,0.13823786697635998,0.1539165622326869,0.2257448489433112,0.29757313565393556,0.36940142236455986,0.44122970907518416,0.4271966781704077,0.4182425749052246,0.4025638796488976,0.3868851843925707,0.3712064891362437,0.35552779387991673,0.3398490986235898,0.2680208119129655,0.19619252520234115,0.12436423849171685,0.05253595178109255
6025,0.056639086305014866,0.06425753272192815,0.07759748382143074,0.09093743492093335,0.10427738602043597,0.11761733711993858,0.1309572882194412,0.19207116387144205,0.25318503952344296,0.31429891517544384,0.3754127908274448,0.3168441383691494,0.3092256919522361,0.2958857408527335,0.28254578975323086,0.26920583865372827,0.2558658875542257,0.24252593645472306,0.1814120608027222,0.1202981851507213,0.05918430949872042,-0.0019295661532805208
6026,0.03392680220936796,0.038490250202461725,0.046480878441028384,0.05447150667959503,0.06246213491816169,0.07045276315672834,0.07844339139529499,0.1150505915949522,0.15165779179460942,0.18826499199426663,0.22487219219392388,0.22601923126692836,0.22145578327383458,0.21346515503526792,0.20547452679670128,0.1974838985581346,0.18949327031956797,0.1815026420810013,0.1448954418813441,0.10828824168168688,0.07168104148202967,0.035073841282372425
6027,0.0236676925723058,0.026851201690074235,0.03242554764354464,0.03799989359701504,0.043574239550485436,0.049148585503955844,0.05472293145742625,0.08026049774238261,0.10579806402733898,0.13133563031229536,0.15687319659725174,0.20284547879051973,0.1996619696727513,0.1940876237192809,0.1885132777658105,0.1829389318123401,0.17736458585886972,0.17179023990539932,0.14625267362044297,0.12071510733548661,0.09517754105053022,0.06963997476557385
6028,0.02469635730095266,0.028018230711428102,0.03383485347536883,0.03965147623930954,0.04546809900325027,0.051284721767191,0.05710134453113172,0.08374884553458932,0.11039634653804692,0.1370438475415045,0.16369134854496212,0.2086410790622131,0.20531920565173767,0.19950258288779693,0.19368596012385622,0.18786933735991548,0.18205271459597477,0.17623609183203404,0.14958859082857645,0.12294108982511885,0.09629358882166127,0.06964608781820365
6029,0.018530992112733714,0.02102357064238779,0.025388092472381524,0.02975261430237525,0.03411713613236898,0.03848165796236271,0.04284617979235644,0.06284121893523797,0.08283625807811949,0.10283129722100104,0.12282633636388257,0.23076451461001737,0.2282719360803633,0.22390741425036959,0.21954289242037586,0.21517837059038214,0.21081384876038842,0.2064493269303947,0.18645428778751316,0.16645924864463163,0.1464642095017501,0.12646917035886857
6030,0.022723898938375474,0.025780459658883387,0.031132518111866028,0.036484576564848666,0.0418366350178313,0.04718869347081395,0.05254075192379659,0.0770599598532782,0.10157916778275981,0.12609837571224142,0.15061758364172306,0.3411068640072945,0.3380503032867866,0.33269824483380395,0.3273461863808213,0.32199412792783866,0.316642069474856,0.31129001102187337,0.2867708030923918,0.2622515951629102,0.2377323872334286,0.21321317930394695
6031,0.05954035988303085,0.0675490526604855,0.08157232777140645,0.0955956028823274,0.10961887799324835,0.12364215310416929,0.13766542821509023,0.20190979350324906,0.2661541587914079,0.33039852407956677,0.3946428893677256,0.5323949645104806,0.524386271733026,0.510362996622105,0.4963397215111841,0.48231644640026317,0.4682931712893422,0.4542698961784213,0.3900255308902625,0.32578116560210363,0.2615368003139448,0.19729243502578592
6032,0.09422208070711786,0.10689576455313886,0.129087470513181,0.15127917647322317,0.17347088243326533,0.1956625883933075,0.21785429435334966,0.31952042104539957,0.42118654773744957,0.5228526744294996,0.6245188011215496,0.7630054397344619,0.7503317558884409,0.7281400499283988,0.7059483439683566,0.6837566380083144,0.6615649320482723,0.6393732260882301,0.5377070993961802,0.4360409727041302,0.33437484601208023,0.23270871932003023
6033,0.11060462621291975,0.12548190395938727,0.1515321177130734,0.17758233146675953,0.2036325452204457,0.22968275897413182,0.255732972727818,0.37507595323620807,0.49441893374459817,0.6137619142529884,0.7331048947613785,1.04243040931092,1.0275531315644524,1.0015029178107662,0.9754527040570801,0.949402490303394,0.9233522765497079,0.8973020627960218,0.7779590822876317,0.6586161017792416,0.5392731212708513,0.41993014076246116
6034,0.14593538259187422,0.16556495229609972,0.19993646134515083,0.23430797039420195,0.2686794794432531,0.3030509884923042,0.3374224975413554,0.4948875522726021,0.6523526070038489,0.8098176617350957,0.9672827164663426,1.3368623237393928,1.3172327540351674,1.2828612449861163,1.2484897359370652,1.2141182268880142,1.1797467178389631,1.145375208789912,0.9879101540586653,0.8304450993274186,0.6729800445961718,0.5155149898649249
6035,0.17412844867806587,0.1975502293326846,0.2385619253527876,0.2795736213728906,0.3205853173929936,0.3615970134130966,0.40260870943319965,0.5904942325625675,0.7783797556919354,0.9662652788213034,1.1541508019506714,1.6963697765134498,1.6729479958588311,1.6319362998387281,1.590924603818625,1.549912907798522,1.508901211778419,1.467889515758316,1.2800039926289482,1.0921184694995802,0.9042329463702122,0.7163474232408442
6036,0.20258246617249245,0.22983155799628885,0.277544901707457,0.32525824541862514,0.3729715891297932,0.4206849328409614,0.46839827655212957,0.6869858360383282,0.9055733955245269,1.1241609550107257,1.3427485144969247,1.9211150761464808,1.8938659843226844,1.8461526406115163,1.7984392969003482,1.7507259531891801,1.7030126094780118,1.6552992657668437,1.4367117062806452,1.2181241467944464,0.9995365873082476,0.7809490278220486
6037,0.22682064156334378,0.25732997737244256,0.31075203030808307,0.3641740832437235,0.4175961361793641,0.4710181891150046,0.5244402420506451,0.769180921820084,1.013921601589523,1.2586622813589619,1.5034029611284008,2.0428941262432594,2.0123847904341607,1.9589627374985201,1.9055406845628797,1.852118631627239,1.7986965786915987,1.745274525755958,1.5005338459865192,1.2557931662170803,1.0110524864476413,0.7663118066782024
6038,0.28713168866453304,0.3257533813399477,0.3933802259058238,0.46100707047169975,0.5286339150375757,0.5962607596034519,0.6638876041693279,0.9737042248382178,1.2835208455071077,1.5933374661759976,1.9031540868448875,2.133676930271694,2.095055237596279,2.027428393030403,1.9598015484645268,1.8921747038986507,1.8245478593327746,1.7569210147668985,1.4471043940980086,1.1372877734291187,0.8274711527602288,0.5176545320913388
6039,0.3067951188581142,0.3480617127682659,0.42031979724889373,0.49257788172952155,0.5648359662101494,0.6370940506907772,0.709352135171405,1.040385701701159,1.3714192682309132,1.7024528347606676,2.0334864012904217,2.1612776545091203,2.120011060598969,2.047752976118341,1.975494891637713,1.9032368071570853,1.8309787226764576,1.7587206381958298,1.427687071666076,1.0966535051363218,0.7656199386065674,0.4345863720768133
6040,0.27598175878396375,0.31310368956544515,0.3781044409318533,0.44310519229826134,0.5081059436646694,0.5731066950310776,0.6381074463974856,0.9358932333664804,1.233679020335475,1.53146480730447,1.829250594273465,1.9097257114610804,1.872603780679599,1.8076030293131908,1.7426022779467827,1.6776015265803745,1.6126007752139664,1.5476000238475582,1.2498142368785634,0.9520284499095688,0.6542426629405738,0.35645687597157893
6041,0.2253108014307007,0.2556170506983482,0.3086834977291007,0.36174994475985317,0.4148163917906057,0.46788283882135817,0.5209492858521106,0.7640608400805081,1.0071723943089055,1.2502839485373032,1.4933955027657007,1.6192575536297766,1.588951304362129,1.5358848573313766,1.4828184103006241,1.4297519632698716,1.3766855162391192,1.3236190692083667,1.0805075149799692,0.8373959607515719,0.5942844065231742,0.3511728522947767
6042,0.181071206183045,0.20542684770103406,0.24807374039633354,0.290720633091633,0.3333675257869325,0.376014418482232,0.41866131117753147,0.6140381066158548,0.809414902054178,1.0047916974925013,1.200168492930825,1.489569188741577,1.4652135472235879,1.4225666545282885,1.379919761832989,1.3372728691376894,1.29462597644239,1.2519790837470905,1.0566022883087673,0.8612254928704441,0.6658486974321208,0.4704719019937972
6043,0.1371027565822645,0.15554426178254532,0.18783546186591396,0.22012666194928254,0.2524178620326512,0.2847090621160198,0.3170002621993884,0.464934866444111,0.6128694706888336,0.7608040749335562,0.9087386791782788,1.2544431595756709,1.23600165437539,1.2037104542920214,1.1714192542086528,1.1391280541252842,1.1068368540419156,1.074545653958547,0.9266110497138245,0.7786764454691019,0.6307418412243793,0.48280723697965666
6044,0.12288693681507708,0.1394162914452449,0.16835930297358676,0.19730231450192862,0.22624532603027048,0.25518833755861237,0.28413134908695425,0.4167270081222759,0.5493226671575976,0.6819183261929194,0.8145139852282411,0.965950353268064,0.9494209986378962,0.9204779871095543,0.8915349755812124,0.8625919640528705,0.8336489525245286,0.8047059409961868,0.6721102819608651,0.5395146229255434,0.40691896389022164,0.27432330485489986
6045,0.10407025709033581,0.11806860573895996,0.14257980870966933,0.16709101168037868,0.19160221465108804,0.2161134176217974,0.24062462059250678,0.3529169820306787,0.4652093434688507,0.5775017049070227,0.6897940663451948,0.756275578156249,0.7422772295076249,0.7177660265369155,0.6932548235662062,0.6687436205954969,0.6442324176247876,0.6197212146540781,0.5074288532159061,0.3951364917777342,0.2828441303395622,0.17055176890139007
6046,0.09174496304809825,0.10408545316899447,0.1256937346673304,0.14730201616566632,0.16891029766400223,0.19051857916233816,0.21212686066067407,0.3111201642112374,0.4101134677618008,0.5091067713123641,0.6081000748629275,0.6380177307790044,0.6256772406581081,0.6040689591597722,0.5824606776614363,0.5608523961631003,0.5392441146647644,0.5176358331664285,0.4186425296158651,0.3196492260653017,0.22065592251473837,0.12166261896417502
6047,0.0756798511426919,0.0858594449247251,0.10368398234795255,0.12150851977117999,0.13933305719440744,0.15715759461763487,0.17498213204086233,0.2566410943198301,0.33830005659879786,0.4199590188777657,0.5016179811567335,0.5589042903878931,0.54872469660586,0.5309001591826326,0.5130756217594051,0.4952510843361777,0.4774265469129503,0.45960200948972285,0.37794304721075506,0.2962840849317873,0.21462512265281947,0.13296616037385167
6048,0.031367184720614005,0.03558634204876214,0.04297411500909338,0.050361887969424625,0.057749660929755864,0.0651374338900871,0.07252520685041834,0.10637056615310214,0.14021592545578596,0.17406128475846977,0.20790664406115364,0.38513873965896495,0.3809195823308168,0.3735318093704856,0.36614403641015436,0.35875626344982314,0.3513684904894919,0.3439807175291607,0.3101353582264769,0.27628999892379313,0.24244463962110932,0.20859928031842545
6049,0.027541528392130105,0.031246101893993974,0.037732835101129916,0.04421956830826585,0.05070630151540179,0.057193034722537735,0.06367976792967367,0.09339722368731823,0.1231146794449628,0.15283213520260736,0.18254959096025195,0.2947264391013124,0.29102186559944854,0.2845351323923126,0.27804839918517665,0.2715616659780407,0.26507493277090477,0.25858819956376883,0.22887074380612427,0.1991532880484797,0.16943583229083514,0.13971837653319055
6050,0.021214760756460276,0.024068329353953997,0.029064947229369295,0.03406156510478459,0.03905818298019989,0.04405480085561519,0.049051418731030486,0.07194225852804301,0.09483309832505553,0.11772393812206808,0.1406147779190806,0.2196416620198345,0.2167880934223408,0.21179147554692548,0.20679485767151018,0.20179823979609487,0.19680162192067957,0.19180500404526427,0.16891416424825173,0.14602332445123922,0.12313248465422667,0.10024164485721414
6051,0.017379901386824617,0.01971764826949346,0.023811058840523276,0.02790446941155309,0.03199787998258291,0.03609129055361272,0.04018470112464254,0.058937707246218926,0.07769071336779533,0.09644371948937172,0.11519672561094813,0.1725522635160582,0.17021451663338938,0.16612110606235955,0.16202769549132973,0.1579342849202999,0.15384087434927007,0.14974746377824025,0.13099445765666387,0.11224145153508747,0.09348844541351108,0.07473543929193467
6052,0.018861538995962508,0.02139857893702769,0.025840952998510806,0.030283327059993915,0.03472570112147703,0.03916807518296014,0.04361044924444325,0.0639621502340575,0.08431385122367176,0.10466555221328604,0.1250172532029003,0.16219714722554288,0.1596601072844777,0.15521773322299456,0.15077535916151147,0.14633298510002835,0.14189061103854522,0.1374482369770621,0.11709653598744785,0.0967448349978336,0.07639313400821932,0.05604143301860505
6053,0.06031042844298219,0.06842270209442457,0.08262734801485494,0.09683199393528533,0.1110366398557157,0.1252412857761461,0.1394459316965765,0.20452120506052845,0.2695964784244804,0.33467175178843245,0.39974702515238447,0.4566317751531136,0.4485195015016712,0.43431485558124083,0.4201102096608105,0.4059055637403801,0.3917009178199497,0.3774962718995193,0.3124209985355673,0.24734572517161535,0.18227045180766333,0.1171951784437113
6054,0.30895518501738617,0.35051232648691727,0.4232791617051753,0.4960459969234333,0.5688128321416914,0.6415796673599494,0.7143465025782075,1.0477107919933368,1.3810750814084662,1.7144393708235957,2.0478036602387255,2.1024107163262697,2.0608535748567385,1.9880867396384805,1.9153199044202225,1.8425530692019643,1.7697862339837063,1.6970193987654483,1.363655109350319,1.0302908199351897,0.6969265305200603,0.3635622411049304
6055,1.1612949269476076,1.3174991271273024,1.5910137359992662,1.8645283448712298,2.1380429537431938,2.4115575626151577,2.685072171487121,3.9381155800368046,5.191158988586489,6.444202397136173,7.697245805685856,8.797592590406415,8.64138839022672,8.367873781354756,8.094359172482793,7.820844563610829,7.547329954738865,7.273815345866902,6.020771937317218,4.767728528767535,3.514685120217851,2.261641711668167
6056,2.8365400828547638,3.218079229059924,3.8861568494030205,4.554234469746118,5.222312090089215,5.890389710432311,6.558467330775408,9.61910918103339,12.679751031291374,15.74039288154936,18.801034731807345,21.40384848736475,21.02230934115959,20.354231720816493,19.686154100473395,19.018076480130297,18.3499988597872,17.6819212394441,14.621279389186117,11.560637538928134,8.499995688670149,5.439353838412163
6057,4.187241305649756,4.750461435119857,5.736663683482037,6.722865931844216,7.709068180206397,8.695270428568575,9.681472676930756,14.199528337297998,18.717583997665233,23.23563965803248,27.75369531839972,32.29130966000392,31.72808953053382,30.74188728217164,29.75568503380946,28.76948278544728,27.7832805370851,26.797078288722922,22.27902262835568,17.760966967988445,13.242911307621199,8.724855647253957
6058,4.1224380187469025,4.6769415462886,5.647880965838258,6.618820385387915,7.5897598049375725,8.56069922448723,9.53163864403689,13.979771212843394,18.427903781649896,22.876036350456406,27.324168919262913,32.91035711924829,32.35585359170659,31.384914172156932,30.413974752607274,29.443035333057615,28.472095913507957,27.501156493958298,23.053023925151795,18.60489135634529,14.15675878753878,9.708626218732274
6059,3.351595880008395,3.8024144805325077,4.591800893015079,5.381187305497649,6.170573717980221,6.959960130462791,7.7493465429453625,11.365736340329079,14.982126137712793,18.59851593509651,22.21490573248023,27.356769827551037,26.905951227026925,26.116564814544354,25.327178402061783,24.537791989579212,23.74840557709664,22.95901916461407,19.34262936723035,15.726239569846637,12.109849772462919,8.493459975079201
6060,2.9910124143164416,3.3933294236000933,4.097789222441407,4.80224902128272,5.506708820124034,6.211168618965348,6.915628417806662,10.142946736074473,13.370265054342282,16.597583372610092,19.82490169087791,24.2284335048095,23.82611649552585,23.121656696684536,22.417196897843223,21.71273709900191,21.008277300160596,20.303817501319283,17.076499183051475,13.849180864783666,10.621862546515855,7.394544228248039
6061,2.7047846416677372,3.0686015427890947,3.7056473923676854,4.342693241946275,4.979739091524866,5.6167849411034565,6.253830790682048,9.172307818474215,12.090784846266383,15.009261874058554,17.92773890185072,22.802692522038395,22.438875620917038,21.801829771338447,21.164783921759856,20.527738072181265,19.890692222602674,19.253646373024083,16.335169345231915,13.416692317439747,10.498215289647575,7.579738261855409
6062,2.20733046474823,2.5042354815337093,3.0241181699939683,3.544000858454227,4.063883546914486,4.583766235374744,5.103648923835004,7.485370246439614,9.867091569044224,12.248812891648836,14.630534214253444,19.724931122724897,19.428026105939416,18.908143417479156,18.388260729018896,17.868378040558635,17.348495352098375,16.828612663638115,14.446891341033504,12.065170018428894,9.683448695824282,7.3017273732196735
6063,1.677916042855984,1.903610246250039,2.298802319798513,2.693994393346985,3.0891864668954585,3.484378540443932,3.879570613992405,5.690050956937462,7.500531299882518,9.311011642827577,11.121491985772634,14.871256559632515,14.645562356238461,14.250370282689987,13.855178209141515,13.459986135593041,13.064794062044568,12.669601988496094,10.859121645551037,9.04864130260598,7.238160959660921,5.427680616715864
6064,1.1172675321315855,1.2675496673528908,1.5306947005095728,1.7938397336662546,2.0569847668229366,2.3201297999796187,2.583274833136301,3.7888124482913326,4.9943500634463645,6.199887678601396,7.405425293756428,10.033161309414842,9.882879174193537,9.619734141036854,9.356589107880172,9.09344407472349,8.830299041566807,8.567154008410125,7.361616393255093,6.156078778100062,4.95054116294503,3.745003547789998
6065,0.6682540838903488,0.7581400312657272,0.9155309318380566,1.0729218324103855,1.2303127329827148,1.3877036335550441,1.5450945341273732,2.2661442482220826,2.987193962316792,3.7082436764115014,4.429293390506211,6.0734388854665,5.983552938091121,5.826162037518792,5.668771136946463,5.5113802363741335,5.3539893358018045,5.196598435229475,4.475548721134766,3.7544990070400566,3.033449292945347,2.3123995788506377
6066,0.4397550001969972,0.4989058467966161,0.6024793784527985,0.7060529101089809,0.8096264417651632,0.9131999734213457,1.016773505077528,1.4912714914090162,1.9657694777405041,2.4402674640719924,2.9147654504034803,3.6846018562989733,3.625451009699354,3.5218774780431716,3.418303946386989,3.314730414730807,3.2111568830746244,3.1075833514184423,2.633085365086954,2.158587378755466,1.6840893924239777,1.2095914060924897
6067,0.286284866305672,0.32479265405806435,0.39222005033488544,0.4596474466117065,0.5270748428885276,0.5945022391653487,0.6619296354421698,0.9708325302776295,1.2797354251130895,1.5886383199485492,1.8975412147840094,2.22844041223525,2.1899326244828576,2.1225052282060366,2.0550778319292156,1.9876504356523945,1.9202230393755735,1.8527956430987524,1.5438927482632927,1.2349898534278327,0.926086958592373,0.6171840637569128
6068,0.1600000684787465,0.18152145994052682,0.21920556165659857,0.25688966337267033,0.2945737650887421,0.33225786680481384,0.3699419685208856,0.5425828942000834,0.7152238198792811,0.887864745558479,1.0605056712376768,1.3303544742870113,1.308833082825231,1.2711489811091592,1.2334648793930874,1.1957807776770155,1.1580966759609437,1.1204125742448718,0.947771648565674,0.7751307228864763,0.6024897972072784,0.4298488715280806
6069,0.0966650333943288,0.10966731548161278,0.1324343991801003,0.15520148287858784,0.17796856657707538,0.20073565027556292,0.2235027339740505,0.3278048196211218,0.432106905268193,0.5364089909152644,0.6407110765623357,0.8750441895076194,0.8620419074203355,0.8392748237218479,0.8165077400233604,0.7937406563248728,0.7709735726263852,0.7482064889278977,0.6439044032808263,0.5396023176337551,0.4353002319866837,0.3309981463396124
6070,0.060485888935644626,0.06862176353916513,0.08286773488598757,0.09711370623281,0.11135967757963244,0.1256056489264549,0.13985162027327736,0.2051162164429092,0.27038081261254104,0.33564540878217297,0.40091000495180484,0.6530761972950729,0.6449403226915524,0.63069435134473,0.6164483799979075,0.602202408651085,0.5879564373042625,0.57371046595744,0.5084458697878081,0.4431812736181763,0.37791667744854435,0.3126520812789125
6071,0.04326251605801909,0.04908169821561838,0.059271125452270715,0.06946055268892304,0.07964997992557539,0.08983940716222773,0.10002883439888008,0.1467093195416705,0.19338980468446088,0.24007028982725132,0.28675077497004176,0.499578441059629,0.4937592589020297,0.48356983166537737,0.47338040442872503,0.4631909771920727,0.45300154995542036,0.442812122718768,0.3961316375759776,0.3494511524331872,0.30277066729039676,0.2560901821476063
6072,0.031367184720614005,0.03558634204876214,0.04297411500909338,0.050361887969424625,0.057749660929755864,0.0651374338900871,0.07252520685041834,0.10637056615310214,0.14021592545578596,0.17406128475846977,0.20790664406115364,0.38513873965896495,0.3809195823308168,0.3735318093704856,0.36614403641015436,0.35875626344982314,0.3513684904894919,0.3439807175291607,0.3101353582264769,0.27628999892379313,0.24244463962110932,0.20859928031842545
6073,0.027541528392130105,0.031246101893993974,0.037732835101129916,0.04421956830826585,0.05070630151540179,0.057193034722537735,0.06367976792967367,0.09339722368731823,0.1231146794449628,0.15283213520260736,0.18254959096025195,0.2947264391013124,0.29102186559944854,0.2845351323923126,0.27804839918517665,0.2715616659780407,0.26507493277090477,0.25858819956376883,0.22887074380612427,0.1991532880484797,0.16943583229083514,0.13971837653319055
6074,0.021214760756460276,0.024068329353953997,0.029064947229369295,0.03406156510478459,0.03905818298019989,0.04405480085561519,0.049051418731030486,0.07194225852804301,0.09483309832505553,0.11772393812206808,0.1406147779190806,0.2196416620198345,0.2167880934223408,0.21179147554692548,0.20679485767151018,0.20179823979609487,0.19680162192067957,0.19180500404526427,0.16891416424825173,0.14602332445123922,0.12313248465422667,0.10024164485721414
6075,0.017379901386824617,0.01971764826949346,0.023811058840523276,0.02790446941155309,0.03199787998258291,0.03609129055361272,0.04018470112464254,0.058937707246218926,0.07769071336779533,0.09644371948937172,0.11519672561094813,0.1725522635160582,0.17021451663338938,0.16612110606235955,0.16202769549132973,0.1579342849202999,0.15384087434927007,0.14974746377824025,0.13099445765666387,0.11224145153508747,0.09348844541351108,0.07473543929193467
6076,0.018861538995962508,0.02139857893702769,0.025840952998510806,0.030283327059993915,0.03472570112147703,0.03916807518296014,0.04361044924444325,0.0639621502340575,0.08431385122367176,0.10466555221328604,0.1250172532029003,0.16219714722554288,0.1596601072844777,0.15521773322299456,0.15077535916151147,0.14633298510002835,0.14189061103854522,0.1374482369770621,0.11709653598744785,0.0967448349978336,0.07639313400821932,0.05604143301860505
6077,0.06031042844298219,0.06842270209442457,0.08262734801485494,0.09683199393528533,0.1110366398557157,0.1252412857761461,0.1394459316965765,0.20452120506052845,0.2695964784244804,0.33467175178843245,0.39974702515238447,0.4566317751531136,0.4485195015016712,0.43431485558124083,0.4201102096608105,0.4059055637403801,0.3917009178199497,0.3774962718995193,0.3124209985355673,0.24734572517161535,0.18227045180766333,0.1171951784437113
6078,0.30895518501738617,0.35051232648691727,0.4232791617051753,0.4960459969234333,0.5688128321416914,0.6415796673599494,0.7143465025782075,1.0477107919933368,1.3810750814084662,1.7144393708235957,2.0478036602387255,2.1024107163262697,2.0608535748567385,1.9880867396384805,1.9153199044202225,1.8425530692019643,1.7697862339837063,1.6970193987654483,1.363655109350319,1.0302908199351897,0.6969265305200603,0.3635622411049304
6079,1.1612949269476076,1.3174991271273024,1.5910137359992662,1.8645283448712298,2.1380429537431938,2.4115575626151577,2.685072171487121,3.9381155800368046,5.191158988586489,6.444202397136173,7.697245805685856,8.797592590406415,8.64138839022672,8.367873781354756,8.094359172482793,7.820844563610829,7.547329954738865,7.273815345866902,6.020771937317218,4.767728528767535,3.514685120217851,2.261641711668167
6080,2.8365400828547638,3.218079229059924,3.8861568494030205,4.554234469746118,5.222312090089215,5.890389710432311,6.558467330775408,9.61910918103339,12.679751031291374,15.74039288154936,18.801034731807345,21.40384848736475,21.02230934115959,20.354231720816493,19.686154100473395,19.018076480130297,18.3499988597872,17.6819212394441,14.621279389186117,11.560637538928134,8.499995688670149,5.439353838412163
6081,4.187241305649756,4.750461435119857,5.736663683482037,6.722865931844216,7.709068180206397,8.695270428568575,9.681472676930756,14.199528337297998,18.717583997665233,23.23563965803248,27.75369531839972,32.29130966000392,31.72808953053382,30.74188728217164,29.75568503380946,28.76948278544728,27.7832805370851,26.797078288722922,22.27902262835568,17.760966967988445,13.242911307621199,8.724855647253957
6082,4.1224380187469025,4.6769415462886,5.647880965838258,6.618820385387915,7.5897598049375725,8.56069922448723,9.53163864403689,13.979771212843394,18.427903781649896,22.876036350456406,27.324168919262913,32.91035711924829,32.35585359170659,31.384914172156932,30.413974752607274,29.443035333057615,28.472095913507957,27.501156493958298,23.053023925151795,18.60489135634529,14.15675878753878,9.708626218732274
6083,3.351595880008395,3.8024144805325077,4.591800893015079,5.381187305497649,6.170573717980221,6.959960130462791,7.7493465429453625,11.365736340329079,14.982126137712793,18.59851593509651,22.21490573248023,27.356769827551037,26.905951227026925,26.116564814544354,25.327178402061783,24.537791989579212,23.74840557709664,22.95901916461407,19.34262936723035,15.726239569846637,12.109849772462919,8.493459975079201
6084,2.9910124143164416,3.3933294236000933,4.097789222441407,4.80224902128272,5.506708820124034,6.211168618965348,6.915628417806662,10.142946736074473,13.370265054342282,16.597583372610092,19.82490169087791,24.2284335048095,23.82611649552585,23.121656696684536,22.417196897843223,21.71273709900191,21.008277300160596,20.303817501319283,17.076499183051475,13.849180864783666,10.621862546515855,7.394544228248039
6085,2.7047846416677372,3.0686015427890947,3.7056473923676854,4.342693241946275,4.979739091524866,5.6167849411034565,6.253830790682048,9.172307818474215,12.090784846266383,15.009261874058554,17.92773890185072,22.802692522038395,22.438875620917038,21.801829771338447,21.164783921759856,20.527738072181265,19.890692222602674,19.253646373024083,16.335169345231915,13.416692317439747,10.498215289647575,7.579738261855409
6086,2.20733046474823,2.5042354815337093,3.0241181699939683,3.544000858454227,4.063883546914486,4.583766235374744,5.103648923835004,7.485370246439614,9.867091569044224,12.248812891648836,14.630534214253444,19.724931122724897,19.428026105939416,18.908143417479156,18.388260729018896,17.868378040558635,17.348495352098375,16.828612663638115,14.446891341033504,12.065170018428894,9.683448695824282,7.3017273732196735
6087,1.677916042855984,1.903610246250039,2.298802319798513,2.693994393346985,3.0891864668954585,3.484378540443932,3.879570613992405,5.690050956937462,7.500531299882518,9.311011642827577,11.121491985772634,14.871256559632515,14.645562356238461,14.250370282689987,13.855178209141515,13.459986135593041,13.064794062044568,12.669601988496094,10.859121645551037,9.04864130260598,7.238160959660921,5.427680616715864
6088,1.1172675321315855,1.2675496673528908,1.5306947005095728,1.7938397336662546,2.0569847668229366,2.3201297999796187,2.583274833136301,3.7888124482913326,4.9943500634463645,6.199887678601396,7.405425293756428,10.033161309414842,9.882879174193537,9.619734141036854,9.356589107880172,9.09344407472349,8.830299041566807,8.567154008410125,7.361616393255093,6.156078778100062,4.95054116294503,3.745003547789998
6089,0.6682540838903488,0.7581400312657272,0.9155309318380566,1.0729218324103855,1.2303127329827148,1.3877036335550441,1.5450945341273732,2.2661442482220826,2.987193962316792,3.7082436764115014,4.429293390506211,6.0734388854665,5.983552938091121,5.826162037518792,5.668771136946463,5.5113802363741335,5.3539893358018045,5.196598435229475,4.475548721134766,3.7544990070400566,3.033449292945347,2.3123995788506377
6090,0.4397550001969972,0.4989058467966161,0.6024793784527985,0.7060529101089809,0.8096264417651632,0.9131999734213457,1.016773505077528,1.4912714914090162,1.9657694777405041,2.4402674640719924,2.9147654504034803,3.6846018562989733,3.625451009699354,3.5218774780431716,3.418303946386989,3.314730414730807,3.2111568830746244,3.1075833514184423,2.633085365086954,2.158587378755466,1.6840893924239777,1.2095914060924897
6091,0.286284866305672,0.32479265405806435,0.39222005033488544,0.4596474466117065,0.5270748428885276,0.5945022391653487,0.6619296354421698,0.9708325302776295,1.2797354251130895,1.5886383199485492,1.8975412147840094,2.22844041223525,2.1899326244828576,2.1225052282060366,2.0550778319292156,1.9876504356523945,1.9202230393755735,1.8527956430987524,1.5438927482632927,1.2349898534278327,0.926086958592373,0.6171840637569128
6092,0.1600000684787465,0.18152145994052682,0.21920556165659857,0.25688966337267033,0.2945737650887421,0.33225786680481384,0.3699419685208856,0.5425828942000834,0.7152238198792811,0.887864745558479,1.0605056712376768,1.3303544742870113,1.308833082825231,1.2711489811091592,1.2334648793930874,1.1957807776770155,1.1580966759609437,1.1204125742448718,0.947771648565674,0.7751307228864763,0.6024897972072784,0.4298488715280806
6093,0.0966650333943288,0.10966731548161278,0.1324343991801003,0.15520148287858784,0.17796856657707538,0.20073565027556292,0.2235027339740505,0.3278048196211218,0.432106905268193,0.5364089909152644,0.6407110765623357,0.8750441895076194,0.8620419074203355,0.8392748237218479,0.8165077400233604,0.7937406563248728,0.7709735726263852,0.7482064889278977,0.6439044032808263,0.5396023176337551,0.4353002319866837,0.3309981463396124
6094,0.060485888935644626,0.06862176353916513,0.08286773488598757,0.09711370623281,0.11135967757963244,0.1256056489264549,0.13985162027327736,0.2051162164429092,0.27038081261254104,0.33564540878217297,0.40091000495180484,0.6530761972950729,0.6449403226915524,0.63069435134473,0.6164483799979075,0.602202408651085,0.5879564373042625,0.57371046595744,0.5084458697878081,0.4431812736181763,0.37791667744854435,0.3126520812789125
6095,0.04326251605801909,0.04908169821561838,0.059271125452270715,0.06946055268892304,0.07964997992557539,0.08983940716222773,0.10002883439888008,0.1467093195416705,0.19338980468446088,0.24007028982725132,0.28675077497004176,0.499578441059629,0.4937592589020297,0.48356983166537737,0.47338040442872503,0.4631909771920727,0.45300154995542036,0.442812122718768,0.3961316375759776,0.3494511524331872,0.30277066729039676,0.2560901821476063
6096,0.031367184720614005,0.03558634204876214,0.04297411500909338,0.050361887969424625,0.057749660929755864,0.0651374338900871,0.07252520685041834,0.10637056615310214,0.14021592545578596,0.17406128475846977,0.20790664406115364,0.38513873965896495,0.3809195823308168,0.3735318093704856,0.36614403641015436,0.35875626344982314,0.3513684904894919,0.3439807175291607,0.3101353582264769,0.27628999892379313,0.24244463962110932,0.20859928031842545
6097,0.027541528392130105,0.031246101893993974,0.037732835101129916,0.04421956830826585,0.05070630151540179,0.057193034722537735,0.06367976792967367,0.09339722368731823,0.1231146794449628,0.15283213520260736,0.18254959096025195,0.2947264391013124,0.29102186559944854,0.2845351323923126,0.27804839918517665,0.2715616659780407,0.26507493277090477,0.25858819956376883,0.22887074380612427,0.1991532880484797,0.16943583229083514,0.13971837653319055
6098,0.021214760756460276,0.024068329353953997,0.029064947229369295,0.03406156510478459,0.03905818298019989,0.04405480085561519,0.049051418731030486,0.07194225852804301,0.09483309832505553,0.11772393812206808,0.1406147779190806,0.2196416620198345,0.2167880934223408,0.21179147554692548,0.20679485767151018,0.20179823979609487,0.19680162192067957,0.19180500404526427,0.16891416424825173,0.14602332445123922,0.12313248465422667,0.10024164485721414
6099,0.017379901386824617,0.01971764826949346,0.023811058840523276,0.02790446941155309,0.03199787998258291,0.03609129055361272,0.04018470112464254,0.058937707246218926,0.07769071336779533,0.09644371948937172,0.11519672561094813,0.1725522635160582,0.17021451663338938,0.16612110606235955,0.16202769549132973,0.1579342849202999,0.15384087434927007,0.14974746377824025,0.13099445765666387,0.11224145153508747,0.09348844541351108,0.07473543929193467
6100,0.018861538995962508,0.02139857893702769,0.025840952998510806,0.030283327059993915,0.03472570112147703,0.03916807518296014,0.04361044924444325,0.0639621502340575,0.08431385122367176,0.10466555221328604,0.1250172532029003,0.16219714722554288,0.1596601072844777,0.15521773322299456,0.15077535916151147,0.14633298510002835,0.14189061103854522,0.1374482369770621,0.11709653598744785,0.0967448349978336,0.07639313400821932,0.05604143301860505
6101,0.06031042844298219,0.06842270209442457,0.08262734801485494,0.09683199393528533,0.1110366398557157,0.1252412857761461,0.1394459316965765,0.20452120506052845,0.2695964784244804,0.33467175178843245,0.39974702515238447,0.4566317751531136,0.4485195015016712,0.43431485558124083,0.4201102096608105,0.4059055637403801,0.3917009178199497,0.3774962718995193,0.3124209985355673,0.24734572517161535,0.18227045180766333,0.1171951784437113
6102,0.30895518501738617,0.35051232648691727,0.4232791617051753,0.4960459969234333,0.5688128321416914,0.6415796673599494,0.7143465025782075,1.0477107919933368,1.3810750814084662,1.7144393708235957,2.0478036602387255,2.1024107163262697,2.0608535748567385,1.9880867396384805,1.9153199044202225,1.8425530692019643,1.7697862339837063,1.6970193987654483,1.363655109350319,1.0302908199351897,0.6969265305200603,0.3635622411049304
6103,1.1612949269476076,1.3174991271273024,1.5910137359992662,1.8645283448712298,2.1380429537431938,2.4115575626151577,2.685072171487121,3.9381155800368046,5.191158988586489,6.444202397136173,7.697245805685856,8.797592590406415,8.64138839022672,8.367873781354756,8.094359172482793,7.820844563610829,7.547329954738865,7.273815345866902,6.020771937317218,4.767728528767535,3.514685120217851,2.261641711668167
6104,2.8365400828547638,3.218079229059924,3.8861568494030205,4.554234469746118,5.222312090089215,5.890389710432311,6.558467330775408,9.61910918103339,12.679751031291374,15.74039288154936,18.801034731807345,21.40384848736475,21.02230934115959,20.354231720816493,19.686154100473395,19.018076480130297,18.3499988597872,17.6819212394441,14.621279389186117,11.560637538928134,8.499995688670149,5.439353838412163
6105,4.187241305649756,4.750461435119857,5.736663683482037,6.722865931844216,7.709068180206397,8.695270428568575,9.681472676930756,14.199528337297998,18.717583997665233,23.23563965803248,27.75369531839972,32.29130966000392,31.72808953053382,30.74188728217164,29.75568503380946,28.76948278544728,27.7832805370851,26.797078288722922,22.27902262835568,17.760966967988445,13.242911307621199,8.724855647253957
6106,4.1224380187469025,4.6769415462886,5.647880965838258,6.618820385387915,7.5897598049375725,8.56069922448723,9.53163864403689,13.979771212843394,18.427903781649896,22.876036350456406,27.324168919262913,32.91035711924829,32.35585359170659,31.384914172156932,30.413974752607274,29.443035333057615,28.472095913507957,27.501156493958298,23.053023925151795,18.60489135634529,14.15675878753878,9.708626218732274
6107,3.351595880008395,3.8024144805325077,4.591800893015079,5.381187305497649,6.170573717980221,6.959960130462791,7.7493465429453625,11.365736340329079,14.982126137712793,18.59851593509651,22.21490573248023,27.356769827551037,26.905951227026925,26.116564814544354,25.327178402061783,24.537791989579212,23.74840557709664,22.95901916461407,19.34262936723035,15.726239569846637,12.109849772462919,8.493459975079201
6108,2.9910124143164416,3.3933294236000933,4.097789222441407,4.80224902128272,5.506708820124034,6.211168618965348,6.915628417806662,10.142946736074473,13.370265054342282,16.597583372610092,19.82490169087791,24.2284335048095,23.82611649552585,23.121656696684536,22.417196897843223,21.71273709900191,21.008277300160596,20.303817501319283,17.076499183051475,13.849180864783666,10.621862546515855,7.394544228248039
6109,2.7047846416677372,3.0686015427890947,3.7056473923676854,4.342693241946275,4.979739091524866,5.6167849411034565,6.253830790682048,9.172307818474215,12.090784846266383,15.009261874058554,17.92773890185072,22.802692522038395,22.438875620917038,21.801829771338447,21.164783921759856,20.527738072181265,19.890692222602674,19.253646373024083,16.335169345231915,13.416692317439747,10.498215289647575,7.579738261855409
6110,2.20733046474823,2.5042354815337093,3.0241181699939683,3.544000858454227,4.063883546914486,4.583766235374744,5.103648923835004,7.485370246439614,9.867091569044224,12.248812891648836,14.630534214253444,19.724931122724897,19.428026105939416,18.908143417479156,18.388260729018896,17.868378040558635,17.348495352098375,16.828612663638115,14.446891341033504,12.065170018428894,9.683448695824282,7.3017273732196735
6111,1.677916042855984,1.903610246250039,2.298802319798513,2.693994393346985,3.0891864668954585,3.484378540443932,3.879570613992405,5.690050956937462,7.500531299882518,9.311011642827577,11.121491985772634,14.871256559632515,14.645562356238461,14.250370282689987,13.855178209141515,13.459986135593041,13.064794062044568,12.669601988496094,10.859121645551037,9.04864130260598,7.238160959660921,5.427680616715864
6112,1.1172675321315855,1.2675496673528908,1.5306947005095728,1.7938397336662546,2.0569847668229366,2.3201297999796187,2.583274833136301,3.7888124482913326,4.9943500634463645,6.199887678601396,7.405425293756428,10.033161309414842,9.882879174193537,9.619734141036854,9.356589107880172,9.09344407472349,8.830299041566807,8.567154008410125,7.361616393255093,6.156078778100062,4.95054116294503,3.745003547789998
6113,0.6682540838903488,0.7581400312657272,0.9155309318380566,1.0729218324103855,1.2303127329827148,1.3877036335550441,1.5450945341273732,2.2661442482220826,2.987193962316792,3.7082436764115014,4.429293390506211,6.0734388854665,5.983552938091121,5.826162037518792,5.668771136946463,5.5113802363741335,5.3539893358018045,5.196598435229475,4.475548721134766,3.7544990070400566,3.033449292945347,2.3123995788506377
6114,0.4397550001969972,0.4989058467966161,0.6024793784527985,0.7060529101089809,0.8096264417651632,0.9131999734213457,1.016773505077528,1.4912714914090162,1.9657694777405041,2.4402674640719924,2.9147654504034803,3.6846018562989733,3.625451009699354,3.5218774780431716,3.418303946386989,3.314730414730807,3.2111568830746244,3.1075833514184423,2.633085365086954,2.158587378755466,1.6840893924239777,1.2095914060924897
6115,0.286284866305672,0.32479265405806435,0.39222005033488544,0.4596474466117065,0.5270748428885276,0.5945022391653487,0.6619296354421698,0.9708325302776295,1.2797354251130895,1.5886383199485492,1.8975412147840094,2.22844041223525,2.1899326244828576,2.1225052282060366,2.0550778319292156,1.9876504356523945,1.9202230393755735,1.8527956430987524,1.5438927482632927,1.2349898534278327,0.926086958592373,0.6171840637569128
6116,0.1600000684787465,0.18152145994052682,0.21920556165659857,0.25688966337267033,0.2945737650887421,0.33225786680481384,0.3699419685208856,0.5425828942000834,0.7152238198792811,0.887864745558479,1.0605056712376768,1.3303544742870113,1.308833082825231,1.2711489811091592,1.2334648793930874,1.1957807776770155,1.1580966759609437,1.1204125742448718,0.947771648565674,0.7751307228864763,0.6024897972072784,0.4298488715280806
6117,0.0966650333943288,0.10966731548161278,0.1324343991801003,0.15520148287858784,0.17796856657707538,0.20073565027556292,0.2235027339740505,0.3278048196211218,0.432106905268193,0.5364089909152644,0.6407110765623357,0.8750441895076194,0.8620419074203355,0.8392748237218479,0.8165077400233604,0.7937406563248728,0.7709735726263852,0.7482064889278977,0.6439044032808263,0.5396023176337551,0.4353002319866837,0.3309981463396124
6118,0.060485888935644626,0.06862176353916513,0.08286773488598757,0.09711370623281,0.11135967757963244,0.1256056489264549,0.13985162027327736,0.2051162164429092,0.27038081261254104,0.33564540878217297,0.40091000495180484,0.6530761972950729,0.6449403226915524,0.63069435134473,0.6164483799979075,0.602202408651085,0.5879564373042625,0.57371046595744,0.5084458697878081,0.4431812736181763,0.37791667744854435,0.3126520812789125
6119,0.04326251605801909,0.04908169821561838,0.059271125452270715,0.06946055268892304,0.07964997992557539,0.08983940716222773,0.10002883439888008,0.1467093195416705,0.19338980468446088,0.24007028982725132,0.28675077497004176,0.499578441059629,0.4937592589020297,0.48356983166537737,0.47338040442872503,0.4631909771920727,0.45300154995542036,0.442812122718768,0.3961316375759776,0.3494511524331872,0.30277066729039676,0.2560901821476063
6120,0.031367184720614005,0.03558634204876214,0.04297411500909338,0.050361887969424625,0.057749660929755864,0.0651374338900871,0.07252520685041834,0.10637056615310214,0.14021592545578596,0.17406128475846977,0.20790664406115364,0.38513873965896495,0.3809195823308168,0.3735318093704856,0.36614403641015436,0.35875626344982314,0.3513684904894919,0.3439807175291607,0.3101353582264769,0.27628999892379313,0.24244463962110932,0.20859928031842545
6121,0.027541528392130105,0.031246101893993974,0.037732835101129916,0.04421956830826585,0.05070630151540179,0.057193034722537735,0.06367976792967367,0.09339722368731823,0.1231146794449628,0.15283213520260736,0.18254959096025195,0.2947264391013124,0.29102186559944854,0.2845351323923126,0.27804839918517665,0.2715616659780407,0.26507493277090477,0.25858819956376883,0.22887074380612427,0.1991532880484797,0.16943583229083514,0.13971837653319055
6122,0.021214760756460276,0.024068329353953997,0.029064947229369295,0.03406156510478459,0.03905818298019989,0.04405480085561519,0.049051418731030486,0.07194225852804301,0.09483309832505553,0.11772393812206808,0.1406147779190806,0.2196416620198345,0.2167880934223408,0.21179147554692548,0.20679485767151018,0.20179823979609487,0.19680162192067957,0.19180500404526427,0.16891416424825173,0.14602332445123922,0.12313248465422667,0.10024164485721414
6123,0.017379901386824617,0.01971764826949346,0.023811058840523276,0.02790446941155309,0.03199787998258291,0.03609129055361272,0.04018470112464254,0.058937707246218926,0.07769071336779533,0.09644371948937172,0.11519672561094813,0.1725522635160582,0.17021451663338938,0.16612110606235955,0.16202769549132973,0.1579342849202999,0.15384087434927007,0.14974746377824025,0.13099445765666387,0.11224145153508747,0.09348844541351108,0.07473543929193467
6124,0.018861538995962508,0.02139857893702769,0.025840952998510806,0.030283327059993915,0.03472570112147703,0.03916807518296014,0.04361044924444325,0.0639621502340575,0.08431385122367176,0.10466555221328604,0.1250172532029003,0.16219714722554288,0.1596601072844777,0.15521773322299456,0.15077535916151147,0.14633298510002835,0.14189061103854522,0.1374482369770621,0.11709653598744785,0.0967448349978336,0.07639313400821932,0.05604143301860505
6125,0.06031042844298219,0.06842270209442457,0.08262734801485494,0.09683199393528533,0.1110366398557157,0.1252412857761461,0.1394459316965765,0.20452120506052845,0.2695964784244804,0.33467175178843245,0.39974702515238447,0.4566317751531136,0.4485195015016712,0.43431485558124083,0.4201102096608105,0.4059055637403801,0.3917009178199497,0.3774962718995193,0.3124209985355673,0.24734572517161535,0.18227045180766333,0.1171951784437113
6126,0.30895518501738617,0.35051232648691727,0.4232791617051753,0.4960459969234333,0.5688128321416914,0.6415796673599494,0.7143465025782075,1.0477107919933368,1.3810750814084662,1.7144393708235957,2.0478036602387255,2.1024107163262697,2.0608535748567385,1.9880867396384805,1.9153199044202225,1.8425530692019643,1.7697862339837063,1.6970193987654483,1.363655109350319,1.0302908199351897,0.6969265305200603,0.3635622411049304
6127,1.1612949269476076,1.3174991271273024,1.5910137359992662,1.8645283448712298,2.1380429537431938,2.4115575626151577,2.685072171487121,3.9381155800368046,5.191158988586489,6.444202397136173,7.697245805685856,8.797592590406415,8.64138839022672,8.367873781354756,8.094359172482793,7.820844563610829,7.547329954738865,7.273815345866902,6.020771937317218,4.767728528767535,3.514685120217851,2.261641711668167
6128,2.8365400828547638,3.218079229059924,3.8861568494030205,4.554234469746118,5.222312090089215,5.890389710432311,6.558467330775408,9.61910918103339,12.679751031291374,15.74039288154936,18.801034731807345,21.40384848736475,21.02230934115959,20.354231720816493,19.686154100473395,19.018076480130297,18.3499988597872,17.6819212394441,14.621279389186117,11.560637538928134,8.499995688670149,5.439353838412163
6129,4.187241305649756,4.750461435119857,5.736663683482037,6.722865931844216,7.709068180206397,8.695270428568575,9.681472676930756,14.199528337297998,18.717583997665233,23.23563965803248,27.75369531839972,32.29130966000392,31.72808953053382,30.74188728217164,29.75568503380946,28.76948278544728,27.7832805370851,26.797078288722922,22.27902262835568,17.760966967988445,13.242911307621199,8.724855647253957
6130,4.1224380187469025,4.6769415462886,5.647880965838258,6.618820385387915,7.5897598049375725,8.56069922448723,9.53163864403689,13.979771212843394,18.427903781649896,22.876036350456406,27.324168919262913,32.91035711924829,32.35585359170659,31.384914172156932,30.413974752607274,29.443035333057615,28.472095913507957,27.501156493958298,23.053023925151795,18.60489135634529,14.15675878753878,9.708626218732274
6131,3.351595880008395,3.8024144805325077,4.591800893015079,5.381187305497649,6.170573717980221,6.959960130462791,7.7493465429453625,11.365736340329079,14.982126137712793,18.59851593509651,22.21490573248023,27.356769827551037,26.905951227026925,26.116564814544354,25.327178402061783,24.537791989579212,23.74840557709664,22.95901916461407,19.34262936723035,15.726239569846637,12.109849772462919,8.493459975079201
6132,2.9910124143164416,3.3933294236000933,4.097789222441407,4.80224902128272,5.506708820124034,6.211168618965348,6.915628417806662,10.142946736074473,13.370265054342282,16.597583372610092,19.82490169087791,24.2284335048095,23.82611649552585,23.121656696684536,22.417196897843223,21.71273709900191,21.008277300160596,20.303817501319283,17.076499183051475,13.849180864783666,10.621862546515855,7.394544228248039
6133,2.7047846416677372,3.0686015427890947,3.7056473923676854,4.342693241946275,4.979739091524866,5.6167849411034565,6.253830790682048,9.172307818474215,12.090784846266383,15.009261874058554,17.92773890185072,22.802692522038395,22.438875620917038,21.801829771338447,21.164783921759856,20.527738072181265,19.890692222602674,19.253646373024083,16.335169345231915,13.416692317439747,10.498215289647575,7.579738261855409
6134,2.20733046474823,2.5042354815337093,3.0241181699939683,3.544000858454227,4.063883546914486,4.583766235374744,5.103648923835004,7.485370246439614,9.867091569044224,12.248812891648836,14.630534214253444,19.724931122724897,19.428026105939416,18.908143417479156,18.388260729018896,17.868378040558635,17.348495352098375,16.828612663638115,14.446891341033504,12.065170018428894,9.683448695824282,7.3017273732196735
6135,1.677916042855984,1.903610246250039,2.298802319798513,2.693994393346985,3.0891864668954585,3.484378540443932,3.879570613992405,5.690050956937462,7.500531299882518,9.311011642827577,11.121491985772634,14.871256559632515,14.645562356238461,14.250370282689987,13.855178209141515,13.459986135593041,13.064794062044568,12.669601988496094,10.859121645551037,9.04864130260598,7.238160959660921,5.427680616715864
6136,1.1172675321315855,1.2675496673528908,1.5306947005095728,1.7938397336662546,2.0569847668229366,2.3201297999796187,2.583274833136301,3.7888124482913326,4.9943500634463645,6.199887678601396,7.405425293756428,10.033161309414842,9.882879174193537,9.619734141036854,9.356589107880172,9.09344407472349,8.830299041566807,8.567154008410125,7.361616393255093,6.156078778100062,4.95054116294503,3.745003547789998
6137,0.6682540838903488,0.7581400312657272,0.9155309318380566,1.0729218324103855,1.2303127329827148,1.3877036335550441,1.5450945341273732,2.2661442482220826,2.987193962316792,3.7082436764115014,4.429293390506211,6.0734388854665,5.983552938091121,5.826162037518792,5.668771136946463,5.5113802363741335,5.3539893358018045,5.196598435229475,4.475548721134766,3.7544990070400566,3.033449292945347,2.3123995788506377
6138,0.4397550001969972,0.4989058467966161,0.6024793784527985,0.7060529101089809,0.8096264417651632,0.9131999734213457,1.016773505077528,1.4912714914090162,1.9657694777405041,2.4402674640719924,2.9147654504034803,3.6846018562989733,3.625451009699354,3.5218774780431716,3.418303946386989,3.314730414730807,3.2111568830746244,3.1075833514184423,2.633085365086954,2.158587378755466,1.6840893924239777,1.2095914060924897
6139,0.286284866305672,0.32479265405806435,0.39222005033488544,0.4596474466117065,0.5270748428885276,0.5945022391653487,0.6619296354421698,0.9708325302776295,1.2797354251130895,1.5886383199485492,1.8975412147840094,2.22844041223525,2.1899326244828576,2.1225052282060366,2.0550778319292156,1.9876504356523945,1.9202230393755735,1.8527956430987524,1.5438927482632927,1.2349898534278327,0.926086958592373,0.6171840637569128
6140,0.1600000684787465,0.18152145994052682,0.21920556165659857,0.25688966337267033,0.2945737650887421,0.33225786680481384,0.3699419685208856,0.5425828942000834,0.7152238198792811,0.887864745558479,1.0605056712376768,1.3303544742870113,1.308833082825231,1.2711489811091592,1.2334648793930874,1.1957807776770155,1.1580966759609437,1.1204125742448718,0.947771648565674,0.7751307228864763,0.6024897972072784,0.4298488715280806
6141,0.0966650333943288,0.10966731548161278,0.1324343991801003,0.15520148287858784,0.17796856657707538,0.20073565027556292,0.2235027339740505,0.3278048196211218,0.432106905268193,0.5364089909152644,0.6407110765623357,0.8750441895076194,0.8620419074203355,0.8392748237218479,0.8165077400233604,0.7937406563248728,0.7709735726263852,0.7482064889278977,0.6439044032808263,0.5396023176337551,0.4353002319866837,0.3309981463396124
6142,0.060485888935644626,0.06862176353916513,0.08286773488598757,0.09711370623281,0.11135967757963244,0.1256056489264549,0.13985162027327736,0.2051162164429092,0.27038081261254104,0.33564540878217297,0.40091000495180484,0.6530761972950729,0.6449403226915524,0.63069435134473,0.6164483799979075,0.602202408651085,0.5879564373042625,0.57371046595744,0.5084458697878081,0.4431812736181763,0.37791667744854435,0.3126520812789125
6143,0.04326251605801909,0.04908169821561838,0.059271125452270715,0.06946055268892304,0.07964997992557539,0.08983940716222773,0.10002883439888008,0.1467093195416705,0.19338980468446088,0.24007028982725132,0.28675077497004176,0.499578441059629,0.4937592589020297,0.48356983166537737,0.47338040442872503,0.4631909771920727,0.45300154995542036,0.442812122718768,0.3961316375759776,0.3494511524331872,0.30277066729039676,0.2560901821476063
6144,0.031367184720614005,0.03558634204876214,0.04297411500909338,0.050361887969424625,0.057749660929755864,0.0651374338900871,0.07252520685041834,0.10637056615310214,0.14021592545578596,0.17406128475846977,0.20790664406115364,0.38513873965896495,0.3809195823308168,0.3735318093704856,0.36614403641015436,0.35875626344982314,0.3513684904894919,0.3439807175291607,0.3101353582264769,0.27628999892379313,0.24244463962110932,0.20859928031842545
6145,0.027541528392130105,0.031246101893993974,0.037732835101129916,0.04421956830826585,0.05070630151540179,0.057193034722537735,0.06367976792967367,0.09339722368731823,0.1231146794449628,0.15283213520260736,0.18254959096025195,0.2947264391013124,0.29102186559944854,0.2845351323923126,0.27804839918517665,0.2715616659780407,0.26507493277090477,0.25858819956376883,0.22887074380612427,0.1991532880484797,0.16943583229083514,0.13971837653319055
6146,0.021214760756460276,0.024068329353953997,0.029064947229369295,0.03406156510478459,0.03905818298019989,0.04405480085561519,0.049051418731030486,0.07194225852804301,0.09483309832505553,0.11772393812206808,0.1406147779190806,0.2196416620198345,0.2167880934223408,0.21179147554692548,0.20679485767151018,0.20179823979609487,0.19680162192067957,0.19180500404526427,0.16891416424825173,0.14602332445123922,0.12313248465422667,0.10024164485721414
6147,0.017379901386824617,0.01971764826949346,0.023811058840523276,0.02790446941155309,0.03199787998258291,0.03609129055361272,0.04018470112464254,0.058937707246218926,0.07769071336779533,0.09644371948937172,0.11519672561094813,0.1725522635160582,0.17021451663338938,0.16612110606235955,0.16202769549132973,0.1579342849202999,0.15384087434927007,0.14974746377824025,0.13099445765666387,0.11224145153508747,0.09348844541351108,0.07473543929193467
6148,0.018861538995962508,0.02139857893702769,0.025840952998510806,0.030283327059993915,0.03472570112147703,0.03916807518296014,0.04361044924444325,0.0639621502340575,0.08431385122367176,0.10466555221328604,0.1250172532029003,0.16219714722554288,0.1596601072844777,0.15521773322299456,0.15077535916151147,0.14633298510002835,0.14189061103854522,0.1374482369770621,0.11709653598744785,0.0967448349978336,0.07639313400821932,0.05604143301860505
6149,0.06031042844298219,0.06842270209442457,0.08262734801485494,0.09683199393528533,0.1110366398557157,0.1252412857761461,0.1394459316965765,0.20452120506052845,0.2695964784244804,0.33467175178843245,0.39974702515238447,0.4566317751531136,0.4485195015016712,0.43431485558124083,0.4201102096608105,0.4059055637403801,0.3917009178199497,0.3774962718995193,0.3124209985355673,0.24734572517161535,0.18227045180766333,0.1171951784437113
6150,0.30895518501738617,0.35051232648691727,0.4232791617051753,0.4960459969234333,0.5688128321416914,0.6415796673599494,0.7143465025782075,1.0477107919933368,1.3810750814084662,1.7144393708235957,2.0478036602387255,2.1024107163262697,2.0608535748567385,1.9880867396384805,1.9153199044202225,1.8425530692019643,1.7697862339837063,1.6970193987654483,1.363655109350319,1.0302908199351897,0.6969265305200603,0.3635622411049304
6151,1.1612949269476076,1.3174991271273024,1.5910137359992662,1.8645283448712298,2.1380429537431938,2.4115575626151577,2.685072171487121,3.9381155800368046,5.191158988586489,6.444202397136173,7.697245805685856,8.797592590406415,8.64138839022672,8.367873781354756,8.094359172482793,7.820844563610829,7.547329954738865,7.273815345866902,6.020771937317218,4.767728528767535,3.514685120217851,2.261641711668167
6152,2.8365400828547638,3.218079229059924,3.8861568494030205,4.554234469746118,5.222312090089215,5.890389710432311,6.558467330775408,9.61910918103339,12.679751031291374,15.74039288154936,18.801034731807345,21.40384848736475,21.02230934115959,20.354231720816493,19.686154100473395,19.018076480130297,18.3499988597872,17.6819212394441,14.621279389186117,11.560637538928134,8.499995688670149,5.439353838412163
6153,4.187241305649756,4.750461435119857,5.736663683482037,6.722865931844216,7.709068180206397,8.695270428568575,9.681472676930756,14.199528337297998,18.717583997665233,23.23563965803248,27.75369531839972,32.29130966000392,31.72808953053382,30.74188728217164,29.75568503380946,28.76948278544728,27.7832805370851,26.797078288722922,22.27902262835568,17.760966967988445,13.242911307621199,8.724855647253957
6154,4.1224380187469025,4.6769415462886,5.647880965838258,6.618820385387915,7.5897598049375725,8.56069922448723,9.53163864403689,13.979771212843394,18.427903781649896,22.876036350456406,27.324168919262913,32.91035711924829,32.35585359170659,31.384914172156932,30.413974752607274,29.443035333057615,28.472095913507957,27.501156493958298,23.053023925151795,18.60489135634529,14.15675878753878,9.708626218732274
6155,3.351595880008395,3.8024144805325077,4.591800893015079,5.381187305497649,6.170573717980221,6.959960130462791,7.7493465429453625,11.365736340329079,14.982126137712793,18.59851593509651,22.21490573248023,27.356769827551037,26.905951227026925,26.116564814544354,25.327178402061783,24.537791989579212,23.74840557709664,22.95901916461407,19.34262936723035,15.726239569846637,12.109849772462919,8.493459975079201
6156,2.9910124143164416,3.3933294236000933,4.097789222441407,4.80224902128272,5.506708820124034,6.211168618965348,6.915628417806662,10.142946736074473,13.370265054342282,16.597583372610092,19.82490169087791,24.2284335048095,23.82611649552585,23.121656696684536,22.417196897843223,21.71273709900191,21.008277300160596,20.303817501319283,17.076499183051475,13.849180864783666,10.621862546515855,7.394544228248039
6157,2.7047846416677372,3.0686015427890947,3.7056473923676854,4.342693241946275,4.979739091524866,5.6167849411034565,6.253830790682048,9.172307818474215,12.090784846266383,15.009261874058554,17.92773890185072,22.802692522038395,22.438875620917038,21.801829771338447,21.164783921759856,20.527738072181265,19.890692222602674,19.253646373024083,16.335169345231915,13.416692317439747,10.498215289647575,7.579738261855409
6158,2.20733046474823,2.5042354815337093,3.0241181699939683,3.544000858454227,4.063883546914486,4.583766235374744,5.103648923835004,7.485370246439614,9.867091569044224,12.248812891648836,14.630534214253444,19.724931122724897,19.428026105939416,18.908143417479156,18.388260729018896,17.868378040558635,17.348495352098375,16.828612663638115,14.446891341033504,12.065170018428894,9.683448695824282,7.3017273732196735
6159,1.677916042855984,1.903610246250039,2.298802319798513,2.693994393346985,3.0891864668954585,3.484378540443932,3.879570613992405,5.690050956937462,7.500531299882518,9.311011642827577,11.121491985772634,14.871256559632515,14.645562356238461,14.250370282689987,13.855178209141515,13.459986135593041,13.064794062044568,12.669601988496094,10.859121645551037,9.04864130260598,7.238160959660921,5.427680616715864
6160,1.1172675321315855,1.2675496673528908,1.5306947005095728,1.7938397336662546,2.0569847668229366,2.3201297999796187,2.583274833136301,3.7888124482913326,4.9943500634463645,6.199887678601396,7.405425293756428,10.033161309414842,9.882879174193537,9.619734141036854,9.356589107880172,9.09344407472349,8.830299041566807,8.567154008410125,7.361616393255093,6.156078778100062,4.95054116294503,3.745003547789998
6161,0.6682540838903488,0.7581400312657272,0.9155309318380566,1.0729218324103855,1.2303127329827148,1.3877036335550441,1.5450945341273732,2.2661442482220826,2.987193962316792,3.7082436764115014,4.429293390506211,6.0734388854665,5.983552938091121,5.826162037518792,5.668771136946463,5.5113802363741335,5.3539893358018045,5.196598435229475,4.475548721134766,3.7544990070400566,3.033449292945347,2.3123995788506377
6162,0.4397550001969972,0.4989058467966161,0.6024793784527985,0.7060529101089809,0.8096264417651632,0.9131999734213457,1.016773505077528,1.4912714914090162,1.9657694777405041,2.4402674640719924,2.9147654504034803,3.6846018562989733,3.625451009699354,3.5218774780431716,3.418303946386989,3.314730414730807,3.2111568830746244,3.1075833514184423,2.633085365086954,2.158587378755466,1.6840893924239777,1.2095914060924897
6163,0.286284866305672,0.32479265405806435,0.39222005033488544,0.4596474466117065,0.5270748428885276,0.5945022391653487,0.6619296354421698,0.9708325302776295,1.2797354251130895,1.5886383199485492,1.8975412147840094,2.22844041223525,2.1899326244828576,2.1225052282060366,2.0550778319292156,1.9876504356523945,1.9202230393755735,1.8527956430987524,1.5438927482632927,1.2349898534278327,0.926086958592373,0.6171840637569128
6164,0.1600000684787465,0.18152145994052682,0.21920556165659857,0.25688966337267033,0.2945737650887421,0.33225786680481384,0.3699419685208856,0.5425828942000834,0.7152238198792811,0.887864745558479,1.0605056712376768,1.3303544742870113,1.308833082825231,1.2711489811091592,1.2334648793930874,1.1957807776770155,1.1580966759609437,1.1204125742448718,0.947771648565674,0.7751307228864763,0.6024897972072784,0.4298488715280806
6165,0.0966650333943288,0.10966731548161278,0.1324343991801003,0.15520148287858784,0.17796856657707538,0.20073565027556292,0.2235027339740505,0.3278048196211218,0.432106905268193,0.5364089909152644,0.6407110765623357,0.8750441895076194,0.8620419074203355,0.8392748237218479,0.8165077400233604,0.7937406563248728,0.7709735726263852,0.7482064889278977,0.6439044032808263,0.5396023176337551,0.4353002319866837,0.3309981463396124
6166,0.060485888935644626,0.06862176353916513,0.08286773488598757,0.09711370623281,0.11135967757963244,0.1256056489264549,0.13985162027327736,0.2051162164429092,0.27038081261254104,0.33564540878217297,0.40091000495180484,0.6530761972950729,0.6449403226915524,0.63069435134473,0.6164483799979075,0.602202408651085,0.5879564373042625,0.57371046595744,0.5084458697878081,0.4431812736181763,0.37791667744854435,0.3126520812789125
6167,0.04326251605801909,0.04908169821561838,0.059271125452270715,0.06946055268892304,0.07964997992557539,0.08983940716222773,0.10002883439888008,0.1467093195416705,0.19338980468446088,0.24007028982725132,0.28675077497004176,0.499578441059629,0.4937592589020297,0.48356983166537737,0.47338040442872503,0.4631909771920727,0.45300154995542036,0.442812122718768,0.3961316375759776,0.3494511524331872,0.30277066729039676,0.2560901821476063
6168,0.06656898268586907,0.07552308595105217,0.09120178120737912,0.10688047646370606,0.12255917172003303,0.13823786697635998,0.1539165622326869,0.2257448489433112,0.29757313565393556,0.36940142236455986,0.44122970907518416,0.4271966781704077,0.4182425749052246,0.4025638796488976,0.3868851843925707,0.3712064891362437,0.35552779387991673,0.3398490986235898,0.2680208119129655,0.19619252520234115,0.12436423849171685,0.05253595178109255
6169,0.056639086305014866,0.06425753272192815,0.07759748382143074,0.09093743492093335,0.10427738602043597,0.11761733711993858,0.1309572882194412,0.19207116387144205,0.25318503952344296,0.31429891517544384,0.3754127908274448,0.3168441383691494,0.3092256919522361,0.2958857408527335,0.28254578975323086,0.26920583865372827,0.2558658875542257,0.24252593645472306,0.1814120608027222,0.1202981851507213,0.05918430949872042,-0.0019295661532805208
6170,0.03392680220936796,0.038490250202461725,0.046480878441028384,0.05447150667959503,0.06246213491816169,0.07045276315672834,0.07844339139529499,0.1150505915949522,0.15165779179460942,0.18826499199426663,0.22487219219392388,0.22601923126692836,0.22145578327383458,0.21346515503526792,0.20547452679670128,0.1974838985581346,0.18949327031956797,0.1815026420810013,0.1448954418813441,0.10828824168168688,0.07168104148202967,0.035073841282372425
6171,0.0236676925723058,0.026851201690074235,0.03242554764354464,0.03799989359701504,0.043574239550485436,0.049148585503955844,0.05472293145742625,0.08026049774238261,0.10579806402733898,0.13133563031229536,0.15687319659725174,0.20284547879051973,0.1996619696727513,0.1940876237192809,0.1885132777658105,0.1829389318123401,0.17736458585886972,0.17179023990539932,0.14625267362044297,0.12071510733548661,0.09517754105053022,0.06963997476557385
6172,0.02469635730095266,0.028018230711428102,0.03383485347536883,0.03965147623930954,0.04546809900325027,0.051284721767191,0.05710134453113172,0.08374884553458932,0.11039634653804692,0.1370438475415045,0.16369134854496212,0.2086410790622131,0.20531920565173767,0.19950258288779693,0.19368596012385622,0.18786933735991548,0.18205271459597477,0.17623609183203404,0.14958859082857645,0.12294108982511885,0.09629358882166127,0.06964608781820365
6173,0.018530992112733714,0.02102357064238779,0.025388092472381524,0.02975261430237525,0.03411713613236898,0.03848165796236271,0.04284617979235644,0.06284121893523797,0.08283625807811949,0.10283129722100104,0.12282633636388257,0.23076451461001737,0.2282719360803633,0.22390741425036959,0.21954289242037586,0.21517837059038214,0.21081384876038842,0.2064493269303947,0.18645428778751316,0.16645924864463163,0.1464642095017501,0.12646917035886857
6174,0.022723898938375474,0.025780459658883387,0.031132518111866028,0.036484576564848666,0.0418366350178313,0.04718869347081395,0.05254075192379659,0.0770599598532782,0.10157916778275981,0.12609837571224142,0.15061758364172306,0.3411068640072945,0.3380503032867866,0.33269824483380395,0.3273461863808213,0.32199412792783866,0.316642069474856,0.31129001102187337,0.2867708030923918,0.2622515951629102,0.2377323872334286,0.21321317930394695
6175,0.05954035988303085,0.0675490526604855,0.08157232777140645,0.0955956028823274,0.10961887799324835,0.12364215310416929,0.13766542821509023,0.20190979350324906,0.2661541587914079,0.33039852407956677,0.3946428893677256,0.5323949645104806,0.524386271733026,0.510362996622105,0.4963397215111841,0.48231644640026317,0.4682931712893422,0.4542698961784213,0.3900255308902625,0.32578116560210363,0.2615368003139448,0.19729243502578592
6176,0.09422208070711786,0.10689576455313886,0.129087470513181,0.15127917647322317,0.17347088243326533,0.1956625883933075,0.21785429435334966,0.31952042104539957,0.42118654773744957,0.5228526744294996,0.6245188011215496,0.7630054397344619,0.7503317558884409,0.7281400499283988,0.7059483439683566,0.6837566380083144,0.6615649320482723,0.6393732260882301,0.5377070993961802,0.4360409727041302,0.33437484601208023,0.23270871932003023
6177,0.11060462621291975,0.12548190395938727,0.1515321177130734,0.17758233146675953,0.2036325452204457,0.22968275897413182,0.255732972727818,0.37507595323620807,0.49441893374459817,0.6137619142529884,0.7331048947613785,1.04243040931092,1.0275531315644524,1.0015029178107662,0.9754527040570801,0.949402490303394,0.9233522765497079,0.8973020627960218,0.7779590822876317,0.6586161017792416,0.5392731212708513,0.41993014076246116
6178,0.14593538259187422,0.16556495229609972,0.19993646134515083,0.23430797039420195,0.2686794794432531,0.3030509884923042,0.3374224975413554,0.4948875522726021,0.6523526070038489,0.8098176617350957,0.9672827164663426,1.3368623237393928,1.3172327540351674,1.2828612449861163,1.2484897359370652,1.2141182268880142,1.1797467178389631,1.145375208789912,0.9879101540586653,0.8304450993274186,0.6729800445961718,0.5155149898649249
6179,0.17412844867806587,0.1975502293326846,0.2385619253527876,0.2795736213728906,0.3205853173929936,0.3615970134130966,0.40260870943319965,0.5904942325625675,0.7783797556919354,0.9662652788213034,1.1541508019506714,1.6963697765134498,1.6729479958588311,1.6319362998387281,1.590924603818625,1.549912907798522,1.508901211778419,1.467889515758316,1.2800039926289482,1.0921184694995802,0.9042329463702122,0.7163474232408442
6180,0.20258246617249245,0.22983155799628885,0.277544901707457,0.32525824541862514,0.3729715891297932,0.4206849328409614,0.46839827655212957,0.6869858360383282,0.9055733955245269,1.1241609550107257,1.3427485144969247,1.9211150761464808,1.8938659843226844,1.8461526406115163,1.7984392969003482,1.7507259531891801,1.7030126094780118,1.6552992657668437,1.4367117062806452,1.2181241467944464,0.9995365873082476,0.7809490278220486
6181,0.22682064156334378,0.25732997737244256,0.31075203030808307,0.3641740832437235,0.4175961361793641,0.4710181891150046,0.5244402420506451,0.769180921820084,1.013921601589523,1.2586622813589619,1.5034029611284008,2.0428941262432594,2.0123847904341607,1.9589627374985201,1.9055406845628797,1.852118631627239,1.7986965786915987,1.745274525755958,1.5005338459865192,1.2557931662170803,1.0110524864476413,0.7663118066782024
6182,0.28713168866453304,0.3257533813399477,0.3933802259058238,0.46100707047169975,0.5286339150375757,0.5962607596034519,0.6638876041693279,0.9737042248382178,1.2835208455071077,1.5933374661759976,1.9031540868448875,2.133676930271694,2.095055237596279,2.027428393030403,1.9598015484645268,1.8921747038986507,1.8245478593327746,1.7569210147668985,1.4471043940980086,1.1372877734291187,0.8274711527602288,0.5176545320913388
6183,0.3067951188581142,0.3480617127682659,0.42031979724889373,0.49257788172952155,0.5648359662101494,0.6370940506907772,0.709352135171405,1.040385701701159,1.3714192682309132,1.7024528347606676,2.0334864012904217,2.1612776545091203,2.120011060598969,2.047752976118341,1.975494891637713,1.9032368071570853,1.8309787226764576,1.7587206381958298,1.427687071666076,1.0966535051363218,0.7656199386065674,0.4345863720768133
6184,0.27598175878396375,0.31310368956544515,0.3781044409318533,0.44310519229826134,0.5081059436646694,0.5731066950310776,0.6381074463974856,0.9358932333664804,1.233679020335475,1.53146480730447,1.829250594273465,1.9097257114610804,1.872603780679599,1.8076030293131908,1.7426022779467827,1.6776015265803745,1.6126007752139664,1.5476000238475582,1.2498142368785634,0.9520284499095688,0.6542426629405738,0.35645687597157893
6185,0.2253108014307007,0.2556170506983482,0.3086834977291007,0.36174994475985317,0.4148163917906057,0.46788283882135817,0.5209492858521106,0.7640608400805081,1.0071723943089055,1.2502839485373032,1.4933955027657007,1.6192575536297766,1.588951304362129,1.5358848573313766,1.4828184103006241,1.4297519632698716,1.3766855162391192,1.3236190692083667,1.0805075149799692,0.8373959607515719,0.5942844065231742,0.3511728522947767
6186,0.181071206183045,0.20542684770103406,0.24807374039633354,0.290720633091633,0.3333675257869325,0.376014418482232,0.41866131117753147,0.6140381066158548,0.809414902054178,1.0047916974925013,1.200168492930825,1.489569188741577,1.4652135472235879,1.4225666545282885,1.379919761832989,1.3372728691376894,1.29462597644239,1.2519790837470905,1.0566022883087673,0.8612254928704441,0.6658486974321208,0.4704719019937972
6187,0.1371027565822645,0.15554426178254532,0.18783546186591396,0.22012666194928254,0.2524178620326512,0.2847090621160198,0.3170002621993884,0.464934866444111,0.6128694706888336,0.7608040749335562,0.9087386791782788,1.2544431595756709,1.23600165437539,1.2037104542920214,1.1714192542086528,1.1391280541252842,1.1068368540419156,1.074545653958547,0.9266110497138245,0.7786764454691019,0.6307418412243793,0.48280723697965666
6188,0.12288693681507708,0.1394162914452449,0.16835930297358676,0.19730231450192862,0.22624532603027048,0.25518833755861237,0.28413134908695425,0.4167270081222759,0.5493226671575976,0.6819183261929194,0.8145139852282411,0.965950353268064,0.9494209986378962,0.9204779871095543,0.8915349755812124,0.8625919640528705,0.8336489525245286,0.8047059409961868,0.6721102819608651,0.5395146229255434,0.40691896389022164,0.27432330485489986
6189,0.10407025709033581,0.11806860573895996,0.14257980870966933,0.16709101168037868,0.19160221465108804,0.2161134176217974,0.24062462059250678,0.3529169820306787,0.4652093434688507,0.5775017049070227,0.6897940663451948,0.756275578156249,0.7422772295076249,0.7177660265369155,0.6932548235662062,0.6687436205954969,0.6442324176247876,0.6197212146540781,0.5074288532159061,0.3951364917777342,0.2828441303395622,0.17055176890139007
6190,0.09174496304809825,0.10408545316899447,0.1256937346673304,0.14730201616566632,0.16891029766400223,0.19051857916233816,0.21212686066067407,0.3111201642112374,0.4101134677618008,0.5091067713123641,0.6081000748629275,0.6380177307790044,0.6256772406581081,0.6040689591597722,0.5824606776614363,0.5608523961631003,0.5392441146647644,0.5176358331664285,0.4186425296158651,0.3196492260653017,0.22065592251473837,0.12166261896417502
6191,0.0756798511426919,0.0858594449247251,0.10368398234795255,0.12150851977117999,0.13933305719440744,0.15715759461763487,0.17498213204086233,0.2566410943198301,0.33830005659879786,0.4199590188777657,0.5016179811567335,0.5589042903878931,0.54872469660586,0.5309001591826326,0.5130756217594051,0.4952510843361777,0.4774265469129503,0.45960200948972285,0.37794304721075506,0.2962840849317873,0.21462512265281947,0.13296616037385167
6192,0.06656898268586907,0.07552308595105217,0.09120178120737912,0.10688047646370606,0.12255917172003303,0.13823786697635998,0.1539165622326869,0.2257448489433112,0.29757313565393556,0.36940142236455986,0.44122970907518416,0.4271966781704077,0.4182425749052246,0.4025638796488976,0.3868851843925707,0.3712064891362437,0.35552779387991673,0.3398490986235898,0.2680208119129655,0.19619252520234115,0.12436423849171685,0.05253595178109255
6193,0.056639086305014866,0.06425753272192815,0.07759748382143074,0.09093743492093335,0.10427738602043597,0.11761733711993858,0.1309572882194412,0.19207116387144205,0.25318503952344296,0.31429891517544384,0.3754127908274448,0.3168441383691494,0.3092256919522361,0.2958857408527335,0.28254578975323086,0.26920583865372827,0.2558658875542257,0.24252593645472306,0.1814120608027222,0.1202981851507213,0.05918430949872042,-0.0019295661532805208
6194,0.03392680220936796,0.038490250202461725,0.046480878441028384,0.05447150667959503,0.06246213491816169,0.07045276315672834,0.07844339139529499,0.1150505915949522,0.15165779179460942,0.18826499199426663,0.22487219219392388,0.22601923126692836,0.22145578327383458,0.21346515503526792,0.20547452679670128,0.1974838985581346,0.18949327031956797,0.1815026420810013,0.1448954418813441,0.10828824168168688,0.07168104148202967,0.035073841282372425
6195,0.0236676925723058,0.026851201690074235,0.03242554764354464,0.03799989359701504,0.043574239550485436,0.049148585503955844,0.05472293145742625,0.08026049774238261,0.10579806402733898,0.13133563031229536,0.15687319659725174,0.20284547879051973,0.1996619696727513,0.1940876237192809,0.1885132777658105,0.1829389318123401,0.17736458585886972,0.17179023990539932,0.14625267362044297,0.12071510733548661,0.09517754105053022,0.06963997476557385
6196,0.02469635730095266,0.028018230711428102,0.03383485347536883,0.03965147623930954,0.04546809900325027,0.051284721767191,0.05710134453113172,0.08374884553458932,0.11039634653804692,0.1370438475415045,0.16369134854496212,0.2086410790622131,0.20531920565173767,0.19950258288779693,0.19368596012385622,0.18786933735991548,0.18205271459597477,0.17623609183203404,0.14958859082857645,0.12294108982511885,0.09629358882166127,0.06964608781820365
6197,0.018530992112733714,0.02102357064238779,0.025388092472381524,0.02975261430237525,0.03411713613236898,0.03848165796236271,0.04284617979235644,0.06284121893523797,0.08283625807811949,0.10283129722100104,0.12282633636388257,0.23076451461001737,0.2282719360803633,0.22390741425036959,0.21954289242037586,0.21517837059038214,0.21081384876038842,0.2064493269303947,0.18645428778751316,0.16645924864463163,0.1464642095017501,0.12646917035886857
6198,0.022723898938375474,0.025780459658883387,0.031132518111866028,0.036484576564848666,0.0418366350178313,0.04718869347081395,0.05254075192379659,0.0770599598532782,0.10157916778275981,0.12609837571224142,0.15061758364172306,0.3411068640072945,0.3380503032867866,0.33269824483380395,0.3273461863808213,0.32199412792783866,0.316642069474856,0.31129001102187337,0.2867708030923918,0.2622515951629102,0.2377323872334286,0.21321317930394695
6199,0.05954035988303085,0.0675490526604855,0.08157232777140645,0.0955956028823274,0.10961887799324835,0.12364215310416929,0.13766542821509023,0.20190979350324906,0.2661541587914079,0.33039852407956677,0.3946428893677256,0.5323949645104806,0.524386271733026,0.510362996622105,0.4963397215111841,0.48231644640026317,0.4682931712893422,0.4542698961784213,0.3900255308902625,0.32578116560210363,0.2615368003139448,0.19729243502578592
6200,0.09422208070711786,0.10689576455313886,0.129087470513181,0.15127917647322317,0.17347088243326533,0.1956625883933075,0.21785429435334966,0.31952042104539957,0.42118654773744957,0.5228526744294996,0.6245188011215496,0.7630054397344619,0.7503317558884409,0.7281400499283988,0.7059483439683566,0.6837566380083144,0.6615649320482723,0.6393732260882301,0.5377070993961802,0.4360409727041302,0.33437484601208023,0.23270871932003023
6201,0.11060462621291975,0.12548190395938727,0.1515321177130734,0.17758233146675953,0.2036325452204457,0.22968275897413182,0.255732972727818,0.37507595323620807,0.49441893374459817,0.6137619142529884,0.7331048947613785,1.04243040931092,1.0275531315644524,1.0015029178107662,0.9754527040570801,0.949402490303394,0.9233522765497079,0.8973020627960218,0.7779590822876317,0.6586161017792416,0.5392731212708513,0.41993014076246116
6202,0.14593538259187422,0.16556495229609972,0.19993646134515083,0.23430797039420195,0.2686794794432531,0.3030509884923042,0.3374224975413554,0.4948875522726021,0.6523526070038489,0.8098176617350957,0.9672827164663426,1.3368623237393928,1.3172327540351674,1.2828612449861163,1.2484897359370652,1.2141182268880142,1.1797467178389631,1.145375208789912,0.9879101540586653,0.8304450993274186,0.6729800445961718,0.5155149898649249
6203,0.17412844867806587,0.1975502293326846,0.2385619253527876,0.2795736213728906,0.3205853173929936,0.3615970134130966,0.40260870943319965,0.5904942325625675,0.7783797556919354,0.9662652788213034,1.1541508019506714,1.6963697765134498,1.6729479958588311,1.6319362998387281,1.590924603818625,1.549912907798522,1.508901211778419,1.467889515758316,1.2800039926289482,1.0921184694995802,0.9042329463702122,0.7163474232408442
6204,0.20258246617249245,0.22983155799628885,0.277544901707457,0.32525824541862514,0.3729715891297932,0.4206849328409614,0.46839827655212957,0.6869858360383282,0.9055733955245269,1.1241609550107257,1.3427485144969247,1.9211150761464808,1.8938659843226844,1.8461526406115163,1.7984392969003482,1.7507259531891801,1.7030126094780118,1.6552992657668437,1.4367117062806452,1.2181241467944464,0.9995365873082476,0.7809490278220486
6205,0.22682064156334378,0.25732997737244256,0.31075203030808307,0.3641740832437235,0.4175961361793641,0.4710181891150046,0.5244402420506451,0.769180921820084,1.013921601589523,1.2586622813589619,1.5034029611284008,2.0428941262432594,2.0123847904341607,1.9589627374985201,1.9055406845628797,1.852118631627239,1.7986965786915987,1.745274525755958,1.5005338459865192,1.2557931662170803,1.0110524864476413,0.7663118066782024
6206,0.28713168866453304,0.3257533813399477,0.3933802259058238,0.46100707047169975,0.5286339150375757,0.5962607596034519,0.6638876041693279,0.9737042248382178,1.2835208455071077,1.5933374661759976,1.9031540868448875,2.133676930271694,2.095055237596279,2.027428393030403,1.9598015484645268,1.8921747038986507,1.8245478593327746,1.7569210147668985,1.4471043940980086,1.1372877734291187,0.8274711527602288,0.5176545320913388
6207,0.3067951188581142,0.3480617127682659,0.42031979724889373,0.49257788172952155,0.5648359662101494,0.6370940506907772,0.709352135171405,1.040385701701159,1.3714192682309132,1.7024528347606676,2.0334864012904217,2.1612776545091203,2.120011060598969,2.047752976118341,1.975494891637713,1.9032368071570853,1.8309787226764576,1.7587206381958298,1.427687071666076,1.0966535051363218,0.7656199386065674,0.4345863720768133
6208,0.27598175878396375,0.31310368956544515,0.3781044409318533,0.44310519229826134,0.5081059436646694,0.5731066950310776,0.6381074463974856,0.9358932333664804,1.233679020335475,1.53146480730447,1.829250594273465,1.9097257114610804,1.872603780679599,1.8076030293131908,1.7426022779467827,1.6776015265803745,1.6126007752139664,1.5476000238475582,1.2498142368785634,0.9520284499095688,0.6542426629405738,0.35645687597157893
6209,0.2253108014307007,0.2556170506983482,0.3086834977291007,0.36174994475985317,0.4148163917906057,0.46788283882135817,0.5209492858521106,0.7640608400805081,1.0071723943089055,1.2502839485373032,1.4933955027657007,1.6192575536297766,1.588951304362129,1.5358848573313766,1.4828184103006241,1.4297519632698716,1.3766855162391192,1.3236190692083667,1.0805075149799692,0.8373959607515719,0.5942844065231742,0.3511728522947767
6210,0.181071206183045,0.20542684770103406,0.24807374039633354,0.290720633091633,0.3333675257869325,0.376014418482232,0.41866131117753147,0.6140381066158548,0.809414902054178,1.0047916974925013,1.200168492930825,1.489569188741577,1.4652135472235879,1.4225666545282885,1.379919761832989,1.3372728691376894,1.29462597644239,1.2519790837470905,1.0566022883087673,0.8612254928704441,0.6658486974321208,0.4704719019937972
6211,0.1371027565822645,0.15554426178254532,0.18783546186591396,0.22012666194928254,0.2524178620326512,0.2847090621160198,0.3170002621993884,0.464934866444111,0.6128694706888336,0.7608040749335562,0.9087386791782788,1.2544431595756709,1.23600165437539,1.2037104542920214,1.1714192542086528,1.1391280541252842,1.1068368540419156,1.074545653958547,0.9266110497138245,0.7786764454691019,0.6307418412243793,0.48280723697965666
6212,0.12288693681507708,0.1394162914452449,0.16835930297358676,0.19730231450192862,0.22624532603027048,0.25518833755861237,0.28413134908695425,0.4167270081222759,0.5493226671575976,0.6819183261929194,0.8145139852282411,0.965950353268064,0.9494209986378962,0.9204779871095543,0.8915349755812124,0.8625919640528705,0.8336489525245286,0.8047059409961868,0.6721102819608651,0.5395146229255434,0.40691896389022164,0.27432330485489986
6213,0.10407025709033581,0.11806860573895996,0.14257980870966933,0.16709101168037868,0.19160221465108804,0.2161134176217974,0.24062462059250678,0.3529169820306787,0.4652093434688507,0.5775017049070227,0.6897940663451948,0.756275578156249,0.7422772295076249,0.7177660265369155,0.6932548235662062,0.6687436205954969,0.6442324176247876,0.6197212146540781,0.5074288532159061,0.3951364917777342,0.2828441303395622,0.17055176890139007
6214,0.09174496304809825,0.10408545316899447,0.1256937346673304,0.14730201616566632,0.16891029766400223,0.19051857916233816,0.21212686066067407,0.3111201642112374,0.4101134677618008,0.5091067713123641,0.6081000748629275,0.6380177307790044,0.6256772406581081,0.6040689591597722,0.5824606776614363,0.5608523961631003,0.5392441146647644,0.5176358331664285,0.4186425296158651,0.3196492260653017,0.22065592251473837,0.12166261896417502
6215,0.0756798511426919,0.0858594449247251,0.10368398234795255,0.12150851977117999,0.13933305719440744,0.15715759461763487,0.17498213204086233,0.2566410943198301,0.33830005659879786,0.4199590188777657,0.5016179811567335,0.5589042903878931,0.54872469660586,0.5309001591826326,0.5130756217594051,0.4952510843361777,0.4774265469129503,0.45960200948972285,0.37794304721075506,0.2962840849317873,0.21462512265281947,0.13296616037385167
6216,0.031367184720614005,0.03558634204876214,0.04297411500909338,0.050361887969424625,0.057749660929755864,0.0651374338900871,0.07252520685041834,0.10637056615310214,0.14021592545578596,0.17406128475846977,0.20790664406115364,0.38513873965896495,0.3809195823308168,0.3735318093704856,0.36614403641015436,0.35875626344982314,0.3513684904894919,0.3439807175291607,0.3101353582264769,0.27628999892379313,0.24244463962110932,0.20859928031842545
6217,0.027541528392130105,0.031246101893993974,0.037732835101129916,0.04421956830826585,0.05070630151540179,0.057193034722537735,0.06367976792967367,0.09339722368731823,0.1231146794449628,0.15283213520260736,0.18254959096025195,0.2947264391013124,0.29102186559944854,0.2845351323923126,0.27804839918517665,0.2715616659780407,0.26507493277090477,0.25858819956376883,0.22887074380612427,0.1991532880484797,0.16943583229083514,0.13971837653319055
6218,0.021214760756460276,0.024068329353953997,0.029064947229369295,0.03406156510478459,0.03905818298019989,0.04405480085561519,0.049051418731030486,0.07194225852804301,0.09483309832505553,0.11772393812206808,0.1406147779190806,0.2196416620198345,0.2167880934223408,0.21179147554692548,0.20679485767151018,0.20179823979609487,0.19680162192067957,0.19180500404526427,0.16891416424825173,0.14602332445123922,0.12313248465422667,0.10024164485721414
6219,0.017379901386824617,0.01971764826949346,0.023811058840523276,0.02790446941155309,0.03199787998258291,0.03609129055361272,0.04018470112464254,0.058937707246218926,0.07769071336779533,0.09644371948937172,0.11519672561094813,0.1725522635160582,0.17021451663338938,0.16612110606235955,0.16202769549132973,0.1579342849202999,0.15384087434927007,0.14974746377824025,0.13099445765666387,0.11224145153508747,0.09348844541351108,0.07473543929193467
6220,0.018861538995962508,0.02139857893702769,0.025840952998510806,0.030283327059993915,0.03472570112147703,0.03916807518296014,0.04361044924444325,0.0639621502340575,0.08431385122367176,0.10466555221328604,0.1250172532029003,0.16219714722554288,0.1596601072844777,0.15521773322299456,0.15077535916151147,0.14633298510002835,0.14189061103854522,0.1374482369770621,0.11709653598744785,0.0967448349978336,0.07639313400821932,0.05604143301860505
6221,0.06031042844298219,0.06842270209442457,0.08262734801485494,0.09683199393528533,0.1110366398557157,0.1252412857761461,0.1394459316965765,0.20452120506052845,0.2695964784244804,0.33467175178843245,0.39974702515238447,0.4566317751531136,0.4485195015016712,0.43431485558124083,0.4201102096608105,0.4059055637403801,0.3917009178199497,0.3774962718995193,0.3124209985355673,0.24734572517161535,0.18227045180766333,0.1171951784437113
6222,0.30895518501738617,0.35051232648691727,0.4232791617051753,0.4960459969234333,0.5688128321416914,0.6415796673599494,0.7143465025782075,1.0477107919933368,1.3810750814084662,1.7144393708235957,2.0478036602387255,2.1024107163262697,2.0608535748567385,1.9880867396384805,1.9153199044202225,1.8425530692019643,1.7697862339837063,1.6970193987654483,1.363655109350319,1.0302908199351897,0.6969265305200603,0.3635622411049304
6223,1.1612949269476076,1.3174991271273024,1.5910137359992662,1.8645283448712298,2.1380429537431938,2.4115575626151577,2.685072171487121,3.9381155800368046,5.191158988586489,6.444202397136173,7.697245805685856,8.797592590406415,8.64138839022672,8.367873781354756,8.094359172482793,7.820844563610829,7.547329954738865,7.273815345866902,6.020771937317218,4.767728528767535,3.514685120217851,2.261641711668167
6224,2.8365400828547638,3.218079229059924,3.8861568494030205,4.554234469746118,5.222312090089215,5.890389710432311,6.558467330775408,9.61910918103339,12.679751031291374,15.74039288154936,18.801034731807345,21.40384848736475,21.02230934115959,20.354231720816493,19.686154100473395,19.018076480130297,18.3499988597872,17.6819212394441,14.621279389186117,11.560637538928134,8.499995688670149,5.439353838412163
6225,4.187241305649756,4.750461435119857,5.736663683482037,6.722865931844216,7.709068180206397,8.695270428568575,9.681472676930756,14.199528337297998,18.717583997665233,23.23563965803248,27.75369531839972,32.29130966000392,31.72808953053382,30.74188728217164,29.75568503380946,28.76948278544728,27.7832805370851,26.797078288722922,22.27902262835568,17.760966967988445,13.242911307621199,8.724855647253957
6226,4.1224380187469025,4.6769415462886,5.647880965838258,6.618820385387915,7.5897598049375725,8.56069922448723,9.53163864403689,13.979771212843394,18.427903781649896,22.876036350456406,27.324168919262913,32.91035711924829,32.35585359170659,31.384914172156932,30.413974752607274,29.443035333057615,28.472095913507957,27.501156493958298,23.053023925151795,18.60489135634529,14.15675878753878,9.708626218732274
6227,3.351595880008395,3.8024144805325077,4.591800893015079,5.381187305497649,6.170573717980221,6.959960130462791,7.7493465429453625,11.365736340329079,14.982126137712793,18.59851593509651,22.21490573248023,27.356769827551037,26.905951227026925,26.116564814544354,25.327178402061783,24.537791989579212,23.74840557709664,22.95901916461407,19.34262936723035,15.726239569846637,12.109849772462919,8.493459975079201
6228,2.9910124143164416,3.3933294236000933,4.097789222441407,4.80224902128272,5.506708820124034,6.211168618965348,6.915628417806662,10.142946736074473,13.370265054342282,16.597583372610092,19.82490169087791,24.2284335048095,23.82611649552585,23.121656696684536,22.417196897843223,21.71273709900191,21.008277300160596,20.303817501319283,17.076499183051475,13.849180864783666,10.621862546515855,7.394544228248039
6229,2.7047846416677372,3.0686015427890947,3.7056473923676854,4.342693241946275,4.979739091524866,5.6167849411034565,6.253830790682048,9.172307818474215,12.090784846266383,15.009261874058554,17.92773890185072,22.802692522038395,22.438875620917038,21.801829771338447,21.164783921759856,20.527738072181265,19.890692222602674,19.253646373024083,16.335169345231915,13.416692317439747,10.498215289647575,7.579738261855409
6230,2.20733046474823,2.5042354815337093,3.0241181699939683,3.544000858454227,4.063883546914486,4.583766235374744,5.103648923835004,7.485370246439614,9.867091569044224,12.248812891648836,14.630534214253444,19.724931122724897,19.428026105939416,18.908143417479156,18.388260729018896,17.868378040558635,17.348495352098375,16.828612663638115,14.446891341033504,12.065170018428894,9.683448695824282,7.3017273732196735
6231,1.677916042855984,1.903610246250039,2.298802319798513,2.693994393346985,3.0891864668954585,3.484378540443932,3.879570613992405,5.690050956937462,7.500531299882518,9.311011642827577,11.121491985772634,14.871256559632515,14.645562356238461,14.250370282689987,13.855178209141515,13.459986135593041,13.064794062044568,12.669601988496094,10.859121645551037,9.04864130260598,7.238160959660921,5.427680616715864
6232,1.1172675321315855,1.2675496673528908,1.5306947005095728,1.7938397336662546,2.0569847668229366,2.3201297999796187,2.583274833136301,3.7888124482913326,4.9943500634463645,6.199887678601396,7.405425293756428,10.033161309414842,9.882879174193537,9.619734141036854,9.356589107880172,9.09344407472349,8.830299041566807,8.567154008410125,7.361616393255093,6.156078778100062,4.95054116294503,3.745003547789998
6233,0.6682540838903488,0.7581400312657272,0.9155309318380566,1.0729218324103855,1.2303127329827148,1.3877036335550441,1.5450945341273732,2.2661442482220826,2.987193962316792,3.7082436764115014,4.429293390506211,6.0734388854665,5.983552938091121,5.826162037518792,5.668771136946463,5.5113802363741335,5.3539893358018045,5.196598435229475,4.475548721134766,3.7544990070400566,3.033449292945347,2.3123995788506377
6234,0.4397550001969972,0.4989058467966161,0.6024793784527985,0.7060529101089809,0.8096264417651632,0.9131999734213457,1.016773505077528,1.4912714914090162,1.9657694777405041,2.4402674640719924,2.9147654504034803,3.6846018562989733,3.625451009699354,3.5218774780431716,3.418303946386989,3.314730414730807,3.2111568830746244,3.1075833514184423,2.633085365086954,2.158587378755466,1.6840893924239777,1.2095914060924897
6235,0.286284866305672,0.32479265405806435,0.39222005033488544,0.4596474466117065,0.5270748428885276,0.5945022391653487,0.6619296354421698,0.9708325302776295,1.2797354251130895,1.5886383199485492,1.8975412147840094,2.22844041223525,2.1899326244828576,2.1225052282060366,2.0550778319292156,1.9876504356523945,1.9202230393755735,1.8527956430987524,1.5438927482632927,1.2349898534278327,0.926086958592373,0.6171840637569128
6236,0.1600000684787465,0.18152145994052682,0.21920556165659857,0.25688966337267033,0.2945737650887421,0.33225786680481384,0.3699419685208856,0.5425828942000834,0.7152238198792811,0.887864745558479,1.0605056712376768,1.3303544742870113,1.308833082825231,1.2711489811091592,1.2334648793930874,1.1957807776770155,1.1580966759609437,1.1204125742448718,0.947771648565674,0.7751307228864763,0.6024897972072784,0.4298488715280806
6237,0.0966650333943288,0.10966731548161278,0.1324343991801003,0.15520148287858784,0.17796856657707538,0.20073565027556292,0.2235027339740505,0.3278048196211218,0.432106905268193,0.5364089909152644,0.6407110765623357,0.8750441895076194,0.8620419074203355,0.8392748237218479,0.8165077400233604,0.7937406563248728,0.7709735726263852,0.7482064889278977,0.6439044032808263,0.5396023176337551,0.4353002319866837,0.3309981463396124
6238,0.060485888935644626,0.06862176353916513,0.08286773488598757,0.09711370623281,0.11135967757963244,0.1256056489264549,0.13985162027327736,0.2051162164429092,0.27038081261254104,0.33564540878217297,0.40091000495180484,0.6530761972950729,0.6449403226915524,0.63069435134473,0.6164483799979075,0.602202408651085,0.5879564373042625,0.57371046595744,0.5084458697878081,0.4431812736181763,0.37791667744854435,0.3126520812789125
6239,0.04326251605801909,0.04908169821561838,0.059271125452270715,0.06946055268892304,0.07964997992557539,0.08983940716222773,0.10002883439888008,0.1467093195416705,0.19338980468446088,0.24007028982725132,0.28675077497004176,0.499578441059629,0.4937592589020297,0.48356983166537737,0.47338040442872503,0.4631909771920727,0.45300154995542036,0.442812122718768,0.3961316375759776,0.3494511524331872,0.30277066729039676,0.2560901821476063
6240,0.031367184720614005,0.03558634204876214,0.04297411500909338,0.050361887969424625,0.057749660929755864,0.0651374338900871,0.07252520685041834,0.10637056615310214,0.14021592545578596,0.17406128475846977,0.20790664406115364,0.38513873965896495,0.3809195823308168,0.3735318093704856,0.36614403641015436,0.35875626344982314,0.3513684904894919,0.3439807175291607,0.3101353582264769,0.27628999892379313,0.24244463962110932,0.20859928031842545
6241,0.027541528392130105,0.031246101893993974,0.037732835101129916,0.04421956830826585,0.05070630151540179,0.057193034722537735,0.06367976792967367,0.09339722368731823,0.1231146794449628,0.15283213520260736,0.18254959096025195,0.2947264391013124,0.29102186559944854,0.2845351323923126,0.27804839918517665,0.2715616659780407,0.26507493277090477,0.25858819956376883,0.22887074380612427,0.1991532880484797,0.16943583229083514,0.13971837653319055
6242,0.021214760756460276,0.024068329353953997,0.029064947229369295,0.03406156510478459,0.03905818298019989,0.04405480085561519,0.049051418731030486,0.07194225852804301,0.09483309832505553,0.11772393812206808,0.1406147779190806,0.2196416620198345,0.2167880934223408,0.21179147554692548,0.20679485767151018,0.20179823979609487,0.19680162192067957,0.19180500404526427,0.16891416424825173,0.14602332445123922,0.12313248465422667,0.10024164485721414
6243,0.017379901386824617,0.01971764826949346,0.023811058840523276,0.02790446941155309,0.03199787998258291,0.03609129055361272,0.04018470112464254,0.058937707246218926,0.07769071336779533,0.09644371948937172,0.11519672561094813,0.1725522635160582,0.17021451663338938,0.16612110606235955,0.16202769549132973,0.1579342849202999,0.15384087434927007,0.14974746377824025,0.13099445765666387,0.11224145153508747,0.09348844541351108,0.07473543929193467
6244,0.018861538995962508,0.02139857893702769,0.025840952998510806,0.030283327059993915,0.03472570112147703,0.03916807518296014,0.04361044924444325,0.0639621502340575,0.08431385122367176,0.10466555221328604,0.1250172532029003,0.16219714722554288,0.1596601072844777,0.15521773322299456,0.15077535916151147,0.14633298510002835,0.14189061103854522,0.1374482369770621,0.11709653598744785,0.0967448349978336,0.07639313400821932,0.05604143301860505
6245,0.06031042844298219,0.06842270209442457,0.08262734801485494,0.09683199393528533,0.1110366398557157,0.1252412857761461,0.1394459316965765,0.20452120506052845,0.2695964784244804,0.33467175178843245,0.39974702515238447,0.4566317751531136,0.4485195015016712,0.43431485558124083,0.4201102096608105,0.4059055637403801,0.3917009178199497,0.3774962718995193,0.3124209985355673,0.24734572517161535,0.18227045180766333,0.1171951784437113
6246,0.30895518501738617,0.35051232648691727,0.4232791617051753,0.4960459969234333,0.5688128321416914,0.6415796673599494,0.7143465025782075,1.0477107919933368,1.3810750814084662,1.7144393708235957,2.0478036602387255,2.1024107163262697,2.0608535748567385,1.9880867396384805,1.9153199044202225,1.8425530692019643,1.7697862339837063,1.6970193987654483,1.363655109350319,1.0302908199351897,0.6969265305200603,0.3635622411049304
6247,1.1612949269476076,1.3174991271273024,1.5910137359992662,1.8645283448712298,2.1380429537431938,2.4115575626151577,2.685072171487121,3.9381155800368046,5.191158988586489,6.444202397136173,7.697245805685856,8.797592590406415,8.64138839022672,8.367873781354756,8.094359172482793,7.820844563610829,7.547329954738865,7.273815345866902,6.020771937317218,4.767728528767535,3.514685120217851,2.261641711668167
6248,2.8365400828547638,3.218079229059924,3.8861568494030205,4.554234469746118,5.222312090089215,5.890389710432311,6.558467330775408,9.61910918103339,12.679751031291374,15.74039288154936,18.801034731807345,21.40384848736475,21.02230934115959,20.354231720816493,19.686154100473395,19.018076480130297,18.3499988597872,17.6819212394441,14.621279389186117,11.560637538928134,8.499995688670149,5.439353838412163
6249,4.187241305649756,4.750461435119857,5.736663683482037,6.722865931844216,7.709068180206397,8.695270428568575,9.681472676930756,14.199528337297998,18.717583997665233,23.23563965803248,27.75369531839972,32.29130966000392,31.72808953053382,30.74188728217164,29.75568503380946,28.76948278544728,27.7832805370851,26.797078288722922,22.27902262835568,17.760966967988445,13.242911307621199,8.724855647253957
6250,4.1224380187469025,4.6769415462886,5.647880965838258,6.618820385387915,7.5897598049375725,8.56069922448723,9.53163864403689,13.979771212843394,18.427903781649896,22.876036350456406,27.324168919262913,32.91035711924829,32.35585359170659,31.384914172156932,30.413974752607274,29.443035333057615,28.472095913507957,27.501156493958298,23.053023925151795,18.60489135634529,14.15675878753878,9.708626218732274
6251,3.351595880008395,3.8024144805325077,4.591800893015079,5.381187305497649,6.170573717980221,6.959960130462791,7.7493465429453625,11.365736340329079,14.982126137712793,18.59851593509651,22.21490573248023,27.356769827551037,26.905951227026925,26.116564814544354,25.327178402061783,24.537791989579212,23.74840557709664,22.95901916461407,19.34262936723035,15.726239569846637,12.109849772462919,8.493459975079201
6252,2.9910124143164416,3.3933294236000933,4.097789222441407,4.80224902128272,5.506708820124034,6.211168618965348,6.915628417806662,10.142946736074473,13.370265054342282,16.597583372610092,19.82490169087791,24.2284335048095,23.82611649552585,23.121656696684536,22.417196897843223,21.71273709900191,21.008277300160596,20.303817501319283,17.076499183051475,13.849180864783666,10.621862546515855,7.394544228248039
6253,2.7047846416677372,3.0686015427890947,3.7056473923676854,4.342693241946275,4.979739091524866,5.6167849411034565,6.253830790682048,9.172307818474215,12.090784846266383,15.009261874058554,17.92773890185072,22.802692522038395,22.438875620917038,21.801829771338447,21.164783921759856,20.527738072181265,19.890692222602674,19.253646373024083,16.335169345231915,13.416692317439747,10.498215289647575,7.579738261855409
6254,2.20733046474823,2.5042354815337093,3.0241181699939683,3.544000858454227,4.063883546914486,4.583766235374744,5.103648923835004,7.485370246439614,9.867091569044224,12.248812891648836,14.630534214253444,19.724931122724897,19.428026105939416,18.908143417479156,18.388260729018896,17.868378040558635,17.348495352098375,16.828612663638115,14.446891341033504,12.065170018428894,9.683448695824282,7.3017273732196735
6255,1.677916042855984,1.903610246250039,2.298802319798513,2.693994393346985,3.0891864668954585,3.484378540443932,3.879570613992405,5.690050956937462,7.500531299882518,9.311011642827577,11.121491985772634,14.871256559632515,14.645562356238461,14.250370282689987,13.855178209141515,13.459986135593041,13.064794062044568,12.669601988496094,10.859121645551037,9.04864130260598,7.238160959660921,5.427680616715864
6256,1.1172675321315855,1.2675496673528908,1.5306947005095728,1.7938397336662546,2.0569847668229366,2.3201297999796187,2.583274833136301,3.7888124482913326,4.9943500634463645,6.199887678601396,7.405425293756428,10.033161309414842,9.882879174193537,9.619734141036854,9.356589107880172,9.09344407472349,8.830299041566807,8.567154008410125,7.361616393255093,6.156078778100062,4.95054116294503,3.745003547789998
6257,0.6682540838903488,0.7581400312657272,0.9155309318380566,1.0729218324103855,1.2303127329827148,1.3877036335550441,1.5450945341273732,2.2661442482220826,2.987193962316792,3.7082436764115014,4.429293390506211,6.0734388854665,5.983552938091121,5.826162037518792,5.668771136946463,5.5113802363741335,5.3539893358018045,5.196598435229475,4.475548721134766,3.7544990070400566,3.033449292945347,2.3123995788506377
6258,0.4397550001969972,0.4989058467966161,0.6024793784527985,0.7060529101089809,0.8096264417651632,0.9131999734213457,1.016773505077528,1.4912714914090162,1.9657694777405041,2.4402674640719924,2.9147654504034803,3.6846018562989733,3.625451009699354,3.5218774780431716,3.418303946386989,3.314730414730807,3.2111568830746244,3.1075833514184423,2.633085365086954,2.158587378755466,1.6840893924239777,1.2095914060924897
6259,0.286284866305672,0.32479265405806435,0.39222005033488544,0.4596474466117065,0.5270748428885276,0.5945022391653487,0.6619296354421698,0.9708325302776295,1.2797354251130895,1.5886383199485492,1.8975412147840094,2.22844041223525,2.1899326244828576,2.1225052282060366,2.0550778319292156,1.9876504356523945,1.9202230393755735,1.8527956430987524,1.5438927482632927,1.2349898534278327,0.926086958592373,0.6171840637569128
6260,0.1600000684787465,0.18152145994052682,0.21920556165659857,0.25688966337267033,0.2945737650887421,0.33225786680481384,0.3699419685208856,0.5425828942000834,0.7152238198792811,0.887864745558479,1.0605056712376768,1.3303544742870113,1.308833082825231,1.2711489811091592,1.2334648793930874,1.1957807776770155,1.1580966759609437,1.1204125742448718,0.947771648565674,0.7751307228864763,0.6024897972072784,0.4298488715280806
6261,0.0966650333943288,0.10966731548161278,0.1324343991801003,0.15520148287858784,0.17796856657707538,0.20073565027556292,0.2235027339740505,0.3278048196211218,0.432106905268193,0.5364089909152644,0.6407110765623357,0.8750441895076194,0.8620419074203355,0.8392748237218479,0.8165077400233604,0.7937406563248728,0.7709735726263852,0.7482064889278977,0.6439044032808263,0.5396023176337551,0.4353002319866837,0.3309981463396124
6262,0.060485888935644626,0.06862176353916513,0.08286773488598757,0.09711370623281,0.11135967757963244,0.1256056489264549,0.13985162027327736,0.2051162164429092,0.27038081261254104,0.33564540878217297,0.40091000495180484,0.6530761972950729,0.6449403226915524,0.63069435134473,0.6164483799979075,0.602202408651085,0.5879564373042625,0.57371046595744,0.5084458697878081,0.4431812736181763,0.37791667744854435,0.3126520812789125
6263,0.04326251605801909,0.04908169821561838,0.059271125452270715,0.06946055268892304,0.07964997992557539,0.08983940716222773,0.10002883439888008,0.1467093195416705,0.19338980468446088,0.24007028982725132,0.28675077497004176,0.499578441059629,0.4937592589020297,0.48356983166537737,0.47338040442872503,0.4631909771920727,0.45300154995542036,0.442812122718768,0.3961316375759776,0.3494511524331872,0.30277066729039676,0.2560901821476063
6264,0.031367184720614005,0.03558634204876214,0.04297411500909338,0.050361887969424625,0.057749660929755864,0.0651374338900871,0.07252520685041834,0.10637056615310214,0.14021592545578596,0.17406128475846977,0.20790664406115364,0.38513873965896495,0.3809195823308168,0.3735318093704856,0.36614403641015436,0.35875626344982314,0.3513684904894919,0.3439807175291607,0.3101353582264769,0.27628999892379313,0.24244463962110932,0.20859928031842545
6265,0.027541528392130105,0.031246101893993974,0.037732835101129916,0.04421956830826585,0.05070630151540179,0.057193034722537735,0.06367976792967367,0.09339722368731823,0.1231146794449628,0.15283213520260736,0.18254959096025195,0.2947264391013124,0.29102186559944854,0.2845351323923126,0.27804839918517665,0.2715616659780407,0.26507493277090477,0.25858819956376883,0.22887074380612427,0.1991532880484797,0.16943583229083514,0.13971837653319055
6266,0.021214760756460276,0.024068329353953997,0.029064947229369295,0.03406156510478459,0.03905818298019989,0.04405480085561519,0.049051418731030486,0.07194225852804301,0.09483309832505553,0.11772393812206808,0.1406147779190806,0.2196416620198345,0.2167880934223408,0.21179147554692548,0.20679485767151018,0.20179823979609487,0.19680162192067957,0.19180500404526427,0.16891416424825173,0.14602332445123922,0.12313248465422667,0.10024164485721414
6267,0.017379901386824617,0.01971764826949346,0.023811058840523276,0.02790446941155309,0.03199787998258291,0.03609129055361272,0.04018470112464254,0.058937707246218926,0.07769071336779533,0.09644371948937172,0.11519672561094813,0.1725522635160582,0.17021451663338938,0.16612110606235955,0.16202769549132973,0.1579342849202999,0.15384087434927007,0.14974746377824025,0.13099445765666387,0.11224145153508747,0.09348844541351108,0.07473543929193467
6268,0.018861538995962508,0.02139857893702769,0.025840952998510806,0.030283327059993915,0.03472570112147703,0.03916807518296014,0.04361044924444325,0.0639621502340575,0.08431385122367176,0.10466555221328604,0.1250172532029003,0.16219714722554288,0.1596601072844777,0.15521773322299456,0.15077535916151147,0.14633298510002835,0.14189061103854522,0.1374482369770621,0.11709653598744785,0.0967448349978336,0.07639313400821932,0.05604143301860505
6269,0.06031042844298219,0.06842270209442457,0.08262734801485494,0.09683199393528533,0.1110366398557157,0.1252412857761461,0.1394459316965765,0.20452120506052845,0.2695964784244804,0.33467175178843245,0.39974702515238447,0.4566317751531136,0.4485195015016712,0.43431485558124083,0.4201102096608105,0.4059055637403801,0.3917009178199497,0.3774962718995193,0.3124209985355673,0.24734572517161535,0.18227045180766333,0.1171951784437113
6270,0.30895518501738617,0.35051232648691727,0.4232791617051753,0.4960459969234333,0.5688128321416914,0.6415796673599494,0.7143465025782075,1.0477107919933368,1.3810750814084662,1.7144393708235957,2.0478036602387255,2.1024107163262697,2.0608535748567385,1.9880867396384805,1.9153199044202225,1.8425530692019643,1.7697862339837063,1.6970193987654483,1.363655109350319,1.0302908199351897,0.6969265305200603,0.3635622411049304
6271,1.1612949269476076,1.3174991271273024,1.5910137359992662,1.8645283448712298,2.1380429537431938,2.4115575626151577,2.685072171487121,3.9381155800368046,5.191158988586489,6.444202397136173,7.697245805685856,8.797592590406415,8.64138839022672,8.367873781354756,8.094359172482793,7.820844563610829,7.547329954738865,7.273815345866902,6.020771937317218,4.767728528767535,3.514685120217851,2.261641711668167
6272,2.8365400828547638,3.218079229059924,3.8861568494030205,4.554234469746118,5.222312090089215,5.890389710432311,6.558467330775408,9.61910918103339,12.679751031291374,15.74039288154936,18.801034731807345,21.40384848736475,21.02230934115959,20.354231720816493,19.686154100473395,19.018076480130297,18.3499988597872,17.6819212394441,14.621279389186117,11.560637538928134,8.499995688670149,5.439353838412163
6273,4.187241305649756,4.750461435119857,5.736663683482037,6.722865931844216,7.709068180206397,8.695270428568575,9.681472676930756,14.199528337297998,18.717583997665233,23.23563965803248,27.75369531839972,32.29130966000392,31.72808953053382,30.74188728217164,29.75568503380946,28.76948278544728,27.7832805370851,26.797078288722922,22.27902262835568,17.760966967988445,13.242911307621199,8.724855647253957
6274,4.1224380187469025,4.6769415462886,5.647880965838258,6.618820385387915,7.5897598049375725,8.56069922448723,9.53163864403689,13.979771212843394,18.427903781649896,22.876036350456406,27.324168919262913,32.91035711924829,32.35585359170659,31.384914172156932,30.413974752607274,29.443035333057615,28.472095913507957,27.501156493958298,23.053023925151795,18.60489135634529,14.15675878753878,9.708626218732274
6275,3.351595880008395,3.8024144805325077,4.591800893015079,5.381187305497649,6.170573717980221,6.959960130462791,7.7493465429453625,11.365736340329079,14.982126137712793,18.59851593509651,22.21490573248023,27.356769827551037,26.905951227026925,26.116564814544354,25.327178402061783,24.537791989579212,23.74840557709664,22.95901916461407,19.34262936723035,15.726239569846637,12.109849772462919,8.493459975079201
6276,2.9910124143164416,3.3933294236000933,4.097789222441407,4.80224902128272,5.506708820124034,6.211168618965348,6.915628417806662,10.142946736074473,13.370265054342282,16.597583372610092,19.82490169087791,24.2284335048095,23.82611649552585,23.121656696684536,22.417196897843223,21.71273709900191,21.008277300160596,20.303817501319283,17.076499183051475,13.849180864783666,10.621862546515855,7.394544228248039
6277,2.7047846416677372,3.0686015427890947,3.7056473923676854,4.342693241946275,4.979739091524866,5.6167849411034565,6.253830790682048,9.172307818474215,12.090784846266383,15.009261874058554,17.92773890185072,22.802692522038395,22.438875620917038,21.801829771338447,21.164783921759856,20.527738072181265,19.890692222602674,19.253646373024083,16.335169345231915,13.416692317439747,10.498215289647575,7.579738261855409
6278,2.20733046474823,2.5042354815337093,3.0241181699939683,3.544000858454227,4.063883546914486,4.583766235374744,5.103648923835004,7.485370246439614,9.867091569044224,12.248812891648836,14.630534214253444,19.724931122724897,19.428026105939416,18.908143417479156,18.388260729018896,17.868378040558635,17.348495352098375,16.828612663638115,14.446891341033504,12.065170018428894,9.683448695824282,7.3017273732196735
6279,1.677916042855984,1.903610246250039,2.298802319798513,2.693994393346985,3.0891864668954585,3.484378540443932,3.879570613992405,5.690050956937462,7.500531299882518,9.311011642827577,11.121491985772634,14.871256559632515,14.645562356238461,14.250370282689987,13.855178209141515,13.459986135593041,13.064794062044568,12.669601988496094,10.859121645551037,9.04864130260598,7.238160959660921,5.427680616715864
6280,1.1172675321315855,1.2675496673528908,1.5306947005095728,1.7938397336662546,2.0569847668229366,2.3201297999796187,2.583274833136301,3.7888124482913326,4.9943500634463645,6.199887678601396,7.405425293756428,10.033161309414842,9.882879174193537,9.619734141036854,9.356589107880172,9.09344407472349,8.830299041566807,8.567154008410125,7.361616393255093,6.156078778100062,4.95054116294503,3.745003547789998
6281,0.6682540838903488,0.7581400312657272,0.9155309318380566,1.0729218324103855,1.2303127329827148,1.3877036335550441,1.5450945341273732,2.2661442482220826,2.987193962316792,3.7082436764115014,4.429293390506211,6.0734388854665,5.983552938091121,5.826162037518792,5.668771136946463,5.5113802363741335,5.3539893358018045,5.196598435229475,4.475548721134766,3.7544990070400566,3.033449292945347,2.3123995788506377
6282,0.4397550001969972,0.4989058467966161,0.6024793784527985,0.7060529101089809,0.8096264417651632,0.9131999734213457,1.016773505077528,1.4912714914090162,1.9657694777405041,2.4402674640719924,2.9147654504034803,3.6846018562989733,3.625451009699354,3.5218774780431716,3.418303946386989,3.314730414730807,3.2111568830746244,3.1075833514184423,2.633085365086954,2.158587378755466,1.6840893924239777,1.2095914060924897
6283,0.286284866305672,0.32479265405806435,0.39222005033488544,0.4596474466117065,0.5270748428885276,0.5945022391653487,0.6619296354421698,0.9708325302776295,1.2797354251130895,1.5886383199485492,1.8975412147840094,2.22844041223525,2.1899326244828576,2.1225052282060366,2.0550778319292156,1.9876504356523945,1.9202230393755735,1.8527956430987524,1.5438927482632927,1.2349898534278327,0.926086958592373,0.6171840637569128
6284,0.1600000684787465,0.18152145994052682,0.21920556165659857,0.25688966337267033,0.2945737650887421,0.33225786680481384,0.3699419685208856,0.5425828942000834,0.7152238198792811,0.887864745558479,1.0605056712376768,1.3303544742870113,1.308833082825231,1.2711489811091592,1.2334648793930874,1.1957807776770155,1.1580966759609437,1.1204125742448718,0.947771648565674,0.7751307228864763,0.6024897972072784,0.4298488715280806
6285,0.0966650333943288,0.10966731548161278,0.1324343991801003,0.15520148287858784,0.17796856657707538,0.20073565027556292,0.2235027339740505,0.3278048196211218,0.432106905268193,0.5364089909152644,0.6407110765623357,0.8750441895076194,0.8620419074203355,0.8392748237218479,0.8165077400233604,0.7937406563248728,0.7709735726263852,0.7482064889278977,0.6439044032808263,0.5396023176337551,0.4353002319866837,0.3309981463396124
6286,0.060485888935644626,0.06862176353916513,0.08286773488598757,0.09711370623281,0.11135967757963244,0.1256056489264549,0.13985162027327736,0.2051162164429092,0.27038081261254104,0.33564540878217297,0.40091000495180484,0.6530761972950729,0.6449403226915524,0.63069435134473,0.6164483799979075,0.602202408651085,0.5879564373042625,0.57371046595744,0.5084458697878081,0.4431812736181763,0.37791667744854435,0.3126520812789125
6287,0.04326251605801909,0.04908169821561838,0.059271125452270715,0.06946055268892304,0.07964997992557539,0.08983940716222773,0.10002883439888008,0.1467093195416705,0.19338980468446088,0.24007028982725132,0.28675077497004176,0.499578441059629,0.4937592589020297,0.48356983166537737,0.47338040442872503,0.4631909771920727,0.45300154995542036,0.442812122718768,0.3961316375759776,0.3494511524331872,0.30277066729039676,0.2560901821476063
6288,0.031367184720614005,0.03558634204876214,0.04297411500909338,0.050361887969424625,0.057749660929755864,0.0651374338900871,0.07252520685041834,0.10637056615310214,0.14021592545578596,0.17406128475846977,0.20790664406115364,0.38513873965896495,0.3809195823308168,0.3735318093704856,0.36614403641015436,0.35875626344982314,0.3513684904894919,0.3439807175291607,0.3101353582264769,0.27628999892379313,0.24244463962110932,0.20859928031842545
6289,0.027541528392130105,0.031246101893993974,0.037732835101129916,0.04421956830826585,0.05070630151540179,0.057193034722537735,0.06367976792967367,0.09339722368731823,0.1231146794449628,0.15283213520260736,0.18254959096025195,0.2947264391013124,0.29102186559944854,0.2845351323923126,0.27804839918517665,0.2715616659780407,0.26507493277090477,0.25858819956376883,0.22887074380612427,0.1991532880484797,0.16943583229083514,0.13971837653319055
6290,0.021214760756460276,0.024068329353953997,0.029064947229369295,0.03406156510478459,0.03905818298019989,0.04405480085561519,0.049051418731030486,0.07194225852804301,0.09483309832505553,0.11772393812206808,0.1406147779190806,0.2196416620198345,0.2167880934223408,0.21179147554692548,0.20679485767151018,0.20179823979609487,0.19680162192067957,0.19180500404526427,0.16891416424825173,0.14602332445123922,0.12313248465422667,0.10024164485721414
6291,0.017379901386824617,0.01971764826949346,0.023811058840523276,0.02790446941155309,0.03199787998258291,0.03609129055361272,0.04018470112464254,0.058937707246218926,0.07769071336779533,0.09644371948937172,0.11519672561094813,0.1725522635160582,0.17021451663338938,0.16612110606235955,0.16202769549132973,0.1579342849202999,0.15384087434927007,0.14974746377824025,0.13099445765666387,0.11224145153508747,0.09348844541351108,0.07473543929193467
6292,0.018861538995962508,0.02139857893702769,0.025840952998510806,0.030283327059993915,0.03472570112147703,0.03916807518296014,0.04361044924444325,0.0639621502340575,0.08431385122367176,0.10466555221328604,0.1250172532029003,0.16219714722554288,0.1596601072844777,0.15521773322299456,0.15077535916151147,0.14633298510002835,0.14189061103854522,0.1374482369770621,0.11709653598744785,0.0967448349978336,0.07639313400821932,0.05604143301860505
6293,0.06031042844298219,0.06842270209442457,0.08262734801485494,0.09683199393528533,0.1110366398557157,0.1252412857761461,0.1394459316965765,0.20452120506052845,0.2695964784244804,0.33467175178843245,0.39974702515238447,0.4566317751531136,0.4485195015016712,0.43431485558124083,0.4201102096608105,0.4059055637403801,0.3917009178199497,0.3774962718995193,0.3124209985355673,0.24734572517161535,0.18227045180766333,0.1171951784437113
6294,0.30895518501738617,0.35051232648691727,0.4232791617051753,0.4960459969234333,0.5688128321416914,0.6415796673599494,0.7143465025782075,1.0477107919933368,1.3810750814084662,1.7144393708235957,2.0478036602387255,2.1024107163262697,2.0608535748567385,1.9880867396384805,1.9153199044202225,1.8425530692019643,1.7697862339837063,1.6970193987654483,1.363655109350319,1.0302908199351897,0.6969265305200603,0.3635622411049304
6295,1.1612949269476076,1.3174991271273024,1.5910137359992662,1.8645283448712298,2.1380429537431938,2.4115575626151577,2.685072171487121,3.9381155800368046,5.191158988586489,6.444202397136173,7.697245805685856,8.797592590406415,8.64138839022672,8.367873781354756,8.094359172482793,7.820844563610829,7.547329954738865,7.273815345866902,6.020771937317218,4.767728528767535,3.514685120217851,2.261641711668167
6296,2.8365400828547638,3.218079229059924,3.8861568494030205,4.554234469746118,5.222312090089215,5.890389710432311,6.558467330775408,9.61910918103339,12.679751031291374,15.74039288154936,18.801034731807345,21.40384848736475,21.02230934115959,20.354231720816493,19.686154100473395,19.018076480130297,18.3499988597872,17.6819212394441,14.621279389186117,11.560637538928134,8.499995688670149,5.439353838412163
6297,4.187241305649756,4.750461435119857,5.736663683482037,6.722865931844216,7.709068180206397,8.695270428568575,9.681472676930756,14.199528337297998,18.717583997665233,23.23563965803248,27.75369531839972,32.29130966000392,31.72808953053382,30.74188728217164,29.75568503380946,28.76948278544728,27.7832805370851,26.797078288722922,22.27902262835568,17.760966967988445,13.242911307621199,8.724855647253957
6298,4.1224380187469025,4.6769415462886,5.647880965838258,6.618820385387915,7.5897598049375725,8.56069922448723,9.53163864403689,13.979771212843394,18.427903781649896,22.876036350456406,27.324168919262913,32.91035711924829,32.35585359170659,31.384914172156932,30.413974752607274,29.443035333057615,28.472095913507957,27.501156493958298,23.053023925151795,18.60489135634529,14.15675878753878,9.708626218732274
6299,3.351595880008395,3.8024144805325077,4.591800893015079,5.381187305497649,6.170573717980221,6.959960130462791,7.7493465429453625,11.365736340329079,14.982126137712793,18.59851593509651,22.21490573248023,27.356769827551037,26.905951227026925,26.116564814544354,25.327178402061783,24.537791989579212,23.74840557709664,22.95901916461407,19.34262936723035,15.726239569846637,12.109849772462919,8.493459975079201
6300,2.9910124143164416,3.3933294236000933,4.097789222441407,4.80224902128272,5.506708820124034,6.211168618965348,6.915628417806662,10.142946736074473,13.370265054342282,16.597583372610092,19.82490169087791,24.2284335048095,23.82611649552585,23.121656696684536,22.417196897843223,21.71273709900191,21.008277300160596,20.303817501319283,17.076499183051475,13.849180864783666,10.621862546515855,7.394544228248039
6301,2.7047846416677372,3.0686015427890947,3.7056473923676854,4.342693241946275,4.979739091524866,5.6167849411034565,6.253830790682048,9.172307818474215,12.090784846266383,15.009261874058554,17.92773890185072,22.802692522038395,22.438875620917038,21.801829771338447,21.164783921759856,20.527738072181265,19.890692222602674,19.253646373024083,16.335169345231915,13.416692317439747,10.498215289647575,7.579738261855409
6302,2.20733046474823,2.5042354815337093,3.0241181699939683,3.544000858454227,4.063883546914486,4.583766235374744,5.103648923835004,7.485370246439614,9.867091569044224,12.248812891648836,14.630534214253444,19.724931122724897,19.428026105939416,18.908143417479156,18.388260729018896,17.868378040558635,17.348495352098375,16.828612663638115,14.446891341033504,12.065170018428894,9.683448695824282,7.3017273732196735
6303,1.677916042855984,1.903610246250039,2.298802319798513,2.693994393346985,3.0891864668954585,3.484378540443932,3.879570613992405,5.690050956937462,7.500531299882518,9.311011642827577,11.121491985772634,14.871256559632515,14.645562356238461,14.250370282689987,13.855178209141515,13.459986135593041,13.064794062044568,12.669601988496094,10.859121645551037,9.04864130260598,7.238160959660921,5.427680616715864
6304,1.1172675321315855,1.2675496673528908,1.5306947005095728,1.7938397336662546,2.0569847668229366,2.3201297999796187,2.583274833136301,3.7888124482913326,4.9943500634463645,6.199887678601396,7.405425293756428,10.033161309414842,9.882879174193537,9.619734141036854,9.356589107880172,9.09344407472349,8.830299041566807,8.567154008410125,7.361616393255093,6.156078778100062,4.95054116294503,3.745003547789998
6305,0.6682540838903488,0.7581400312657272,0.9155309318380566,1.0729218324103855,1.2303127329827148,1.3877036335550441,1.5450945341273732,2.2661442482220826,2.987193962316792,3.7082436764115014,4.429293390506211,6.0734388854665,5.983552938091121,5.826162037518792,5.668771136946463,5.5113802363741335,5.3539893358018045,5.196598435229475,4.475548721134766,3.7544990070400566,3.033449292945347,2.3123995788506377
6306,0.4397550001969972,0.4989058467966161,0.6024793784527985,0.7060529101089809,0.8096264417651632,0.9131999734213457,1.016773505077528,1.4912714914090162,1.9657694777405041,2.4402674640719924,2.9147654504034803,3.6846018562989733,3.625451009699354,3.5218774780431716,3.418303946386989,3.314730414730807,3.2111568830746244,3.1075833514184423,2.633085365086954,2.158587378755466,1.6840893924239777,1.2095914060924897
6307,0.286284866305672,0.32479265405806435,0.39222005033488544,0.4596474466117065,0.5270748428885276,0.5945022391653487,0.6619296354421698,0.9708325302776295,1.2797354251130895,1.5886383199485492,1.8975412147840094,2.22844041223525,2.1899326244828576,2.1225052282060366,2.0550778319292156,1.9876504356523945,1.9202230393755735,1.8527956430987524,1.5438927482632927,1.2349898534278327,0.926086958592373,0.6171840637569128
6308,0.1600000684787465,0.18152145994052682,0.21920556165659857,0.25688966337267033,0.2945737650887421,0.33225786680481384,0.3699419685208856,0.5425828942000834,0.7152238198792811,0.887864745558479,1.0605056712376768,1.3303544742870113,1.308833082825231,1.2711489811091592,1.2334648793930874,1.1957807776770155,1.1580966759609437,1.1204125742448718,0.947771648565674,0.7751307228864763,0.6024897972072784,0.4298488715280806
6309,0.0966650333943288,0.10966731548161278,0.1324343991801003,0.15520148287858784,0.17796856657707538,0.20073565027556292,0.2235027339740505,0.3278048196211218,0.432106905268193,0.5364089909152644,0.6407110765623357,0.8750441895076194,0.8620419074203355,0.8392748237218479,0.8165077400233604,0.7937406563248728,0.7709735726263852,0.7482064889278977,0.6439044032808263,0.5396023176337551,0.4353002319866837,0.3309981463396124
6310,0.060485888935644626,0.06862176353916513,0.08286773488598757,0.09711370623281,0.11135967757963244,0.1256056489264549,0.13985162027327736,0.2051162164429092,0.27038081261254104,0.33564540878217297,0.40091000495180484,0.6530761972950729,0.6449403226915524,0.63069435134473,0.6164483799979075,0.602202408651085,0.5879564373042625,0.57371046595744,0.5084458697878081,0.4431812736181763,0.37791667744854435,0.3126520812789125
6311,0.04326251605801909,0.04908169821561838,0.059271125452270715,0.06946055268892304,0.07964997992557539,0.08983940716222773,0.10002883439888008,0.1467093195416705,0.19338980468446088,0.24007028982725132,0.28675077497004176,0.499578441059629,0.4937592589020297,0.48356983166537737,0.47338040442872503,0.4631909771920727,0.45300154995542036,0.442812122718768,0.3961316375759776,0.3494511524331872,0.30277066729039676,0.2560901821476063
6312,0.031367184720614005,0.03558634204876214,0.04297411500909338,0.050361887969424625,0.057749660929755864,0.0651374338900871,0.07252520685041834,0.10637056615310214,0.14021592545578596,0.17406128475846977,0.20790664406115364,0.38513873965896495,0.3809195823308168,0.3735318093704856,0.36614403641015436,0.35875626344982314,0.3513684904894919,0.3439807175291607,0.3101353582264769,0.27628999892379313,0.24244463962110932,0.20859928031842545
6313,0.027541528392130105,0.031246101893993974,0.037732835101129916,0.04421956830826585,0.05070630151540179,0.057193034722537735,0.06367976792967367,0.09339722368731823,0.1231146794449628,0.15283213520260736,0.18254959096025195,0.2947264391013124,0.29102186559944854,0.2845351323923126,0.27804839918517665,0.2715616659780407,0.26507493277090477,0.25858819956376883,0.22887074380612427,0.1991532880484797,0.16943583229083514,0.13971837653319055
6314,0.021214760756460276,0.024068329353953997,0.029064947229369295,0.03406156510478459,0.03905818298019989,0.04405480085561519,0.049051418731030486,0.07194225852804301,0.09483309832505553,0.11772393812206808,0.1406147779190806,0.2196416620198345,0.2167880934223408,0.21179147554692548,0.20679485767151018,0.20179823979609487,0.19680162192067957,0.19180500404526427,0.16891416424825173,0.14602332445123922,0.12313248465422667,0.10024164485721414
6315,0.017379901386824617,0.01971764826949346,0.023811058840523276,0.02790446941155309,0.03199787998258291,0.03609129055361272,0.04018470112464254,0.058937707246218926,0.07769071336779533,0.09644371948937172,0.11519672561094813,0.1725522635160582,0.17021451663338938,0.16612110606235955,0.16202769549132973,0.1579342849202999,0.15384087434927007,0.14974746377824025,0.13099445765666387,0.11224145153508747,0.09348844541351108,0.07473543929193467
6316,0.018861538995962508,0.02139857893702769,0.025840952998510806,0.030283327059993915,0.03472570112147703,0.03916807518296014,0.04361044924444325,0.0639621502340575,0.08431385122367176,0.10466555221328604,0.1250172532029003,0.16219714722554288,0.1596601072844777,0.15521773322299456,0.15077535916151147,0.14633298510002835,0.14189061103854522,0.1374482369770621,0.11709653598744785,0.0967448349978336,0.07639313400821932,0.05604143301860505
6317,0.06031042844298219,0.06842270209442457,0.08262734801485494,0.09683199393528533,0.1110366398557157,0.1252412857761461,0.1394459316965765,0.20452120506052845,0.2695964784244804,0.33467175178843245,0.39974702515238447,0.4566317751531136,0.4485195015016712,0.43431485558124083,0.4201102096608105,0.4059055637403801,0.3917009178199497,0.3774962718995193,0.3124209985355673,0.24734572517161535,0.18227045180766333,0.1171951784437113
6318,0.30895518501738617,0.35051232648691727,0.4232791617051753,0.4960459969234333,0.5688128321416914,0.6415796673599494,0.7143465025782075,1.0477107919933368,1.3810750814084662,1.7144393708235957,2.0478036602387255,2.1024107163262697,2.0608535748567385,1.9880867396384805,1.9153199044202225,1.8425530692019643,1.7697862339837063,1.6970193987654483,1.363655109350319,1.0302908199351897,0.6969265305200603,0.3635622411049304
6319,1.1612949269476076,1.3174991271273024,1.5910137359992662,1.8645283448712298,2.1380429537431938,2.4115575626151577,2.685072171487121,3.9381155800368046,5.191158988586489,6.444202397136173,7.697245805685856,8.797592590406415,8.64138839022672,8.367873781354756,8.094359172482793,7.820844563610829,7.547329954738865,7.273815345866902,6.020771937317218,4.767728528767535,3.514685120217851,2.261641711668167
6320,2.8365400828547638,3.218079229059924,3.8861568494030205,4.554234469746118,5.222312090089215,5.890389710432311,6.558467330775408,9.61910918103339,12.679751031291374,15.74039288154936,18.801034731807345,21.40384848736475,21.02230934115959,20.354231720816493,19.686154100473395,19.018076480130297,18.3499988597872,17.6819212394441,14.621279389186117,11.560637538928134,8.499995688670149,5.439353838412163
6321,4.187241305649756,4.750461435119857,5.736663683482037,6.722865931844216,7.709068180206397,8.695270428568575,9.681472676930756,14.199528337297998,18.717583997665233,23.23563965803248,27.75369531839972,32.29130966000392,31.72808953053382,30.74188728217164,29.75568503380946,28.76948278544728,27.7832805370851,26.797078288722922,22.27902262835568,17.760966967988445,13.242911307621199,8.724855647253957
6322,4.1224380187469025,4.6769415462886,5.647880965838258,6.618820385387915,7.5897598049375725,8.56069922448723,9.53163864403689,13.979771212843394,18.427903781649896,22.876036350456406,27.324168919262913,32.91035711924829,32.35585359170659,31.384914172156932,30.413974752607274,29.443035333057615,28.472095913507957,27.501156493958298,23.053023925151795,18.60489135634529,14.15675878753878,9.708626218732274
6323,3.351595880008395,3.8024144805325077,4.591800893015079,5.381187305497649,6.170573717980221,6.959960130462791,7.7493465429453625,11.365736340329079,14.982126137712793,18.59851593509651,22.21490573248023,27.356769827551037,26.905951227026925,26.116564814544354,25.327178402061783,24.537791989579212,23.74840557709664,22.95901916461407,19.34262936723035,15.726239569846637,12.109849772462919,8.493459975079201
6324,2.9910124143164416,3.3933294236000933,4.097789222441407,4.80224902128272,5.506708820124034,6.211168618965348,6.915628417806662,10.142946736074473,13.370265054342282,16.597583372610092,19.82490169087791,24.2284335048095,23.82611649552585,23.121656696684536,22.417196897843223,21.71273709900191,21.008277300160596,20.303817501319283,17.076499183051475,13.849180864783666,10.621862546515855,7.394544228248039
6325,2.7047846416677372,3.0686015427890947,3.7056473923676854,4.342693241946275,4.979739091524866,5.6167849411034565,6.253830790682048,9.172307818474215,12.090784846266383,15.009261874058554,17.92773890185072,22.802692522038395,22.438875620917038,21.801829771338447,21.164783921759856,20.527738072181265,19.890692222602674,19.253646373024083,16.335169345231915,13.416692317439747,10.498215289647575,7.579738261855409
6326,2.20733046474823,2.5042354815337093,3.0241181699939683,3.544000858454227,4.063883546914486,4.583766235374744,5.103648923835004,7.485370246439614,9.867091569044224,12.248812891648836,14.630534214253444,19.724931122724897,19.428026105939416,18.908143417479156,18.388260729018896,17.868378040558635,17.348495352098375,16.828612663638115,14.446891341033504,12.065170018428894,9.683448695824282,7.3017273732196735
6327,1.677916042855984,1.903610246250039,2.298802319798513,2.693994393346985,3.0891864668954585,3.484378540443932,3.879570613992405,5.690050956937462,7.500531299882518,9.311011642827577,11.121491985772634,14.871256559632515,14.645562356238461,14.250370282689987,13.855178209141515,13.459986135593041,13.064794062044568,12.669601988496094,10.859121645551037,9.04864130260598,7.238160959660921,5.427680616715864
6328,1.1172675321315855,1.2675496673528908,1.5306947005095728,1.7938397336662546,2.0569847668229366,2.3201297999796187,2.583274833136301,3.7888124482913326,4.9943500634463645,6.199887678601396,7.405425293756428,10.033161309414842,9.882879174193537,9.619734141036854,9.356589107880172,9.09344407472349,8.830299041566807,8.567154008410125,7.361616393255093,6.156078778100062,4.95054116294503,3.745003547789998
6329,0.6682540838903488,0.7581400312657272,0.9155309318380566,1.0729218324103855,1.2303127329827148,1.3877036335550441,1.5450945341273732,2.2661442482220826,2.987193962316792,3.7082436764115014,4.429293390506211,6.0734388854665,5.983552938091121,5.826162037518792,5.668771136946463,5.5113802363741335,5.3539893358018045,5.196598435229475,4.475548721134766,3.7544990070400566,3.033449292945347,2.3123995788506377
6330,0.4397550001969972,0.4989058467966161,0.6024793784527985,0.7060529101089809,0.8096264417651632,0.9131999734213457,1.016773505077528,1.4912714914090162,1.9657694777405041,2.4402674640719924,2.9147654504034803,3.6846018562989733,3.625451009699354,3.5218774780431716,3.418303946386989,3.314730414730807,3.2111568830746244,3.1075833514184423,2.633085365086954,2.158587378755466,1.6840893924239777,1.2095914060924897
6331,0.286284866305672,0.32479265405806435,0.39222005033488544,0.4596474466117065,0.5270748428885276,0.5945022391653487,0.6619296354421698,0.9708325302776295,1.2797354251130895,1.5886383199485492,1.8975412147840094,2.22844041223525,2.1899326244828576,2.1225052282060366,2.0550778319292156,1.9876504356523945,1.9202230393755735,1.8527956430987524,1.5438927482632927,1.2349898534278327,0.926086958592373,0.6171840637569128
6332,0.1600000684787465,0.18152145994052682,0.21920556165659857,0.25688966337267033,0.2945737650887421,0.33225786680481384,0.3699419685208856,0.5425828942000834,0.7152238198792811,0.887864745558479,1.0605056712376768,1.3303544742870113,1.308833082825231,1.2711489811091592,1.2334648793930874,1.1957807776770155,1.1580966759609437,1.1204125742448718,0.947771648565674,0.7751307228864763,0.6024897972072784,0.4298488715280806
6333,0.0966650333943288,0.10966731548161278,0.1324343991801003,0.15520148287858784,0.17796856657707538,0.20073565027556292,0.2235027339740505,0.3278048196211218,0.432106905268193,0.5364089909152644,0.6407110765623357,0.8750441895076194,0.8620419074203355,0.8392748237218479,0.8165077400233604,0.7937406563248728,0.7709735726263852,0.7482064889278977,0.6439044032808263,0.5396023176337551,0.4353002319866837,0.3309981463396124
6334,0.060485888935644626,0.06862176353916513,0.08286773488598757,0.09711370623281,0.11135967757963244,0.1256056489264549,0.13985162027327736,0.2051162164429092,0.27038081261254104,0.33564540878217297,0.40091000495180484,0.6530761972950729,0.6449403226915524,0.63069435134473,0.6164483799979075,0.602202408651085,0.5879564373042625,0.57371046595744,0.5084458697878081,0.4431812736181763,0.37791667744854435,0.3126520812789125
6335,0.04326251605801909,0.04908169821561838,0.059271125452270715,0.06946055268892304,0.07964997992557539,0.08983940716222773,0.10002883439888008,0.1467093195416705,0.19338980468446088,0.24007028982725132,0.28675077497004176,0.499578441059629,0.4937592589020297,0.48356983166537737,0.47338040442872503,0.4631909771920727,0.45300154995542036,0.442812122718768,0.3961316375759776,0.3494511524331872,0.30277066729039676,0.2560901821476063
6336,0.06656898268586907,0.07552308595105217,0.09120178120737912,0.10688047646370606,0.12255917172003303,0.13823786697635998,0.1539165622326869,0.2257448489433112,0.29757313565393556,0.36940142236455986,0.44122970907518416,0.4271966781704077,0.4182425749052246,0.4025638796488976,0.3868851843925707,0.3712064891362437,0.35552779387991673,0.3398490986235898,0.2680208119129655,0.19619252520234115,0.12436423849171685,0.05253595178109255
6337,0.056639086305014866,0.06425753272192815,0.07759748382143074,0.09093743492093335,0.10427738602043597,0.11761733711993858,0.1309572882194412,0.19207116387144205,0.25318503952344296,0.31429891517544384,0.3754127908274448,0.3168441383691494,0.3092256919522361,0.2958857408527335,0.28254578975323086,0.26920583865372827,0.2558658875542257,0.24252593645472306,0.1814120608027222,0.1202981851507213,0.05918430949872042,-0.0019295661532805208
6338,0.03392680220936796,0.038490250202461725,0.046480878441028384,0.05447150667959503,0.06246213491816169,0.07045276315672834,0.07844339139529499,0.1150505915949522,0.15165779179460942,0.18826499199426663,0.22487219219392388,0.22601923126692836,0.22145578327383458,0.21346515503526792,0.20547452679670128,0.1974838985581346,0.18949327031956797,0.1815026420810013,0.1448954418813441,0.10828824168168688,0.07168104148202967,0.035073841282372425
6339,0.0236676925723058,0.026851201690074235,0.03242554764354464,0.03799989359701504,0.043574239550485436,0.049148585503955844,0.05472293145742625,0.08026049774238261,0.10579806402733898,0.13133563031229536,0.15687319659725174,0.20284547879051973,0.1996619696727513,0.1940876237192809,0.1885132777658105,0.1829389318123401,0.17736458585886972,0.17179023990539932,0.14625267362044297,0.12071510733548661,0.09517754105053022,0.06963997476557385
6340,0.02469635730095266,0.028018230711428102,0.03383485347536883,0.03965147623930954,0.04546809900325027,0.051284721767191,0.05710134453113172,0.08374884553458932,0.11039634653804692,0.1370438475415045,0.16369134854496212,0.2086410790622131,0.20531920565173767,0.19950258288779693,0.19368596012385622,0.18786933735991548,0.18205271459597477,0.17623609183203404,0.14958859082857645,0.12294108982511885,0.09629358882166127,0.06964608781820365
6341,0.018530992112733714,0.02102357064238779,0.025388092472381524,0.02975261430237525,0.03411713613236898,0.03848165796236271,0.04284617979235644,0.06284121893523797,0.08283625807811949,0.10283129722100104,0.12282633636388257,0.23076451461001737,0.2282719360803633,0.22390741425036959,0.21954289242037586,0.21517837059038214,0.21081384876038842,0.2064493269303947,0.18645428778751316,0.16645924864463163,0.1464642095017501,0.12646917035886857
6342,0.022723898938375474,0.025780459658883387,0.031132518111866028,0.036484576564848666,0.0418366350178313,0.04718869347081395,0.05254075192379659,0.0770599598532782,0.10157916778275981,0.12609837571224142,0.15061758364172306,0.3411068640072945,0.3380503032867866,0.33269824483380395,0.3273461863808213,0.32199412792783866,0.316642069474856,0.31129001102187337,0.2867708030923918,0.2622515951629102,0.2377323872334286,0.21321317930394695
6343,0.05954035988303085,0.0675490526604855,0.08157232777140645,0.0955956028823274,0.10961887799324835,0.12364215310416929,0.13766542821509023,0.20190979350324906,0.2661541587914079,0.33039852407956677,0.3946428893677256,0.5323949645104806,0.524386271733026,0.510362996622105,0.4963397215111841,0.48231644640026317,0.4682931712893422,0.4542698961784213,0.3900255308902625,0.32578116560210363,0.2615368003139448,0.19729243502578592
6344,0.09422208070711786,0.10689576455313886,0.129087470513181,0.15127917647322317,0.17347088243326533,0.1956625883933075,0.21785429435334966,0.31952042104539957,0.42118654773744957,0.5228526744294996,0.6245188011215496,0.7630054397344619,0.7503317558884409,0.7281400499283988,0.7059483439683566,0.6837566380083144,0.6615649320482723,0.6393732260882301,0.5377070993961802,0.4360409727041302,0.33437484601208023,0.23270871932003023
6345,0.11060462621291975,0.12548190395938727,0.1515321177130734,0.17758233146675953,0.2036325452204457,0.22968275897413182,0.255732972727818,0.37507595323620807,0.49441893374459817,0.6137619142529884,0.7331048947613785,1.04243040931092,1.0275531315644524,1.0015029178107662,0.9754527040570801,0.949402490303394,0.9233522765497079,0.8973020627960218,0.7779590822876317,0.6586161017792416,0.5392731212708513,0.41993014076246116
6346,0.14593538259187422,0.16556495229609972,0.19993646134515083,0.23430797039420195,0.2686794794432531,0.3030509884923042,0.3374224975413554,0.4948875522726021,0.6523526070038489,0.8098176617350957,0.9672827164663426,1.3368623237393928,1.3172327540351674,1.2828612449861163,1.2484897359370652,1.2141182268880142,1.1797467178389631,1.145375208789912,0.9879101540586653,0.8304450993274186,0.6729800445961718,0.5155149898649249
6347,0.17412844867806587,0.1975502293326846,0.2385619253527876,0.2795736213728906,0.3205853173929936,0.3615970134130966,0.40260870943319965,0.5904942325625675,0.7783797556919354,0.9662652788213034,1.1541508019506714,1.6963697765134498,1.6729479958588311,1.6319362998387281,1.590924603818625,1.549912907798522,1.508901211778419,1.467889515758316,1.2800039926289482,1.0921184694995802,0.9042329463702122,0.7163474232408442
6348,0.20258246617249245,0.22983155799628885,0.277544901707457,0.32525824541862514,0.3729715891297932,0.4206849328409614,0.46839827655212957,0.6869858360383282,0.9055733955245269,1.1241609550107257,1.3427485144969247,1.9211150761464808,1.8938659843226844,1.8461526406115163,1.7984392969003482,1.7507259531891801,1.7030126094780118,1.6552992657668437,1.4367117062806452,1.2181241467944464,0.9995365873082476,0.7809490278220486
6349,0.22682064156334378,0.25732997737244256,0.31075203030808307,0.3641740832437235,0.4175961361793641,0.4710181891150046,0.5244402420506451,0.769180921820084,1.013921601589523,1.2586622813589619,1.5034029611284008,2.0428941262432594,2.0123847904341607,1.9589627374985201,1.9055406845628797,1.852118631627239,1.7986965786915987,1.745274525755958,1.5005338459865192,1.2557931662170803,1.0110524864476413,0.7663118066782024
6350,0.28713168866453304,0.3257533813399477,0.3933802259058238,0.46100707047169975,0.5286339150375757,0.5962607596034519,0.6638876041693279,0.9737042248382178,1.2835208455071077,1.5933374661759976,1.9031540868448875,2.133676930271694,2.095055237596279,2.027428393030403,1.9598015484645268,1.8921747038986507,1.8245478593327746,1.7569210147668985,1.4471043940980086,1.1372877734291187,0.8274711527602288,0.5176545320913388
6351,0.3067951188581142,0.3480617127682659,0.42031979724889373,0.49257788172952155,0.5648359662101494,0.6370940506907772,0.709352135171405,1.040385701701159,1.3714192682309132,1.7024528347606676,2.0334864012904217,2.1612776545091203,2.120011060598969,2.047752976118341,1.975494891637713,1.9032368071570853,1.8309787226764576,1.7587206381958298,1.427687071666076,1.0966535051363218,0.7656199386065674,0.4345863720768133
6352,0.27598175878396375,0.31310368956544515,0.3781044409318533,0.44310519229826134,0.5081059436646694,0.5731066950310776,0.6381074463974856,0.9358932333664804,1.233679020335475,1.53146480730447,1.829250594273465,1.9097257114610804,1.872603780679599,1.8076030293131908,1.7426022779467827,1.6776015265803745,1.6126007752139664,1.5476000238475582,1.2498142368785634,0.9520284499095688,0.6542426629405738,0.35645687597157893
6353,0.2253108014307007,0.2556170506983482,0.3086834977291007,0.36174994475985317,0.4148163917906057,0.46788283882135817,0.5209492858521106,0.7640608400805081,1.0071723943089055,1.2502839485373032,1.4933955027657007,1.6192575536297766,1.588951304362129,1.5358848573313766,1.4828184103006241,1.4297519632698716,1.3766855162391192,1.3236190692083667,1.0805075149799692,0.8373959607515719,0.5942844065231742,0.3511728522947767
6354,0.181071206183045,0.20542684770103406,0.24807374039633354,0.290720633091633,0.3333675257869325,0.376014418482232,0.41866131117753147,0.6140381066158548,0.809414902054178,1.0047916974925013,1.200168492930825,1.489569188741577,1.4652135472235879,1.4225666545282885,1.379919761832989,1.3372728691376894,1.29462597644239,1.2519790837470905,1.0566022883087673,0.8612254928704441,0.6658486974321208,0.4704719019937972
6355,0.1371027565822645,0.15554426178254532,0.18783546186591396,0.22012666194928254,0.2524178620326512,0.2847090621160198,0.3170002621993884,0.464934866444111,0.6128694706888336,0.7608040749335562,0.9087386791782788,1.2544431595756709,1.23600165437539,1.2037104542920214,1.1714192542086528,1.1391280541252842,1.1068368540419156,1.074545653958547,0.9266110497138245,0.7786764454691019,0.6307418412243793,0.48280723697965666
6356,0.12288693681507708,0.1394162914452449,0.16835930297358676,0.19730231450192862,0.22624532603027048,0.25518833755861237,0.28413134908695425,0.4167270081222759,0.5493226671575976,0.6819183261929194,0.8145139852282411,0.965950353268064,0.9494209986378962,0.9204779871095543,0.8915349755812124,0.8625919640528705,0.8336489525245286,0.8047059409961868,0.6721102819608651,0.5395146229255434,0.40691896389022164,0.27432330485489986
6357,0.10407025709033581,0.11806860573895996,0.14257980870966933,0.16709101168037868,0.19160221465108804,0.2161134176217974,0.24062462059250678,0.3529169820306787,0.4652093434688507,0.5775017049070227,0.6897940663451948,0.756275578156249,0.7422772295076249,0.7177660265369155,0.6932548235662062,0.6687436205954969,0.6442324176247876,0.6197212146540781,0.5074288532159061,0.3951364917777342,0.2828441303395622,0.17055176890139007
6358,0.09174496304809825,0.10408545316899447,0.1256937346673304,0.14730201616566632,0.16891029766400223,0.19051857916233816,0.21212686066067407,0.3111201642112374,0.4101134677618008,0.5091067713123641,0.6081000748629275,0.6380177307790044,0.6256772406581081,0.6040689591597722,0.5824606776614363,0.5608523961631003,0.5392441146647644,0.5176358331664285,0.4186425296158651,0.3196492260653017,0.22065592251473837,0.12166261896417502
6359,0.0756798511426919,0.0858594449247251,0.10368398234795255,0.12150851977117999,0.13933305719440744,0.15715759461763487,0.17498213204086233,0.2566410943198301,0.33830005659879786,0.4199590188777657,0.5016179811567335,0.5589042903878931,0.54872469660586,0.5309001591826326,0.5130756217594051,0.4952510843361777,0.4774265469129503,0.45960200948972285,0.37794304721075506,0.2962840849317873,0.21462512265281947,0.13296616037385167
6360,0.06656898268586907,0.07552308595105217,0.09120178120737912,0.10688047646370606,0.12255917172003303,0.13823786697635998,0.1539165622326869,0.2257448489433112,0.29757313565393556,0.36940142236455986,0.44122970907518416,0.4271966781704077,0.4182425749052246,0.4025638796488976,0.3868851843925707,0.3712064891362437,0.35552779387991673,0.3398490986235898,0.2680208119129655,0.19619252520234115,0.12436423849171685,0.05253595178109255
6361,0.056639086305014866,0.06425753272192815,0.07759748382143074,0.09093743492093335,0.10427738602043597,0.11761733711993858,0.1309572882194412,0.19207116387144205,0.25318503952344296,0.31429891517544384,0.3754127908274448,0.3168441383691494,0.3092256919522361,0.2958857408527335,0.28254578975323086,0.26920583865372827,0.2558658875542257,0.24252593645472306,0.1814120608027222,0.1202981851507213,0.05918430949872042,-0.0019295661532805208
6362,0.03392680220936796,0.038490250202461725,0.046480878441028384,0.05447150667959503,0.06246213491816169,0.07045276315672834,0.07844339139529499,0.1150505915949522,0.15165779179460942,0.18826499199426663,0.22487219219392388,0.22601923126692836,0.22145578327383458,0.21346515503526792,0.20547452679670128,0.1974838985581346,0.18949327031956797,0.1815026420810013,0.1448954418813441,0.10828824168168688,0.07168104148202967,0.035073841282372425
6363,0.0236676925723058,0.026851201690074235,0.03242554764354464,0.03799989359701504,0.043574239550485436,0.049148585503955844,0.05472293145742625,0.08026049774238261,0.10579806402733898,0.13133563031229536,0.15687319659725174,0.20284547879051973,0.1996619696727513,0.1940876237192809,0.1885132777658105,0.1829389318123401,0.17736458585886972,0.17179023990539932,0.14625267362044297,0.12071510733548661,0.09517754105053022,0.06963997476557385
6364,0.02469635730095266,0.028018230711428102,0.03383485347536883,0.03965147623930954,0.04546809900325027,0.051284721767191,0.05710134453113172,0.08374884553458932,0.11039634653804692,0.1370438475415045,0.16369134854496212,0.2086410790622131,0.20531920565173767,0.19950258288779693,0.19368596012385622,0.18786933735991548,0.18205271459597477,0.17623609183203404,0.14958859082857645,0.12294108982511885,0.09629358882166127,0.06964608781820365
6365,0.018530992112733714,0.02102357064238779,0.025388092472381524,0.02975261430237525,0.03411713613236898,0.03848165796236271,0.04284617979235644,0.06284121893523797,0.08283625807811949,0.10283129722100104,0.12282633636388257,0.23076451461001737,0.2282719360803633,0.22390741425036959,0.21954289242037586,0.21517837059038214,0.21081384876038842,0.2064493269303947,0.18645428778751316,0.16645924864463163,0.1464642095017501,0.12646917035886857
6366,0.022723898938375474,0.025780459658883387,0.031132518111866028,0.036484576564848666,0.0418366350178313,0.04718869347081395,0.05254075192379659,0.0770599598532782,0.10157916778275981,0.12609837571224142,0.15061758364172306,0.3411068640072945,0.3380503032867866,0.33269824483380395,0.3273461863808213,0.32199412792783866,0.316642069474856,0.31129001102187337,0.2867708030923918,0.2622515951629102,0.2377323872334286,0.21321317930394695
6367,0.05954035988303085,0.0675490526604855,0.08157232777140645,0.0955956028823274,0.10961887799324835,0.12364215310416929,0.13766542821509023,0.20190979350324906,0.2661541587914079,0.33039852407956677,0.3946428893677256,0.5323949645104806,0.524386271733026,0.510362996622105,0.4963397215111841,0.48231644640026317,0.4682931712893422,0.4542698961784213,0.3900255308902625,0.32578116560210363,0.2615368003139448,0.19729243502578592
6368,0.09422208070711786,0.10689576455313886,0.129087470513181,0.15127917647322317,0.17347088243326533,0.1956625883933075,0.21785429435334966,0.31952042104539957,0.42118654773744957,0.5228526744294996,0.6245188011215496,0.7630054397344619,0.7503317558884409,0.7281400499283988,0.7059483439683566,0.6837566380083144,0.6615649320482723,0.6393732260882301,0.5377070993961802,0.4360409727041302,0.33437484601208023,0.23270871932003023
6369,0.11060462621291975,0.12548190395938727,0.1515321177130734,0.17758233146675953,0.2036325452204457,0.22968275897413182,0.255732972727818,0.37507595323620807,0.49441893374459817,0.6137619142529884,0.7331048947613785,1.04243040931092,1.0275531315644524,1.0015029178107662,0.9754527040570801,0.949402490303394,0.9233522765497079,0.8973020627960218,0.7779590822876317,0.6586161017792416,0.5392731212708513,0.41993014076246116
6370,0.14593538259187422,0.16556495229609972,0.19993646134515083,0.23430797039420195,0.2686794794432531,0.3030509884923042,0.3374224975413554,0.4948875522726021,0.6523526070038489,0.8098176617350957,0.9672827164663426,1.3368623237393928,1.3172327540351674,1.2828612449861163,1.2484897359370652,1.2141182268880142,1.1797467178389631,1.145375208789912,0.9879101540586653,0.8304450993274186,0.6729800445961718,0.5155149898649249
6371,0.17412844867806587,0.1975502293326846,0.2385619253527876,0.2795736213728906,0.3205853173929936,0.3615970134130966,0.40260870943319965,0.5904942325625675,0.7783797556919354,0.9662652788213034,1.1541508019506714,1.6963697765134498,1.6729479958588311,1.6319362998387281,1.590924603818625,1.549912907798522,1.508901211778419,1.467889515758316,1.2800039926289482,1.0921184694995802,0.9042329463702122,0.7163474232408442
6372,0.20258246617249245,0.22983155799628885,0.277544901707457,0.32525824541862514,0.3729715891297932,0.4206849328409614,0.46839827655212957,0.6869858360383282,0.9055733955245269,1.1241609550107257,1.3427485144969247,1.9211150761464808,1.8938659843226844,1.8461526406115163,1.7984392969003482,1.7507259531891801,1.7030126094780118,1.6552992657668437,1.4367117062806452,1.2181241467944464,0.9995365873082476,0.7809490278220486
6373,0.22682064156334378,0.25732997737244256,0.31075203030808307,0.3641740832437235,0.4175961361793641,0.4710181891150046,0.5244402420506451,0.769180921820084,1.013921601589523,1.2586622813589619,1.5034029611284008,2.0428941262432594,2.0123847904341607,1.9589627374985201,1.9055406845628797,1.852118631627239,1.7986965786915987,1.745274525755958,1.5005338459865192,1.2557931662170803,1.0110524864476413,0.7663118066782024
6374,0.28713168866453304,0.3257533813399477,0.3933802259058238,0.46100707047169975,0.5286339150375757,0.5962607596034519,0.6638876041693279,0.9737042248382178,1.2835208455071077,1.5933374661759976,1.9031540868448875,2.133676930271694,2.095055237596279,2.027428393030403,1.9598015484645268,1.8921747038986507,1.8245478593327746,1.7569210147668985,1.4471043940980086,1.1372877734291187,0.8274711527602288,0.5176545320913388
6375,0.3067951188581142,0.3480617127682659,0.42031979724889373,0.49257788172952155,0.5648359662101494,0.6370940506907772,0.709352135171405,1.040385701701159,1.3714192682309132,1.7024528347606676,2.0334864012904217,2.1612776545091203,2.120011060598969,2.047752976118341,1.975494891637713,1.9032368071570853,1.8309787226764576,1.7587206381958298,1.427687071666076,1.0966535051363218,0.7656199386065674,0.4345863720768133
6376,0.27598175878396375,0.31310368956544515,0.3781044409318533,0.44310519229826134,0.5081059436646694,0.5731066950310776,0.6381074463974856,0.9358932333664804,1.233679020335475,1.53146480730447,1.829250594273465,1.9097257114610804,1.872603780679599,1.8076030293131908,1.7426022779467827,1.6776015265803745,1.6126007752139664,1.5476000238475582,1.2498142368785634,0.9520284499095688,0.6542426629405738,0.35645687597157893
6377,0.2253108014307007,0.2556170506983482,0.3086834977291007,0.36174994475985317,0.4148163917906057,0.46788283882135817,0.5209492858521106,0.7640608400805081,1.0071723943089055,1.2502839485373032,1.4933955027657007,1.6192575536297766,1.588951304362129,1.5358848573313766,1.4828184103006241,1.4297519632698716,1.3766855162391192,1.3236190692083667,1.0805075149799692,0.8373959607515719,0.5942844065231742,0.3511728522947767
6378,0.181071206183045,0.20542684770103406,0.24807374039633354,0.290720633091633,0.3333675257869325,0.376014418482232,0.41866131117753147,0.6140381066158548,0.809414902054178,1.0047916974925013,1.200168492930825,1.489569188741577,1.4652135472235879,1.4225666545282885,1.379919761832989,1.3372728691376894,1.29462597644239,1.2519790837470905,1.0566022883087673,0.8612254928704441,0.6658486974321208,0.4704719019937972
6379,0.1371027565822645,0.15554426178254532,0.18783546186591396,0.22012666194928254,0.2524178620326512,0.2847090621160198,0.3170002621993884,0.464934866444111,0.6128694706888336,0.7608040749335562,0.9087386791782788,1.2544431595756709,1.23600165437539,1.2037104542920214,1.1714192542086528,1.1391280541252842,1.1068368540419156,1.074545653958547,0.9266110497138245,0.7786764454691019,0.6307418412243793,0.48280723697965666
6380,0.12288693681507708,0.1394162914452449,0.16835930297358676,0.19730231450192862,0.22624532603027048,0.25518833755861237,0.28413134908695425,0.4167270081222759,0.5493226671575976,0.6819183261929194,0.8145139852282411,0.965950353268064,0.9494209986378962,0.9204779871095543,0.8915349755812124,0.8625919640528705,0.8336489525245286,0.8047059409961868,0.6721102819608651,0.5395146229255434,0.40691896389022164,0.27432330485489986
6381,0.10407025709033581,0.11806860573895996,0.14257980870966933,0.16709101168037868,0.19160221465108804,0.2161134176217974,0.24062462059250678,0.3529169820306787,0.4652093434688507,0.5775017049070227,0.6897940663451948,0.756275578156249,0.7422772295076249,0.7177660265369155,0.6932548235662062,0.6687436205954969,0.6442324176247876,0.6197212146540781,0.5074288532159061,0.3951364917777342,0.2828441303395622,0.17055176890139007
6382,0.09174496304809825,0.10408545316899447,0.1256937346673304,0.14730201616566632,0.16891029766400223,0.19051857916233816,0.21212686066067407,0.3111201642112374,0.4101134677618008,0.5091067713123641,0.6081000748629275,0.6380177307790044,0.6256772406581081,0.6040689591597722,0.5824606776614363,0.5608523961631003,0.5392441146647644,0.5176358331664285,0.4186425296158651,0.3196492260653017,0.22065592251473837,0.12166261896417502
6383,0.0756798511426919,0.0858594449247251,0.10368398234795255,0.12150851977117999,0.13933305719440744,0.15715759461763487,0.17498213204086233,0.2566410943198301,0.33830005659879786,0.4199590188777657,0.5016179811567335,0.5589042903878931,0.54872469660586,0.5309001591826326,0.5130756217594051,0.4952510843361777,0.4774265469129503,0.45960200948972285,0.37794304721075506,0.2962840849317873,0.21462512265281947,0.13296616037385167
6384,0.031367184720614005,0.03558634204876214,0.04297411500909338,0.050361887969424625,0.057749660929755864,0.0651374338900871,0.07252520685041834,0.10637056615310214,0.14021592545578596,0.17406128475846977,0.20790664406115364,0.38513873965896495,0.3809195823308168,0.3735318093704856,0.36614403641015436,0.35875626344982314,0.3513684904894919,0.3439807175291607,0.3101353582264769,0.27628999892379313,0.24244463962110932,0.20859928031842545
6385,0.027541528392130105,0.031246101893993974,0.037732835101129916,0.04421956830826585,0.05070630151540179,0.057193034722537735,0.06367976792967367,0.09339722368731823,0.1231146794449628,0.15283213520260736,0.18254959096025195,0.2947264391013124,0.29102186559944854,0.2845351323923126,0.27804839918517665,0.2715616659780407,0.26507493277090477,0.25858819956376883,0.22887074380612427,0.1991532880484797,0.16943583229083514,0.13971837653319055
6386,0.021214760756460276,0.024068329353953997,0.029064947229369295,0.03406156510478459,0.03905818298019989,0.04405480085561519,0.049051418731030486,0.07194225852804301,0.09483309832505553,0.11772393812206808,0.1406147779190806,0.2196416620198345,0.2167880934223408,0.21179147554692548,0.20679485767151018,0.20179823979609487,0.19680162192067957,0.19180500404526427,0.16891416424825173,0.14602332445123922,0.12313248465422667,0.10024164485721414
6387,0.017379901386824617,0.01971764826949346,0.023811058840523276,0.02790446941155309,0.03199787998258291,0.03609129055361272,0.04018470112464254,0.058937707246218926,0.07769071336779533,0.09644371948937172,0.11519672561094813,0.1725522635160582,0.17021451663338938,0.16612110606235955,0.16202769549132973,0.1579342849202999,0.15384087434927007,0.14974746377824025,0.13099445765666387,0.11224145153508747,0.09348844541351108,0.07473543929193467
6388,0.018861538995962508,0.02139857893702769,0.025840952998510806,0.030283327059993915,0.03472570112147703,0.03916807518296014,0.04361044924444325,0.0639621502340575,0.08431385122367176,0.10466555221328604,0.1250172532029003,0.16219714722554288,0.1596601072844777,0.15521773322299456,0.15077535916151147,0.14633298510002835,0.14189061103854522,0.1374482369770621,0.11709653598744785,0.0967448349978336,0.07639313400821932,0.05604143301860505
6389,0.06031042844298219,0.06842270209442457,0.08262734801485494,0.09683199393528533,0.1110366398557157,0.1252412857761461,0.1394459316965765,0.20452120506052845,0.2695964784244804,0.33467175178843245,0.39974702515238447,0.4566317751531136,0.4485195015016712,0.43431485558124083,0.4201102096608105,0.4059055637403801,0.3917009178199497,0.3774962718995193,0.3124209985355673,0.24734572517161535,0.18227045180766333,0.1171951784437113
6390,0.30895518501738617,0.35051232648691727,0.4232791617051753,0.4960459969234333,0.5688128321416914,0.6415796673599494,0.7143465025782075,1.0477107919933368,1.3810750814084662,1.7144393708235957,2.0478036602387255,2.1024107163262697,2.0608535748567385,1.9880867396384805,1.9153199044202225,1.8425530692019643,1.7697862339837063,1.6970193987654483,1.363655109350319,1.0302908199351897,0.6969265305200603,0.3635622411049304
6391,1.1612949269476076,1.3174991271273024,1.5910137359992662,1.8645283448712298,2.1380429537431938,2.4115575626151577,2.685072171487121,3.9381155800368046,5.191158988586489,6.444202397136173,7.697245805685856,8.797592590406415,8.64138839022672,8.367873781354756,8.094359172482793,7.820844563610829,7.547329954738865,7.273815345866902,6.020771937317218,4.767728528767535,3.514685120217851,2.261641711668167
6392,2.8365400828547638,3.218079229059924,3.8861568494030205,4.554234469746118,5.222312090089215,5.890389710432311,6.558467330775408,9.61910918103339,12.679751031291374,15.74039288154936,18.801034731807345,21.40384848736475,21.02230934115959,20.354231720816493,19.686154100473395,19.018076480130297,18.3499988597872,17.6819212394441,14.621279389186117,11.560637538928134,8.499995688670149,5.439353838412163
6393,4.187241305649756,4.750461435119857,5.736663683482037,6.722865931844216,7.709068180206397,8.695270428568575,9.681472676930756,14.199528337297998,18.717583997665233,23.23563965803248,27.75369531839972,32.29130966000392,31.72808953053382,30.74188728217164,29.75568503380946,28.76948278544728,27.7832805370851,26.797078288722922,22.27902262835568,17.760966967988445,13.242911307621199,8.724855647253957
6394,4.1224380187469025,4.6769415462886,5.647880965838258,6.618820385387915,7.5897598049375725,8.56069922448723,9.53163864403689,13.979771212843394,18.427903781649896,22.876036350456406,27.324168919262913,32.91035711924829,32.35585359170659,31.384914172156932,30.413974752607274,29.443035333057615,28.472095913507957,27.501156493958298,23.053023925151795,18.60489135634529,14.15675878753878,9.708626218732274
6395,3.351595880008395,3.8024144805325077,4.591800893015079,5.381187305497649,6.170573717980221,6.959960130462791,7.7493465429453625,11.365736340329079,14.982126137712793,18.59851593509651,22.21490573248023,27.356769827551037,26.905951227026925,26.116564814544354,25.327178402061783,24.537791989579212,23.74840557709664,22.95901916461407,19.34262936723035,15.726239569846637,12.109849772462919,8.493459975079201
6396,2.9910124143164416,3.3933294236000933,4.097789222441407,4.80224902128272,5.506708820124034,6.211168618965348,6.915628417806662,10.142946736074473,13.370265054342282,16.597583372610092,19.82490169087791,24.2284335048095,23.82611649552585,23.121656696684536,22.417196897843223,21.71273709900191,21.008277300160596,20.303817501319283,17.076499183051475,13.849180864783666,10.621862546515855,7.394544228248039
6397,2.7047846416677372,3.0686015427890947,3.7056473923676854,4.342693241946275,4.979739091524866,5.6167849411034565,6.253830790682048,9.172307818474215,12.090784846266383,15.009261874058554,17.92773890185072,22.802692522038395,22.438875620917038,21.801829771338447,21.164783921759856,20.527738072181265,19.890692222602674,19.253646373024083,16.335169345231915,13.416692317439747,10.498215289647575,7.579738261855409
6398,2.20733046474823,2.5042354815337093,3.0241181699939683,3.544000858454227,4.063883546914486,4.583766235374744,5.103648923835004,7.485370246439614,9.867091569044224,12.248812891648836,14.630534214253444,19.724931122724897,19.428026105939416,18.908143417479156,18.388260729018896,17.868378040558635,17.348495352098375,16.828612663638115,14.446891341033504,12.065170018428894,9.683448695824282,7.3017273732196735
6399,1.677916042855984,1.903610246250039,2.298802319798513,2.693994393346985,3.0891864668954585,3.484378540443932,3.879570613992405,5.690050956937462,7.500531299882518,9.311011642827577,11.121491985772634,14.871256559632515,14.645562356238461,14.250370282689987,13.855178209141515,13.459986135593041,13.064794062044568,12.669601988496094,10.859121645551037,9.04864130260598,7.238160959660921,5.427680616715864
6400,1.1172675321315855,1.2675496673528908,1.5306947005095728,1.7938397336662546,2.0569847668229366,2.3201297999796187,2.583274833136301,3.7888124482913326,4.9943500634463645,6.199887678601396,7.405425293756428,10.033161309414842,9.882879174193537,9.619734141036854,9.356589107880172,9.09344407472349,8.830299041566807,8.567154008410125,7.361616393255093,6.156078778100062,4.95054116294503,3.745003547789998
6401,0.6682540838903488,0.7581400312657272,0.9155309318380566,1.0729218324103855,1.2303127329827148,1.3877036335550441,1.5450945341273732,2.2661442482220826,2.987193962316792,3.7082436764115014,4.429293390506211,6.0734388854665,5.983552938091121,5.826162037518792,5.668771136946463,5.5113802363741335,5.3539893358018045,5.196598435229475,4.475548721134766,3.7544990070400566,3.033449292945347,2.3123995788506377
6402,0.4397550001969972,0.4989058467966161,0.6024793784527985,0.7060529101089809,0.8096264417651632,0.9131999734213457,1.016773505077528,1.4912714914090162,1.9657694777405041,2.4402674640719924,2.9147654504034803,3.6846018562989733,3.625451009699354,3.5218774780431716,3.418303946386989,3.314730414730807,3.2111568830746244,3.1075833514184423,2.633085365086954,2.158587378755466,1.6840893924239777,1.2095914060924897
6403,0.286284866305672,0.32479265405806435,0.39222005033488544,0.4596474466117065,0.5270748428885276,0.5945022391653487,0.6619296354421698,0.9708325302776295,1.2797354251130895,1.5886383199485492,1.8975412147840094,2.22844041223525,2.1899326244828576,2.1225052282060366,2.0550778319292156,1.9876504356523945,1.9202230393755735,1.8527956430987524,1.5438927482632927,1.2349898534278327,0.926086958592373,0.6171840637569128
6404,0.1600000684787465,0.18152145994052682,0.21920556165659857,0.25688966337267033,0.2945737650887421,0.33225786680481384,0.3699419685208856,0.5425828942000834,0.7152238198792811,0.887864745558479,1.0605056712376768,1.3303544742870113,1.308833082825231,1.2711489811091592,1.2334648793930874,1.1957807776770155,1.1580966759609437,1.1204125742448718,0.947771648565674,0.7751307228864763,0.6024897972072784,0.4298488715280806
6405,0.0966650333943288,0.10966731548161278,0.1324343991801003,0.15520148287858784,0.17796856657707538,0.20073565027556292,0.2235027339740505,0.3278048196211218,0.432106905268193,0.5364089909152644,0.6407110765623357,0.8750441895076194,0.8620419074203355,0.8392748237218479,0.8165077400233604,0.7937406563248728,0.7709735726263852,0.7482064889278977,0.6439044032808263,0.5396023176337551,0.4353002319866837,0.3309981463396124
6406,0.060485888935644626,0.06862176353916513,0.08286773488598757,0.09711370623281,0.11135967757963244,0.1256056489264549,0.13985162027327736,0.2051162164429092,0.27038081261254104,0.33564540878217297,0.40091000495180484,0.6530761972950729,0.6449403226915524,0.63069435134473,0.6164483799979075,0.602202408651085,0.5879564373042625,0.57371046595744,0.5084458697878081,0.4431812736181763,0.37791667744854435,0.3126520812789125
6407,0.04326251605801909,0.04908169821561838,0.059271125452270715,0.06946055268892304,0.07964997992557539,0.08983940716222773,0.10002883439888008,0.1467093195416705,0.19338980468446088,0.24007028982725132,0.28675077497004176,0.499578441059629,0.4937592589020297,0.48356983166537737,0.47338040442872503,0.4631909771920727,0.45300154995542036,0.442812122718768,0.3961316375759776,0.3494511524331872,0.30277066729039676,0.2560901821476063
6408,0.031367184720614005,0.03558634204876214,0.04297411500909338,0.050361887969424625,0.057749660929755864,0.0651374338900871,0.07252520685041834,0.10637056615310214,0.14021592545578596,0.17406128475846977,0.20790664406115364,0.38513873965896495,0.3809195823308168,0.3735318093704856,0.36614403641015436,0.35875626344982314,0.3513684904894919,0.3439807175291607,0.3101353582264769,0.27628999892379313,0.24244463962110932,0.20859928031842545
6409,0.027541528392130105,0.031246101893993974,0.037732835101129916,0.04421956830826585,0.05070630151540179,0.057193034722537735,0.06367976792967367,0.09339722368731823,0.1231146794449628,0.15283213520260736,0.18254959096025195,0.2947264391013124,0.29102186559944854,0.2845351323923126,0.27804839918517665,0.2715616659780407,0.26507493277090477,0.25858819956376883,0.22887074380612427,0.1991532880484797,0.16943583229083514,0.13971837653319055
6410,0.021214760756460276,0.024068329353953997,0.029064947229369295,0.03406156510478459,0.03905818298019989,0.04405480085561519,0.049051418731030486,0.07194225852804301,0.09483309832505553,0.11772393812206808,0.1406147779190806,0.2196416620198345,0.2167880934223408,0.21179147554692548,0.20679485767151018,0.20179823979609487,0.19680162192067957,0.19180500404526427,0.16891416424825173,0.14602332445123922,0.12313248465422667,0.10024164485721414
6411,0.017379901386824617,0.01971764826949346,0.023811058840523276,0.02790446941155309,0.03199787998258291,0.03609129055361272,0.04018470112464254,0.058937707246218926,0.07769071336779533,0.09644371948937172,0.11519672561094813,0.1725522635160582,0.17021451663338938,0.16612110606235955,0.16202769549132973,0.1579342849202999,0.15384087434927007,0.14974746377824025,0.13099445765666387,0.11224145153508747,0.09348844541351108,0.07473543929193467
6412,0.018861538995962508,0.02139857893702769,0.025840952998510806,0.030283327059993915,0.03472570112147703,0.03916807518296014,0.04361044924444325,0.0639621502340575,0.08431385122367176,0.10466555221328604,0.1250172532029003,0.16219714722554288,0.1596601072844777,0.15521773322299456,0.15077535916151147,0.14633298510002835,0.14189061103854522,0.1374482369770621,0.11709653598744785,0.0967448349978336,0.07639313400821932,0.05604143301860505
6413,0.06031042844298219,0.06842270209442457,0.08262734801485494,0.09683199393528533,0.1110366398557157,0.1252412857761461,0.1394459316965765,0.20452120506052845,0.2695964784244804,0.33467175178843245,0.39974702515238447,0.4566317751531136,0.4485195015016712,0.43431485558124083,0.4201102096608105,0.4059055637403801,0.3917009178199497,0.3774962718995193,0.3124209985355673,0.24734572517161535,0.18227045180766333,0.1171951784437113
6414,0.30895518501738617,0.35051232648691727,0.4232791617051753,0.4960459969234333,0.5688128321416914,0.6415796673599494,0.7143465025782075,1.0477107919933368,1.3810750814084662,1.7144393708235957,2.0478036602387255,2.1024107163262697,2.0608535748567385,1.9880867396384805,1.9153199044202225,1.8425530692019643,1.7697862339837063,1.6970193987654483,1.363655109350319,1.0302908199351897,0.6969265305200603,0.3635622411049304
6415,1.1612949269476076,1.3174991271273024,1.5910137359992662,1.8645283448712298,2.1380429537431938,2.4115575626151577,2.685072171487121,3.9381155800368046,5.191158988586489,6.444202397136173,7.697245805685856,8.797592590406415,8.64138839022672,8.367873781354756,8.094359172482793,7.820844563610829,7.547329954738865,7.273815345866902,6.020771937317218,4.767728528767535,3.514685120217851,2.261641711668167
6416,2.8365400828547638,3.218079229059924,3.8861568494030205,4.554234469746118,5.222312090089215,5.890389710432311,6.558467330775408,9.61910918103339,12.679751031291374,15.74039288154936,18.801034731807345,21.40384848736475,21.02230934115959,20.354231720816493,19.686154100473395,19.018076480130297,18.3499988597872,17.6819212394441,14.621279389186117,11.560637538928134,8.499995688670149,5.439353838412163
6417,4.187241305649756,4.750461435119857,5.736663683482037,6.722865931844216,7.709068180206397,8.695270428568575,9.681472676930756,14.199528337297998,18.717583997665233,23.23563965803248,27.75369531839972,32.29130966000392,31.72808953053382,30.74188728217164,29.75568503380946,28.76948278544728,27.7832805370851,26.797078288722922,22.27902262835568,17.760966967988445,13.242911307621199,8.724855647253957
6418,4.1224380187469025,4.6769415462886,5.647880965838258,6.618820385387915,7.5897598049375725,8.56069922448723,9.53163864403689,13.979771212843394,18.427903781649896,22.876036350456406,27.324168919262913,32.91035711924829,32.35585359170659,31.384914172156932,30.413974752607274,29.443035333057615,28.472095913507957,27.501156493958298,23.053023925151795,18.60489135634529,14.15675878753878,9.708626218732274
6419,3.351595880008395,3.8024144805325077,4.591800893015079,5.381187305497649,6.170573717980221,6.959960130462791,7.7493465429453625,11.365736340329079,14.982126137712793,18.59851593509651,22.21490573248023,27.356769827551037,26.905951227026925,26.116564814544354,25.327178402061783,24.537791989579212,23.74840557709664,22.95901916461407,19.34262936723035,15.726239569846637,12.109849772462919,8.493459975079201
6420,2.9910124143164416,3.3933294236000933,4.097789222441407,4.80224902128272,5.506708820124034,6.211168618965348,6.915628417806662,10.142946736074473,13.370265054342282,16.597583372610092,19.82490169087791,24.2284335048095,23.82611649552585,23.121656696684536,22.417196897843223,21.71273709900191,21.008277300160596,20.303817501319283,17.076499183051475,13.849180864783666,10.621862546515855,7.394544228248039
6421,2.7047846416677372,3.0686015427890947,3.7056473923676854,4.342693241946275,4.979739091524866,5.6167849411034565,6.253830790682048,9.172307818474215,12.090784846266383,15.009261874058554,17.92773890185072,22.802692522038395,22.438875620917038,21.801829771338447,21.164783921759856,20.527738072181265,19.890692222602674,19.253646373024083,16.335169345231915,13.416692317439747,10.498215289647575,7.579738261855409
6422,2.20733046474823,2.5042354815337093,3.0241181699939683,3.544000858454227,4.063883546914486,4.583766235374744,5.103648923835004,7.485370246439614,9.867091569044224,12.248812891648836,14.630534214253444,19.724931122724897,19.428026105939416,18.908143417479156,18.388260729018896,17.868378040558635,17.348495352098375,16.828612663638115,14.446891341033504,12.065170018428894,9.683448695824282,7.3017273732196735
6423,1.677916042855984,1.903610246250039,2.298802319798513,2.693994393346985,3.0891864668954585,3.484378540443932,3.879570613992405,5.690050956937462,7.500531299882518,9.311011642827577,11.121491985772634,14.871256559632515,14.645562356238461,14.250370282689987,13.855178209141515,13.459986135593041,13.064794062044568,12.669601988496094,10.859121645551037,9.04864130260598,7.238160959660921,5.427680616715864
6424,1.1172675321315855,1.2675496673528908,1.5306947005095728,1.7938397336662546,2.0569847668229366,2.3201297999796187,2.583274833136301,3.7888124482913326,4.9943500634463645,6.199887678601396,7.405425293756428,10.033161309414842,9.882879174193537,9.619734141036854,9.356589107880172,9.09344407472349,8.830299041566807,8.567154008410125,7.361616393255093,6.156078778100062,4.95054116294503,3.745003547789998
6425,0.6682540838903488,0.7581400312657272,0.9155309318380566,1.0729218324103855,1.2303127329827148,1.3877036335550441,1.5450945341273732,2.2661442482220826,2.987193962316792,3.7082436764115014,4.429293390506211,6.0734388854665,5.983552938091121,5.826162037518792,5.668771136946463,5.5113802363741335,5.3539893358018045,5.196598435229475,4.475548721134766,3.7544990070400566,3.033449292945347,2.3123995788506377
6426,0.4397550001969972,0.4989058467966161,0.6024793784527985,0.7060529101089809,0.8096264417651632,0.9131999734213457,1.016773505077528,1.4912714914090162,1.9657694777405041,2.4402674640719924,2.9147654504034803,3.6846018562989733,3.625451009699354,3.5218774780431716,3.418303946386989,3.314730414730807,3.2111568830746244,3.1075833514184423,2.633085365086954,2.158587378755466,1.6840893924239777,1.2095914060924897
6427,0.286284866305672,0.32479265405806435,0.39222005033488544,0.4596474466117065,0.5270748428885276,0.5945022391653487,0.6619296354421698,0.9708325302776295,1.2797354251130895,1.5886383199485492,1.8975412147840094,2.22844041223525,2.1899326244828576,2.1225052282060366,2.0550778319292156,1.9876504356523945,1.9202230393755735,1.8527956430987524,1.5438927482632927,1.2349898534278327,0.926086958592373,0.6171840637569128
6428,0.1600000684787465,0.18152145994052682,0.21920556165659857,0.25688966337267033,0.2945737650887421,0.33225786680481384,0.3699419685208856,0.5425828942000834,0.7152238198792811,0.887864745558479,1.0605056712376768,1.3303544742870113,1.308833082825231,1.2711489811091592,1.2334648793930874,1.1957807776770155,1.1580966759609437,1.1204125742448718,0.947771648565674,0.7751307228864763,0.6024897972072784,0.4298488715280806
6429,0.0966650333943288,0.10966731548161278,0.1324343991801003,0.15520148287858784,0.17796856657707538,0.20073565027556292,0.2235027339740505,0.3278048196211218,0.432106905268193,0.5364089909152644,0.6407110765623357,0.8750441895076194,0.8620419074203355,0.8392748237218479,0.8165077400233604,0.7937406563248728,0.7709735726263852,0.7482064889278977,0.6439044032808263,0.5396023176337551,0.4353002319866837,0.3309981463396124
6430,0.060485888935644626,0.06862176353916513,0.08286773488598757,0.09711370623281,0.11135967757963244,0.1256056489264549,0.13985162027327736,0.2051162164429092,0.27038081261254104,0.33564540878217297,0.40091000495180484,0.6530761972950729,0.6449403226915524,0.63069435134473,0.6164483799979075,0.602202408651085,0.5879564373042625,0.57371046595744,0.5084458697878081,0.4431812736181763,0.37791667744854435,0.3126520812789125
6431,0.04326251605801909,0.04908169821561838,0.059271125452270715,0.06946055268892304,0.07964997992557539,0.08983940716222773,0.10002883439888008,0.1467093195416705,0.19338980468446088,0.24007028982725132,0.28675077497004176,0.499578441059629,0.4937592589020297,0.48356983166537737,0.47338040442872503,0.4631909771920727,0.45300154995542036,0.442812122718768,0.3961316375759776,0.3494511524331872,0.30277066729039676,0.2560901821476063
6432,0.031367184720614005,0.03558634204876214,0.04297411500909338,0.050361887969424625,0.057749660929755864,0.0651374338900871,0.07252520685041834,0.10637056615310214,0.14021592545578596,0.17406128475846977,0.20790664406115364,0.38513873965896495,0.3809195823308168,0.3735318093704856,0.36614403641015436,0.35875626344982314,0.3513684904894919,0.3439807175291607,0.3101353582264769,0.27628999892379313,0.24244463962110932,0.20859928031842545
6433,0.027541528392130105,0.031246101893993974,0.037732835101129916,0.04421956830826585,0.05070630151540179,0.057193034722537735,0.06367976792967367,0.09339722368731823,0.1231146794449628,0.15283213520260736,0.18254959096025195,0.2947264391013124,0.29102186559944854,0.2845351323923126,0.27804839918517665,0.2715616659780407,0.26507493277090477,0.25858819956376883,0.22887074380612427,0.1991532880484797,0.16943583229083514,0.13971837653319055
6434,0.021214760756460276,0.024068329353953997,0.029064947229369295,0.03406156510478459,0.03905818298019989,0.04405480085561519,0.049051418731030486,0.07194225852804301,0.09483309832505553,0.11772393812206808,0.1406147779190806,0.2196416620198345,0.2167880934223408,0.21179147554692548,0.20679485767151018,0.20179823979609487,0.19680162192067957,0.19180500404526427,0.16891416424825173,0.14602332445123922,0.12313248465422667,0.10024164485721414
6435,0.017379901386824617,0.01971764826949346,0.023811058840523276,0.02790446941155309,0.03199787998258291,0.03609129055361272,0.04018470112464254,0.058937707246218926,0.07769071336779533,0.09644371948937172,0.11519672561094813,0.1725522635160582,0.17021451663338938,0.16612110606235955,0.16202769549132973,0.1579342849202999,0.15384087434927007,0.14974746377824025,0.13099445765666387,0.11224145153508747,0.09348844541351108,0.07473543929193467
6436,0.018861538995962508,0.02139857893702769,0.025840952998510806,0.030283327059993915,0.03472570112147703,0.03916807518296014,0.04361044924444325,0.0639621502340575,0.08431385122367176,0.10466555221328604,0.1250172532029003,0.16219714722554288,0.1596601072844777,0.15521773322299456,0.15077535916151147,0.14633298510002835,0.14189061103854522,0.1374482369770621,0.11709653598744785,0.0967448349978336,0.07639313400821932,0.05604143301860505
6437,0.06031042844298219,0.06842270209442457,0.08262734801485494,0.09683199393528533,0.1110366398557157,0.1252412857761461,0.1394459316965765,0.20452120506052845,0.2695964784244804,0.33467175178843245,0.39974702515238447,0.4566317751531136,0.4485195015016712,0.43431485558124083,0.4201102096608105,0.4059055637403801,0.3917009178199497,0.3774962718995193,0.3124209985355673,0.24734572517161535,0.18227045180766333,0.1171951784437113
6438,0.30895518501738617,0.35051232648691727,0.4232791617051753,0.4960459969234333,0.5688128321416914,0.6415796673599494,0.7143465025782075,1.0477107919933368,1.3810750814084662,1.7144393708235957,2.0478036602387255,2.1024107163262697,2.0608535748567385,1.9880867396384805,1.9153199044202225,1.8425530692019643,1.7697862339837063,1.6970193987654483,1.363655109350319,1.0302908199351897,0.6969265305200603,0.3635622411049304
6439,1.1612949269476076,1.3174991271273024,1.5910137359992662,1.8645283448712298,2.1380429537431938,2.4115575626151577,2.685072171487121,3.9381155800368046,5.191158988586489,6.444202397136173,7.697245805685856,8.797592590406415,8.64138839022672,8.367873781354756,8.094359172482793,7.820844563610829,7.547329954738865,7.273815345866902,6.020771937317218,4.767728528767535,3.514685120217851,2.261641711668167
6440,2.8365400828547638,3.218079229059924,3.8861568494030205,4.554234469746118,5.222312090089215,5.890389710432311,6.558467330775408,9.61910918103339,12.679751031291374,15.74039288154936,18.801034731807345,21.40384848736475,21.02230934115959,20.354231720816493,19.686154100473395,19.018076480130297,18.3499988597872,17.6819212394441,14.621279389186117,11.560637538928134,8.499995688670149,5.439353838412163
6441,4.187241305649756,4.750461435119857,5.736663683482037,6.722865931844216,7.709068180206397,8.695270428568575,9.681472676930756,14.199528337297998,18.717583997665233,23.23563965803248,27.75369531839972,32.29130966000392,31.72808953053382,30.74188728217164,29.75568503380946,28.76948278544728,27.7832805370851,26.797078288722922,22.27902262835568,17.760966967988445,13.242911307621199,8.724855647253957
6442,4.1224380187469025,4.6769415462886,5.647880965838258,6.618820385387915,7.5897598049375725,8.56069922448723,9.53163864403689,13.979771212843394,18.427903781649896,22.876036350456406,27.324168919262913,32.91035711924829,32.35585359170659,31.384914172156932,30.413974752607274,29.443035333057615,28.472095913507957,27.501156493958298,23.053023925151795,18.60489135634529,14.15675878753878,9.708626218732274
6443,3.351595880008395,3.8024144805325077,4.591800893015079,5.381187305497649,6.170573717980221,6.959960130462791,7.7493465429453625,11.365736340329079,14.982126137712793,18.59851593509651,22.21490573248023,27.356769827551037,26.905951227026925,26.116564814544354,25.327178402061783,24.537791989579212,23.74840557709664,22.95901916461407,19.34262936723035,15.726239569846637,12.109849772462919,8.493459975079201
6444,2.9910124143164416,3.3933294236000933,4.097789222441407,4.80224902128272,5.506708820124034,6.211168618965348,6.915628417806662,10.142946736074473,13.370265054342282,16.597583372610092,19.82490169087791,24.2284335048095,23.82611649552585,23.121656696684536,22.417196897843223,21.71273709900191,21.008277300160596,20.303817501319283,17.076499183051475,13.849180864783666,10.621862546515855,7.394544228248039
6445,2.7047846416677372,3.0686015427890947,3.7056473923676854,4.342693241946275,4.979739091524866,5.6167849411034565,6.253830790682048,9.172307818474215,12.090784846266383,15.009261874058554,17.92773890185072,22.802692522038395,22.438875620917038,21.801829771338447,21.164783921759856,20.527738072181265,19.890692222602674,19.253646373024083,16.335169345231915,13.416692317439747,10.498215289647575,7.579738261855409
6446,2.20733046474823,2.5042354815337093,3.0241181699939683,3.544000858454227,4.063883546914486,4.583766235374744,5.103648923835004,7.485370246439614,9.867091569044224,12.248812891648836,14.630534214253444,19.724931122724897,19.428026105939416,18.908143417479156,18.388260729018896,17.868378040558635,17.348495352098375,16.828612663638115,14.446891341033504,12.065170018428894,9.683448695824282,7.3017273732196735
6447,1.677916042855984,1.903610246250039,2.298802319798513,2.693994393346985,3.0891864668954585,3.484378540443932,3.879570613992405,5.690050956937462,7.500531299882518,9.311011642827577,11.121491985772634,14.871256559632515,14.645562356238461,14.250370282689987,13.855178209141515,13.459986135593041,13.064794062044568,12.669601988496094,10.859121645551037,9.04864130260598,7.238160959660921,5.427680616715864
6448,1.1172675321315855,1.2675496673528908,1.5306947005095728,1.7938397336662546,2.0569847668229366,2.3201297999796187,2.583274833136301,3.7888124482913326,4.9943500634463645,6.199887678601396,7.405425293756428,10.033161309414842,9.882879174193537,9.619734141036854,9.356589107880172,9.09344407472349,8.830299041566807,8.567154008410125,7.361616393255093,6.156078778100062,4.95054116294503,3.745003547789998
6449,0.6682540838903488,0.7581400312657272,0.9155309318380566,1.0729218324103855,1.2303127329827148,1.3877036335550441,1.5450945341273732,2.2661442482220826,2.987193962316792,3.7082436764115014,4.429293390506211,6.0734388854665,5.983552938091121,5.826162037518792,5.668771136946463,5.5113802363741335,5.3539893358018045,5.196598435229475,4.475548721134766,3.7544990070400566,3.033449292945347,2.3123995788506377
6450,0.4397550001969972,0.4989058467966161,0.6024793784527985,0.7060529101089809,0.8096264417651632,0.9131999734213457,1.016773505077528,1.4912714914090162,1.9657694777405041,2.4402674640719924,2.9147654504034803,3.6846018562989733,3.625451009699354,3.5218774780431716,3.418303946386989,3.314730414730807,3.2111568830746244,3.1075833514184423,2.633085365086954,2.158587378755466,1.6840893924239777,1.2095914060924897
6451,0.286284866305672,0.32479265405806435,0.39222005033488544,0.4596474466117065,0.5270748428885276,0.5945022391653487,0.6619296354421698,0.9708325302776295,1.2797354251130895,1.5886383199485492,1.8975412147840094,2.22844041223525,2.1899326244828576,2.1225052282060366,2.0550778319292156,1.9876504356523945,1.9202230393755735,1.8527956430987524,1.5438927482632927,1.2349898534278327,0.926086958592373,0.6171840637569128
6452,0.1600000684787465,0.18152145994052682,0.21920556165659857,0.25688966337267033,0.2945737650887421,0.33225786680481384,0.3699419685208856,0.5425828942000834,0.7152238198792811,0.887864745558479,1.0605056712376768,1.3303544742870113,1.308833082825231,1.2711489811091592,1.2334648793930874,1.1957807776770155,1.1580966759609437,1.1204125742448718,0.947771648565674,0.7751307228864763,0.6024897972072784,0.4298488715280806
6453,0.0966650333943288,0.10966731548161278,0.1324343991801003,0.15520148287858784,0.17796856657707538,0.20073565027556292,0.2235027339740505,0.3278048196211218,0.432106905268193,0.5364089909152644,0.6407110765623357,0.8750441895076194,0.8620419074203355,0.8392748237218479,0.8165077400233604,0.7937406563248728,0.7709735726263852,0.7482064889278977,0.6439044032808263,0.5396023176337551,0.4353002319866837,0.3309981463396124
6454,0.060485888935644626,0.06862176353916513,0.08286773488598757,0.09711370623281,0.11135967757963244,0.1256056489264549,0.13985162027327736,0.2051162164429092,0.27038081261254104,0.33564540878217297,0.40091000495180484,0.6530761972950729,0.6449403226915524,0.63069435134473,0.6164483799979075,0.602202408651085,0.5879564373042625,0.57371046595744,0.5084458697878081,0.4431812736181763,0.37791667744854435,0.3126520812789125
6455,0.04326251605801909,0.04908169821561838,0.059271125452270715,0.06946055268892304,0.07964997992557539,0.08983940716222773,0.10002883439888008,0.1467093195416705,0.19338980468446088,0.24007028982725132,0.28675077497004176,0.499578441059629,0.4937592589020297,0.48356983166537737,0.47338040442872503,0.4631909771920727,0.45300154995542036,0.442812122718768,0.3961316375759776,0.3494511524331872,0.30277066729039676,0.2560901821476063
6456,0.031367184720614005,0.03558634204876214,0.04297411500909338,0.050361887969424625,0.057749660929755864,0.0651374338900871,0.07252520685041834,0.10637056615310214,0.14021592545578596,0.17406128475846977,0.20790664406115364,0.38513873965896495,0.3809195823308168,0.3735318093704856,0.36614403641015436,0.35875626344982314,0.3513684904894919,0.3439807175291607,0.3101353582264769,0.27628999892379313,0.24244463962110932,0.20859928031842545
6457,0.027541528392130105,0.031246101893993974,0.037732835101129916,0.04421956830826585,0.05070630151540179,0.057193034722537735,0.06367976792967367,0.09339722368731823,0.1231146794449628,0.15283213520260736,0.18254959096025195,0.2947264391013124,0.29102186559944854,0.2845351323923126,0.27804839918517665,0.2715616659780407,0.26507493277090477,0.25858819956376883,0.22887074380612427,0.1991532880484797,0.16943583229083514,0.13971837653319055
6458,0.021214760756460276,0.024068329353953997,0.029064947229369295,0.03406156510478459,0.03905818298019989,0.04405480085561519,0.049051418731030486,0.07194225852804301,0.09483309832505553,0.11772393812206808,0.1406147779190806,0.2196416620198345,0.2167880934223408,0.21179147554692548,0.20679485767151018,0.20179823979609487,0.19680162192067957,0.19180500404526427,0.16891416424825173,0.14602332445123922,0.12313248465422667,0.10024164485721414
6459,0.017379901386824617,0.01971764826949346,0.023811058840523276,0.02790446941155309,0.03199787998258291,0.03609129055361272,0.04018470112464254,0.058937707246218926,0.07769071336779533,0.09644371948937172,0.11519672561094813,0.1725522635160582,0.17021451663338938,0.16612110606235955,0.16202769549132973,0.1579342849202999,0.15384087434927007,0.14974746377824025,0.13099445765666387,0.11224145153508747,0.09348844541351108,0.07473543929193467
6460,0.018861538995962508,0.02139857893702769,0.025840952998510806,0.030283327059993915,0.03472570112147703,0.03916807518296014,0.04361044924444325,0.0639621502340575,0.08431385122367176,0.10466555221328604,0.1250172532029003,0.16219714722554288,0.1596601072844777,0.15521773322299456,0.15077535916151147,0.14633298510002835,0.14189061103854522,0.1374482369770621,0.11709653598744785,0.0967448349978336,0.07639313400821932,0.05604143301860505
6461,0.06031042844298219,0.06842270209442457,0.08262734801485494,0.09683199393528533,0.1110366398557157,0.1252412857761461,0.1394459316965765,0.20452120506052845,0.2695964784244804,0.33467175178843245,0.39974702515238447,0.4566317751531136,0.4485195015016712,0.43431485558124083,0.4201102096608105,0.4059055637403801,0.3917009178199497,0.3774962718995193,0.3124209985355673,0.24734572517161535,0.18227045180766333,0.1171951784437113
6462,0.30895518501738617,0.35051232648691727,0.4232791617051753,0.4960459969234333,0.5688128321416914,0.6415796673599494,0.7143465025782075,1.0477107919933368,1.3810750814084662,1.7144393708235957,2.0478036602387255,2.1024107163262697,2.0608535748567385,1.9880867396384805,1.9153199044202225,1.8425530692019643,1.7697862339837063,1.6970193987654483,1.363655109350319,1.0302908199351897,0.6969265305200603,0.3635622411049304
6463,1.1612949269476076,1.3174991271273024,1.5910137359992662,1.8645283448712298,2.1380429537431938,2.4115575626151577,2.685072171487121,3.9381155800368046,5.191158988586489,6.444202397136173,7.697245805685856,8.797592590406415,8.64138839022672,8.367873781354756,8.094359172482793,7.820844563610829,7.547329954738865,7.273815345866902,6.020771937317218,4.767728528767535,3.514685120217851,2.261641711668167
6464,2.8365400828547638,3.218079229059924,3.8861568494030205,4.554234469746118,5.222312090089215,5.890389710432311,6.558467330775408,9.61910918103339,12.679751031291374,15.74039288154936,18.801034731807345,21.40384848736475,21.02230934115959,20.354231720816493,19.686154100473395,19.018076480130297,18.3499988597872,17.6819212394441,14.621279389186117,11.560637538928134,8.499995688670149,5.439353838412163
6465,4.187241305649756,4.750461435119857,5.736663683482037,6.722865931844216,7.709068180206397,8.695270428568575,9.681472676930756,14.199528337297998,18.717583997665233,23.23563965803248,27.75369531839972,32.29130966000392,31.72808953053382,30.74188728217164,29.75568503380946,28.76948278544728,27.7832805370851,26.797078288722922,22.27902262835568,17.760966967988445,13.242911307621199,8.724855647253957
6466,4.1224380187469025,4.6769415462886,5.647880965838258,6.618820385387915,7.5897598049375725,8.56069922448723,9.53163864403689,13.979771212843394,18.427903781649896,22.876036350456406,27.324168919262913,32.91035711924829,32.35585359170659,31.384914172156932,30.413974752607274,29.443035333057615,28.472095913507957,27.501156493958298,23.053023925151795,18.60489135634529,14.15675878753878,9.708626218732274
6467,3.351595880008395,3.8024144805325077,4.591800893015079,5.381187305497649,6.170573717980221,6.959960130462791,7.7493465429453625,11.365736340329079,14.982126137712793,18.59851593509651,22.21490573248023,27.356769827551037,26.905951227026925,26.116564814544354,25.327178402061783,24.537791989579212,23.74840557709664,22.95901916461407,19.34262936723035,15.726239569846637,12.109849772462919,8.493459975079201
6468,2.9910124143164416,3.3933294236000933,4.097789222441407,4.80224902128272,5.506708820124034,6.211168618965348,6.915628417806662,10.142946736074473,13.370265054342282,16.597583372610092,19.82490169087791,24.2284335048095,23.82611649552585,23.121656696684536,22.417196897843223,21.71273709900191,21.008277300160596,20.303817501319283,17.076499183051475,13.849180864783666,10.621862546515855,7.394544228248039
6469,2.7047846416677372,3.0686015427890947,3.7056473923676854,4.342693241946275,4.979739091524866,5.6167849411034565,6.253830790682048,9.172307818474215,12.090784846266383,15.009261874058554,17.92773890185072,22.802692522038395,22.438875620917038,21.801829771338447,21.164783921759856,20.527738072181265,19.890692222602674,19.253646373024083,16.335169345231915,13.416692317439747,10.498215289647575,7.579738261855409
6470,2.20733046474823,2.5042354815337093,3.0241181699939683,3.544000858454227,4.063883546914486,4.583766235374744,5.103648923835004,7.485370246439614,9.867091569044224,12.248812891648836,14.630534214253444,19.724931122724897,19.428026105939416,18.908143417479156,18.388260729018896,17.868378040558635,17.348495352098375,16.828612663638115,14.446891341033504,12.065170018428894,9.683448695824282,7.3017273732196735
6471,1.677916042855984,1.903610246250039,2.298802319798513,2.693994393346985,3.0891864668954585,3.484378540443932,3.879570613992405,5.690050956937462,7.500531299882518,9.311011642827577,11.121491985772634,14.871256559632515,14.645562356238461,14.250370282689987,13.855178209141515,13.459986135593041,13.064794062044568,12.669601988496094,10.859121645551037,9.04864130260598,7.238160959660921,5.427680616715864
6472,1.1172675321315855,1.2675496673528908,1.5306947005095728,1.7938397336662546,2.0569847668229366,2.3201297999796187,2.583274833136301,3.7888124482913326,4.9943500634463645,6.199887678601396,7.405425293756428,10.033161309414842,9.882879174193537,9.619734141036854,9.356589107880172,9.09344407472349,8.830299041566807,8.567154008410125,7.361616393255093,6.156078778100062,4.95054116294503,3.745003547789998
6473,0.6682540838903488,0.7581400312657272,0.9155309318380566,1.0729218324103855,1.2303127329827148,1.3877036335550441,1.5450945341273732,2.2661442482220826,2.987193962316792,3.7082436764115014,4.429293390506211,6.0734388854665,5.983552938091121,5.826162037518792,5.668771136946463,5.5113802363741335,5.3539893358018045,5.196598435229475,4.475548721134766,3.7544990070400566,3.033449292945347,2.3123995788506377
6474,0.4397550001969972,0.4989058467966161,0.6024793784527985,0.7060529101089809,0.8096264417651632,0.9131999734213457,1.016773505077528,1.4912714914090162,1.9657694777405041,2.4402674640719924,2.9147654504034803,3.6846018562989733,3.625451009699354,3.5218774780431716,3.418303946386989,3.314730414730807,3.2111568830746244,3.1075833514184423,2.633085365086954,2.158587378755466,1.6840893924239777,1.2095914060924897
6475,0.286284866305672,0.32479265405806435,0.39222005033488544,0.4596474466117065,0.5270748428885276,0.5945022391653487,0.6619296354421698,0.9708325302776295,1.2797354251130895,1.5886383199485492,1.8975412147840094,2.22844041223525,2.1899326244828576,2.1225052282060366,2.0550778319292156,1.9876504356523945,1.9202230393755735,1.8527956430987524,1.5438927482632927,1.2349898534278327,0.926086958592373,0.6171840637569128
6476,0.1600000684787465,0.18152145994052682,0.21920556165659857,0.25688966337267033,0.2945737650887421,0.33225786680481384,0.3699419685208856,0.5425828942000834,0.7152238198792811,0.887864745558479,1.0605056712376768,1.3303544742870113,1.308833082825231,1.2711489811091592,1.2334648793930874,1.1957807776770155,1.1580966759609437,1.1204125742448718,0.947771648565674,0.7751307228864763,0.6024897972072784,0.4298488715280806
6477,0.0966650333943288,0.10966731548161278,0.1324343991801003,0.15520148287858784,0.17796856657707538,0.20073565027556292,0.2235027339740505,0.3278048196211218,0.432106905268193,0.5364089909152644,0.6407110765623357,0.8750441895076194,0.8620419074203355,0.8392748237218479,0.8165077400233604,0.7937406563248728,0.7709735726263852,0.7482064889278977,0.6439044032808263,0.5396023176337551,0.4353002319866837,0.3309981463396124
6478,0.060485888935644626,0.06862176353916513,0.08286773488598757,0.09711370623281,0.11135967757963244,0.1256056489264549,0.13985162027327736,0.2051162164429092,0.27038081261254104,0.33564540878217297,0.40091000495180484,0.6530761972950729,0.6449403226915524,0.63069435134473,0.6164483799979075,0.602202408651085,0.5879564373042625,0.57371046595744,0.5084458697878081,0.4431812736181763,0.37791667744854435,0.3126520812789125
6479,0.04326251605801909,0.04908169821561838,0.059271125452270715,0.06946055268892304,0.07964997992557539,0.08983940716222773,0.10002883439888008,0.1467093195416705,0.19338980468446088,0.24007028982725132,0.28675077497004176,0.499578441059629,0.4937592589020297,0.48356983166537737,0.47338040442872503,0.4631909771920727,0.45300154995542036,0.442812122718768,0.3961316375759776,0.3494511524331872,0.30277066729039676,0.2560901821476063
6480,0.031367184720614005,0.03558634204876214,0.04297411500909338,0.050361887969424625,0.057749660929755864,0.0651374338900871,0.07252520685041834,0.10637056615310214,0.14021592545578596,0.17406128475846977,0.20790664406115364,0.38513873965896495,0.3809195823308168,0.3735318093704856,0.36614403641015436,0.35875626344982314,0.3513684904894919,0.3439807175291607,0.3101353582264769,0.27628999892379313,0.24244463962110932,0.20859928031842545
6481,0.027541528392130105,0.031246101893993974,0.037732835101129916,0.04421956830826585,0.05070630151540179,0.057193034722537735,0.06367976792967367,0.09339722368731823,0.1231146794449628,0.15283213520260736,0.18254959096025195,0.2947264391013124,0.29102186559944854,0.2845351323923126,0.27804839918517665,0.2715616659780407,0.26507493277090477,0.25858819956376883,0.22887074380612427,0.1991532880484797,0.16943583229083514,0.13971837653319055
6482,0.021214760756460276,0.024068329353953997,0.029064947229369295,0.03406156510478459,0.03905818298019989,0.04405480085561519,0.049051418731030486,0.07194225852804301,0.09483309832505553,0.11772393812206808,0.1406147779190806,0.2196416620198345,0.2167880934223408,0.21179147554692548,0.20679485767151018,0.20179823979609487,0.19680162192067957,0.19180500404526427,0.16891416424825173,0.14602332445123922,0.12313248465422667,0.10024164485721414
6483,0.017379901386824617,0.01971764826949346,0.023811058840523276,0.02790446941155309,0.03199787998258291,0.03609129055361272,0.04018470112464254,0.058937707246218926,0.07769071336779533,0.09644371948937172,0.11519672561094813,0.1725522635160582,0.17021451663338938,0.16612110606235955,0.16202769549132973,0.1579342849202999,0.15384087434927007,0.14974746377824025,0.13099445765666387,0.11224145153508747,0.09348844541351108,0.07473543929193467
6484,0.018861538995962508,0.02139857893702769,0.025840952998510806,0.030283327059993915,0.03472570112147703,0.03916807518296014,0.04361044924444325,0.0639621502340575,0.08431385122367176,0.10466555221328604,0.1250172532029003,0.16219714722554288,0.1596601072844777,0.15521773322299456,0.15077535916151147,0.14633298510002835,0.14189061103854522,0.1374482369770621,0.11709653598744785,0.0967448349978336,0.07639313400821932,0.05604143301860505
6485,0.06031042844298219,0.06842270209442457,0.08262734801485494,0.09683199393528533,0.1110366398557157,0.1252412857761461,0.1394459316965765,0.20452120506052845,0.2695964784244804,0.33467175178843245,0.39974702515238447,0.4566317751531136,0.4485195015016712,0.43431485558124083,0.4201102096608105,0.4059055637403801,0.3917009178199497,0.3774962718995193,0.3124209985355673,0.24734572517161535,0.18227045180766333,0.1171951784437113
6486,0.30895518501738617,0.35051232648691727,0.4232791617051753,0.4960459969234333,0.5688128321416914,0.6415796673599494,0.7143465025782075,1.0477107919933368,1.3810750814084662,1.7144393708235957,2.0478036602387255,2.1024107163262697,2.0608535748567385,1.9880867396384805,1.9153199044202225,1.8425530692019643,1.7697862339837063,1.6970193987654483,1.363655109350319,1.0302908199351897,0.6969265305200603,0.3635622411049304
6487,1.1612949269476076,1.3174991271273024,1.5910137359992662,1.8645283448712298,2.1380429537431938,2.4115575626151577,2.685072171487121,3.9381155800368046,5.191158988586489,6.444202397136173,7.697245805685856,8.797592590406415,8.64138839022672,8.367873781354756,8.094359172482793,7.820844563610829,7.547329954738865,7.273815345866902,6.020771937317218,4.767728528767535,3.514685120217851,2.261641711668167
6488,2.8365400828547638,3.218079229059924,3.8861568494030205,4.554234469746118,5.222312090089215,5.890389710432311,6.558467330775408,9.61910918103339,12.679751031291374,15.74039288154936,18.801034731807345,21.40384848736475,21.02230934115959,20.354231720816493,19.686154100473395,19.018076480130297,18.3499988597872,17.6819212394441,14.621279389186117,11.560637538928134,8.499995688670149,5.439353838412163
6489,4.187241305649756,4.750461435119857,5.736663683482037,6.722865931844216,7.709068180206397,8.695270428568575,9.681472676930756,14.199528337297998,18.717583997665233,23.23563965803248,27.75369531839972,32.29130966000392,31.72808953053382,30.74188728217164,29.75568503380946,28.76948278544728,27.7832805370851,26.797078288722922,22.27902262835568,17.760966967988445,13.242911307621199,8.724855647253957
6490,4.1224380187469025,4.6769415462886,5.647880965838258,6.618820385387915,7.5897598049375725,8.56069922448723,9.53163864403689,13.979771212843394,18.427903781649896,22.876036350456406,27.324168919262913,32.91035711924829,32.35585359170659,31.384914172156932,30.413974752607274,29.443035333057615,28.472095913507957,27.501156493958298,23.053023925151795,18.60489135634529,14.15675878753878,9.708626218732274
6491,3.351595880008395,3.8024144805325077,4.591800893015079,5.381187305497649,6.170573717980221,6.959960130462791,7.7493465429453625,11.365736340329079,14.982126137712793,18.59851593509651,22.21490573248023,27.356769827551037,26.905951227026925,26.116564814544354,25.327178402061783,24.537791989579212,23.74840557709664,22.95901916461407,19.34262936723035,15.726239569846637,12.109849772462919,8.493459975079201
6492,2.9910124143164416,3.3933294236000933,4.097789222441407,4.80224902128272,5.506708820124034,6.211168618965348,6.915628417806662,10.142946736074473,13.370265054342282,16.597583372610092,19.82490169087791,24.2284335048095,23.82611649552585,23.121656696684536,22.417196897843223,21.71273709900191,21.008277300160596,20.303817501319283,17.076499183051475,13.849180864783666,10.621862546515855,7.394544228248039
6493,2.7047846416677372,3.0686015427890947,3.7056473923676854,4.342693241946275,4.979739091524866,5.6167849411034565,6.253830790682048,9.172307818474215,12.090784846266383,15.009261874058554,17.92773890185072,22.802692522038395,22.438875620917038,21.801829771338447,21.164783921759856,20.527738072181265,19.890692222602674,19.253646373024083,16.335169345231915,13.416692317439747,10.498215289647575,7.579738261855409
6494,2.20733046474823,2.5042354815337093,3.0241181699939683,3.544000858454227,4.063883546914486,4.583766235374744,5.103648923835004,7.485370246439614,9.867091569044224,12.248812891648836,14.630534214253444,19.724931122724897,19.428026105939416,18.908143417479156,18.388260729018896,17.868378040558635,17.348495352098375,16.828612663638115,14.446891341033504,12.065170018428894,9.683448695824282,7.3017273732196735
6495,1.677916042855984,1.903610246250039,2.298802319798513,2.693994393346985,3.0891864668954585,3.484378540443932,3.879570613992405,5.690050956937462,7.500531299882518,9.311011642827577,11.121491985772634,14.871256559632515,14.645562356238461,14.250370282689987,13.855178209141515,13.459986135593041,13.064794062044568,12.669601988496094,10.859121645551037,9.04864130260598,7.238160959660921,5.427680616715864
6496,1.1172675321315855,1.2675496673528908,1.5306947005095728,1.7938397336662546,2.0569847668229366,2.3201297999796187,2.583274833136301,3.7888124482913326,4.9943500634463645,6.199887678601396,7.405425293756428,10.033161309414842,9.882879174193537,9.619734141036854,9.356589107880172,9.09344407472349,8.830299041566807,8.567154008410125,7.361616393255093,6.156078778100062,4.95054116294503,3.745003547789998
6497,0.6682540838903488,0.7581400312657272,0.9155309318380566,1.0729218324103855,1.2303127329827148,1.3877036335550441,1.5450945341273732,2.2661442482220826,2.987193962316792,3.7082436764115014,4.429293390506211,6.0734388854665,5.983552938091121,5.826162037518792,5.668771136946463,5.5113802363741335,5.3539893358018045,5.196598435229475,4.475548721134766,3.7544990070400566,3.033449292945347,2.3123995788506377
6498,0.4397550001969972,0.4989058467966161,0.6024793784527985,0.7060529101089809,0.8096264417651632,0.9131999734213457,1.016773505077528,1.4912714914090162,1.9657694777405041,2.4402674640719924,2.9147654504034803,3.6846018562989733,3.625451009699354,3.5218774780431716,3.418303946386989,3.314730414730807,3.2111568830746244,3.1075833514184423,2.633085365086954,2.158587378755466,1.6840893924239777,1.2095914060924897
6499,0.286284866305672,0.32479265405806435,0.39222005033488544,0.4596474466117065,0.5270748428885276,0.5945022391653487,0.6619296354421698,0.9708325302776295,1.2797354251130895,1.5886383199485492,1.8975412147840094,2.22844041223525,2.1899326244828576,2.1225052282060366,2.0550778319292156,1.9876504356523945,1.9202230393755735,1.8527956430987524,1.5438927482632927,1.2349898534278327,0.926086958592373,0.6171840637569128
6500,0.1600000684787465,0.18152145994052682,0.21920556165659857,0.25688966337267033,0.2945737650887421,0.33225786680481384,0.3699419685208856,0.5425828942000834,0.7152238198792811,0.887864745558479,1.0605056712376768,1.3303544742870113,1.308833082825231,1.2711489811091592,1.2334648793930874,1.1957807776770155,1.1580966759609437,1.1204125742448718,0.947771648565674,0.7751307228864763,0.6024897972072784,0.4298488715280806
6501,0.0966650333943288,0.10966731548161278,0.1324343991801003,0.15520148287858784,0.17796856657707538,0.20073565027556292,0.2235027339740505,0.3278048196211218,0.432106905268193,0.5364089909152644,0.6407110765623357,0.8750441895076194,0.8620419074203355,0.8392748237218479,0.8165077400233604,0.7937406563248728,0.7709735726263852,0.7482064889278977,0.6439044032808263,0.5396023176337551,0.4353002319866837,0.3309981463396124
6502,0.060485888935644626,0.06862176353916513,0.08286773488598757,0.09711370623281,0.11135967757963244,0.1256056489264549,0.13985162027327736,0.2051162164429092,0.27038081261254104,0.33564540878217297,0.40091000495180484,0.6530761972950729,0.6449403226915524,0.63069435134473,0.6164483799979075,0.602202408651085,0.5879564373042625,0.57371046595744,0.5084458697878081,0.4431812736181763,0.37791667744854435,0.3126520812789125
6503,0.04326251605801909,0.04908169821561838,0.059271125452270715,0.06946055268892304,0.07964997992557539,0.08983940716222773,0.10002883439888008,0.1467093195416705,0.19338980468446088,0.24007028982725132,0.28675077497004176,0.499578441059629,0.4937592589020297,0.48356983166537737,0.47338040442872503,0.4631909771920727,0.45300154995542036,0.442812122718768,0.3961316375759776,0.3494511524331872,0.30277066729039676,0.2560901821476063
6504,0.06656898268586907,0.07552308595105217,0.09120178120737912,0.10688047646370606,0.12255917172003303,0.13823786697635998,0.1539165622326869,0.2257448489433112,0.29757313565393556,0.36940142236455986,0.44122970907518416,0.4271966781704077,0.4182425749052246,0.4025638796488976,0.3868851843925707,0.3712064891362437,0.35552779387991673,0.3398490986235898,0.2680208119129655,0.19619252520234115,0.12436423849171685,0.05253595178109255
6505,0.056639086305014866,0.06425753272192815,0.07759748382143074,0.09093743492093335,0.10427738602043597,0.11761733711993858,0.1309572882194412,0.19207116387144205,0.25318503952344296,0.31429891517544384,0.3754127908274448,0.3168441383691494,0.3092256919522361,0.2958857408527335,0.28254578975323086,0.26920583865372827,0.2558658875542257,0.24252593645472306,0.1814120608027222,0.1202981851507213,0.05918430949872042,-0.0019295661532805208
6506,0.03392680220936796,0.038490250202461725,0.046480878441028384,0.05447150667959503,0.06246213491816169,0.07045276315672834,0.07844339139529499,0.1150505915949522,0.15165779179460942,0.18826499199426663,0.22487219219392388,0.22601923126692836,0.22145578327383458,0.21346515503526792,0.20547452679670128,0.1974838985581346,0.18949327031956797,0.1815026420810013,0.1448954418813441,0.10828824168168688,0.07168104148202967,0.035073841282372425
6507,0.0236676925723058,0.026851201690074235,0.03242554764354464,0.03799989359701504,0.043574239550485436,0.049148585503955844,0.05472293145742625,0.08026049774238261,0.10579806402733898,0.13133563031229536,0.15687319659725174,0.20284547879051973,0.1996619696727513,0.1940876237192809,0.1885132777658105,0.1829389318123401,0.17736458585886972,0.17179023990539932,0.14625267362044297,0.12071510733548661,0.09517754105053022,0.06963997476557385
6508,0.02469635730095266,0.028018230711428102,0.03383485347536883,0.03965147623930954,0.04546809900325027,0.051284721767191,0.05710134453113172,0.08374884553458932,0.11039634653804692,0.1370438475415045,0.16369134854496212,0.2086410790622131,0.20531920565173767,0.19950258288779693,0.19368596012385622,0.18786933735991548,0.18205271459597477,0.17623609183203404,0.14958859082857645,0.12294108982511885,0.09629358882166127,0.06964608781820365
6509,0.018530992112733714,0.02102357064238779,0.025388092472381524,0.02975261430237525,0.03411713613236898,0.03848165796236271,0.04284617979235644,0.06284121893523797,0.08283625807811949,0.10283129722100104,0.12282633636388257,0.23076451461001737,0.2282719360803633,0.22390741425036959,0.21954289242037586,0.21517837059038214,0.21081384876038842,0.2064493269303947,0.18645428778751316,0.16645924864463163,0.1464642095017501,0.12646917035886857
6510,0.022723898938375474,0.025780459658883387,0.031132518111866028,0.036484576564848666,0.0418366350178313,0.04718869347081395,0.05254075192379659,0.0770599598532782,0.10157916778275981,0.12609837571224142,0.15061758364172306,0.3411068640072945,0.3380503032867866,0.33269824483380395,0.3273461863808213,0.32199412792783866,0.316642069474856,0.31129001102187337,0.2867708030923918,0.2622515951629102,0.2377323872334286,0.21321317930394695
6511,0.05954035988303085,0.0675490526604855,0.08157232777140645,0.0955956028823274,0.10961887799324835,0.12364215310416929,0.13766542821509023,0.20190979350324906,0.2661541587914079,0.33039852407956677,0.3946428893677256,0.5323949645104806,0.524386271733026,0.510362996622105,0.4963397215111841,0.48231644640026317,0.4682931712893422,0.4542698961784213,0.3900255308902625,0.32578116560210363,0.2615368003139448,0.19729243502578592
6512,0.09422208070711786,0.10689576455313886,0.129087470513181,0.15127917647322317,0.17347088243326533,0.1956625883933075,0.21785429435334966,0.31952042104539957,0.42118654773744957,0.5228526744294996,0.6245188011215496,0.7630054397344619,0.7503317558884409,0.7281400499283988,0.7059483439683566,0.6837566380083144,0.6615649320482723,0.6393732260882301,0.5377070993961802,0.4360409727041302,0.33437484601208023,0.23270871932003023
6513,0.11060462621291975,0.12548190395938727,0.1515321177130734,0.17758233146675953,0.2036325452204457,0.22968275897413182,0.255732972727818,0.37507595323620807,0.49441893374459817,0.6137619142529884,0.7331048947613785,1.04243040931092,1.0275531315644524,1.0015029178107662,0.9754527040570801,0.949402490303394,0.9233522765497079,0.8973020627960218,0.7779590822876317,0.6586161017792416,0.5392731212708513,0.41993014076246116
6514,0.14593538259187422,0.16556495229609972,0.19993646134515083,0.23430797039420195,0.2686794794432531,0.3030509884923042,0.3374224975413554,0.4948875522726021,0.6523526070038489,0.8098176617350957,0.9672827164663426,1.3368623237393928,1.3172327540351674,1.2828612449861163,1.2484897359370652,1.2141182268880142,1.1797467178389631,1.145375208789912,0.9879101540586653,0.8304450993274186,0.6729800445961718,0.5155149898649249
6515,0.17412844867806587,0.1975502293326846,0.2385619253527876,0.2795736213728906,0.3205853173929936,0.3615970134130966,0.40260870943319965,0.5904942325625675,0.7783797556919354,0.9662652788213034,1.1541508019506714,1.6963697765134498,1.6729479958588311,1.6319362998387281,1.590924603818625,1.549912907798522,1.508901211778419,1.467889515758316,1.2800039926289482,1.0921184694995802,0.9042329463702122,0.7163474232408442
6516,0.20258246617249245,0.22983155799628885,0.277544901707457,0.32525824541862514,0.3729715891297932,0.4206849328409614,0.46839827655212957,0.6869858360383282,0.9055733955245269,1.1241609550107257,1.3427485144969247,1.9211150761464808,1.8938659843226844,1.8461526406115163,1.7984392969003482,1.7507259531891801,1.7030126094780118,1.6552992657668437,1.4367117062806452,1.2181241467944464,0.9995365873082476,0.7809490278220486
6517,0.22682064156334378,0.25732997737244256,0.31075203030808307,0.3641740832437235,0.4175961361793641,0.4710181891150046,0.5244402420506451,0.769180921820084,1.013921601589523,1.2586622813589619,1.5034029611284008,2.0428941262432594,2.0123847904341607,1.9589627374985201,1.9055406845628797,1.852118631627239,1.7986965786915987,1.745274525755958,1.5005338459865192,1.2557931662170803,1.0110524864476413,0.7663118066782024
6518,0.28713168866453304,0.3257533813399477,0.3933802259058238,0.46100707047169975,0.5286339150375757,0.5962607596034519,0.6638876041693279,0.9737042248382178,1.2835208455071077,1.5933374661759976,1.9031540868448875,2.133676930271694,2.095055237596279,2.027428393030403,1.9598015484645268,1.8921747038986507,1.8245478593327746,1.7569210147668985,1.4471043940980086,1.1372877734291187,0.8274711527602288,0.5176545320913388
6519,0.3067951188581142,0.3480617127682659,0.42031979724889373,0.49257788172952155,0.5648359662101494,0.6370940506907772,0.709352135171405,1.040385701701159,1.3714192682309132,1.7024528347606676,2.0334864012904217,2.1612776545091203,2.120011060598969,2.047752976118341,1.975494891637713,1.9032368071570853,1.8309787226764576,1.7587206381958298,1.427687071666076,1.0966535051363218,0.7656199386065674,0.4345863720768133
6520,0.27598175878396375,0.31310368956544515,0.3781044409318533,0.44310519229826134,0.5081059436646694,0.5731066950310776,0.6381074463974856,0.9358932333664804,1.233679020335475,1.53146480730447,1.829250594273465,1.9097257114610804,1.872603780679599,1.8076030293131908,1.7426022779467827,1.6776015265803745,1.6126007752139664,1.5476000238475582,1.2498142368785634,0.9520284499095688,0.6542426629405738,0.35645687597157893
6521,0.2253108014307007,0.2556170506983482,0.3086834977291007,0.36174994475985317,0.4148163917906057,0.46788283882135817,0.5209492858521106,0.7640608400805081,1.0071723943089055,1.2502839485373032,1.4933955027657007,1.6192575536297766,1.588951304362129,1.5358848573313766,1.4828184103006241,1.4297519632698716,1.3766855162391192,1.3236190692083667,1.0805075149799692,0.8373959607515719,0.5942844065231742,0.3511728522947767
6522,0.181071206183045,0.20542684770103406,0.24807374039633354,0.290720633091633,0.3333675257869325,0.376014418482232,0.41866131117753147,0.6140381066158548,0.809414902054178,1.0047916974925013,1.200168492930825,1.489569188741577,1.4652135472235879,1.4225666545282885,1.379919761832989,1.3372728691376894,1.29462597644239,1.2519790837470905,1.0566022883087673,0.8612254928704441,0.6658486974321208,0.4704719019937972
6523,0.1371027565822645,0.15554426178254532,0.18783546186591396,0.22012666194928254,0.2524178620326512,0.2847090621160198,0.3170002621993884,0.464934866444111,0.6128694706888336,0.7608040749335562,0.9087386791782788,1.2544431595756709,1.23600165437539,1.2037104542920214,1.1714192542086528,1.1391280541252842,1.1068368540419156,1.074545653958547,0.9266110497138245,0.7786764454691019,0.6307418412243793,0.48280723697965666
6524,0.12288693681507708,0.1394162914452449,0.16835930297358676,0.19730231450192862,0.22624532603027048,0.25518833755861237,0.28413134908695425,0.4167270081222759,0.5493226671575976,0.6819183261929194,0.8145139852282411,0.965950353268064,0.9494209986378962,0.9204779871095543,0.8915349755812124,0.8625919640528705,0.8336489525245286,0.8047059409961868,0.6721102819608651,0.5395146229255434,0.40691896389022164,0.27432330485489986
6525,0.10407025709033581,0.11806860573895996,0.14257980870966933,0.16709101168037868,0.19160221465108804,0.2161134176217974,0.24062462059250678,0.3529169820306787,0.4652093434688507,0.5775017049070227,0.6897940663451948,0.756275578156249,0.7422772295076249,0.7177660265369155,0.6932548235662062,0.6687436205954969,0.6442324176247876,0.6197212146540781,0.5074288532159061,0.3951364917777342,0.2828441303395622,0.17055176890139007
6526,0.09174496304809825,0.10408545316899447,0.1256937346673304,0.14730201616566632,0.16891029766400223,0.19051857916233816,0.21212686066067407,0.3111201642112374,0.4101134677618008,0.5091067713123641,0.6081000748629275,0.6380177307790044,0.6256772406581081,0.6040689591597722,0.5824606776614363,0.5608523961631003,0.5392441146647644,0.5176358331664285,0.4186425296158651,0.3196492260653017,0.22065592251473837,0.12166261896417502
6527,0.0756798511426919,0.0858594449247251,0.10368398234795255,0.12150851977117999,0.13933305719440744,0.15715759461763487,0.17498213204086233,0.2566410943198301,0.33830005659879786,0.4199590188777657,0.5016179811567335,0.5589042903878931,0.54872469660586,0.5309001591826326,0.5130756217594051,0.4952510843361777,0.4774265469129503,0.45960200948972285,0.37794304721075506,0.2962840849317873,0.21462512265281947,0.13296616037385167
6528,0.06656898268586907,0.07552308595105217,0.09120178120737912,0.10688047646370606,0.12255917172003303,0.13823786697635998,0.1539165622326869,0.2257448489433112,0.29757313565393556,0.36940142236455986,0.44122970907518416,0.4271966781704077,0.4182425749052246,0.4025638796488976,0.3868851843925707,0.3712064891362437,0.35552779387991673,0.3398490986235898,0.2680208119129655,0.19619252520234115,0.12436423849171685,0.05253595178109255
6529,0.056639086305014866,0.06425753272192815,0.07759748382143074,0.09093743492093335,0.10427738602043597,0.11761733711993858,0.1309572882194412,0.19207116387144205,0.25318503952344296,0.31429891517544384,0.3754127908274448,0.3168441383691494,0.3092256919522361,0.2958857408527335,0.28254578975323086,0.26920583865372827,0.2558658875542257,0.24252593645472306,0.1814120608027222,0.1202981851507213,0.05918430949872042,-0.0019295661532805208
6530,0.03392680220936796,0.038490250202461725,0.046480878441028384,0.05447150667959503,0.06246213491816169,0.07045276315672834,0.07844339139529499,0.1150505915949522,0.15165779179460942,0.18826499199426663,0.22487219219392388,0.22601923126692836,0.22145578327383458,0.21346515503526792,0.20547452679670128,0.1974838985581346,0.18949327031956797,0.1815026420810013,0.1448954418813441,0.10828824168168688,0.07168104148202967,0.035073841282372425
6531,0.0236676925723058,0.026851201690074235,0.03242554764354464,0.03799989359701504,0.043574239550485436,0.049148585503955844,0.05472293145742625,0.08026049774238261,0.10579806402733898,0.13133563031229536,0.15687319659725174,0.20284547879051973,0.1996619696727513,0.1940876237192809,0.1885132777658105,0.1829389318123401,0.17736458585886972,0.17179023990539932,0.14625267362044297,0.12071510733548661,0.09517754105053022,0.06963997476557385
6532,0.02469635730095266,0.028018230711428102,0.03383485347536883,0.03965147623930954,0.04546809900325027,0.051284721767191,0.05710134453113172,0.08374884553458932,0.11039634653804692,0.1370438475415045,0.16369134854496212,0.2086410790622131,0.20531920565173767,0.19950258288779693,0.19368596012385622,0.18786933735991548,0.18205271459597477,0.17623609183203404,0.14958859082857645,0.12294108982511885,0.09629358882166127,0.06964608781820365
6533,0.018530992112733714,0.02102357064238779,0.025388092472381524,0.02975261430237525,0.03411713613236898,0.03848165796236271,0.04284617979235644,0.06284121893523797,0.08283625807811949,0.10283129722100104,0.12282633636388257,0.23076451461001737,0.2282719360803633,0.22390741425036959,0.21954289242037586,0.21517837059038214,0.21081384876038842,0.2064493269303947,0.18645428778751316,0.16645924864463163,0.1464642095017501,0.12646917035886857
6534,0.022723898938375474,0.025780459658883387,0.031132518111866028,0.036484576564848666,0.0418366350178313,0.04718869347081395,0.05254075192379659,0.0770599598532782,0.10157916778275981,0.12609837571224142,0.15061758364172306,0.3411068640072945,0.3380503032867866,0.33269824483380395,0.3273461863808213,0.32199412792783866,0.316642069474856,0.31129001102187337,0.2867708030923918,0.2622515951629102,0.2377323872334286,0.21321317930394695
6535,0.05954035988303085,0.0675490526604855,0.08157232777140645,0.0955956028823274,0.10961887799324835,0.12364215310416929,0.13766542821509023,0.20190979350324906,0.2661541587914079,0.33039852407956677,0.3946428893677256,0.5323949645104806,0.524386271733026,0.510362996622105,0.4963397215111841,0.48231644640026317,0.4682931712893422,0.4542698961784213,0.3900255308902625,0.32578116560210363,0.2615368003139448,0.19729243502578592
6536,0.09422208070711786,0.10689576455313886,0.129087470513181,0.15127917647322317,0.17347088243326533,0.1956625883933075,0.21785429435334966,0.31952042104539957,0.42118654773744957,0.5228526744294996,0.6245188011215496,0.7630054397344619,0.7503317558884409,0.7281400499283988,0.7059483439683566,0.6837566380083144,0.6615649320482723,0.6393732260882301,0.5377070993961802,0.4360409727041302,0.33437484601208023,0.23270871932003023
6537,0.11060462621291975,0.12548190395938727,0.1515321177130734,0.17758233146675953,0.2036325452204457,0.22968275897413182,0.255732972727818,0.37507595323620807,0.49441893374459817,0.6137619142529884,0.7331048947613785,1.04243040931092,1.0275531315644524,1.0015029178107662,0.9754527040570801,0.949402490303394,0.9233522765497079,0.8973020627960218,0.7779590822876317,0.6586161017792416,0.5392731212708513,0.41993014076246116
6538,0.14593538259187422,0.16556495229609972,0.19993646134515083,0.23430797039420195,0.2686794794432531,0.3030509884923042,0.3374224975413554,0.4948875522726021,0.6523526070038489,0.8098176617350957,0.9672827164663426,1.3368623237393928,1.3172327540351674,1.2828612449861163,1.2484897359370652,1.2141182268880142,1.1797467178389631,1.145375208789912,0.9879101540586653,0.8304450993274186,0.6729800445961718,0.5155149898649249
6539,0.17412844867806587,0.1975502293326846,0.2385619253527876,0.2795736213728906,0.3205853173929936,0.3615970134130966,0.40260870943319965,0.5904942325625675,0.7783797556919354,0.9662652788213034,1.1541508019506714,1.6963697765134498,1.6729479958588311,1.6319362998387281,1.590924603818625,1.549912907798522,1.508901211778419,1.467889515758316,1.2800039926289482,1.0921184694995802,0.9042329463702122,0.7163474232408442
6540,0.20258246617249245,0.22983155799628885,0.277544901707457,0.32525824541862514,0.3729715891297932,0.4206849328409614,0.46839827655212957,0.6869858360383282,0.9055733955245269,1.1241609550107257,1.3427485144969247,1.9211150761464808,1.8938659843226844,1.8461526406115163,1.7984392969003482,1.7507259531891801,1.7030126094780118,1.6552992657668437,1.4367117062806452,1.2181241467944464,0.9995365873082476,0.7809490278220486
6541,0.22682064156334378,0.25732997737244256,0.31075203030808307,0.3641740832437235,0.4175961361793641,0.4710181891150046,0.5244402420506451,0.769180921820084,1.013921601589523,1.2586622813589619,1.5034029611284008,2.0428941262432594,2.0123847904341607,1.9589627374985201,1.9055406845628797,1.852118631627239,1.7986965786915987,1.745274525755958,1.5005338459865192,1.2557931662170803,1.0110524864476413,0.7663118066782024
6542,0.28713168866453304,0.3257533813399477,0.3933802259058238,0.46100707047169975,0.5286339150375757,0.5962607596034519,0.6638876041693279,0.9737042248382178,1.2835208455071077,1.5933374661759976,1.9031540868448875,2.133676930271694,2.095055237596279,2.027428393030403,1.9598015484645268,1.8921747038986507,1.8245478593327746,1.7569210147668985,1.4471043940980086,1.1372877734291187,0.8274711527602288,0.5176545320913388
6543,0.3067951188581142,0.3480617127682659,0.42031979724889373,0.49257788172952155,0.5648359662101494,0.6370940506907772,0.709352135171405,1.040385701701159,1.3714192682309132,1.7024528347606676,2.0334864012904217,2.1612776545091203,2.120011060598969,2.047752976118341,1.975494891637713,1.9032368071570853,1.8309787226764576,1.7587206381958298,1.427687071666076,1.0966535051363218,0.7656199386065674,0.4345863720768133
6544,0.27598175878396375,0.31310368956544515,0.3781044409318533,0.44310519229826134,0.5081059436646694,0.5731066950310776,0.6381074463974856,0.9358932333664804,1.233679020335475,1.53146480730447,1.829250594273465,1.9097257114610804,1.872603780679599,1.8076030293131908,1.7426022779467827,1.6776015265803745,1.6126007752139664,1.5476000238475582,1.2498142368785634,0.9520284499095688,0.6542426629405738,0.35645687597157893
6545,0.2253108014307007,0.2556170506983482,0.3086834977291007,0.36174994475985317,0.4148163917906057,0.46788283882135817,0.5209492858521106,0.7640608400805081,1.0071723943089055,1.2502839485373032,1.4933955027657007,1.6192575536297766,1.588951304362129,1.5358848573313766,1.4828184103006241,1.4297519632698716,1.3766855162391192,1.3236190692083667,1.0805075149799692,0.8373959607515719,0.5942844065231742,0.3511728522947767
6546,0.181071206183045,0.20542684770103406,0.24807374039633354,0.290720633091633,0.3333675257869325,0.376014418482232,0.41866131117753147,0.6140381066158548,0.809414902054178,1.0047916974925013,1.200168492930825,1.489569188741577,1.4652135472235879,1.4225666545282885,1.379919761832989,1.3372728691376894,1.29462597644239,1.2519790837470905,1.0566022883087673,0.8612254928704441,0.6658486974321208,0.4704719019937972
6547,0.1371027565822645,0.15554426178254532,0.18783546186591396,0.22012666194928254,0.2524178620326512,0.2847090621160198,0.3170002621993884,0.464934866444111,0.6128694706888336,0.7608040749335562,0.9087386791782788,1.2544431595756709,1.23600165437539,1.2037104542920214,1.1714192542086528,1.1391280541252842,1.1068368540419156,1.074545653958547,0.9266110497138245,0.7786764454691019,0.6307418412243793,0.48280723697965666
6548,0.12288693681507708,0.1394162914452449,0.16835930297358676,0.19730231450192862,0.22624532603027048,0.25518833755861237,0.28413134908695425,0.4167270081222759,0.5493226671575976,0.6819183261929194,0.8145139852282411,0.965950353268064,0.9494209986378962,0.9204779871095543,0.8915349755812124,0.8625919640528705,0.8336489525245286,0.8047059409961868,0.6721102819608651,0.5395146229255434,0.40691896389022164,0.27432330485489986
6549,0.10407025709033581,0.11806860573895996,0.14257980870966933,0.16709101168037868,0.19160221465108804,0.2161134176217974,0.24062462059250678,0.3529169820306787,0.4652093434688507,0.5775017049070227,0.6897940663451948,0.756275578156249,0.7422772295076249,0.7177660265369155,0.6932548235662062,0.6687436205954969,0.6442324176247876,0.6197212146540781,0.5074288532159061,0.3951364917777342,0.2828441303395622,0.17055176890139007
6550,0.09174496304809825,0.10408545316899447,0.1256937346673304,0.14730201616566632,0.16891029766400223,0.19051857916233816,0.21212686066067407,0.3111201642112374,0.4101134677618008,0.5091067713123641,0.6081000748629275,0.6380177307790044,0.6256772406581081,0.6040689591597722,0.5824606776614363,0.5608523961631003,0.5392441146647644,0.5176358331664285,0.4186425296158651,0.3196492260653017,0.22065592251473837,0.12166261896417502
6551,0.0756798511426919,0.0858594449247251,0.10368398234795255,0.12150851977117999,0.13933305719440744,0.15715759461763487,0.17498213204086233,0.2566410943198301,0.33830005659879786,0.4199590188777657,0.5016179811567335,0.5589042903878931,0.54872469660586,0.5309001591826326,0.5130756217594051,0.4952510843361777,0.4774265469129503,0.45960200948972285,0.37794304721075506,0.2962840849317873,0.21462512265281947,0.13296616037385167
6552,0.031367184720614005,0.03558634204876214,0.04297411500909338,0.050361887969424625,0.057749660929755864,0.0651374338900871,0.07252520685041834,0.10637056615310214,0.14021592545578596,0.17406128475846977,0.20790664406115364,0.38513873965896495,0.3809195823308168,0.3735318093704856,0.36614403641015436,0.35875626344982314,0.3513684904894919,0.3439807175291607,0.3101353582264769,0.27628999892379313,0.24244463962110932,0.20859928031842545
6553,0.027541528392130105,0.031246101893993974,0.037732835101129916,0.04421956830826585,0.05070630151540179,0.057193034722537735,0.06367976792967367,0.09339722368731823,0.1231146794449628,0.15283213520260736,0.18254959096025195,0.2947264391013124,0.29102186559944854,0.2845351323923126,0.27804839918517665,0.2715616659780407,0.26507493277090477,0.25858819956376883,0.22887074380612427,0.1991532880484797,0.16943583229083514,0.13971837653319055
6554,0.021214760756460276,0.024068329353953997,0.029064947229369295,0.03406156510478459,0.03905818298019989,0.04405480085561519,0.049051418731030486,0.07194225852804301,0.09483309832505553,0.11772393812206808,0.1406147779190806,0.2196416620198345,0.2167880934223408,0.21179147554692548,0.20679485767151018,0.20179823979609487,0.19680162192067957,0.19180500404526427,0.16891416424825173,0.14602332445123922,0.12313248465422667,0.10024164485721414
6555,0.017379901386824617,0.01971764826949346,0.023811058840523276,0.02790446941155309,0.03199787998258291,0.03609129055361272,0.04018470112464254,0.058937707246218926,0.07769071336779533,0.09644371948937172,0.11519672561094813,0.1725522635160582,0.17021451663338938,0.16612110606235955,0.16202769549132973,0.1579342849202999,0.15384087434927007,0.14974746377824025,0.13099445765666387,0.11224145153508747,0.09348844541351108,0.07473543929193467
6556,0.018861538995962508,0.02139857893702769,0.025840952998510806,0.030283327059993915,0.03472570112147703,0.03916807518296014,0.04361044924444325,0.0639621502340575,0.08431385122367176,0.10466555221328604,0.1250172532029003,0.16219714722554288,0.1596601072844777,0.15521773322299456,0.15077535916151147,0.14633298510002835,0.14189061103854522,0.1374482369770621,0.11709653598744785,0.0967448349978336,0.07639313400821932,0.05604143301860505
6557,0.06031042844298219,0.06842270209442457,0.08262734801485494,0.09683199393528533,0.1110366398557157,0.1252412857761461,0.1394459316965765,0.20452120506052845,0.2695964784244804,0.33467175178843245,0.39974702515238447,0.4566317751531136,0.4485195015016712,0.43431485558124083,0.4201102096608105,0.4059055637403801,0.3917009178199497,0.3774962718995193,0.3124209985355673,0.24734572517161535,0.18227045180766333,0.1171951784437113
6558,0.30895518501738617,0.35051232648691727,0.4232791617051753,0.4960459969234333,0.5688128321416914,0.6415796673599494,0.7143465025782075,1.0477107919933368,1.3810750814084662,1.7144393708235957,2.0478036602387255,2.1024107163262697,2.0608535748567385,1.9880867396384805,1.9153199044202225,1.8425530692019643,1.7697862339837063,1.6970193987654483,1.363655109350319,1.0302908199351897,0.6969265305200603,0.3635622411049304
6559,1.1612949269476076,1.3174991271273024,1.5910137359992662,1.8645283448712298,2.1380429537431938,2.4115575626151577,2.685072171487121,3.9381155800368046,5.191158988586489,6.444202397136173,7.697245805685856,8.797592590406415,8.64138839022672,8.367873781354756,8.094359172482793,7.820844563610829,7.547329954738865,7.273815345866902,6.020771937317218,4.767728528767535,3.514685120217851,2.261641711668167
6560,2.8365400828547638,3.218079229059924,3.8861568494030205,4.554234469746118,5.222312090089215,5.890389710432311,6.558467330775408,9.61910918103339,12.679751031291374,15.74039288154936,18.801034731807345,21.40384848736475,21.02230934115959,20.354231720816493,19.686154100473395,19.018076480130297,18.3499988597872,17.6819212394441,14.621279389186117,11.560637538928134,8.499995688670149,5.439353838412163
6561,4.187241305649756,4.750461435119857,5.736663683482037,6.722865931844216,7.709068180206397,8.695270428568575,9.681472676930756,14.199528337297998,18.717583997665233,23.23563965803248,27.75369531839972,32.29130966000392,31.72808953053382,30.74188728217164,29.75568503380946,28.76948278544728,27.7832805370851,26.797078288722922,22.27902262835568,17.760966967988445,13.242911307621199,8.724855647253957
6562,4.1224380187469025,4.6769415462886,5.647880965838258,6.618820385387915,7.5897598049375725,8.56069922448723,9.53163864403689,13.979771212843394,18.427903781649896,22.876036350456406,27.324168919262913,32.91035711924829,32.35585359170659,31.384914172156932,30.413974752607274,29.443035333057615,28.472095913507957,27.501156493958298,23.053023925151795,18.60489135634529,14.15675878753878,9.708626218732274
6563,3.351595880008395,3.8024144805325077,4.591800893015079,5.381187305497649,6.170573717980221,6.959960130462791,7.7493465429453625,11.365736340329079,14.982126137712793,18.59851593509651,22.21490573248023,27.356769827551037,26.905951227026925,26.116564814544354,25.327178402061783,24.537791989579212,23.74840557709664,22.95901916461407,19.34262936723035,15.726239569846637,12.109849772462919,8.493459975079201
6564,2.9910124143164416,3.3933294236000933,4.097789222441407,4.80224902128272,5.506708820124034,6.211168618965348,6.915628417806662,10.142946736074473,13.370265054342282,16.597583372610092,19.82490169087791,24.2284335048095,23.82611649552585,23.121656696684536,22.417196897843223,21.71273709900191,21.008277300160596,20.303817501319283,17.076499183051475,13.849180864783666,10.621862546515855,7.394544228248039
6565,2.7047846416677372,3.0686015427890947,3.7056473923676854,4.342693241946275,4.979739091524866,5.6167849411034565,6.253830790682048,9.172307818474215,12.090784846266383,15.009261874058554,17.92773890185072,22.802692522038395,22.438875620917038,21.801829771338447,21.164783921759856,20.527738072181265,19.890692222602674,19.253646373024083,16.335169345231915,13.416692317439747,10.498215289647575,7.579738261855409
6566,2.20733046474823,2.5042354815337093,3.0241181699939683,3.544000858454227,4.063883546914486,4.583766235374744,5.103648923835004,7.485370246439614,9.867091569044224,12.248812891648836,14.630534214253444,19.724931122724897,19.428026105939416,18.908143417479156,18.388260729018896,17.868378040558635,17.348495352098375,16.828612663638115,14.446891341033504,12.065170018428894,9.683448695824282,7.3017273732196735
6567,1.677916042855984,1.903610246250039,2.298802319798513,2.693994393346985,3.0891864668954585,3.484378540443932,3.879570613992405,5.690050956937462,7.500531299882518,9.311011642827577,11.121491985772634,14.871256559632515,14.645562356238461,14.250370282689987,13.855178209141515,13.459986135593041,13.064794062044568,12.669601988496094,10.859121645551037,9.04864130260598,7.238160959660921,5.427680616715864
6568,1.1172675321315855,1.2675496673528908,1.5306947005095728,1.7938397336662546,2.0569847668229366,2.3201297999796187,2.583274833136301,3.7888124482913326,4.9943500634463645,6.199887678601396,7.405425293756428,10.033161309414842,9.882879174193537,9.619734141036854,9.356589107880172,9.09344407472349,8.830299041566807,8.567154008410125,7.361616393255093,6.156078778100062,4.95054116294503,3.745003547789998
6569,0.6682540838903488,0.7581400312657272,0.9155309318380566,1.0729218324103855,1.2303127329827148,1.3877036335550441,1.5450945341273732,2.2661442482220826,2.987193962316792,3.7082436764115014,4.429293390506211,6.0734388854665,5.983552938091121,5.826162037518792,5.668771136946463,5.5113802363741335,5.3539893358018045,5.196598435229475,4.475548721134766,3.7544990070400566,3.033449292945347,2.3123995788506377
6570,0.4397550001969972,0.4989058467966161,0.6024793784527985,0.7060529101089809,0.8096264417651632,0.9131999734213457,1.016773505077528,1.4912714914090162,1.9657694777405041,2.4402674640719924,2.9147654504034803,3.6846018562989733,3.625451009699354,3.5218774780431716,3.418303946386989,3.314730414730807,3.2111568830746244,3.1075833514184423,2.633085365086954,2.158587378755466,1.6840893924239777,1.2095914060924897
6571,0.286284866305672,0.32479265405806435,0.39222005033488544,0.4596474466117065,0.5270748428885276,0.5945022391653487,0.6619296354421698,0.9708325302776295,1.2797354251130895,1.5886383199485492,1.8975412147840094,2.22844041223525,2.1899326244828576,2.1225052282060366,2.0550778319292156,1.9876504356523945,1.9202230393755735,1.8527956430987524,1.5438927482632927,1.2349898534278327,0.926086958592373,0.6171840637569128
6572,0.1600000684787465,0.18152145994052682,0.21920556165659857,0.25688966337267033,0.2945737650887421,0.33225786680481384,0.3699419685208856,0.5425828942000834,0.7152238198792811,0.887864745558479,1.0605056712376768,1.3303544742870113,1.308833082825231,1.2711489811091592,1.2334648793930874,1.1957807776770155,1.1580966759609437,1.1204125742448718,0.947771648565674,0.7751307228864763,0.6024897972072784,0.4298488715280806
6573,0.0966650333943288,0.10966731548161278,0.1324343991801003,0.15520148287858784,0.17796856657707538,0.20073565027556292,0.2235027339740505,0.3278048196211218,0.432106905268193,0.5364089909152644,0.6407110765623357,0.8750441895076194,0.8620419074203355,0.8392748237218479,0.8165077400233604,0.7937406563248728,0.7709735726263852,0.7482064889278977,0.6439044032808263,0.5396023176337551,0.4353002319866837,0.3309981463396124
6574,0.060485888935644626,0.06862176353916513,0.08286773488598757,0.09711370623281,0.11135967757963244,0.1256056489264549,0.13985162027327736,0.2051162164429092,0.27038081261254104,0.33564540878217297,0.40091000495180484,0.6530761972950729,0.6449403226915524,0.63069435134473,0.6164483799979075,0.602202408651085,0.5879564373042625,0.57371046595744,0.5084458697878081,0.4431812736181763,0.37791667744854435,0.3126520812789125
6575,0.04326251605801909,0.04908169821561838,0.059271125452270715,0.06946055268892304,0.07964997992557539,0.08983940716222773,0.10002883439888008,0.1467093195416705,0.19338980468446088,0.24007028982725132,0.28675077497004176,0.499578441059629,0.4937592589020297,0.48356983166537737,0.47338040442872503,0.4631909771920727,0.45300154995542036,0.442812122718768,0.3961316375759776,0.3494511524331872,0.30277066729039676,0.2560901821476063
6576,0.031367184720614005,0.03558634204876214,0.04297411500909338,0.050361887969424625,0.057749660929755864,0.0651374338900871,0.07252520685041834,0.10637056615310214,0.14021592545578596,0.17406128475846977,0.20790664406115364,0.38513873965896495,0.3809195823308168,0.3735318093704856,0.36614403641015436,0.35875626344982314,0.3513684904894919,0.3439807175291607,0.3101353582264769,0.27628999892379313,0.24244463962110932,0.20859928031842545
6577,0.027541528392130105,0.031246101893993974,0.037732835101129916,0.04421956830826585,0.05070630151540179,0.057193034722537735,0.06367976792967367,0.09339722368731823,0.1231146794449628,0.15283213520260736,0.18254959096025195,0.2947264391013124,0.29102186559944854,0.2845351323923126,0.27804839918517665,0.2715616659780407,0.26507493277090477,0.25858819956376883,0.22887074380612427,0.1991532880484797,0.16943583229083514,0.13971837653319055
6578,0.021214760756460276,0.024068329353953997,0.029064947229369295,0.03406156510478459,0.03905818298019989,0.04405480085561519,0.049051418731030486,0.07194225852804301,0.09483309832505553,0.11772393812206808,0.1406147779190806,0.2196416620198345,0.2167880934223408,0.21179147554692548,0.20679485767151018,0.20179823979609487,0.19680162192067957,0.19180500404526427,0.16891416424825173,0.14602332445123922,0.12313248465422667,0.10024164485721414
6579,0.017379901386824617,0.01971764826949346,0.023811058840523276,0.02790446941155309,0.03199787998258291,0.03609129055361272,0.04018470112464254,0.058937707246218926,0.07769071336779533,0.09644371948937172,0.11519672561094813,0.1725522635160582,0.17021451663338938,0.16612110606235955,0.16202769549132973,0.1579342849202999,0.15384087434927007,0.14974746377824025,0.13099445765666387,0.11224145153508747,0.09348844541351108,0.07473543929193467
6580,0.018861538995962508,0.02139857893702769,0.025840952998510806,0.030283327059993915,0.03472570112147703,0.03916807518296014,0.04361044924444325,0.0639621502340575,0.08431385122367176,0.10466555221328604,0.1250172532029003,0.16219714722554288,0.1596601072844777,0.15521773322299456,0.15077535916151147,0.14633298510002835,0.14189061103854522,0.1374482369770621,0.11709653598744785,0.0967448349978336,0.07639313400821932,0.05604143301860505
6581,0.06031042844298219,0.06842270209442457,0.08262734801485494,0.09683199393528533,0.1110366398557157,0.1252412857761461,0.1394459316965765,0.20452120506052845,0.2695964784244804,0.33467175178843245,0.39974702515238447,0.4566317751531136,0.4485195015016712,0.43431485558124083,0.4201102096608105,0.4059055637403801,0.3917009178199497,0.3774962718995193,0.3124209985355673,0.24734572517161535,0.18227045180766333,0.1171951784437113
6582,0.30895518501738617,0.35051232648691727,0.4232791617051753,0.4960459969234333,0.5688128321416914,0.6415796673599494,0.7143465025782075,1.0477107919933368,1.3810750814084662,1.7144393708235957,2.0478036602387255,2.1024107163262697,2.0608535748567385,1.9880867396384805,1.9153199044202225,1.8425530692019643,1.7697862339837063,1.6970193987654483,1.363655109350319,1.0302908199351897,0.6969265305200603,0.3635622411049304
6583,1.1612949269476076,1.3174991271273024,1.5910137359992662,1.8645283448712298,2.1380429537431938,2.4115575626151577,2.685072171487121,3.9381155800368046,5.191158988586489,6.444202397136173,7.697245805685856,8.797592590406415,8.64138839022672,8.367873781354756,8.094359172482793,7.820844563610829,7.547329954738865,7.273815345866902,6.020771937317218,4.767728528767535,3.514685120217851,2.261641711668167
6584,2.8365400828547638,3.218079229059924,3.8861568494030205,4.554234469746118,5.222312090089215,5.890389710432311,6.558467330775408,9.61910918103339,12.679751031291374,15.74039288154936,18.801034731807345,21.40384848736475,21.02230934115959,20.354231720816493,19.686154100473395,19.018076480130297,18.3499988597872,17.6819212394441,14.621279389186117,11.560637538928134,8.499995688670149,5.439353838412163
6585,4.187241305649756,4.750461435119857,5.736663683482037,6.722865931844216,7.709068180206397,8.695270428568575,9.681472676930756,14.199528337297998,18.717583997665233,23.23563965803248,27.75369531839972,32.29130966000392,31.72808953053382,30.74188728217164,29.75568503380946,28.76948278544728,27.7832805370851,26.797078288722922,22.27902262835568,17.760966967988445,13.242911307621199,8.724855647253957
6586,4.1224380187469025,4.6769415462886,5.647880965838258,6.618820385387915,7.5897598049375725,8.56069922448723,9.53163864403689,13.979771212843394,18.427903781649896,22.876036350456406,27.324168919262913,32.91035711924829,32.35585359170659,31.384914172156932,30.413974752607274,29.443035333057615,28.472095913507957,27.501156493958298,23.053023925151795,18.60489135634529,14.15675878753878,9.708626218732274
6587,3.351595880008395,3.8024144805325077,4.591800893015079,5.381187305497649,6.170573717980221,6.959960130462791,7.7493465429453625,11.365736340329079,14.982126137712793,18.59851593509651,22.21490573248023,27.356769827551037,26.905951227026925,26.116564814544354,25.327178402061783,24.537791989579212,23.74840557709664,22.95901916461407,19.34262936723035,15.726239569846637,12.109849772462919,8.493459975079201
6588,2.9910124143164416,3.3933294236000933,4.097789222441407,4.80224902128272,5.506708820124034,6.211168618965348,6.915628417806662,10.142946736074473,13.370265054342282,16.597583372610092,19.82490169087791,24.2284335048095,23.82611649552585,23.121656696684536,22.417196897843223,21.71273709900191,21.008277300160596,20.303817501319283,17.076499183051475,13.849180864783666,10.621862546515855,7.394544228248039
6589,2.7047846416677372,3.0686015427890947,3.7056473923676854,4.342693241946275,4.979739091524866,5.6167849411034565,6.253830790682048,9.172307818474215,12.090784846266383,15.009261874058554,17.92773890185072,22.802692522038395,22.438875620917038,21.801829771338447,21.164783921759856,20.527738072181265,19.890692222602674,19.253646373024083,16.335169345231915,13.416692317439747,10.498215289647575,7.579738261855409
6590,2.20733046474823,2.5042354815337093,3.0241181699939683,3.544000858454227,4.063883546914486,4.583766235374744,5.103648923835004,7.485370246439614,9.867091569044224,12.248812891648836,14.630534214253444,19.724931122724897,19.428026105939416,18.908143417479156,18.388260729018896,17.868378040558635,17.348495352098375,16.828612663638115,14.446891341033504,12.065170018428894,9.683448695824282,7.3017273732196735
6591,1.677916042855984,1.903610246250039,2.298802319798513,2.693994393346985,3.0891864668954585,3.484378540443932,3.879570613992405,5.690050956937462,7.500531299882518,9.311011642827577,11.121491985772634,14.871256559632515,14.645562356238461,14.250370282689987,13.855178209141515,13.459986135593041,13.064794062044568,12.669601988496094,10.859121645551037,9.04864130260598,7.238160959660921,5.427680616715864
6592,1.1172675321315855,1.2675496673528908,1.5306947005095728,1.7938397336662546,2.0569847668229366,2.3201297999796187,2.583274833136301,3.7888124482913326,4.9943500634463645,6.199887678601396,7.405425293756428,10.033161309414842,9.882879174193537,9.619734141036854,9.356589107880172,9.09344407472349,8.830299041566807,8.567154008410125,7.361616393255093,6.156078778100062,4.95054116294503,3.745003547789998
6593,0.6682540838903488,0.7581400312657272,0.9155309318380566,1.0729218324103855,1.2303127329827148,1.3877036335550441,1.5450945341273732,2.2661442482220826,2.987193962316792,3.7082436764115014,4.429293390506211,6.0734388854665,5.983552938091121,5.826162037518792,5.668771136946463,5.5113802363741335,5.3539893358018045,5.196598435229475,4.475548721134766,3.7544990070400566,3.033449292945347,2.3123995788506377
6594,0.4397550001969972,0.4989058467966161,0.6024793784527985,0.7060529101089809,0.8096264417651632,0.9131999734213457,1.016773505077528,1.4912714914090162,1.9657694777405041,2.4402674640719924,2.9147654504034803,3.6846018562989733,3.625451009699354,3.5218774780431716,3.418303946386989,3.314730414730807,3.2111568830746244,3.1075833514184423,2.633085365086954,2.158587378755466,1.6840893924239777,1.2095914060924897
6595,0.286284866305672,0.32479265405806435,0.39222005033488544,0.4596474466117065,0.5270748428885276,0.5945022391653487,0.6619296354421698,0.9708325302776295,1.2797354251130895,1.5886383199485492,1.8975412147840094,2.22844041223525,2.1899326244828576,2.1225052282060366,2.0550778319292156,1.9876504356523945,1.9202230393755735,1.8527956430987524,1.5438927482632927,1.2349898534278327,0.926086958592373,0.6171840637569128
6596,0.1600000684787465,0.18152145994052682,0.21920556165659857,0.25688966337267033,0.2945737650887421,0.33225786680481384,0.3699419685208856,0.5425828942000834,0.7152238198792811,0.887864745558479,1.0605056712376768,1.3303544742870113,1.308833082825231,1.2711489811091592,1.2334648793930874,1.1957807776770155,1.1580966759609437,1.1204125742448718,0.947771648565674,0.7751307228864763,0.6024897972072784,0.4298488715280806
6597,0.0966650333943288,0.10966731548161278,0.1324343991801003,0.15520148287858784,0.17796856657707538,0.20073565027556292,0.2235027339740505,0.3278048196211218,0.432106905268193,0.5364089909152644,0.6407110765623357,0.8750441895076194,0.8620419074203355,0.8392748237218479,0.8165077400233604,0.7937406563248728,0.7709735726263852,0.7482064889278977,0.6439044032808263,0.5396023176337551,0.4353002319866837,0.3309981463396124
6598,0.060485888935644626,0.06862176353916513,0.08286773488598757,0.09711370623281,0.11135967757963244,0.1256056489264549,0.13985162027327736,0.2051162164429092,0.27038081261254104,0.33564540878217297,0.40091000495180484,0.6530761972950729,0.6449403226915524,0.63069435134473,0.6164483799979075,0.602202408651085,0.5879564373042625,0.57371046595744,0.5084458697878081,0.4431812736181763,0.37791667744854435,0.3126520812789125
6599,0.04326251605801909,0.04908169821561838,0.059271125452270715,0.06946055268892304,0.07964997992557539,0.08983940716222773,0.10002883439888008,0.1467093195416705,0.19338980468446088,0.24007028982725132,0.28675077497004176,0.499578441059629,0.4937592589020297,0.48356983166537737,0.47338040442872503,0.4631909771920727,0.45300154995542036,0.442812122718768,0.3961316375759776,0.3494511524331872,0.30277066729039676,0.2560901821476063
6600,0.031367184720614005,0.03558634204876214,0.04297411500909338,0.050361887969424625,0.057749660929755864,0.0651374338900871,0.07252520685041834,0.10637056615310214,0.14021592545578596,0.17406128475846977,0.20790664406115364,0.38513873965896495,0.3809195823308168,0.3735318093704856,0.36614403641015436,0.35875626344982314,0.3513684904894919,0.3439807175291607,0.3101353582264769,0.27628999892379313,0.24244463962110932,0.20859928031842545
6601,0.027541528392130105,0.031246101893993974,0.037732835101129916,0.04421956830826585,0.05070630151540179,0.057193034722537735,0.06367976792967367,0.09339722368731823,0.1231146794449628,0.15283213520260736,0.18254959096025195,0.2947264391013124,0.29102186559944854,0.2845351323923126,0.27804839918517665,0.2715616659780407,0.26507493277090477,0.25858819956376883,0.22887074380612427,0.1991532880484797,0.16943583229083514,0.13971837653319055
6602,0.021214760756460276,0.024068329353953997,0.029064947229369295,0.03406156510478459,0.03905818298019989,0.04405480085561519,0.049051418731030486,0.07194225852804301,0.09483309832505553,0.11772393812206808,0.1406147779190806,0.2196416620198345,0.2167880934223408,0.21179147554692548,0.20679485767151018,0.20179823979609487,0.19680162192067957,0.19180500404526427,0.16891416424825173,0.14602332445123922,0.12313248465422667,0.10024164485721414
6603,0.017379901386824617,0.01971764826949346,0.023811058840523276,0.02790446941155309,0.03199787998258291,0.03609129055361272,0.04018470112464254,0.058937707246218926,0.07769071336779533,0.09644371948937172,0.11519672561094813,0.1725522635160582,0.17021451663338938,0.16612110606235955,0.16202769549132973,0.1579342849202999,0.15384087434927007,0.14974746377824025,0.13099445765666387,0.11224145153508747,0.09348844541351108,0.07473543929193467
6604,0.018861538995962508,0.02139857893702769,0.025840952998510806,0.030283327059993915,0.03472570112147703,0.03916807518296014,0.04361044924444325,0.0639621502340575,0.08431385122367176,0.10466555221328604,0.1250172532029003,0.16219714722554288,0.1596601072844777,0.15521773322299456,0.15077535916151147,0.14633298510002835,0.14189061103854522,0.1374482369770621,0.11709653598744785,0.0967448349978336,0.07639313400821932,0.05604143301860505
6605,0.06031042844298219,0.06842270209442457,0.08262734801485494,0.09683199393528533,0.1110366398557157,0.1252412857761461,0.1394459316965765,0.20452120506052845,0.2695964784244804,0.33467175178843245,0.39974702515238447,0.4566317751531136,0.4485195015016712,0.43431485558124083,0.4201102096608105,0.4059055637403801,0.3917009178199497,0.3774962718995193,0.3124209985355673,0.24734572517161535,0.18227045180766333,0.1171951784437113
6606,0.30895518501738617,0.35051232648691727,0.4232791617051753,0.4960459969234333,0.5688128321416914,0.6415796673599494,0.7143465025782075,1.0477107919933368,1.3810750814084662,1.7144393708235957,2.0478036602387255,2.1024107163262697,2.0608535748567385,1.9880867396384805,1.9153199044202225,1.8425530692019643,1.7697862339837063,1.6970193987654483,1.363655109350319,1.0302908199351897,0.6969265305200603,0.3635622411049304
6607,1.1612949269476076,1.3174991271273024,1.5910137359992662,1.8645283448712298,2.1380429537431938,2.4115575626151577,2.685072171487121,3.9381155800368046,5.191158988586489,6.444202397136173,7.697245805685856,8.797592590406415,8.64138839022672,8.367873781354756,8.094359172482793,7.820844563610829,7.547329954738865,7.273815345866902,6.020771937317218,4.767728528767535,3.514685120217851,2.261641711668167
6608,2.8365400828547638,3.218079229059924,3.8861568494030205,4.554234469746118,5.222312090089215,5.890389710432311,6.558467330775408,9.61910918103339,12.679751031291374,15.74039288154936,18.801034731807345,21.40384848736475,21.02230934115959,20.354231720816493,19.686154100473395,19.018076480130297,18.3499988597872,17.6819212394441,14.621279389186117,11.560637538928134,8.499995688670149,5.439353838412163
6609,4.187241305649756,4.750461435119857,5.736663683482037,6.722865931844216,7.709068180206397,8.695270428568575,9.681472676930756,14.199528337297998,18.717583997665233,23.23563965803248,27.75369531839972,32.29130966000392,31.72808953053382,30.74188728217164,29.75568503380946,28.76948278544728,27.7832805370851,26.797078288722922,22.27902262835568,17.760966967988445,13.242911307621199,8.724855647253957
6610,4.1224380187469025,4.6769415462886,5.647880965838258,6.618820385387915,7.5897598049375725,8.56069922448723,9.53163864403689,13.979771212843394,18.427903781649896,22.876036350456406,27.324168919262913,32.91035711924829,32.35585359170659,31.384914172156932,30.413974752607274,29.443035333057615,28.472095913507957,27.501156493958298,23.053023925151795,18.60489135634529,14.15675878753878,9.708626218732274
6611,3.351595880008395,3.8024144805325077,4.591800893015079,5.381187305497649,6.170573717980221,6.959960130462791,7.7493465429453625,11.365736340329079,14.982126137712793,18.59851593509651,22.21490573248023,27.356769827551037,26.905951227026925,26.116564814544354,25.327178402061783,24.537791989579212,23.74840557709664,22.95901916461407,19.34262936723035,15.726239569846637,12.109849772462919,8.493459975079201
6612,2.9910124143164416,3.3933294236000933,4.097789222441407,4.80224902128272,5.506708820124034,6.211168618965348,6.915628417806662,10.142946736074473,13.370265054342282,16.597583372610092,19.82490169087791,24.2284335048095,23.82611649552585,23.121656696684536,22.417196897843223,21.71273709900191,21.008277300160596,20.303817501319283,17.076499183051475,13.849180864783666,10.621862546515855,7.394544228248039
6613,2.7047846416677372,3.0686015427890947,3.7056473923676854,4.342693241946275,4.979739091524866,5.6167849411034565,6.253830790682048,9.172307818474215,12.090784846266383,15.009261874058554,17.92773890185072,22.802692522038395,22.438875620917038,21.801829771338447,21.164783921759856,20.527738072181265,19.890692222602674,19.253646373024083,16.335169345231915,13.416692317439747,10.498215289647575,7.579738261855409
6614,2.20733046474823,2.5042354815337093,3.0241181699939683,3.544000858454227,4.063883546914486,4.583766235374744,5.103648923835004,7.485370246439614,9.867091569044224,12.248812891648836,14.630534214253444,19.724931122724897,19.428026105939416,18.908143417479156,18.388260729018896,17.868378040558635,17.348495352098375,16.828612663638115,14.446891341033504,12.065170018428894,9.683448695824282,7.3017273732196735
6615,1.677916042855984,1.903610246250039,2.298802319798513,2.693994393346985,3.0891864668954585,3.484378540443932,3.879570613992405,5.690050956937462,7.500531299882518,9.311011642827577,11.121491985772634,14.871256559632515,14.645562356238461,14.250370282689987,13.855178209141515,13.459986135593041,13.064794062044568,12.669601988496094,10.859121645551037,9.04864130260598,7.238160959660921,5.427680616715864
6616,1.1172675321315855,1.2675496673528908,1.5306947005095728,1.7938397336662546,2.0569847668229366,2.3201297999796187,2.583274833136301,3.7888124482913326,4.9943500634463645,6.199887678601396,7.405425293756428,10.033161309414842,9.882879174193537,9.619734141036854,9.356589107880172,9.09344407472349,8.830299041566807,8.567154008410125,7.361616393255093,6.156078778100062,4.95054116294503,3.745003547789998
6617,0.6682540838903488,0.7581400312657272,0.9155309318380566,1.0729218324103855,1.2303127329827148,1.3877036335550441,1.5450945341273732,2.2661442482220826,2.987193962316792,3.7082436764115014,4.429293390506211,6.0734388854665,5.983552938091121,5.826162037518792,5.668771136946463,5.5113802363741335,5.3539893358018045,5.196598435229475,4.475548721134766,3.7544990070400566,3.033449292945347,2.3123995788506377
6618,0.4397550001969972,0.4989058467966161,0.6024793784527985,0.7060529101089809,0.8096264417651632,0.9131999734213457,1.016773505077528,1.4912714914090162,1.9657694777405041,2.4402674640719924,2.9147654504034803,3.6846018562989733,3.625451009699354,3.5218774780431716,3.418303946386989,3.314730414730807,3.2111568830746244,3.1075833514184423,2.633085365086954,2.158587378755466,1.6840893924239777,1.2095914060924897
6619,0.286284866305672,0.32479265405806435,0.39222005033488544,0.4596474466117065,0.5270748428885276,0.5945022391653487,0.6619296354421698,0.9708325302776295,1.2797354251130895,1.5886383199485492,1.8975412147840094,2.22844041223525,2.1899326244828576,2.1225052282060366,2.0550778319292156,1.9876504356523945,1.9202230393755735,1.8527956430987524,1.5438927482632927,1.2349898534278327,0.926086958592373,0.6171840637569128
6620,0.1600000684787465,0.18152145994052682,0.21920556165659857,0.25688966337267033,0.2945737650887421,0.33225786680481384,0.3699419685208856,0.5425828942000834,0.7152238198792811,0.887864745558479,1.0605056712376768,1.3303544742870113,1.308833082825231,1.2711489811091592,1.2334648793930874,1.1957807776770155,1.1580966759609437,1.1204125742448718,0.947771648565674,0.7751307228864763,0.6024897972072784,0.4298488715280806
6621,0.0966650333943288,0.10966731548161278,0.1324343991801003,0.15520148287858784,0.17796856657707538,0.20073565027556292,0.2235027339740505,0.3278048196211218,0.432106905268193,0.5364089909152644,0.6407110765623357,0.8750441895076194,0.8620419074203355,0.8392748237218479,0.8165077400233604,0.7937406563248728,0.7709735726263852,0.7482064889278977,0.6439044032808263,0.5396023176337551,0.4353002319866837,0.3309981463396124
6622,0.060485888935644626,0.06862176353916513,0.08286773488598757,0.09711370623281,0.11135967757963244,0.1256056489264549,0.13985162027327736,0.2051162164429092,0.27038081261254104,0.33564540878217297,0.40091000495180484,0.6530761972950729,0.6449403226915524,0.63069435134473,0.6164483799979075,0.602202408651085,0.5879564373042625,0.57371046595744,0.5084458697878081,0.4431812736181763,0.37791667744854435,0.3126520812789125
6623,0.04326251605801909,0.04908169821561838,0.059271125452270715,0.06946055268892304,0.07964997992557539,0.08983940716222773,0.10002883439888008,0.1467093195416705,0.19338980468446088,0.24007028982725132,0.28675077497004176,0.499578441059629,0.4937592589020297,0.48356983166537737,0.47338040442872503,0.4631909771920727,0.45300154995542036,0.442812122718768,0.3961316375759776,0.3494511524331872,0.30277066729039676,0.2560901821476063
6624,0.031367184720614005,0.03558634204876214,0.04297411500909338,0.050361887969424625,0.057749660929755864,0.0651374338900871,0.07252520685041834,0.10637056615310214,0.14021592545578596,0.17406128475846977,0.20790664406115364,0.38513873965896495,0.3809195823308168,0.3735318093704856,0.36614403641015436,0.35875626344982314,0.3513684904894919,0.3439807175291607,0.3101353582264769,0.27628999892379313,0.24244463962110932,0.20859928031842545
6625,0.027541528392130105,0.031246101893993974,0.037732835101129916,0.04421956830826585,0.05070630151540179,0.057193034722537735,0.06367976792967367,0.09339722368731823,0.1231146794449628,0.15283213520260736,0.18254959096025195,0.2947264391013124,0.29102186559944854,0.2845351323923126,0.27804839918517665,0.2715616659780407,0.26507493277090477,0.25858819956376883,0.22887074380612427,0.1991532880484797,0.16943583229083514,0.13971837653319055
6626,0.021214760756460276,0.024068329353953997,0.029064947229369295,0.03406156510478459,0.03905818298019989,0.04405480085561519,0.049051418731030486,0.07194225852804301,0.09483309832505553,0.11772393812206808,0.1406147779190806,0.2196416620198345,0.2167880934223408,0.21179147554692548,0.20679485767151018,0.20179823979609487,0.19680162192067957,0.19180500404526427,0.16891416424825173,0.14602332445123922,0.12313248465422667,0.10024164485721414
6627,0.017379901386824617,0.01971764826949346,0.023811058840523276,0.02790446941155309,0.03199787998258291,0.03609129055361272,0.04018470112464254,0.058937707246218926,0.07769071336779533,0.09644371948937172,0.11519672561094813,0.1725522635160582,0.17021451663338938,0.16612110606235955,0.16202769549132973,0.1579342849202999,0.15384087434927007,0.14974746377824025,0.13099445765666387,0.11224145153508747,0.09348844541351108,0.07473543929193467
6628,0.018861538995962508,0.02139857893702769,0.025840952998510806,0.030283327059993915,0.03472570112147703,0.03916807518296014,0.04361044924444325,0.0639621502340575,0.08431385122367176,0.10466555221328604,0.1250172532029003,0.16219714722554288,0.1596601072844777,0.15521773322299456,0.15077535916151147,0.14633298510002835,0.14189061103854522,0.1374482369770621,0.11709653598744785,0.0967448349978336,0.07639313400821932,0.05604143301860505
6629,0.06031042844298219,0.06842270209442457,0.08262734801485494,0.09683199393528533,0.1110366398557157,0.1252412857761461,0.1394459316965765,0.20452120506052845,0.2695964784244804,0.33467175178843245,0.39974702515238447,0.4566317751531136,0.4485195015016712,0.43431485558124083,0.4201102096608105,0.4059055637403801,0.3917009178199497,0.3774962718995193,0.3124209985355673,0.24734572517161535,0.18227045180766333,0.1171951784437113
6630,0.30895518501738617,0.35051232648691727,0.4232791617051753,0.4960459969234333,0.5688128321416914,0.6415796673599494,0.7143465025782075,1.0477107919933368,1.3810750814084662,1.7144393708235957,2.0478036602387255,2.1024107163262697,2.0608535748567385,1.9880867396384805,1.9153199044202225,1.8425530692019643,1.7697862339837063,1.6970193987654483,1.363655109350319,1.0302908199351897,0.6969265305200603,0.3635622411049304
6631,1.1612949269476076,1.3174991271273024,1.5910137359992662,1.8645283448712298,2.1380429537431938,2.4115575626151577,2.685072171487121,3.9381155800368046,5.191158988586489,6.444202397136173,7.697245805685856,8.797592590406415,8.64138839022672,8.367873781354756,8.094359172482793,7.820844563610829,7.547329954738865,7.273815345866902,6.020771937317218,4.767728528767535,3.514685120217851,2.261641711668167
6632,2.8365400828547638,3.218079229059924,3.8861568494030205,4.554234469746118,5.222312090089215,5.890389710432311,6.558467330775408,9.61910918103339,12.679751031291374,15.74039288154936,18.801034731807345,21.40384848736475,21.02230934115959,20.354231720816493,19.686154100473395,19.018076480130297,18.3499988597872,17.6819212394441,14.621279389186117,11.560637538928134,8.499995688670149,5.439353838412163
6633,4.187241305649756,4.750461435119857,5.736663683482037,6.722865931844216,7.709068180206397,8.695270428568575,9.681472676930756,14.199528337297998,18.717583997665233,23.23563965803248,27.75369531839972,32.29130966000392,31.72808953053382,30.74188728217164,29.75568503380946,28.76948278544728,27.7832805370851,26.797078288722922,22.27902262835568,17.760966967988445,13.242911307621199,8.724855647253957
6634,4.1224380187469025,4.6769415462886,5.647880965838258,6.618820385387915,7.5897598049375725,8.56069922448723,9.53163864403689,13.979771212843394,18.427903781649896,22.876036350456406,27.324168919262913,32.91035711924829,32.35585359170659,31.384914172156932,30.413974752607274,29.443035333057615,28.472095913507957,27.501156493958298,23.053023925151795,18.60489135634529,14.15675878753878,9.708626218732274
6635,3.351595880008395,3.8024144805325077,4.591800893015079,5.381187305497649,6.170573717980221,6.959960130462791,7.7493465429453625,11.365736340329079,14.982126137712793,18.59851593509651,22.21490573248023,27.356769827551037,26.905951227026925,26.116564814544354,25.327178402061783,24.537791989579212,23.74840557709664,22.95901916461407,19.34262936723035,15.726239569846637,12.109849772462919,8.493459975079201
6636,2.9910124143164416,3.3933294236000933,4.097789222441407,4.80224902128272,5.506708820124034,6.211168618965348,6.915628417806662,10.142946736074473,13.370265054342282,16.597583372610092,19.82490169087791,24.2284335048095,23.82611649552585,23.121656696684536,22.417196897843223,21.71273709900191,21.008277300160596,20.303817501319283,17.076499183051475,13.849180864783666,10.621862546515855,7.394544228248039
6637,2.7047846416677372,3.0686015427890947,3.7056473923676854,4.342693241946275,4.979739091524866,5.6167849411034565,6.253830790682048,9.172307818474215,12.090784846266383,15.009261874058554,17.92773890185072,22.802692522038395,22.438875620917038,21.801829771338447,21.164783921759856,20.527738072181265,19.890692222602674,19.253646373024083,16.335169345231915,13.416692317439747,10.498215289647575,7.579738261855409
6638,2.20733046474823,2.5042354815337093,3.0241181699939683,3.544000858454227,4.063883546914486,4.583766235374744,5.103648923835004,7.485370246439614,9.867091569044224,12.248812891648836,14.630534214253444,19.724931122724897,19.428026105939416,18.908143417479156,18.388260729018896,17.868378040558635,17.348495352098375,16.828612663638115,14.446891341033504,12.065170018428894,9.683448695824282,7.3017273732196735
6639,1.677916042855984,1.903610246250039,2.298802319798513,2.693994393346985,3.0891864668954585,3.484378540443932,3.879570613992405,5.690050956937462,7.500531299882518,9.311011642827577,11.121491985772634,14.871256559632515,14.645562356238461,14.250370282689987,13.855178209141515,13.459986135593041,13.064794062044568,12.669601988496094,10.859121645551037,9.04864130260598,7.238160959660921,5.427680616715864
6640,1.1172675321315855,1.2675496673528908,1.5306947005095728,1.7938397336662546,2.0569847668229366,2.3201297999796187,2.583274833136301,3.7888124482913326,4.9943500634463645,6.199887678601396,7.405425293756428,10.033161309414842,9.882879174193537,9.619734141036854,9.356589107880172,9.09344407472349,8.830299041566807,8.567154008410125,7.361616393255093,6.156078778100062,4.95054116294503,3.745003547789998
6641,0.6682540838903488,0.7581400312657272,0.9155309318380566,1.0729218324103855,1.2303127329827148,1.3877036335550441,1.5450945341273732,2.2661442482220826,2.987193962316792,3.7082436764115014,4.429293390506211,6.0734388854665,5.983552938091121,5.826162037518792,5.668771136946463,5.5113802363741335,5.3539893358018045,5.196598435229475,4.475548721134766,3.7544990070400566,3.033449292945347,2.3123995788506377
6642,0.4397550001969972,0.4989058467966161,0.6024793784527985,0.7060529101089809,0.8096264417651632,0.9131999734213457,1.016773505077528,1.4912714914090162,1.9657694777405041,2.4402674640719924,2.9147654504034803,3.6846018562989733,3.625451009699354,3.5218774780431716,3.418303946386989,3.314730414730807,3.2111568830746244,3.1075833514184423,2.633085365086954,2.158587378755466,1.6840893924239777,1.2095914060924897
6643,0.286284866305672,0.32479265405806435,0.39222005033488544,0.4596474466117065,0.5270748428885276,0.5945022391653487,0.6619296354421698,0.9708325302776295,1.2797354251130895,1.5886383199485492,1.8975412147840094,2.22844041223525,2.1899326244828576,2.1225052282060366,2.0550778319292156,1.9876504356523945,1.9202230393755735,1.8527956430987524,1.5438927482632927,1.2349898534278327,0.926086958592373,0.6171840637569128
6644,0.1600000684787465,0.18152145994052682,0.21920556165659857,0.25688966337267033,0.2945737650887421,0.33225786680481384,0.3699419685208856,0.5425828942000834,0.7152238198792811,0.887864745558479,1.0605056712376768,1.3303544742870113,1.308833082825231,1.2711489811091592,1.2334648793930874,1.1957807776770155,1.1580966759609437,1.1204125742448718,0.947771648565674,0.7751307228864763,0.6024897972072784,0.4298488715280806
6645,0.0966650333943288,0.10966731548161278,0.1324343991801003,0.15520148287858784,0.17796856657707538,0.20073565027556292,0.2235027339740505,0.3278048196211218,0.432106905268193,0.5364089909152644,0.6407110765623357,0.8750441895076194,0.8620419074203355,0.8392748237218479,0.8165077400233604,0.7937406563248728,0.7709735726263852,0.7482064889278977,0.6439044032808263,0.5396023176337551,0.4353002319866837,0.3309981463396124
6646,0.060485888935644626,0.06862176353916513,0.08286773488598757,0.09711370623281,0.11135967757963244,0.1256056489264549,0.13985162027327736,0.2051162164429092,0.27038081261254104,0.33564540878217297,0.40091000495180484,0.6530761972950729,0.6449403226915524,0.63069435134473,0.6164483799979075,0.602202408651085,0.5879564373042625,0.57371046595744,0.5084458697878081,0.4431812736181763,0.37791667744854435,0.3126520812789125
6647,0.04326251605801909,0.04908169821561838,0.059271125452270715,0.06946055268892304,0.07964997992557539,0.08983940716222773,0.10002883439888008,0.1467093195416705,0.19338980468446088,0.24007028982725132,0.28675077497004176,0.499578441059629,0.4937592589020297,0.48356983166537737,0.47338040442872503,0.4631909771920727,0.45300154995542036,0.442812122718768,0.3961316375759776,0.3494511524331872,0.30277066729039676,0.2560901821476063
6648,0.031367184720614005,0.03558634204876214,0.04297411500909338,0.050361887969424625,0.057749660929755864,0.0651374338900871,0.07252520685041834,0.10637056615310214,0.14021592545578596,0.17406128475846977,0.20790664406115364,0.38513873965896495,0.3809195823308168,0.3735318093704856,0.36614403641015436,0.35875626344982314,0.3513684904894919,0.3439807175291607,0.3101353582264769,0.27628999892379313,0.24244463962110932,0.20859928031842545
6649,0.027541528392130105,0.031246101893993974,0.037732835101129916,0.04421956830826585,0.05070630151540179,0.057193034722537735,0.06367976792967367,0.09339722368731823,0.1231146794449628,0.15283213520260736,0.18254959096025195,0.2947264391013124,0.29102186559944854,0.2845351323923126,0.27804839918517665,0.2715616659780407,0.26507493277090477,0.25858819956376883,0.22887074380612427,0.1991532880484797,0.16943583229083514,0.13971837653319055
6650,0.021214760756460276,0.024068329353953997,0.029064947229369295,0.03406156510478459,0.03905818298019989,0.04405480085561519,0.049051418731030486,0.07194225852804301,0.09483309832505553,0.11772393812206808,0.1406147779190806,0.2196416620198345,0.2167880934223408,0.21179147554692548,0.20679485767151018,0.20179823979609487,0.19680162192067957,0.19180500404526427,0.16891416424825173,0.14602332445123922,0.12313248465422667,0.10024164485721414
6651,0.017379901386824617,0.01971764826949346,0.023811058840523276,0.02790446941155309,0.03199787998258291,0.03609129055361272,0.04018470112464254,0.058937707246218926,0.07769071336779533,0.09644371948937172,0.11519672561094813,0.1725522635160582,0.17021451663338938,0.16612110606235955,0.16202769549132973,0.1579342849202999,0.15384087434927007,0.14974746377824025,0.13099445765666387,0.11224145153508747,0.09348844541351108,0.07473543929193467
6652,0.018861538995962508,0.02139857893702769,0.025840952998510806,0.030283327059993915,0.03472570112147703,0.03916807518296014,0.04361044924444325,0.0639621502340575,0.08431385122367176,0.10466555221328604,0.1250172532029003,0.16219714722554288,0.1596601072844777,0.15521773322299456,0.15077535916151147,0.14633298510002835,0.14189061103854522,0.1374482369770621,0.11709653598744785,0.0967448349978336,0.07639313400821932,0.05604143301860505
6653,0.06031042844298219,0.06842270209442457,0.08262734801485494,0.09683199393528533,0.1110366398557157,0.1252412857761461,0.1394459316965765,0.20452120506052845,0.2695964784244804,0.33467175178843245,0.39974702515238447,0.4566317751531136,0.4485195015016712,0.43431485558124083,0.4201102096608105,0.4059055637403801,0.3917009178199497,0.3774962718995193,0.3124209985355673,0.24734572517161535,0.18227045180766333,0.1171951784437113
6654,0.30895518501738617,0.35051232648691727,0.4232791617051753,0.4960459969234333,0.5688128321416914,0.6415796673599494,0.7143465025782075,1.0477107919933368,1.3810750814084662,1.7144393708235957,2.0478036602387255,2.1024107163262697,2.0608535748567385,1.9880867396384805,1.9153199044202225,1.8425530692019643,1.7697862339837063,1.6970193987654483,1.363655109350319,1.0302908199351897,0.6969265305200603,0.3635622411049304
6655,1.1612949269476076,1.3174991271273024,1.5910137359992662,1.8645283448712298,2.1380429537431938,2.4115575626151577,2.685072171487121,3.9381155800368046,5.191158988586489,6.444202397136173,7.697245805685856,8.797592590406415,8.64138839022672,8.367873781354756,8.094359172482793,7.820844563610829,7.547329954738865,7.273815345866902,6.020771937317218,4.767728528767535,3.514685120217851,2.261641711668167
6656,2.8365400828547638,3.218079229059924,3.8861568494030205,4.554234469746118,5.222312090089215,5.890389710432311,6.558467330775408,9.61910918103339,12.679751031291374,15.74039288154936,18.801034731807345,21.40384848736475,21.02230934115959,20.354231720816493,19.686154100473395,19.018076480130297,18.3499988597872,17.6819212394441,14.621279389186117,11.560637538928134,8.499995688670149,5.439353838412163
6657,4.187241305649756,4.750461435119857,5.736663683482037,6.722865931844216,7.709068180206397,8.695270428568575,9.681472676930756,14.199528337297998,18.717583997665233,23.23563965803248,27.75369531839972,32.29130966000392,31.72808953053382,30.74188728217164,29.75568503380946,28.76948278544728,27.7832805370851,26.797078288722922,22.27902262835568,17.760966967988445,13.242911307621199,8.724855647253957
6658,4.1224380187469025,4.6769415462886,5.647880965838258,6.618820385387915,7.5897598049375725,8.56069922448723,9.53163864403689,13.979771212843394,18.427903781649896,22.876036350456406,27.324168919262913,32.91035711924829,32.35585359170659,31.384914172156932,30.413974752607274,29.443035333057615,28.472095913507957,27.501156493958298,23.053023925151795,18.60489135634529,14.15675878753878,9.708626218732274
6659,3.351595880008395,3.8024144805325077,4.591800893015079,5.381187305497649,6.170573717980221,6.959960130462791,7.7493465429453625,11.365736340329079,14.982126137712793,18.59851593509651,22.21490573248023,27.356769827551037,26.905951227026925,26.116564814544354,25.327178402061783,24.537791989579212,23.74840557709664,22.95901916461407,19.34262936723035,15.726239569846637,12.109849772462919,8.493459975079201
6660,2.9910124143164416,3.3933294236000933,4.097789222441407,4.80224902128272,5.506708820124034,6.211168618965348,6.915628417806662,10.142946736074473,13.370265054342282,16.597583372610092,19.82490169087791,24.2284335048095,23.82611649552585,23.121656696684536,22.417196897843223,21.71273709900191,21.008277300160596,20.303817501319283,17.076499183051475,13.849180864783666,10.621862546515855,7.394544228248039
6661,2.7047846416677372,3.0686015427890947,3.7056473923676854,4.342693241946275,4.979739091524866,5.6167849411034565,6.253830790682048,9.172307818474215,12.090784846266383,15.009261874058554,17.92773890185072,22.802692522038395,22.438875620917038,21.801829771338447,21.164783921759856,20.527738072181265,19.890692222602674,19.253646373024083,16.335169345231915,13.416692317439747,10.498215289647575,7.579738261855409
6662,2.20733046474823,2.5042354815337093,3.0241181699939683,3.544000858454227,4.063883546914486,4.583766235374744,5.103648923835004,7.485370246439614,9.867091569044224,12.248812891648836,14.630534214253444,19.724931122724897,19.428026105939416,18.908143417479156,18.388260729018896,17.868378040558635,17.348495352098375,16.828612663638115,14.446891341033504,12.065170018428894,9.683448695824282,7.3017273732196735
6663,1.677916042855984,1.903610246250039,2.298802319798513,2.693994393346985,3.0891864668954585,3.484378540443932,3.879570613992405,5.690050956937462,7.500531299882518,9.311011642827577,11.121491985772634,14.871256559632515,14.645562356238461,14.250370282689987,13.855178209141515,13.459986135593041,13.064794062044568,12.669601988496094,10.859121645551037,9.04864130260598,7.238160959660921,5.427680616715864
6664,1.1172675321315855,1.2675496673528908,1.5306947005095728,1.7938397336662546,2.0569847668229366,2.3201297999796187,2.583274833136301,3.7888124482913326,4.9943500634463645,6.199887678601396,7.405425293756428,10.033161309414842,9.882879174193537,9.619734141036854,9.356589107880172,9.09344407472349,8.830299041566807,8.567154008410125,7.361616393255093,6.156078778100062,4.95054116294503,3.745003547789998
6665,0.6682540838903488,0.7581400312657272,0.9155309318380566,1.0729218324103855,1.2303127329827148,1.3877036335550441,1.5450945341273732,2.2661442482220826,2.987193962316792,3.7082436764115014,4.429293390506211,6.0734388854665,5.983552938091121,5.826162037518792,5.668771136946463,5.5113802363741335,5.3539893358018045,5.196598435229475,4.475548721134766,3.7544990070400566,3.033449292945347,2.3123995788506377
6666,0.4397550001969972,0.4989058467966161,0.6024793784527985,0.7060529101089809,0.8096264417651632,0.9131999734213457,1.016773505077528,1.4912714914090162,1.9657694777405041,2.4402674640719924,2.9147654504034803,3.6846018562989733,3.625451009699354,3.5218774780431716,3.418303946386989,3.314730414730807,3.2111568830746244,3.1075833514184423,2.633085365086954,2.158587378755466,1.6840893924239777,1.2095914060924897
6667,0.286284866305672,0.32479265405806435,0.39222005033488544,0.4596474466117065,0.5270748428885276,0.5945022391653487,0.6619296354421698,0.9708325302776295,1.2797354251130895,1.5886383199485492,1.8975412147840094,2.22844041223525,2.1899326244828576,2.1225052282060366,2.0550778319292156,1.9876504356523945,1.9202230393755735,1.8527956430987524,1.5438927482632927,1.2349898534278327,0.926086958592373,0.6171840637569128
6668,0.1600000684787465,0.18152145994052682,0.21920556165659857,0.25688966337267033,0.2945737650887421,0.33225786680481384,0.3699419685208856,0.5425828942000834,0.7152238198792811,0.887864745558479,1.0605056712376768,1.3303544742870113,1.308833082825231,1.2711489811091592,1.2334648793930874,1.1957807776770155,1.1580966759609437,1.1204125742448718,0.947771648565674,0.7751307228864763,0.6024897972072784,0.4298488715280806
6669,0.0966650333943288,0.10966731548161278,0.1324343991801003,0.15520148287858784,0.17796856657707538,0.20073565027556292,0.2235027339740505,0.3278048196211218,0.432106905268193,0.5364089909152644,0.6407110765623357,0.8750441895076194,0.8620419074203355,0.8392748237218479,0.8165077400233604,0.7937406563248728,0.7709735726263852,0.7482064889278977,0.6439044032808263,0.5396023176337551,0.4353002319866837,0.3309981463396124
6670,0.060485888935644626,0.06862176353916513,0.08286773488598757,0.09711370623281,0.11135967757963244,0.1256056489264549,0.13985162027327736,0.2051162164429092,0.27038081261254104,0.33564540878217297,0.40091000495180484,0.6530761972950729,0.6449403226915524,0.63069435134473,0.6164483799979075,0.602202408651085,0.5879564373042625,0.57371046595744,0.5084458697878081,0.4431812736181763,0.37791667744854435,0.3126520812789125
6671,0.04326251605801909,0.04908169821561838,0.059271125452270715,0.06946055268892304,0.07964997992557539,0.08983940716222773,0.10002883439888008,0.1467093195416705,0.19338980468446088,0.24007028982725132,0.28675077497004176,0.499578441059629,0.4937592589020297,0.48356983166537737,0.47338040442872503,0.4631909771920727,0.45300154995542036,0.442812122718768,0.3961316375759776,0.3494511524331872,0.30277066729039676,0.2560901821476063
6672,0.06656898268586907,0.07552308595105217,0.09120178120737912,0.10688047646370606,0.12255917172003303,0.13823786697635998,0.1539165622326869,0.2257448489433112,0.29757313565393556,0.36940142236455986,0.44122970907518416,0.4271966781704077,0.4182425749052246,0.4025638796488976,0.3868851843925707,0.3712064891362437,0.35552779387991673,0.3398490986235898,0.2680208119129655,0.19619252520234115,0.12436423849171685,0.05253595178109255
6673,0.056639086305014866,0.06425753272192815,0.07759748382143074,0.09093743492093335,0.10427738602043597,0.11761733711993858,0.1309572882194412,0.19207116387144205,0.25318503952344296,0.31429891517544384,0.3754127908274448,0.3168441383691494,0.3092256919522361,0.2958857408527335,0.28254578975323086,0.26920583865372827,0.2558658875542257,0.24252593645472306,0.1814120608027222,0.1202981851507213,0.05918430949872042,-0.0019295661532805208
6674,0.03392680220936796,0.038490250202461725,0.046480878441028384,0.05447150667959503,0.06246213491816169,0.07045276315672834,0.07844339139529499,0.1150505915949522,0.15165779179460942,0.18826499199426663,0.22487219219392388,0.22601923126692836,0.22145578327383458,0.21346515503526792,0.20547452679670128,0.1974838985581346,0.18949327031956797,0.1815026420810013,0.1448954418813441,0.10828824168168688,0.07168104148202967,0.035073841282372425
6675,0.0236676925723058,0.026851201690074235,0.03242554764354464,0.03799989359701504,0.043574239550485436,0.049148585503955844,0.05472293145742625,0.08026049774238261,0.10579806402733898,0.13133563031229536,0.15687319659725174,0.20284547879051973,0.1996619696727513,0.1940876237192809,0.1885132777658105,0.1829389318123401,0.17736458585886972,0.17179023990539932,0.14625267362044297,0.12071510733548661,0.09517754105053022,0.06963997476557385
6676,0.02469635730095266,0.028018230711428102,0.03383485347536883,0.03965147623930954,0.04546809900325027,0.051284721767191,0.05710134453113172,0.08374884553458932,0.11039634653804692,0.1370438475415045,0.16369134854496212,0.2086410790622131,0.20531920565173767,0.19950258288779693,0.19368596012385622,0.18786933735991548,0.18205271459597477,0.17623609183203404,0.14958859082857645,0.12294108982511885,0.09629358882166127,0.06964608781820365
6677,0.018530992112733714,0.02102357064238779,0.025388092472381524,0.02975261430237525,0.03411713613236898,0.03848165796236271,0.04284617979235644,0.06284121893523797,0.08283625807811949,0.10283129722100104,0.12282633636388257,0.23076451461001737,0.2282719360803633,0.22390741425036959,0.21954289242037586,0.21517837059038214,0.21081384876038842,0.2064493269303947,0.18645428778751316,0.16645924864463163,0.1464642095017501,0.12646917035886857
6678,0.022723898938375474,0.025780459658883387,0.031132518111866028,0.036484576564848666,0.0418366350178313,0.04718869347081395,0.05254075192379659,0.0770599598532782,0.10157916778275981,0.12609837571224142,0.15061758364172306,0.3411068640072945,0.3380503032867866,0.33269824483380395,0.3273461863808213,0.32199412792783866,0.316642069474856,0.31129001102187337,0.2867708030923918,0.2622515951629102,0.2377323872334286,0.21321317930394695
6679,0.05954035988303085,0.0675490526604855,0.08157232777140645,0.0955956028823274,0.10961887799324835,0.12364215310416929,0.13766542821509023,0.20190979350324906,0.2661541587914079,0.33039852407956677,0.3946428893677256,0.5323949645104806,0.524386271733026,0.510362996622105,0.4963397215111841,0.48231644640026317,0.4682931712893422,0.4542698961784213,0.3900255308902625,0.32578116560210363,0.2615368003139448,0.19729243502578592
6680,0.09422208070711786,0.10689576455313886,0.129087470513181,0.15127917647322317,0.17347088243326533,0.1956625883933075,0.21785429435334966,0.31952042104539957,0.42118654773744957,0.5228526744294996,0.6245188011215496,0.7630054397344619,0.7503317558884409,0.7281400499283988,0.7059483439683566,0.6837566380083144,0.6615649320482723,0.6393732260882301,0.5377070993961802,0.4360409727041302,0.33437484601208023,0.23270871932003023
6681,0.11060462621291975,0.12548190395938727,0.1515321177130734,0.17758233146675953,0.2036325452204457,0.22968275897413182,0.255732972727818,0.37507595323620807,0.49441893374459817,0.6137619142529884,0.7331048947613785,1.04243040931092,1.0275531315644524,1.0015029178107662,0.9754527040570801,0.949402490303394,0.9233522765497079,0.8973020627960218,0.7779590822876317,0.6586161017792416,0.5392731212708513,0.41993014076246116
6682,0.14593538259187422,0.16556495229609972,0.19993646134515083,0.23430797039420195,0.2686794794432531,0.3030509884923042,0.3374224975413554,0.4948875522726021,0.6523526070038489,0.8098176617350957,0.9672827164663426,1.3368623237393928,1.3172327540351674,1.2828612449861163,1.2484897359370652,1.2141182268880142,1.1797467178389631,1.145375208789912,0.9879101540586653,0.8304450993274186,0.6729800445961718,0.5155149898649249
6683,0.17412844867806587,0.1975502293326846,0.2385619253527876,0.2795736213728906,0.3205853173929936,0.3615970134130966,0.40260870943319965,0.5904942325625675,0.7783797556919354,0.9662652788213034,1.1541508019506714,1.6963697765134498,1.6729479958588311,1.6319362998387281,1.590924603818625,1.549912907798522,1.508901211778419,1.467889515758316,1.2800039926289482,1.0921184694995802,0.9042329463702122,0.7163474232408442
6684,0.20258246617249245,0.22983155799628885,0.277544901707457,0.32525824541862514,0.3729715891297932,0.4206849328409614,0.46839827655212957,0.6869858360383282,0.9055733955245269,1.1241609550107257,1.3427485144969247,1.9211150761464808,1.8938659843226844,1.8461526406115163,1.7984392969003482,1.7507259531891801,1.7030126094780118,1.6552992657668437,1.4367117062806452,1.2181241467944464,0.9995365873082476,0.7809490278220486
6685,0.22682064156334378,0.25732997737244256,0.31075203030808307,0.3641740832437235,0.4175961361793641,0.4710181891150046,0.5244402420506451,0.769180921820084,1.013921601589523,1.2586622813589619,1.5034029611284008,2.0428941262432594,2.0123847904341607,1.9589627374985201,1.9055406845628797,1.852118631627239,1.7986965786915987,1.745274525755958,1.5005338459865192,1.2557931662170803,1.0110524864476413,0.7663118066782024
6686,0.28713168866453304,0.3257533813399477,0.3933802259058238,0.46100707047169975,0.5286339150375757,0.5962607596034519,0.6638876041693279,0.9737042248382178,1.2835208455071077,1.5933374661759976,1.9031540868448875,2.133676930271694,2.095055237596279,2.027428393030403,1.9598015484645268,1.8921747038986507,1.8245478593327746,1.7569210147668985,1.4471043940980086,1.1372877734291187,0.8274711527602288,0.5176545320913388
6687,0.3067951188581142,0.3480617127682659,0.42031979724889373,0.49257788172952155,0.5648359662101494,0.6370940506907772,0.709352135171405,1.040385701701159,1.3714192682309132,1.7024528347606676,2.0334864012904217,2.1612776545091203,2.120011060598969,2.047752976118341,1.975494891637713,1.9032368071570853,1.8309787226764576,1.7587206381958298,1.427687071666076,1.0966535051363218,0.7656199386065674,0.4345863720768133
6688,0.27598175878396375,0.31310368956544515,0.3781044409318533,0.44310519229826134,0.5081059436646694,0.5731066950310776,0.6381074463974856,0.9358932333664804,1.233679020335475,1.53146480730447,1.829250594273465,1.9097257114610804,1.872603780679599,1.8076030293131908,1.7426022779467827,1.6776015265803745,1.6126007752139664,1.5476000238475582,1.2498142368785634,0.9520284499095688,0.6542426629405738,0.35645687597157893
6689,0.2253108014307007,0.2556170506983482,0.3086834977291007,0.36174994475985317,0.4148163917906057,0.46788283882135817,0.5209492858521106,0.7640608400805081,1.0071723943089055,1.2502839485373032,1.4933955027657007,1.6192575536297766,1.588951304362129,1.5358848573313766,1.4828184103006241,1.4297519632698716,1.3766855162391192,1.3236190692083667,1.0805075149799692,0.8373959607515719,0.5942844065231742,0.3511728522947767
6690,0.181071206183045,0.20542684770103406,0.24807374039633354,0.290720633091633,0.3333675257869325,0.376014418482232,0.41866131117753147,0.6140381066158548,0.809414902054178,1.0047916974925013,1.200168492930825,1.489569188741577,1.4652135472235879,1.4225666545282885,1.379919761832989,1.3372728691376894,1.29462597644239,1.2519790837470905,1.0566022883087673,0.8612254928704441,0.6658486974321208,0.4704719019937972
6691,0.1371027565822645,0.15554426178254532,0.18783546186591396,0.22012666194928254,0.2524178620326512,0.2847090621160198,0.3170002621993884,0.464934866444111,0.6128694706888336,0.7608040749335562,0.9087386791782788,1.2544431595756709,1.23600165437539,1.2037104542920214,1.1714192542086528,1.1391280541252842,1.1068368540419156,1.074545653958547,0.9266110497138245,0.7786764454691019,0.6307418412243793,0.48280723697965666
6692,0.12288693681507708,0.1394162914452449,0.16835930297358676,0.19730231450192862,0.22624532603027048,0.25518833755861237,0.28413134908695425,0.4167270081222759,0.5493226671575976,0.6819183261929194,0.8145139852282411,0.965950353268064,0.9494209986378962,0.9204779871095543,0.8915349755812124,0.8625919640528705,0.8336489525245286,0.8047059409961868,0.6721102819608651,0.5395146229255434,0.40691896389022164,0.27432330485489986
6693,0.10407025709033581,0.11806860573895996,0.14257980870966933,0.16709101168037868,0.19160221465108804,0.2161134176217974,0.24062462059250678,0.3529169820306787,0.4652093434688507,0.5775017049070227,0.6897940663451948,0.756275578156249,0.7422772295076249,0.7177660265369155,0.6932548235662062,0.6687436205954969,0.6442324176247876,0.6197212146540781,0.5074288532159061,0.3951364917777342,0.2828441303395622,0.17055176890139007
6694,0.09174496304809825,0.10408545316899447,0.1256937346673304,0.14730201616566632,0.16891029766400223,0.19051857916233816,0.21212686066067407,0.3111201642112374,0.4101134677618008,0.5091067713123641,0.6081000748629275,0.6380177307790044,0.6256772406581081,0.6040689591597722,0.5824606776614363,0.5608523961631003,0.5392441146647644,0.5176358331664285,0.4186425296158651,0.3196492260653017,0.22065592251473837,0.12166261896417502
6695,0.0756798511426919,0.0858594449247251,0.10368398234795255,0.12150851977117999,0.13933305719440744,0.15715759461763487,0.17498213204086233,0.2566410943198301,0.33830005659879786,0.4199590188777657,0.5016179811567335,0.5589042903878931,0.54872469660586,0.5309001591826326,0.5130756217594051,0.4952510843361777,0.4774265469129503,0.45960200948972285,0.37794304721075506,0.2962840849317873,0.21462512265281947,0.13296616037385167
6696,0.06656898268586907,0.07552308595105217,0.09120178120737912,0.10688047646370606,0.12255917172003303,0.13823786697635998,0.1539165622326869,0.2257448489433112,0.29757313565393556,0.36940142236455986,0.44122970907518416,0.4271966781704077,0.4182425749052246,0.4025638796488976,0.3868851843925707,0.3712064891362437,0.35552779387991673,0.3398490986235898,0.2680208119129655,0.19619252520234115,0.12436423849171685,0.05253595178109255
6697,0.056639086305014866,0.06425753272192815,0.07759748382143074,0.09093743492093335,0.10427738602043597,0.11761733711993858,0.1309572882194412,0.19207116387144205,0.25318503952344296,0.31429891517544384,0.3754127908274448,0.3168441383691494,0.3092256919522361,0.2958857408527335,0.28254578975323086,0.26920583865372827,0.2558658875542257,0.24252593645472306,0.1814120608027222,0.1202981851507213,0.05918430949872042,-0.0019295661532805208
6698,0.03392680220936796,0.038490250202461725,0.046480878441028384,0.05447150667959503,0.06246213491816169,0.07045276315672834,0.07844339139529499,0.1150505915949522,0.15165779179460942,0.18826499199426663,0.22487219219392388,0.22601923126692836,0.22145578327383458,0.21346515503526792,0.20547452679670128,0.1974838985581346,0.18949327031956797,0.1815026420810013,0.1448954418813441,0.10828824168168688,0.07168104148202967,0.035073841282372425
6699,0.0236676925723058,0.026851201690074235,0.03242554764354464,0.03799989359701504,0.043574239550485436,0.049148585503955844,0.05472293145742625,0.08026049774238261,0.10579806402733898,0.13133563031229536,0.15687319659725174,0.20284547879051973,0.1996619696727513,0.1940876237192809,0.1885132777658105,0.1829389318123401,0.17736458585886972,0.17179023990539932,0.14625267362044297,0.12071510733548661,0.09517754105053022,0.06963997476557385
6700,0.02469635730095266,0.028018230711428102,0.03383485347536883,0.03965147623930954,0.04546809900325027,0.051284721767191,0.05710134453113172,0.08374884553458932,0.11039634653804692,0.1370438475415045,0.16369134854496212,0.2086410790622131,0.20531920565173767,0.19950258288779693,0.19368596012385622,0.18786933735991548,0.18205271459597477,0.17623609183203404,0.14958859082857645,0.12294108982511885,0.09629358882166127,0.06964608781820365
6701,0.018530992112733714,0.02102357064238779,0.025388092472381524,0.02975261430237525,0.03411713613236898,0.03848165796236271,0.04284617979235644,0.06284121893523797,0.08283625807811949,0.10283129722100104,0.12282633636388257,0.23076451461001737,0.2282719360803633,0.22390741425036959,0.21954289242037586,0.21517837059038214,0.21081384876038842,0.2064493269303947,0.18645428778751316,0.16645924864463163,0.1464642095017501,0.12646917035886857
6702,0.022723898938375474,0.025780459658883387,0.031132518111866028,0.036484576564848666,0.0418366350178313,0.04718869347081395,0.05254075192379659,0.0770599598532782,0.10157916778275981,0.12609837571224142,0.15061758364172306,0.3411068640072945,0.3380503032867866,0.33269824483380395,0.3273461863808213,0.32199412792783866,0.316642069474856,0.31129001102187337,0.2867708030923918,0.2622515951629102,0.2377323872334286,0.21321317930394695
6703,0.05954035988303085,0.0675490526604855,0.08157232777140645,0.0955956028823274,0.10961887799324835,0.12364215310416929,0.13766542821509023,0.20190979350324906,0.2661541587914079,0.33039852407956677,0.3946428893677256,0.5323949645104806,0.524386271733026,0.510362996622105,0.4963397215111841,0.48231644640026317,0.4682931712893422,0.4542698961784213,0.3900255308902625,0.32578116560210363,0.2615368003139448,0.19729243502578592
6704,0.09422208070711786,0.10689576455313886,0.129087470513181,0.15127917647322317,0.17347088243326533,0.1956625883933075,0.21785429435334966,0.31952042104539957,0.42118654773744957,0.5228526744294996,0.6245188011215496,0.7630054397344619,0.7503317558884409,0.7281400499283988,0.7059483439683566,0.6837566380083144,0.6615649320482723,0.6393732260882301,0.5377070993961802,0.4360409727041302,0.33437484601208023,0.23270871932003023
6705,0.11060462621291975,0.12548190395938727,0.1515321177130734,0.17758233146675953,0.2036325452204457,0.22968275897413182,0.255732972727818,0.37507595323620807,0.49441893374459817,0.6137619142529884,0.7331048947613785,1.04243040931092,1.0275531315644524,1.0015029178107662,0.9754527040570801,0.949402490303394,0.9233522765497079,0.8973020627960218,0.7779590822876317,0.6586161017792416,0.5392731212708513,0.41993014076246116
6706,0.14593538259187422,0.16556495229609972,0.19993646134515083,0.23430797039420195,0.2686794794432531,0.3030509884923042,0.3374224975413554,0.4948875522726021,0.6523526070038489,0.8098176617350957,0.9672827164663426,1.3368623237393928,1.3172327540351674,1.2828612449861163,1.2484897359370652,1.2141182268880142,1.1797467178389631,1.145375208789912,0.9879101540586653,0.8304450993274186,0.6729800445961718,0.5155149898649249
6707,0.17412844867806587,0.1975502293326846,0.2385619253527876,0.2795736213728906,0.3205853173929936,0.3615970134130966,0.40260870943319965,0.5904942325625675,0.7783797556919354,0.9662652788213034,1.1541508019506714,1.6963697765134498,1.6729479958588311,1.6319362998387281,1.590924603818625,1.549912907798522,1.508901211778419,1.467889515758316,1.2800039926289482,1.0921184694995802,0.9042329463702122,0.7163474232408442
6708,0.20258246617249245,0.22983155799628885,0.277544901707457,0.32525824541862514,0.3729715891297932,0.4206849328409614,0.46839827655212957,0.6869858360383282,0.9055733955245269,1.1241609550107257,1.3427485144969247,1.9211150761464808,1.8938659843226844,1.8461526406115163,1.7984392969003482,1.7507259531891801,1.7030126094780118,1.6552992657668437,1.4367117062806452,1.2181241467944464,0.9995365873082476,0.7809490278220486
6709,0.22682064156334378,0.25732997737244256,0.31075203030808307,0.3641740832437235,0.4175961361793641,0.4710181891150046,0.5244402420506451,0.769180921820084,1.013921601589523,1.2586622813589619,1.5034029611284008,2.0428941262432594,2.0123847904341607,1.9589627374985201,1.9055406845628797,1.852118631627239,1.7986965786915987,1.745274525755958,1.5005338459865192,1.2557931662170803,1.0110524864476413,0.7663118066782024
6710,0.28713168866453304,0.3257533813399477,0.3933802259058238,0.46100707047169975,0.5286339150375757,0.5962607596034519,0.6638876041693279,0.9737042248382178,1.2835208455071077,1.5933374661759976,1.9031540868448875,2.133676930271694,2.095055237596279,2.027428393030403,1.9598015484645268,1.8921747038986507,1.8245478593327746,1.7569210147668985,1.4471043940980086,1.1372877734291187,0.8274711527602288,0.5176545320913388
6711,0.3067951188581142,0.3480617127682659,0.42031979724889373,0.49257788172952155,0.5648359662101494,0.6370940506907772,0.709352135171405,1.040385701701159,1.3714192682309132,1.7024528347606676,2.0334864012904217,2.1612776545091203,2.120011060598969,2.047752976118341,1.975494891637713,1.9032368071570853,1.8309787226764576,1.7587206381958298,1.427687071666076,1.0966535051363218,0.7656199386065674,0.4345863720768133
6712,0.27598175878396375,0.31310368956544515,0.3781044409318533,0.44310519229826134,0.5081059436646694,0.5731066950310776,0.6381074463974856,0.9358932333664804,1.233679020335475,1.53146480730447,1.829250594273465,1.9097257114610804,1.872603780679599,1.8076030293131908,1.7426022779467827,1.6776015265803745,1.6126007752139664,1.5476000238475582,1.2498142368785634,0.9520284499095688,0.6542426629405738,0.35645687597157893
6713,0.2253108014307007,0.2556170506983482,0.3086834977291007,0.36174994475985317,0.4148163917906057,0.46788283882135817,0.5209492858521106,0.7640608400805081,1.0071723943089055,1.2502839485373032,1.4933955027657007,1.6192575536297766,1.588951304362129,1.5358848573313766,1.4828184103006241,1.4297519632698716,1.3766855162391192,1.3236190692083667,1.0805075149799692,0.8373959607515719,0.5942844065231742,0.3511728522947767
6714,0.181071206183045,0.20542684770103406,0.24807374039633354,0.290720633091633,0.3333675257869325,0.376014418482232,0.41866131117753147,0.6140381066158548,0.809414902054178,1.0047916974925013,1.200168492930825,1.489569188741577,1.4652135472235879,1.4225666545282885,1.379919761832989,1.3372728691376894,1.29462597644239,1.2519790837470905,1.0566022883087673,0.8612254928704441,0.6658486974321208,0.4704719019937972
6715,0.1371027565822645,0.15554426178254532,0.18783546186591396,0.22012666194928254,0.2524178620326512,0.2847090621160198,0.3170002621993884,0.464934866444111,0.6128694706888336,0.7608040749335562,0.9087386791782788,1.2544431595756709,1.23600165437539,1.2037104542920214,1.1714192542086528,1.1391280541252842,1.1068368540419156,1.074545653958547,0.9266110497138245,0.7786764454691019,0.6307418412243793,0.48280723697965666
6716,0.12288693681507708,0.1394162914452449,0.16835930297358676,0.19730231450192862,0.22624532603027048,0.25518833755861237,0.28413134908695425,0.4167270081222759,0.5493226671575976,0.6819183261929194,0.8145139852282411,0.965950353268064,0.9494209986378962,0.9204779871095543,0.8915349755812124,0.8625919640528705,0.8336489525245286,0.8047059409961868,0.6721102819608651,0.5395146229255434,0.40691896389022164,0.27432330485489986
6717,0.10407025709033581,0.11806860573895996,0.14257980870966933,0.16709101168037868,0.19160221465108804,0.2161134176217974,0.24062462059250678,0.3529169820306787,0.4652093434688507,0.5775017049070227,0.6897940663451948,0.756275578156249,0.7422772295076249,0.7177660265369155,0.6932548235662062,0.6687436205954969,0.6442324176247876,0.6197212146540781,0.5074288532159061,0.3951364917777342,0.2828441303395622,0.17055176890139007
6718,0.09174496304809825,0.10408545316899447,0.1256937346673304,0.14730201616566632,0.16891029766400223,0.19051857916233816,0.21212686066067407,0.3111201642112374,0.4101134677618008,0.5091067713123641,0.6081000748629275,0.6380177307790044,0.6256772406581081,0.6040689591597722,0.5824606776614363,0.5608523961631003,0.5392441146647644,0.5176358331664285,0.4186425296158651,0.3196492260653017,0.22065592251473837,0.12166261896417502
6719,0.0756798511426919,0.0858594449247251,0.10368398234795255,0.12150851977117999,0.13933305719440744,0.15715759461763487,0.17498213204086233,0.2566410943198301,0.33830005659879786,0.4199590188777657,0.5016179811567335,0.5589042903878931,0.54872469660586,0.5309001591826326,0.5130756217594051,0.4952510843361777,0.4774265469129503,0.45960200948972285,0.37794304721075506,0.2962840849317873,0.21462512265281947,0.13296616037385167
6720,0.031367184720614005,0.03558634204876214,0.04297411500909338,0.050361887969424625,0.057749660929755864,0.0651374338900871,0.07252520685041834,0.10637056615310214,0.14021592545578596,0.17406128475846977,0.20790664406115364,0.38513873965896495,0.3809195823308168,0.3735318093704856,0.36614403641015436,0.35875626344982314,0.3513684904894919,0.3439807175291607,0.3101353582264769,0.27628999892379313,0.24244463962110932,0.20859928031842545
6721,0.027541528392130105,0.031246101893993974,0.037732835101129916,0.04421956830826585,0.05070630151540179,0.057193034722537735,0.06367976792967367,0.09339722368731823,0.1231146794449628,0.15283213520260736,0.18254959096025195,0.2947264391013124,0.29102186559944854,0.2845351323923126,0.27804839918517665,0.2715616659780407,0.26507493277090477,0.25858819956376883,0.22887074380612427,0.1991532880484797,0.16943583229083514,0.13971837653319055
6722,0.021214760756460276,0.024068329353953997,0.029064947229369295,0.03406156510478459,0.03905818298019989,0.04405480085561519,0.049051418731030486,0.07194225852804301,0.09483309832505553,0.11772393812206808,0.1406147779190806,0.2196416620198345,0.2167880934223408,0.21179147554692548,0.20679485767151018,0.20179823979609487,0.19680162192067957,0.19180500404526427,0.16891416424825173,0.14602332445123922,0.12313248465422667,0.10024164485721414
6723,0.017379901386824617,0.01971764826949346,0.023811058840523276,0.02790446941155309,0.03199787998258291,0.03609129055361272,0.04018470112464254,0.058937707246218926,0.07769071336779533,0.09644371948937172,0.11519672561094813,0.1725522635160582,0.17021451663338938,0.16612110606235955,0.16202769549132973,0.1579342849202999,0.15384087434927007,0.14974746377824025,0.13099445765666387,0.11224145153508747,0.09348844541351108,0.07473543929193467
6724,0.018861538995962508,0.02139857893702769,0.025840952998510806,0.030283327059993915,0.03472570112147703,0.03916807518296014,0.04361044924444325,0.0639621502340575,0.08431385122367176,0.10466555221328604,0.1250172532029003,0.16219714722554288,0.1596601072844777,0.15521773322299456,0.15077535916151147,0.14633298510002835,0.14189061103854522,0.1374482369770621,0.11709653598744785,0.0967448349978336,0.07639313400821932,0.05604143301860505
6725,0.06031042844298219,0.06842270209442457,0.08262734801485494,0.09683199393528533,0.1110366398557157,0.1252412857761461,0.1394459316965765,0.20452120506052845,0.2695964784244804,0.33467175178843245,0.39974702515238447,0.4566317751531136,0.4485195015016712,0.43431485558124083,0.4201102096608105,0.4059055637403801,0.3917009178199497,0.3774962718995193,0.3124209985355673,0.24734572517161535,0.18227045180766333,0.1171951784437113
6726,0.30895518501738617,0.35051232648691727,0.4232791617051753,0.4960459969234333,0.5688128321416914,0.6415796673599494,0.7143465025782075,1.0477107919933368,1.3810750814084662,1.7144393708235957,2.0478036602387255,2.1024107163262697,2.0608535748567385,1.9880867396384805,1.9153199044202225,1.8425530692019643,1.7697862339837063,1.6970193987654483,1.363655109350319,1.0302908199351897,0.6969265305200603,0.3635622411049304
6727,1.1612949269476076,1.3174991271273024,1.5910137359992662,1.8645283448712298,2.1380429537431938,2.4115575626151577,2.685072171487121,3.9381155800368046,5.191158988586489,6.444202397136173,7.697245805685856,8.797592590406415,8.64138839022672,8.367873781354756,8.094359172482793,7.820844563610829,7.547329954738865,7.273815345866902,6.020771937317218,4.767728528767535,3.514685120217851,2.261641711668167
6728,2.8365400828547638,3.218079229059924,3.8861568494030205,4.554234469746118,5.222312090089215,5.890389710432311,6.558467330775408,9.61910918103339,12.679751031291374,15.74039288154936,18.801034731807345,21.40384848736475,21.02230934115959,20.354231720816493,19.686154100473395,19.018076480130297,18.3499988597872,17.6819212394441,14.621279389186117,11.560637538928134,8.499995688670149,5.439353838412163
6729,4.187241305649756,4.750461435119857,5.736663683482037,6.722865931844216,7.709068180206397,8.695270428568575,9.681472676930756,14.199528337297998,18.717583997665233,23.23563965803248,27.75369531839972,32.29130966000392,31.72808953053382,30.74188728217164,29.75568503380946,28.76948278544728,27.7832805370851,26.797078288722922,22.27902262835568,17.760966967988445,13.242911307621199,8.724855647253957
6730,4.1224380187469025,4.6769415462886,5.647880965838258,6.618820385387915,7.5897598049375725,8.56069922448723,9.53163864403689,13.979771212843394,18.427903781649896,22.876036350456406,27.324168919262913,32.91035711924829,32.35585359170659,31.384914172156932,30.413974752607274,29.443035333057615,28.472095913507957,27.501156493958298,23.053023925151795,18.60489135634529,14.15675878753878,9.708626218732274
6731,3.351595880008395,3.8024144805325077,4.591800893015079,5.381187305497649,6.170573717980221,6.959960130462791,7.7493465429453625,11.365736340329079,14.982126137712793,18.59851593509651,22.21490573248023,27.356769827551037,26.905951227026925,26.116564814544354,25.327178402061783,24.537791989579212,23.74840557709664,22.95901916461407,19.34262936723035,15.726239569846637,12.109849772462919,8.493459975079201
6732,2.9910124143164416,3.3933294236000933,4.097789222441407,4.80224902128272,5.506708820124034,6.211168618965348,6.915628417806662,10.142946736074473,13.370265054342282,16.597583372610092,19.82490169087791,24.2284335048095,23.82611649552585,23.121656696684536,22.417196897843223,21.71273709900191,21.008277300160596,20.303817501319283,17.076499183051475,13.849180864783666,10.621862546515855,7.394544228248039
6733,2.7047846416677372,3.0686015427890947,3.7056473923676854,4.342693241946275,4.979739091524866,5.6167849411034565,6.253830790682048,9.172307818474215,12.090784846266383,15.009261874058554,17.92773890185072,22.802692522038395,22.438875620917038,21.801829771338447,21.164783921759856,20.527738072181265,19.890692222602674,19.253646373024083,16.335169345231915,13.416692317439747,10.498215289647575,7.579738261855409
6734,2.20733046474823,2.5042354815337093,3.0241181699939683,3.544000858454227,4.063883546914486,4.583766235374744,5.103648923835004,7.485370246439614,9.867091569044224,12.248812891648836,14.630534214253444,19.724931122724897,19.428026105939416,18.908143417479156,18.388260729018896,17.868378040558635,17.348495352098375,16.828612663638115,14.446891341033504,12.065170018428894,9.683448695824282,7.3017273732196735
6735,1.677916042855984,1.903610246250039,2.298802319798513,2.693994393346985,3.0891864668954585,3.484378540443932,3.879570613992405,5.690050956937462,7.500531299882518,9.311011642827577,11.121491985772634,14.871256559632515,14.645562356238461,14.250370282689987,13.855178209141515,13.459986135593041,13.064794062044568,12.669601988496094,10.859121645551037,9.04864130260598,7.238160959660921,5.427680616715864
6736,1.1172675321315855,1.2675496673528908,1.5306947005095728,1.7938397336662546,2.0569847668229366,2.3201297999796187,2.583274833136301,3.7888124482913326,4.9943500634463645,6.199887678601396,7.405425293756428,10.033161309414842,9.882879174193537,9.619734141036854,9.356589107880172,9.09344407472349,8.830299041566807,8.567154008410125,7.361616393255093,6.156078778100062,4.95054116294503,3.745003547789998
6737,0.6682540838903488,0.7581400312657272,0.9155309318380566,1.0729218324103855,1.2303127329827148,1.3877036335550441,1.5450945341273732,2.2661442482220826,2.987193962316792,3.7082436764115014,4.429293390506211,6.0734388854665,5.983552938091121,5.826162037518792,5.668771136946463,5.5113802363741335,5.3539893358018045,5.196598435229475,4.475548721134766,3.7544990070400566,3.033449292945347,2.3123995788506377
6738,0.4397550001969972,0.4989058467966161,0.6024793784527985,0.7060529101089809,0.8096264417651632,0.9131999734213457,1.016773505077528,1.4912714914090162,1.9657694777405041,2.4402674640719924,2.9147654504034803,3.6846018562989733,3.625451009699354,3.5218774780431716,3.418303946386989,3.314730414730807,3.2111568830746244,3.1075833514184423,2.633085365086954,2.158587378755466,1.6840893924239777,1.2095914060924897
6739,0.286284866305672,0.32479265405806435,0.39222005033488544,0.4596474466117065,0.5270748428885276,0.5945022391653487,0.6619296354421698,0.9708325302776295,1.2797354251130895,1.5886383199485492,1.8975412147840094,2.22844041223525,2.1899326244828576,2.1225052282060366,2.0550778319292156,1.9876504356523945,1.9202230393755735,1.8527956430987524,1.5438927482632927,1.2349898534278327,0.926086958592373,0.6171840637569128
6740,0.1600000684787465,0.18152145994052682,0.21920556165659857,0.25688966337267033,0.2945737650887421,0.33225786680481384,0.3699419685208856,0.5425828942000834,0.7152238198792811,0.887864745558479,1.0605056712376768,1.3303544742870113,1.308833082825231,1.2711489811091592,1.2334648793930874,1.1957807776770155,1.1580966759609437,1.1204125742448718,0.947771648565674,0.7751307228864763,0.6024897972072784,0.4298488715280806
6741,0.0966650333943288,0.10966731548161278,0.1324343991801003,0.15520148287858784,0.17796856657707538,0.20073565027556292,0.2235027339740505,0.3278048196211218,0.432106905268193,0.5364089909152644,0.6407110765623357,0.8750441895076194,0.8620419074203355,0.8392748237218479,0.8165077400233604,0.7937406563248728,0.7709735726263852,0.7482064889278977,0.6439044032808263,0.5396023176337551,0.4353002319866837,0.3309981463396124
6742,0.060485888935644626,0.06862176353916513,0.08286773488598757,0.09711370623281,0.11135967757963244,0.1256056489264549,0.13985162027327736,0.2051162164429092,0.27038081261254104,0.33564540878217297,0.40091000495180484,0.6530761972950729,0.6449403226915524,0.63069435134473,0.6164483799979075,0.602202408651085,0.5879564373042625,0.57371046595744,0.5084458697878081,0.4431812736181763,0.37791667744854435,0.3126520812789125
6743,0.04326251605801909,0.04908169821561838,0.059271125452270715,0.06946055268892304,0.07964997992557539,0.08983940716222773,0.10002883439888008,0.1467093195416705,0.19338980468446088,0.24007028982725132,0.28675077497004176,0.499578441059629,0.4937592589020297,0.48356983166537737,0.47338040442872503,0.4631909771920727,0.45300154995542036,0.442812122718768,0.3961316375759776,0.3494511524331872,0.30277066729039676,0.2560901821476063
6744,0.031367184720614005,0.03558634204876214,0.04297411500909338,0.050361887969424625,0.057749660929755864,0.0651374338900871,0.07252520685041834,0.10637056615310214,0.14021592545578596,0.17406128475846977,0.20790664406115364,0.38513873965896495,0.3809195823308168,0.3735318093704856,0.36614403641015436,0.35875626344982314,0.3513684904894919,0.3439807175291607,0.3101353582264769,0.27628999892379313,0.24244463962110932,0.20859928031842545
6745,0.027541528392130105,0.031246101893993974,0.037732835101129916,0.04421956830826585,0.05070630151540179,0.057193034722537735,0.06367976792967367,0.09339722368731823,0.1231146794449628,0.15283213520260736,0.18254959096025195,0.2947264391013124,0.29102186559944854,0.2845351323923126,0.27804839918517665,0.2715616659780407,0.26507493277090477,0.25858819956376883,0.22887074380612427,0.1991532880484797,0.16943583229083514,0.13971837653319055
6746,0.021214760756460276,0.024068329353953997,0.029064947229369295,0.03406156510478459,0.03905818298019989,0.04405480085561519,0.049051418731030486,0.07194225852804301,0.09483309832505553,0.11772393812206808,0.1406147779190806,0.2196416620198345,0.2167880934223408,0.21179147554692548,0.20679485767151018,0.20179823979609487,0.19680162192067957,0.19180500404526427,0.16891416424825173,0.14602332445123922,0.12313248465422667,0.10024164485721414
6747,0.017379901386824617,0.01971764826949346,0.023811058840523276,0.02790446941155309,0.03199787998258291,0.03609129055361272,0.04018470112464254,0.058937707246218926,0.07769071336779533,0.09644371948937172,0.11519672561094813,0.1725522635160582,0.17021451663338938,0.16612110606235955,0.16202769549132973,0.1579342849202999,0.15384087434927007,0.14974746377824025,0.13099445765666387,0.11224145153508747,0.09348844541351108,0.07473543929193467
6748,0.018861538995962508,0.02139857893702769,0.025840952998510806,0.030283327059993915,0.03472570112147703,0.03916807518296014,0.04361044924444325,0.0639621502340575,0.08431385122367176,0.10466555221328604,0.1250172532029003,0.16219714722554288,0.1596601072844777,0.15521773322299456,0.15077535916151147,0.14633298510002835,0.14189061103854522,0.1374482369770621,0.11709653598744785,0.0967448349978336,0.07639313400821932,0.05604143301860505
6749,0.06031042844298219,0.06842270209442457,0.08262734801485494,0.09683199393528533,0.1110366398557157,0.1252412857761461,0.1394459316965765,0.20452120506052845,0.2695964784244804,0.33467175178843245,0.39974702515238447,0.4566317751531136,0.4485195015016712,0.43431485558124083,0.4201102096608105,0.4059055637403801,0.3917009178199497,0.3774962718995193,0.3124209985355673,0.24734572517161535,0.18227045180766333,0.1171951784437113
6750,0.30895518501738617,0.35051232648691727,0.4232791617051753,0.4960459969234333,0.5688128321416914,0.6415796673599494,0.7143465025782075,1.0477107919933368,1.3810750814084662,1.7144393708235957,2.0478036602387255,2.1024107163262697,2.0608535748567385,1.9880867396384805,1.9153199044202225,1.8425530692019643,1.7697862339837063,1.6970193987654483,1.363655109350319,1.0302908199351897,0.6969265305200603,0.3635622411049304
6751,1.1612949269476076,1.3174991271273024,1.5910137359992662,1.8645283448712298,2.1380429537431938,2.4115575626151577,2.685072171487121,3.9381155800368046,5.191158988586489,6.444202397136173,7.697245805685856,8.797592590406415,8.64138839022672,8.367873781354756,8.094359172482793,7.820844563610829,7.547329954738865,7.273815345866902,6.020771937317218,4.767728528767535,3.514685120217851,2.261641711668167
6752,2.8365400828547638,3.218079229059924,3.8861568494030205,4.554234469746118,5.222312090089215,5.890389710432311,6.558467330775408,9.61910918103339,12.679751031291374,15.74039288154936,18.801034731807345,21.40384848736475,21.02230934115959,20.354231720816493,19.686154100473395,19.018076480130297,18.3499988597872,17.6819212394441,14.621279389186117,11.560637538928134,8.499995688670149,5.439353838412163
6753,4.187241305649756,4.750461435119857,5.736663683482037,6.722865931844216,7.709068180206397,8.695270428568575,9.681472676930756,14.199528337297998,18.717583997665233,23.23563965803248,27.75369531839972,32.29130966000392,31.72808953053382,30.74188728217164,29.75568503380946,28.76948278544728,27.7832805370851,26.797078288722922,22.27902262835568,17.760966967988445,13.242911307621199,8.724855647253957
6754,4.1224380187469025,4.6769415462886,5.647880965838258,6.618820385387915,7.5897598049375725,8.56069922448723,9.53163864403689,13.979771212843394,18.427903781649896,22.876036350456406,27.324168919262913,32.91035711924829,32.35585359170659,31.384914172156932,30.413974752607274,29.443035333057615,28.472095913507957,27.501156493958298,23.053023925151795,18.60489135634529,14.15675878753878,9.708626218732274
6755,3.351595880008395,3.8024144805325077,4.591800893015079,5.381187305497649,6.170573717980221,6.959960130462791,7.7493465429453625,11.365736340329079,14.982126137712793,18.59851593509651,22.21490573248023,27.356769827551037,26.905951227026925,26.116564814544354,25.327178402061783,24.537791989579212,23.74840557709664,22.95901916461407,19.34262936723035,15.726239569846637,12.109849772462919,8.493459975079201
6756,2.9910124143164416,3.3933294236000933,4.097789222441407,4.80224902128272,5.506708820124034,6.211168618965348,6.915628417806662,10.142946736074473,13.370265054342282,16.597583372610092,19.82490169087791,24.2284335048095,23.82611649552585,23.121656696684536,22.417196897843223,21.71273709900191,21.008277300160596,20.303817501319283,17.076499183051475,13.849180864783666,10.621862546515855,7.394544228248039
6757,2.7047846416677372,3.0686015427890947,3.7056473923676854,4.342693241946275,4.979739091524866,5.6167849411034565,6.253830790682048,9.172307818474215,12.090784846266383,15.009261874058554,17.92773890185072,22.802692522038395,22.438875620917038,21.801829771338447,21.164783921759856,20.527738072181265,19.890692222602674,19.253646373024083,16.335169345231915,13.416692317439747,10.498215289647575,7.579738261855409
6758,2.20733046474823,2.5042354815337093,3.0241181699939683,3.544000858454227,4.063883546914486,4.583766235374744,5.103648923835004,7.485370246439614,9.867091569044224,12.248812891648836,14.630534214253444,19.724931122724897,19.428026105939416,18.908143417479156,18.388260729018896,17.868378040558635,17.348495352098375,16.828612663638115,14.446891341033504,12.065170018428894,9.683448695824282,7.3017273732196735
6759,1.677916042855984,1.903610246250039,2.298802319798513,2.693994393346985,3.0891864668954585,3.484378540443932,3.879570613992405,5.690050956937462,7.500531299882518,9.311011642827577,11.121491985772634,14.871256559632515,14.645562356238461,14.250370282689987,13.855178209141515,13.459986135593041,13.064794062044568,12.669601988496094,10.859121645551037,9.04864130260598,7.238160959660921,5.427680616715864
6760,1.1172675321315855,1.2675496673528908,1.5306947005095728,1.7938397336662546,2.0569847668229366,2.3201297999796187,2.583274833136301,3.7888124482913326,4.9943500634463645,6.199887678601396,7.405425293756428,10.033161309414842,9.882879174193537,9.619734141036854,9.356589107880172,9.09344407472349,8.830299041566807,8.567154008410125,7.361616393255093,6.156078778100062,4.95054116294503,3.745003547789998
6761,0.6682540838903488,0.7581400312657272,0.9155309318380566,1.0729218324103855,1.2303127329827148,1.3877036335550441,1.5450945341273732,2.2661442482220826,2.987193962316792,3.7082436764115014,4.429293390506211,6.0734388854665,5.983552938091121,5.826162037518792,5.668771136946463,5.5113802363741335,5.3539893358018045,5.196598435229475,4.475548721134766,3.7544990070400566,3.033449292945347,2.3123995788506377
6762,0.4397550001969972,0.4989058467966161,0.6024793784527985,0.7060529101089809,0.8096264417651632,0.9131999734213457,1.016773505077528,1.4912714914090162,1.9657694777405041,2.4402674640719924,2.9147654504034803,3.6846018562989733,3.625451009699354,3.5218774780431716,3.418303946386989,3.314730414730807,3.2111568830746244,3.1075833514184423,2.633085365086954,2.158587378755466,1.6840893924239777,1.2095914060924897
6763,0.286284866305672,0.32479265405806435,0.39222005033488544,0.4596474466117065,0.5270748428885276,0.5945022391653487,0.6619296354421698,0.9708325302776295,1.2797354251130895,1.5886383199485492,1.8975412147840094,2.22844041223525,2.1899326244828576,2.1225052282060366,2.0550778319292156,1.9876504356523945,1.9202230393755735,1.8527956430987524,1.5438927482632927,1.2349898534278327,0.926086958592373,0.6171840637569128
6764,0.1600000684787465,0.18152145994052682,0.21920556165659857,0.25688966337267033,0.2945737650887421,0.33225786680481384,0.3699419685208856,0.5425828942000834,0.7152238198792811,0.887864745558479,1.0605056712376768,1.3303544742870113,1.308833082825231,1.2711489811091592,1.2334648793930874,1.1957807776770155,1.1580966759609437,1.1204125742448718,0.947771648565674,0.7751307228864763,0.6024897972072784,0.4298488715280806
6765,0.0966650333943288,0.10966731548161278,0.1324343991801003,0.15520148287858784,0.17796856657707538,0.20073565027556292,0.2235027339740505,0.3278048196211218,0.432106905268193,0.5364089909152644,0.6407110765623357,0.8750441895076194,0.8620419074203355,0.8392748237218479,0.8165077400233604,0.7937406563248728,0.7709735726263852,0.7482064889278977,0.6439044032808263,0.5396023176337551,0.4353002319866837,0.3309981463396124
6766,0.060485888935644626,0.06862176353916513,0.08286773488598757,0.09711370623281,0.11135967757963244,0.1256056489264549,0.13985162027327736,0.2051162164429092,0.27038081261254104,0.33564540878217297,0.40091000495180484,0.6530761972950729,0.6449403226915524,0.63069435134473,0.6164483799979075,0.602202408651085,0.5879564373042625,0.57371046595744,0.5084458697878081,0.4431812736181763,0.37791667744854435,0.3126520812789125
6767,0.04326251605801909,0.04908169821561838,0.059271125452270715,0.06946055268892304,0.07964997992557539,0.08983940716222773,0.10002883439888008,0.1467093195416705,0.19338980468446088,0.24007028982725132,0.28675077497004176,0.499578441059629,0.4937592589020297,0.48356983166537737,0.47338040442872503,0.4631909771920727,0.45300154995542036,0.442812122718768,0.3961316375759776,0.3494511524331872,0.30277066729039676,0.2560901821476063
6768,0.031367184720614005,0.03558634204876214,0.04297411500909338,0.050361887969424625,0.057749660929755864,0.0651374338900871,0.07252520685041834,0.10637056615310214,0.14021592545578596,0.17406128475846977,0.20790664406115364,0.38513873965896495,0.3809195823308168,0.3735318093704856,0.36614403641015436,0.35875626344982314,0.3513684904894919,0.3439807175291607,0.3101353582264769,0.27628999892379313,0.24244463962110932,0.20859928031842545
6769,0.027541528392130105,0.031246101893993974,0.037732835101129916,0.04421956830826585,0.05070630151540179,0.057193034722537735,0.06367976792967367,0.09339722368731823,0.1231146794449628,0.15283213520260736,0.18254959096025195,0.2947264391013124,0.29102186559944854,0.2845351323923126,0.27804839918517665,0.2715616659780407,0.26507493277090477,0.25858819956376883,0.22887074380612427,0.1991532880484797,0.16943583229083514,0.13971837653319055
6770,0.021214760756460276,0.024068329353953997,0.029064947229369295,0.03406156510478459,0.03905818298019989,0.04405480085561519,0.049051418731030486,0.07194225852804301,0.09483309832505553,0.11772393812206808,0.1406147779190806,0.2196416620198345,0.2167880934223408,0.21179147554692548,0.20679485767151018,0.20179823979609487,0.19680162192067957,0.19180500404526427,0.16891416424825173,0.14602332445123922,0.12313248465422667,0.10024164485721414
6771,0.017379901386824617,0.01971764826949346,0.023811058840523276,0.02790446941155309,0.03199787998258291,0.03609129055361272,0.04018470112464254,0.058937707246218926,0.07769071336779533,0.09644371948937172,0.11519672561094813,0.1725522635160582,0.17021451663338938,0.16612110606235955,0.16202769549132973,0.1579342849202999,0.15384087434927007,0.14974746377824025,0.13099445765666387,0.11224145153508747,0.09348844541351108,0.07473543929193467
6772,0.018861538995962508,0.02139857893702769,0.025840952998510806,0.030283327059993915,0.03472570112147703,0.03916807518296014,0.04361044924444325,0.0639621502340575,0.08431385122367176,0.10466555221328604,0.1250172532029003,0.16219714722554288,0.1596601072844777,0.15521773322299456,0.15077535916151147,0.14633298510002835,0.14189061103854522,0.1374482369770621,0.11709653598744785,0.0967448349978336,0.07639313400821932,0.05604143301860505
6773,0.06031042844298219,0.06842270209442457,0.08262734801485494,0.09683199393528533,0.1110366398557157,0.1252412857761461,0.1394459316965765,0.20452120506052845,0.2695964784244804,0.33467175178843245,0.39974702515238447,0.4566317751531136,0.4485195015016712,0.43431485558124083,0.4201102096608105,0.4059055637403801,0.3917009178199497,0.3774962718995193,0.3124209985355673,0.24734572517161535,0.18227045180766333,0.1171951784437113
6774,0.30895518501738617,0.35051232648691727,0.4232791617051753,0.4960459969234333,0.5688128321416914,0.6415796673599494,0.7143465025782075,1.0477107919933368,1.3810750814084662,1.7144393708235957,2.0478036602387255,2.1024107163262697,2.0608535748567385,1.9880867396384805,1.9153199044202225,1.8425530692019643,1.7697862339837063,1.6970193987654483,1.363655109350319,1.0302908199351897,0.6969265305200603,0.3635622411049304
6775,1.1612949269476076,1.3174991271273024,1.5910137359992662,1.8645283448712298,2.1380429537431938,2.4115575626151577,2.685072171487121,3.9381155800368046,5.191158988586489,6.444202397136173,7.697245805685856,8.797592590406415,8.64138839022672,8.367873781354756,8.094359172482793,7.820844563610829,7.547329954738865,7.273815345866902,6.020771937317218,4.767728528767535,3.514685120217851,2.261641711668167
6776,2.8365400828547638,3.218079229059924,3.8861568494030205,4.554234469746118,5.222312090089215,5.890389710432311,6.558467330775408,9.61910918103339,12.679751031291374,15.74039288154936,18.801034731807345,21.40384848736475,21.02230934115959,20.354231720816493,19.686154100473395,19.018076480130297,18.3499988597872,17.6819212394441,14.621279389186117,11.560637538928134,8.499995688670149,5.439353838412163
6777,4.187241305649756,4.750461435119857,5.736663683482037,6.722865931844216,7.709068180206397,8.695270428568575,9.681472676930756,14.199528337297998,18.717583997665233,23.23563965803248,27.75369531839972,32.29130966000392,31.72808953053382,30.74188728217164,29.75568503380946,28.76948278544728,27.7832805370851,26.797078288722922,22.27902262835568,17.760966967988445,13.242911307621199,8.724855647253957
6778,4.1224380187469025,4.6769415462886,5.647880965838258,6.618820385387915,7.5897598049375725,8.56069922448723,9.53163864403689,13.979771212843394,18.427903781649896,22.876036350456406,27.324168919262913,32.91035711924829,32.35585359170659,31.384914172156932,30.413974752607274,29.443035333057615,28.472095913507957,27.501156493958298,23.053023925151795,18.60489135634529,14.15675878753878,9.708626218732274
6779,3.351595880008395,3.8024144805325077,4.591800893015079,5.381187305497649,6.170573717980221,6.959960130462791,7.7493465429453625,11.365736340329079,14.982126137712793,18.59851593509651,22.21490573248023,27.356769827551037,26.905951227026925,26.116564814544354,25.327178402061783,24.537791989579212,23.74840557709664,22.95901916461407,19.34262936723035,15.726239569846637,12.109849772462919,8.493459975079201
6780,2.9910124143164416,3.3933294236000933,4.097789222441407,4.80224902128272,5.506708820124034,6.211168618965348,6.915628417806662,10.142946736074473,13.370265054342282,16.597583372610092,19.82490169087791,24.2284335048095,23.82611649552585,23.121656696684536,22.417196897843223,21.71273709900191,21.008277300160596,20.303817501319283,17.076499183051475,13.849180864783666,10.621862546515855,7.394544228248039
6781,2.7047846416677372,3.0686015427890947,3.7056473923676854,4.342693241946275,4.979739091524866,5.6167849411034565,6.253830790682048,9.172307818474215,12.090784846266383,15.009261874058554,17.92773890185072,22.802692522038395,22.438875620917038,21.801829771338447,21.164783921759856,20.527738072181265,19.890692222602674,19.253646373024083,16.335169345231915,13.416692317439747,10.498215289647575,7.579738261855409
6782,2.20733046474823,2.5042354815337093,3.0241181699939683,3.544000858454227,4.063883546914486,4.583766235374744,5.103648923835004,7.485370246439614,9.867091569044224,12.248812891648836,14.630534214253444,19.724931122724897,19.428026105939416,18.908143417479156,18.388260729018896,17.868378040558635,17.348495352098375,16.828612663638115,14.446891341033504,12.065170018428894,9.683448695824282,7.3017273732196735
6783,1.677916042855984,1.903610246250039,2.298802319798513,2.693994393346985,3.0891864668954585,3.484378540443932,3.879570613992405,5.690050956937462,7.500531299882518,9.311011642827577,11.121491985772634,14.871256559632515,14.645562356238461,14.250370282689987,13.855178209141515,13.459986135593041,13.064794062044568,12.669601988496094,10.859121645551037,9.04864130260598,7.238160959660921,5.427680616715864
6784,1.1172675321315855,1.2675496673528908,1.5306947005095728,1.7938397336662546,2.0569847668229366,2.3201297999796187,2.583274833136301,3.7888124482913326,4.9943500634463645,6.199887678601396,7.405425293756428,10.033161309414842,9.882879174193537,9.619734141036854,9.356589107880172,9.09344407472349,8.830299041566807,8.567154008410125,7.361616393255093,6.156078778100062,4.95054116294503,3.745003547789998
6785,0.6682540838903488,0.7581400312657272,0.9155309318380566,1.0729218324103855,1.2303127329827148,1.3877036335550441,1.5450945341273732,2.2661442482220826,2.987193962316792,3.7082436764115014,4.429293390506211,6.0734388854665,5.983552938091121,5.826162037518792,5.668771136946463,5.5113802363741335,5.3539893358018045,5.196598435229475,4.475548721134766,3.7544990070400566,3.033449292945347,2.3123995788506377
6786,0.4397550001969972,0.4989058467966161,0.6024793784527985,0.7060529101089809,0.8096264417651632,0.9131999734213457,1.016773505077528,1.4912714914090162,1.9657694777405041,2.4402674640719924,2.9147654504034803,3.6846018562989733,3.625451009699354,3.5218774780431716,3.418303946386989,3.314730414730807,3.2111568830746244,3.1075833514184423,2.633085365086954,2.158587378755466,1.6840893924239777,1.2095914060924897
6787,0.286284866305672,0.32479265405806435,0.39222005033488544,0.4596474466117065,0.5270748428885276,0.5945022391653487,0.6619296354421698,0.9708325302776295,1.2797354251130895,1.5886383199485492,1.8975412147840094,2.22844041223525,2.1899326244828576,2.1225052282060366,2.0550778319292156,1.9876504356523945,1.9202230393755735,1.8527956430987524,1.5438927482632927,1.2349898534278327,0.926086958592373,0.6171840637569128
6788,0.1600000684787465,0.18152145994052682,0.21920556165659857,0.25688966337267033,0.2945737650887421,0.33225786680481384,0.3699419685208856,0.5425828942000834,0.7152238198792811,0.887864745558479,1.0605056712376768,1.3303544742870113,1.308833082825231,1.2711489811091592,1.2334648793930874,1.1957807776770155,1.1580966759609437,1.1204125742448718,0.947771648565674,0.7751307228864763,0.6024897972072784,0.4298488715280806
6789,0.0966650333943288,0.10966731548161278,0.1324343991801003,0.15520148287858784,0.17796856657707538,0.20073565027556292,0.2235027339740505,0.3278048196211218,0.432106905268193,0.5364089909152644,0.6407110765623357,0.8750441895076194,0.8620419074203355,0.8392748237218479,0.8165077400233604,0.7937406563248728,0.7709735726263852,0.7482064889278977,0.6439044032808263,0.5396023176337551,0.4353002319866837,0.3309981463396124
6790,0.060485888935644626,0.06862176353916513,0.08286773488598757,0.09711370623281,0.11135967757963244,0.1256056489264549,0.13985162027327736,0.2051162164429092,0.27038081261254104,0.33564540878217297,0.40091000495180484,0.6530761972950729,0.6449403226915524,0.63069435134473,0.6164483799979075,0.602202408651085,0.5879564373042625,0.57371046595744,0.5084458697878081,0.4431812736181763,0.37791667744854435,0.3126520812789125
6791,0.04326251605801909,0.04908169821561838,0.059271125452270715,0.06946055268892304,0.07964997992557539,0.08983940716222773,0.10002883439888008,0.1467093195416705,0.19338980468446088,0.24007028982725132,0.28675077497004176,0.499578441059629,0.4937592589020297,0.48356983166537737,0.47338040442872503,0.4631909771920727,0.45300154995542036,0.442812122718768,0.3961316375759776,0.3494511524331872,0.30277066729039676,0.2560901821476063
6792,0.031367184720614005,0.03558634204876214,0.04297411500909338,0.050361887969424625,0.057749660929755864,0.0651374338900871,0.07252520685041834,0.10637056615310214,0.14021592545578596,0.17406128475846977,0.20790664406115364,0.38513873965896495,0.3809195823308168,0.3735318093704856,0.36614403641015436,0.35875626344982314,0.3513684904894919,0.3439807175291607,0.3101353582264769,0.27628999892379313,0.24244463962110932,0.20859928031842545
6793,0.027541528392130105,0.031246101893993974,0.037732835101129916,0.04421956830826585,0.05070630151540179,0.057193034722537735,0.06367976792967367,0.09339722368731823,0.1231146794449628,0.15283213520260736,0.18254959096025195,0.2947264391013124,0.29102186559944854,0.2845351323923126,0.27804839918517665,0.2715616659780407,0.26507493277090477,0.25858819956376883,0.22887074380612427,0.1991532880484797,0.16943583229083514,0.13971837653319055
6794,0.021214760756460276,0.024068329353953997,0.029064947229369295,0.03406156510478459,0.03905818298019989,0.04405480085561519,0.049051418731030486,0.07194225852804301,0.09483309832505553,0.11772393812206808,0.1406147779190806,0.2196416620198345,0.2167880934223408,0.21179147554692548,0.20679485767151018,0.20179823979609487,0.19680162192067957,0.19180500404526427,0.16891416424825173,0.14602332445123922,0.12313248465422667,0.10024164485721414
6795,0.017379901386824617,0.01971764826949346,0.023811058840523276,0.02790446941155309,0.03199787998258291,0.03609129055361272,0.04018470112464254,0.058937707246218926,0.07769071336779533,0.09644371948937172,0.11519672561094813,0.1725522635160582,0.17021451663338938,0.16612110606235955,0.16202769549132973,0.1579342849202999,0.15384087434927007,0.14974746377824025,0.13099445765666387,0.11224145153508747,0.09348844541351108,0.07473543929193467
6796,0.018861538995962508,0.02139857893702769,0.025840952998510806,0.030283327059993915,0.03472570112147703,0.03916807518296014,0.04361044924444325,0.0639621502340575,0.08431385122367176,0.10466555221328604,0.1250172532029003,0.16219714722554288,0.1596601072844777,0.15521773322299456,0.15077535916151147,0.14633298510002835,0.14189061103854522,0.1374482369770621,0.11709653598744785,0.0967448349978336,0.07639313400821932,0.05604143301860505
6797,0.06031042844298219,0.06842270209442457,0.08262734801485494,0.09683199393528533,0.1110366398557157,0.1252412857761461,0.1394459316965765,0.20452120506052845,0.2695964784244804,0.33467175178843245,0.39974702515238447,0.4566317751531136,0.4485195015016712,0.43431485558124083,0.4201102096608105,0.4059055637403801,0.3917009178199497,0.3774962718995193,0.3124209985355673,0.24734572517161535,0.18227045180766333,0.1171951784437113
6798,0.30895518501738617,0.35051232648691727,0.4232791617051753,0.4960459969234333,0.5688128321416914,0.6415796673599494,0.7143465025782075,1.0477107919933368,1.3810750814084662,1.7144393708235957,2.0478036602387255,2.1024107163262697,2.0608535748567385,1.9880867396384805,1.9153199044202225,1.8425530692019643,1.7697862339837063,1.6970193987654483,1.363655109350319,1.0302908199351897,0.6969265305200603,0.3635622411049304
6799,1.1612949269476076,1.3174991271273024,1.5910137359992662,1.8645283448712298,2.1380429537431938,2.4115575626151577,2.685072171487121,3.9381155800368046,5.191158988586489,6.444202397136173,7.697245805685856,8.797592590406415,8.64138839022672,8.367873781354756,8.094359172482793,7.820844563610829,7.547329954738865,7.273815345866902,6.020771937317218,4.767728528767535,3.514685120217851,2.261641711668167
6800,2.8365400828547638,3.218079229059924,3.8861568494030205,4.554234469746118,5.222312090089215,5.890389710432311,6.558467330775408,9.61910918103339,12.679751031291374,15.74039288154936,18.801034731807345,21.40384848736475,21.02230934115959,20.354231720816493,19.686154100473395,19.018076480130297,18.3499988597872,17.6819212394441,14.621279389186117,11.560637538928134,8.499995688670149,5.439353838412163
6801,4.187241305649756,4.750461435119857,5.736663683482037,6.722865931844216,7.709068180206397,8.695270428568575,9.681472676930756,14.199528337297998,18.717583997665233,23.23563965803248,27.75369531839972,32.29130966000392,31.72808953053382,30.74188728217164,29.75568503380946,28.76948278544728,27.7832805370851,26.797078288722922,22.27902262835568,17.760966967988445,13.242911307621199,8.724855647253957
6802,4.1224380187469025,4.6769415462886,5.647880965838258,6.618820385387915,7.5897598049375725,8.56069922448723,9.53163864403689,13.979771212843394,18.427903781649896,22.876036350456406,27.324168919262913,32.91035711924829,32.35585359170659,31.384914172156932,30.413974752607274,29.443035333057615,28.472095913507957,27.501156493958298,23.053023925151795,18.60489135634529,14.15675878753878,9.708626218732274
6803,3.351595880008395,3.8024144805325077,4.591800893015079,5.381187305497649,6.170573717980221,6.959960130462791,7.7493465429453625,11.365736340329079,14.982126137712793,18.59851593509651,22.21490573248023,27.356769827551037,26.905951227026925,26.116564814544354,25.327178402061783,24.537791989579212,23.74840557709664,22.95901916461407,19.34262936723035,15.726239569846637,12.109849772462919,8.493459975079201
6804,2.9910124143164416,3.3933294236000933,4.097789222441407,4.80224902128272,5.506708820124034,6.211168618965348,6.915628417806662,10.142946736074473,13.370265054342282,16.597583372610092,19.82490169087791,24.2284335048095,23.82611649552585,23.121656696684536,22.417196897843223,21.71273709900191,21.008277300160596,20.303817501319283,17.076499183051475,13.849180864783666,10.621862546515855,7.394544228248039
6805,2.7047846416677372,3.0686015427890947,3.7056473923676854,4.342693241946275,4.979739091524866,5.6167849411034565,6.253830790682048,9.172307818474215,12.090784846266383,15.009261874058554,17.92773890185072,22.802692522038395,22.438875620917038,21.801829771338447,21.164783921759856,20.527738072181265,19.890692222602674,19.253646373024083,16.335169345231915,13.416692317439747,10.498215289647575,7.579738261855409
6806,2.20733046474823,2.5042354815337093,3.0241181699939683,3.544000858454227,4.063883546914486,4.583766235374744,5.103648923835004,7.485370246439614,9.867091569044224,12.248812891648836,14.630534214253444,19.724931122724897,19.428026105939416,18.908143417479156,18.388260729018896,17.868378040558635,17.348495352098375,16.828612663638115,14.446891341033504,12.065170018428894,9.683448695824282,7.3017273732196735
6807,1.677916042855984,1.903610246250039,2.298802319798513,2.693994393346985,3.0891864668954585,3.484378540443932,3.879570613992405,5.690050956937462,7.500531299882518,9.311011642827577,11.121491985772634,14.871256559632515,14.645562356238461,14.250370282689987,13.855178209141515,13.459986135593041,13.064794062044568,12.669601988496094,10.859121645551037,9.04864130260598,7.238160959660921,5.427680616715864
6808,1.1172675321315855,1.2675496673528908,1.5306947005095728,1.7938397336662546,2.0569847668229366,2.3201297999796187,2.583274833136301,3.7888124482913326,4.9943500634463645,6.199887678601396,7.405425293756428,10.033161309414842,9.882879174193537,9.619734141036854,9.356589107880172,9.09344407472349,8.830299041566807,8.567154008410125,7.361616393255093,6.156078778100062,4.95054116294503,3.745003547789998
6809,0.6682540838903488,0.7581400312657272,0.9155309318380566,1.0729218324103855,1.2303127329827148,1.3877036335550441,1.5450945341273732,2.2661442482220826,2.987193962316792,3.7082436764115014,4.429293390506211,6.0734388854665,5.983552938091121,5.826162037518792,5.668771136946463,5.5113802363741335,5.3539893358018045,5.196598435229475,4.475548721134766,3.7544990070400566,3.033449292945347,2.3123995788506377
6810,0.4397550001969972,0.4989058467966161,0.6024793784527985,0.7060529101089809,0.8096264417651632,0.9131999734213457,1.016773505077528,1.4912714914090162,1.9657694777405041,2.4402674640719924,2.9147654504034803,3.6846018562989733,3.625451009699354,3.5218774780431716,3.418303946386989,3.314730414730807,3.2111568830746244,3.1075833514184423,2.633085365086954,2.158587378755466,1.6840893924239777,1.2095914060924897
6811,0.286284866305672,0.32479265405806435,0.39222005033488544,0.4596474466117065,0.5270748428885276,0.5945022391653487,0.6619296354421698,0.9708325302776295,1.2797354251130895,1.5886383199485492,1.8975412147840094,2.22844041223525,2.1899326244828576,2.1225052282060366,2.0550778319292156,1.9876504356523945,1.9202230393755735,1.8527956430987524,1.5438927482632927,1.2349898534278327,0.926086958592373,0.6171840637569128
6812,0.1600000684787465,0.18152145994052682,0.21920556165659857,0.25688966337267033,0.2945737650887421,0.33225786680481384,0.3699419685208856,0.5425828942000834,0.7152238198792811,0.887864745558479,1.0605056712376768,1.3303544742870113,1.308833082825231,1.2711489811091592,1.2334648793930874,1.1957807776770155,1.1580966759609437,1.1204125742448718,0.947771648565674,0.7751307228864763,0.6024897972072784,0.4298488715280806
6813,0.0966650333943288,0.10966731548161278,0.1324343991801003,0.15520148287858784,0.17796856657707538,0.20073565027556292,0.2235027339740505,0.3278048196211218,0.432106905268193,0.5364089909152644,0.6407110765623357,0.8750441895076194,0.8620419074203355,0.8392748237218479,0.8165077400233604,0.7937406563248728,0.7709735726263852,0.7482064889278977,0.6439044032808263,0.5396023176337551,0.4353002319866837,0.3309981463396124
6814,0.060485888935644626,0.06862176353916513,0.08286773488598757,0.09711370623281,0.11135967757963244,0.1256056489264549,0.13985162027327736,0.2051162164429092,0.27038081261254104,0.33564540878217297,0.40091000495180484,0.6530761972950729,0.6449403226915524,0.63069435134473,0.6164483799979075,0.602202408651085,0.5879564373042625,0.57371046595744,0.5084458697878081,0.4431812736181763,0.37791667744854435,0.3126520812789125
6815,0.04326251605801909,0.04908169821561838,0.059271125452270715,0.06946055268892304,0.07964997992557539,0.08983940716222773,0.10002883439888008,0.1467093195416705,0.19338980468446088,0.24007028982725132,0.28675077497004176,0.499578441059629,0.4937592589020297,0.48356983166537737,0.47338040442872503,0.4631909771920727,0.45300154995542036,0.442812122718768,0.3961316375759776,0.3494511524331872,0.30277066729039676,0.2560901821476063
6816,0.031367184720614005,0.03558634204876214,0.04297411500909338,0.050361887969424625,0.057749660929755864,0.0651374338900871,0.07252520685041834,0.10637056615310214,0.14021592545578596,0.17406128475846977,0.20790664406115364,0.38513873965896495,0.3809195823308168,0.3735318093704856,0.36614403641015436,0.35875626344982314,0.3513684904894919,0.3439807175291607,0.3101353582264769,0.27628999892379313,0.24244463962110932,0.20859928031842545
6817,0.027541528392130105,0.031246101893993974,0.037732835101129916,0.04421956830826585,0.05070630151540179,0.057193034722537735,0.06367976792967367,0.09339722368731823,0.1231146794449628,0.15283213520260736,0.18254959096025195,0.2947264391013124,0.29102186559944854,0.2845351323923126,0.27804839918517665,0.2715616659780407,0.26507493277090477,0.25858819956376883,0.22887074380612427,0.1991532880484797,0.16943583229083514,0.13971837653319055
6818,0.021214760756460276,0.024068329353953997,0.029064947229369295,0.03406156510478459,0.03905818298019989,0.04405480085561519,0.049051418731030486,0.07194225852804301,0.09483309832505553,0.11772393812206808,0.1406147779190806,0.2196416620198345,0.2167880934223408,0.21179147554692548,0.20679485767151018,0.20179823979609487,0.19680162192067957,0.19180500404526427,0.16891416424825173,0.14602332445123922,0.12313248465422667,0.10024164485721414
6819,0.017379901386824617,0.01971764826949346,0.023811058840523276,0.02790446941155309,0.03199787998258291,0.03609129055361272,0.04018470112464254,0.058937707246218926,0.07769071336779533,0.09644371948937172,0.11519672561094813,0.1725522635160582,0.17021451663338938,0.16612110606235955,0.16202769549132973,0.1579342849202999,0.15384087434927007,0.14974746377824025,0.13099445765666387,0.11224145153508747,0.09348844541351108,0.07473543929193467
6820,0.018861538995962508,0.02139857893702769,0.025840952998510806,0.030283327059993915,0.03472570112147703,0.03916807518296014,0.04361044924444325,0.0639621502340575,0.08431385122367176,0.10466555221328604,0.1250172532029003,0.16219714722554288,0.1596601072844777,0.15521773322299456,0.15077535916151147,0.14633298510002835,0.14189061103854522,0.1374482369770621,0.11709653598744785,0.0967448349978336,0.07639313400821932,0.05604143301860505
6821,0.06031042844298219,0.06842270209442457,0.08262734801485494,0.09683199393528533,0.1110366398557157,0.1252412857761461,0.1394459316965765,0.20452120506052845,0.2695964784244804,0.33467175178843245,0.39974702515238447,0.4566317751531136,0.4485195015016712,0.43431485558124083,0.4201102096608105,0.4059055637403801,0.3917009178199497,0.3774962718995193,0.3124209985355673,0.24734572517161535,0.18227045180766333,0.1171951784437113
6822,0.30895518501738617,0.35051232648691727,0.4232791617051753,0.4960459969234333,0.5688128321416914,0.6415796673599494,0.7143465025782075,1.0477107919933368,1.3810750814084662,1.7144393708235957,2.0478036602387255,2.1024107163262697,2.0608535748567385,1.9880867396384805,1.9153199044202225,1.8425530692019643,1.7697862339837063,1.6970193987654483,1.363655109350319,1.0302908199351897,0.6969265305200603,0.3635622411049304
6823,1.1612949269476076,1.3174991271273024,1.5910137359992662,1.8645283448712298,2.1380429537431938,2.4115575626151577,2.685072171487121,3.9381155800368046,5.191158988586489,6.444202397136173,7.697245805685856,8.797592590406415,8.64138839022672,8.367873781354756,8.094359172482793,7.820844563610829,7.547329954738865,7.273815345866902,6.020771937317218,4.767728528767535,3.514685120217851,2.261641711668167
6824,2.8365400828547638,3.218079229059924,3.8861568494030205,4.554234469746118,5.222312090089215,5.890389710432311,6.558467330775408,9.61910918103339,12.679751031291374,15.74039288154936,18.801034731807345,21.40384848736475,21.02230934115959,20.354231720816493,19.686154100473395,19.018076480130297,18.3499988597872,17.6819212394441,14.621279389186117,11.560637538928134,8.499995688670149,5.439353838412163
6825,4.187241305649756,4.750461435119857,5.736663683482037,6.722865931844216,7.709068180206397,8.695270428568575,9.681472676930756,14.199528337297998,18.717583997665233,23.23563965803248,27.75369531839972,32.29130966000392,31.72808953053382,30.74188728217164,29.75568503380946,28.76948278544728,27.7832805370851,26.797078288722922,22.27902262835568,17.760966967988445,13.242911307621199,8.724855647253957
6826,4.1224380187469025,4.6769415462886,5.647880965838258,6.618820385387915,7.5897598049375725,8.56069922448723,9.53163864403689,13.979771212843394,18.427903781649896,22.876036350456406,27.324168919262913,32.91035711924829,32.35585359170659,31.384914172156932,30.413974752607274,29.443035333057615,28.472095913507957,27.501156493958298,23.053023925151795,18.60489135634529,14.15675878753878,9.708626218732274
6827,3.351595880008395,3.8024144805325077,4.591800893015079,5.381187305497649,6.170573717980221,6.959960130462791,7.7493465429453625,11.365736340329079,14.982126137712793,18.59851593509651,22.21490573248023,27.356769827551037,26.905951227026925,26.116564814544354,25.327178402061783,24.537791989579212,23.74840557709664,22.95901916461407,19.34262936723035,15.726239569846637,12.109849772462919,8.493459975079201
6828,2.9910124143164416,3.3933294236000933,4.097789222441407,4.80224902128272,5.506708820124034,6.211168618965348,6.915628417806662,10.142946736074473,13.370265054342282,16.597583372610092,19.82490169087791,24.2284335048095,23.82611649552585,23.121656696684536,22.417196897843223,21.71273709900191,21.008277300160596,20.303817501319283,17.076499183051475,13.849180864783666,10.621862546515855,7.394544228248039
6829,2.7047846416677372,3.0686015427890947,3.7056473923676854,4.342693241946275,4.979739091524866,5.6167849411034565,6.253830790682048,9.172307818474215,12.090784846266383,15.009261874058554,17.92773890185072,22.802692522038395,22.438875620917038,21.801829771338447,21.164783921759856,20.527738072181265,19.890692222602674,19.253646373024083,16.335169345231915,13.416692317439747,10.498215289647575,7.579738261855409
6830,2.20733046474823,2.5042354815337093,3.0241181699939683,3.544000858454227,4.063883546914486,4.583766235374744,5.103648923835004,7.485370246439614,9.867091569044224,12.248812891648836,14.630534214253444,19.724931122724897,19.428026105939416,18.908143417479156,18.388260729018896,17.868378040558635,17.348495352098375,16.828612663638115,14.446891341033504,12.065170018428894,9.683448695824282,7.3017273732196735
6831,1.677916042855984,1.903610246250039,2.298802319798513,2.693994393346985,3.0891864668954585,3.484378540443932,3.879570613992405,5.690050956937462,7.500531299882518,9.311011642827577,11.121491985772634,14.871256559632515,14.645562356238461,14.250370282689987,13.855178209141515,13.459986135593041,13.064794062044568,12.669601988496094,10.859121645551037,9.04864130260598,7.238160959660921,5.427680616715864
6832,1.1172675321315855,1.2675496673528908,1.5306947005095728,1.7938397336662546,2.0569847668229366,2.3201297999796187,2.583274833136301,3.7888124482913326,4.9943500634463645,6.199887678601396,7.405425293756428,10.033161309414842,9.882879174193537,9.619734141036854,9.356589107880172,9.09344407472349,8.830299041566807,8.567154008410125,7.361616393255093,6.156078778100062,4.95054116294503,3.745003547789998
6833,0.6682540838903488,0.7581400312657272,0.9155309318380566,1.0729218324103855,1.2303127329827148,1.3877036335550441,1.5450945341273732,2.2661442482220826,2.987193962316792,3.7082436764115014,4.429293390506211,6.0734388854665,5.983552938091121,5.826162037518792,5.668771136946463,5.5113802363741335,5.3539893358018045,5.196598435229475,4.475548721134766,3.7544990070400566,3.033449292945347,2.3123995788506377
6834,0.4397550001969972,0.4989058467966161,0.6024793784527985,0.7060529101089809,0.8096264417651632,0.9131999734213457,1.016773505077528,1.4912714914090162,1.9657694777405041,2.4402674640719924,2.9147654504034803,3.6846018562989733,3.625451009699354,3.5218774780431716,3.418303946386989,3.314730414730807,3.2111568830746244,3.1075833514184423,2.633085365086954,2.158587378755466,1.6840893924239777,1.2095914060924897
6835,0.286284866305672,0.32479265405806435,0.39222005033488544,0.4596474466117065,0.5270748428885276,0.5945022391653487,0.6619296354421698,0.9708325302776295,1.2797354251130895,1.5886383199485492,1.8975412147840094,2.22844041223525,2.1899326244828576,2.1225052282060366,2.0550778319292156,1.9876504356523945,1.9202230393755735,1.8527956430987524,1.5438927482632927,1.2349898534278327,0.926086958592373,0.6171840637569128
6836,0.1600000684787465,0.18152145994052682,0.21920556165659857,0.25688966337267033,0.2945737650887421,0.33225786680481384,0.3699419685208856,0.5425828942000834,0.7152238198792811,0.887864745558479,1.0605056712376768,1.3303544742870113,1.308833082825231,1.2711489811091592,1.2334648793930874,1.1957807776770155,1.1580966759609437,1.1204125742448718,0.947771648565674,0.7751307228864763,0.6024897972072784,0.4298488715280806
6837,0.0966650333943288,0.10966731548161278,0.1324343991801003,0.15520148287858784,0.17796856657707538,0.20073565027556292,0.2235027339740505,0.3278048196211218,0.432106905268193,0.5364089909152644,0.6407110765623357,0.8750441895076194,0.8620419074203355,0.8392748237218479,0.8165077400233604,0.7937406563248728,0.7709735726263852,0.7482064889278977,0.6439044032808263,0.5396023176337551,0.4353002319866837,0.3309981463396124
6838,0.060485888935644626,0.06862176353916513,0.08286773488598757,0.09711370623281,0.11135967757963244,0.1256056489264549,0.13985162027327736,0.2051162164429092,0.27038081261254104,0.33564540878217297,0.40091000495180484,0.6530761972950729,0.6449403226915524,0.63069435134473,0.6164483799979075,0.602202408651085,0.5879564373042625,0.57371046595744,0.5084458697878081,0.4431812736181763,0.37791667744854435,0.3126520812789125
6839,0.04326251605801909,0.04908169821561838,0.059271125452270715,0.06946055268892304,0.07964997992557539,0.08983940716222773,0.10002883439888008,0.1467093195416705,0.19338980468446088,0.24007028982725132,0.28675077497004176,0.499578441059629,0.4937592589020297,0.48356983166537737,0.47338040442872503,0.4631909771920727,0.45300154995542036,0.442812122718768,0.3961316375759776,0.3494511524331872,0.30277066729039676,0.2560901821476063
6840,0.06656898268586907,0.07552308595105217,0.09120178120737912,0.10688047646370606,0.12255917172003303,0.13823786697635998,0.1539165622326869,0.2257448489433112,0.29757313565393556,0.36940142236455986,0.44122970907518416,0.4271966781704077,0.4182425749052246,0.4025638796488976,0.3868851843925707,0.3712064891362437,0.35552779387991673,0.3398490986235898,0.2680208119129655,0.19619252520234115,0.12436423849171685,0.05253595178109255
6841,0.056639086305014866,0.06425753272192815,0.07759748382143074,0.09093743492093335,0.10427738602043597,0.11761733711993858,0.1309572882194412,0.19207116387144205,0.25318503952344296,0.31429891517544384,0.3754127908274448,0.3168441383691494,0.3092256919522361,0.2958857408527335,0.28254578975323086,0.26920583865372827,0.2558658875542257,0.24252593645472306,0.1814120608027222,0.1202981851507213,0.05918430949872042,-0.0019295661532805208
6842,0.03392680220936796,0.038490250202461725,0.046480878441028384,0.05447150667959503,0.06246213491816169,0.07045276315672834,0.07844339139529499,0.1150505915949522,0.15165779179460942,0.18826499199426663,0.22487219219392388,0.22601923126692836,0.22145578327383458,0.21346515503526792,0.20547452679670128,0.1974838985581346,0.18949327031956797,0.1815026420810013,0.1448954418813441,0.10828824168168688,0.07168104148202967,0.035073841282372425
6843,0.0236676925723058,0.026851201690074235,0.03242554764354464,0.03799989359701504,0.043574239550485436,0.049148585503955844,0.05472293145742625,0.08026049774238261,0.10579806402733898,0.13133563031229536,0.15687319659725174,0.20284547879051973,0.1996619696727513,0.1940876237192809,0.1885132777658105,0.1829389318123401,0.17736458585886972,0.17179023990539932,0.14625267362044297,0.12071510733548661,0.09517754105053022,0.06963997476557385
6844,0.02469635730095266,0.028018230711428102,0.03383485347536883,0.03965147623930954,0.04546809900325027,0.051284721767191,0.05710134453113172,0.08374884553458932,0.11039634653804692,0.1370438475415045,0.16369134854496212,0.2086410790622131,0.20531920565173767,0.19950258288779693,0.19368596012385622,0.18786933735991548,0.18205271459597477,0.17623609183203404,0.14958859082857645,0.12294108982511885,0.09629358882166127,0.06964608781820365
6845,0.018530992112733714,0.02102357064238779,0.025388092472381524,0.02975261430237525,0.03411713613236898,0.03848165796236271,0.04284617979235644,0.06284121893523797,0.08283625807811949,0.10283129722100104,0.12282633636388257,0.23076451461001737,0.2282719360803633,0.22390741425036959,0.21954289242037586,0.21517837059038214,0.21081384876038842,0.2064493269303947,0.18645428778751316,0.16645924864463163,0.1464642095017501,0.12646917035886857
6846,0.022723898938375474,0.025780459658883387,0.031132518111866028,0.036484576564848666,0.0418366350178313,0.04718869347081395,0.05254075192379659,0.0770599598532782,0.10157916778275981,0.12609837571224142,0.15061758364172306,0.3411068640072945,0.3380503032867866,0.33269824483380395,0.3273461863808213,0.32199412792783866,0.316642069474856,0.31129001102187337,0.2867708030923918,0.2622515951629102,0.2377323872334286,0.21321317930394695
6847,0.05954035988303085,0.0675490526604855,0.08157232777140645,0.0955956028823274,0.10961887799324835,0.12364215310416929,0.13766542821509023,0.20190979350324906,0.2661541587914079,0.33039852407956677,0.3946428893677256,0.5323949645104806,0.524386271733026,0.510362996622105,0.4963397215111841,0.48231644640026317,0.4682931712893422,0.4542698961784213,0.3900255308902625,0.32578116560210363,0.2615368003139448,0.19729243502578592
6848,0.09422208070711786,0.10689576455313886,0.129087470513181,0.15127917647322317,0.17347088243326533,0.1956625883933075,0.21785429435334966,0.31952042104539957,0.42118654773744957,0.5228526744294996,0.6245188011215496,0.7630054397344619,0.7503317558884409,0.7281400499283988,0.7059483439683566,0.6837566380083144,0.6615649320482723,0.6393732260882301,0.5377070993961802,0.4360409727041302,0.33437484601208023,0.23270871932003023
6849,0.11060462621291975,0.12548190395938727,0.1515321177130734,0.17758233146675953,0.2036325452204457,0.22968275897413182,0.255732972727818,0.37507595323620807,0.49441893374459817,0.6137619142529884,0.7331048947613785,1.04243040931092,1.0275531315644524,1.0015029178107662,0.9754527040570801,0.949402490303394,0.9233522765497079,0.8973020627960218,0.7779590822876317,0.6586161017792416,0.5392731212708513,0.41993014076246116
6850,0.14593538259187422,0.16556495229609972,0.19993646134515083,0.23430797039420195,0.2686794794432531,0.3030509884923042,0.3374224975413554,0.4948875522726021,0.6523526070038489,0.8098176617350957,0.9672827164663426,1.3368623237393928,1.3172327540351674,1.2828612449861163,1.2484897359370652,1.2141182268880142,1.1797467178389631,1.145375208789912,0.9879101540586653,0.8304450993274186,0.6729800445961718,0.5155149898649249
6851,0.17412844867806587,0.1975502293326846,0.2385619253527876,0.2795736213728906,0.3205853173929936,0.3615970134130966,0.40260870943319965,0.5904942325625675,0.7783797556919354,0.9662652788213034,1.1541508019506714,1.6963697765134498,1.6729479958588311,1.6319362998387281,1.590924603818625,1.549912907798522,1.508901211778419,1.467889515758316,1.2800039926289482,1.0921184694995802,0.9042329463702122,0.7163474232408442
6852,0.20258246617249245,0.22983155799628885,0.277544901707457,0.32525824541862514,0.3729715891297932,0.4206849328409614,0.46839827655212957,0.6869858360383282,0.9055733955245269,1.1241609550107257,1.3427485144969247,1.9211150761464808,1.8938659843226844,1.8461526406115163,1.7984392969003482,1.7507259531891801,1.7030126094780118,1.6552992657668437,1.4367117062806452,1.2181241467944464,0.9995365873082476,0.7809490278220486
6853,0.22682064156334378,0.25732997737244256,0.31075203030808307,0.3641740832437235,0.4175961361793641,0.4710181891150046,0.5244402420506451,0.769180921820084,1.013921601589523,1.2586622813589619,1.5034029611284008,2.0428941262432594,2.0123847904341607,1.9589627374985201,1.9055406845628797,1.852118631627239,1.7986965786915987,1.745274525755958,1.5005338459865192,1.2557931662170803,1.0110524864476413,0.7663118066782024
6854,0.28713168866453304,0.3257533813399477,0.3933802259058238,0.46100707047169975,0.5286339150375757,0.5962607596034519,0.6638876041693279,0.9737042248382178,1.2835208455071077,1.5933374661759976,1.9031540868448875,2.133676930271694,2.095055237596279,2.027428393030403,1.9598015484645268,1.8921747038986507,1.8245478593327746,1.7569210147668985,1.4471043940980086,1.1372877734291187,0.8274711527602288,0.5176545320913388
6855,0.3067951188581142,0.3480617127682659,0.42031979724889373,0.49257788172952155,0.5648359662101494,0.6370940506907772,0.709352135171405,1.040385701701159,1.3714192682309132,1.7024528347606676,2.0334864012904217,2.1612776545091203,2.120011060598969,2.047752976118341,1.975494891637713,1.9032368071570853,1.8309787226764576,1.7587206381958298,1.427687071666076,1.0966535051363218,0.7656199386065674,0.4345863720768133
6856,0.27598175878396375,0.31310368956544515,0.3781044409318533,0.44310519229826134,0.5081059436646694,0.5731066950310776,0.6381074463974856,0.9358932333664804,1.233679020335475,1.53146480730447,1.829250594273465,1.9097257114610804,1.872603780679599,1.8076030293131908,1.7426022779467827,1.6776015265803745,1.6126007752139664,1.5476000238475582,1.2498142368785634,0.9520284499095688,0.6542426629405738,0.35645687597157893
6857,0.2253108014307007,0.2556170506983482,0.3086834977291007,0.36174994475985317,0.4148163917906057,0.46788283882135817,0.5209492858521106,0.7640608400805081,1.0071723943089055,1.2502839485373032,1.4933955027657007,1.6192575536297766,1.588951304362129,1.5358848573313766,1.4828184103006241,1.4297519632698716,1.3766855162391192,1.3236190692083667,1.0805075149799692,0.8373959607515719,0.5942844065231742,0.3511728522947767
6858,0.181071206183045,0.20542684770103406,0.24807374039633354,0.290720633091633,0.3333675257869325,0.376014418482232,0.41866131117753147,0.6140381066158548,0.809414902054178,1.0047916974925013,1.200168492930825,1.489569188741577,1.4652135472235879,1.4225666545282885,1.379919761832989,1.3372728691376894,1.29462597644239,1.2519790837470905,1.0566022883087673,0.8612254928704441,0.6658486974321208,0.4704719019937972
6859,0.1371027565822645,0.15554426178254532,0.18783546186591396,0.22012666194928254,0.2524178620326512,0.2847090621160198,0.3170002621993884,0.464934866444111,0.6128694706888336,0.7608040749335562,0.9087386791782788,1.2544431595756709,1.23600165437539,1.2037104542920214,1.1714192542086528,1.1391280541252842,1.1068368540419156,1.074545653958547,0.9266110497138245,0.7786764454691019,0.6307418412243793,0.48280723697965666
6860,0.12288693681507708,0.1394162914452449,0.16835930297358676,0.19730231450192862,0.22624532603027048,0.25518833755861237,0.28413134908695425,0.4167270081222759,0.5493226671575976,0.6819183261929194,0.8145139852282411,0.965950353268064,0.9494209986378962,0.9204779871095543,0.8915349755812124,0.8625919640528705,0.8336489525245286,0.8047059409961868,0.6721102819608651,0.5395146229255434,0.40691896389022164,0.27432330485489986
6861,0.10407025709033581,0.11806860573895996,0.14257980870966933,0.16709101168037868,0.19160221465108804,0.2161134176217974,0.24062462059250678,0.3529169820306787,0.4652093434688507,0.5775017049070227,0.6897940663451948,0.756275578156249,0.7422772295076249,0.7177660265369155,0.6932548235662062,0.6687436205954969,0.6442324176247876,0.6197212146540781,0.5074288532159061,0.3951364917777342,0.2828441303395622,0.17055176890139007
6862,0.09174496304809825,0.10408545316899447,0.1256937346673304,0.14730201616566632,0.16891029766400223,0.19051857916233816,0.21212686066067407,0.3111201642112374,0.4101134677618008,0.5091067713123641,0.6081000748629275,0.6380177307790044,0.6256772406581081,0.6040689591597722,0.5824606776614363,0.5608523961631003,0.5392441146647644,0.5176358331664285,0.4186425296158651,0.3196492260653017,0.22065592251473837,0.12166261896417502
6863,0.0756798511426919,0.0858594449247251,0.10368398234795255,0.12150851977117999,0.13933305719440744,0.15715759461763487,0.17498213204086233,0.2566410943198301,0.33830005659879786,0.4199590188777657,0.5016179811567335,0.5589042903878931,0.54872469660586,0.5309001591826326,0.5130756217594051,0.4952510843361777,0.4774265469129503,0.45960200948972285,0.37794304721075506,0.2962840849317873,0.21462512265281947,0.13296616037385167
6864,0.06656898268586907,0.07552308595105217,0.09120178120737912,0.10688047646370606,0.12255917172003303,0.13823786697635998,0.1539165622326869,0.2257448489433112,0.29757313565393556,0.36940142236455986,0.44122970907518416,0.4271966781704077,0.4182425749052246,0.4025638796488976,0.3868851843925707,0.3712064891362437,0.35552779387991673,0.3398490986235898,0.2680208119129655,0.19619252520234115,0.12436423849171685,0.05253595178109255
6865,0.056639086305014866,0.06425753272192815,0.07759748382143074,0.09093743492093335,0.10427738602043597,0.11761733711993858,0.1309572882194412,0.19207116387144205,0.25318503952344296,0.31429891517544384,0.3754127908274448,0.3168441383691494,0.3092256919522361,0.2958857408527335,0.28254578975323086,0.26920583865372827,0.2558658875542257,0.24252593645472306,0.1814120608027222,0.1202981851507213,0.05918430949872042,-0.0019295661532805208
6866,0.03392680220936796,0.038490250202461725,0.046480878441028384,0.05447150667959503,0.06246213491816169,0.07045276315672834,0.07844339139529499,0.1150505915949522,0.15165779179460942,0.18826499199426663,0.22487219219392388,0.22601923126692836,0.22145578327383458,0.21346515503526792,0.20547452679670128,0.1974838985581346,0.18949327031956797,0.1815026420810013,0.1448954418813441,0.10828824168168688,0.07168104148202967,0.035073841282372425
6867,0.0236676925723058,0.026851201690074235,0.03242554764354464,0.03799989359701504,0.043574239550485436,0.049148585503955844,0.05472293145742625,0.08026049774238261,0.10579806402733898,0.13133563031229536,0.15687319659725174,0.20284547879051973,0.1996619696727513,0.1940876237192809,0.1885132777658105,0.1829389318123401,0.17736458585886972,0.17179023990539932,0.14625267362044297,0.12071510733548661,0.09517754105053022,0.06963997476557385
6868,0.02469635730095266,0.028018230711428102,0.03383485347536883,0.03965147623930954,0.04546809900325027,0.051284721767191,0.05710134453113172,0.08374884553458932,0.11039634653804692,0.1370438475415045,0.16369134854496212,0.2086410790622131,0.20531920565173767,0.19950258288779693,0.19368596012385622,0.18786933735991548,0.18205271459597477,0.17623609183203404,0.14958859082857645,0.12294108982511885,0.09629358882166127,0.06964608781820365
6869,0.018530992112733714,0.02102357064238779,0.025388092472381524,0.02975261430237525,0.03411713613236898,0.03848165796236271,0.04284617979235644,0.06284121893523797,0.08283625807811949,0.10283129722100104,0.12282633636388257,0.23076451461001737,0.2282719360803633,0.22390741425036959,0.21954289242037586,0.21517837059038214,0.21081384876038842,0.2064493269303947,0.18645428778751316,0.16645924864463163,0.1464642095017501,0.12646917035886857
6870,0.022723898938375474,0.025780459658883387,0.031132518111866028,0.036484576564848666,0.0418366350178313,0.04718869347081395,0.05254075192379659,0.0770599598532782,0.10157916778275981,0.12609837571224142,0.15061758364172306,0.3411068640072945,0.3380503032867866,0.33269824483380395,0.3273461863808213,0.32199412792783866,0.316642069474856,0.31129001102187337,0.2867708030923918,0.2622515951629102,0.2377323872334286,0.21321317930394695
6871,0.05954035988303085,0.0675490526604855,0.08157232777140645,0.0955956028823274,0.10961887799324835,0.12364215310416929,0.13766542821509023,0.20190979350324906,0.2661541587914079,0.33039852407956677,0.3946428893677256,0.5323949645104806,0.524386271733026,0.510362996622105,0.4963397215111841,0.48231644640026317,0.4682931712893422,0.4542698961784213,0.3900255308902625,0.32578116560210363,0.2615368003139448,0.19729243502578592
6872,0.09422208070711786,0.10689576455313886,0.129087470513181,0.15127917647322317,0.17347088243326533,0.1956625883933075,0.21785429435334966,0.31952042104539957,0.42118654773744957,0.5228526744294996,0.6245188011215496,0.7630054397344619,0.7503317558884409,0.7281400499283988,0.7059483439683566,0.6837566380083144,0.6615649320482723,0.6393732260882301,0.5377070993961802,0.4360409727041302,0.33437484601208023,0.23270871932003023
6873,0.11060462621291975,0.12548190395938727,0.1515321177130734,0.17758233146675953,0.2036325452204457,0.22968275897413182,0.255732972727818,0.37507595323620807,0.49441893374459817,0.6137619142529884,0.7331048947613785,1.04243040931092,1.0275531315644524,1.0015029178107662,0.9754527040570801,0.949402490303394,0.9233522765497079,0.8973020627960218,0.7779590822876317,0.6586161017792416,0.5392731212708513,0.41993014076246116
6874,0.14593538259187422,0.16556495229609972,0.19993646134515083,0.23430797039420195,0.2686794794432531,0.3030509884923042,0.3374224975413554,0.4948875522726021,0.6523526070038489,0.8098176617350957,0.9672827164663426,1.3368623237393928,1.3172327540351674,1.2828612449861163,1.2484897359370652,1.2141182268880142,1.1797467178389631,1.145375208789912,0.9879101540586653,0.8304450993274186,0.6729800445961718,0.5155149898649249
6875,0.17412844867806587,0.1975502293326846,0.2385619253527876,0.2795736213728906,0.3205853173929936,0.3615970134130966,0.40260870943319965,0.5904942325625675,0.7783797556919354,0.9662652788213034,1.1541508019506714,1.6963697765134498,1.6729479958588311,1.6319362998387281,1.590924603818625,1.549912907798522,1.508901211778419,1.467889515758316,1.2800039926289482,1.0921184694995802,0.9042329463702122,0.7163474232408442
6876,0.20258246617249245,0.22983155799628885,0.277544901707457,0.32525824541862514,0.3729715891297932,0.4206849328409614,0.46839827655212957,0.6869858360383282,0.9055733955245269,1.1241609550107257,1.3427485144969247,1.9211150761464808,1.8938659843226844,1.8461526406115163,1.7984392969003482,1.7507259531891801,1.7030126094780118,1.6552992657668437,1.4367117062806452,1.2181241467944464,0.9995365873082476,0.7809490278220486
6877,0.22682064156334378,0.25732997737244256,0.31075203030808307,0.3641740832437235,0.4175961361793641,0.4710181891150046,0.5244402420506451,0.769180921820084,1.013921601589523,1.2586622813589619,1.5034029611284008,2.0428941262432594,2.0123847904341607,1.9589627374985201,1.9055406845628797,1.852118631627239,1.7986965786915987,1.745274525755958,1.5005338459865192,1.2557931662170803,1.0110524864476413,0.7663118066782024
6878,0.28713168866453304,0.3257533813399477,0.3933802259058238,0.46100707047169975,0.5286339150375757,0.5962607596034519,0.6638876041693279,0.9737042248382178,1.2835208455071077,1.5933374661759976,1.9031540868448875,2.133676930271694,2.095055237596279,2.027428393030403,1.9598015484645268,1.8921747038986507,1.8245478593327746,1.7569210147668985,1.4471043940980086,1.1372877734291187,0.8274711527602288,0.5176545320913388
6879,0.3067951188581142,0.3480617127682659,0.42031979724889373,0.49257788172952155,0.5648359662101494,0.6370940506907772,0.709352135171405,1.040385701701159,1.3714192682309132,1.7024528347606676,2.0334864012904217,2.1612776545091203,2.120011060598969,2.047752976118341,1.975494891637713,1.9032368071570853,1.8309787226764576,1.7587206381958298,1.427687071666076,1.0966535051363218,0.7656199386065674,0.4345863720768133
6880,0.27598175878396375,0.31310368956544515,0.3781044409318533,0.44310519229826134,0.5081059436646694,0.5731066950310776,0.6381074463974856,0.9358932333664804,1.233679020335475,1.53146480730447,1.829250594273465,1.9097257114610804,1.872603780679599,1.8076030293131908,1.7426022779467827,1.6776015265803745,1.6126007752139664,1.5476000238475582,1.2498142368785634,0.9520284499095688,0.6542426629405738,0.35645687597157893
6881,0.2253108014307007,0.2556170506983482,0.3086834977291007,0.36174994475985317,0.4148163917906057,0.46788283882135817,0.5209492858521106,0.7640608400805081,1.0071723943089055,1.2502839485373032,1.4933955027657007,1.6192575536297766,1.588951304362129,1.5358848573313766,1.4828184103006241,1.4297519632698716,1.3766855162391192,1.3236190692083667,1.0805075149799692,0.8373959607515719,0.5942844065231742,0.3511728522947767
6882,0.181071206183045,0.20542684770103406,0.24807374039633354,0.290720633091633,0.3333675257869325,0.376014418482232,0.41866131117753147,0.6140381066158548,0.809414902054178,1.0047916974925013,1.200168492930825,1.489569188741577,1.4652135472235879,1.4225666545282885,1.379919761832989,1.3372728691376894,1.29462597644239,1.2519790837470905,1.0566022883087673,0.8612254928704441,0.6658486974321208,0.4704719019937972
6883,0.1371027565822645,0.15554426178254532,0.18783546186591396,0.22012666194928254,0.2524178620326512,0.2847090621160198,0.3170002621993884,0.464934866444111,0.6128694706888336,0.7608040749335562,0.9087386791782788,1.2544431595756709,1.23600165437539,1.2037104542920214,1.1714192542086528,1.1391280541252842,1.1068368540419156,1.074545653958547,0.9266110497138245,0.7786764454691019,0.6307418412243793,0.48280723697965666
6884,0.12288693681507708,0.1394162914452449,0.16835930297358676,0.19730231450192862,0.22624532603027048,0.25518833755861237,0.28413134908695425,0.4167270081222759,0.5493226671575976,0.6819183261929194,0.8145139852282411,0.965950353268064,0.9494209986378962,0.9204779871095543,0.8915349755812124,0.8625919640528705,0.8336489525245286,0.8047059409961868,0.6721102819608651,0.5395146229255434,0.40691896389022164,0.27432330485489986
6885,0.10407025709033581,0.11806860573895996,0.14257980870966933,0.16709101168037868,0.19160221465108804,0.2161134176217974,0.24062462059250678,0.3529169820306787,0.4652093434688507,0.5775017049070227,0.6897940663451948,0.756275578156249,0.7422772295076249,0.7177660265369155,0.6932548235662062,0.6687436205954969,0.6442324176247876,0.6197212146540781,0.5074288532159061,0.3951364917777342,0.2828441303395622,0.17055176890139007
6886,0.09174496304809825,0.10408545316899447,0.1256937346673304,0.14730201616566632,0.16891029766400223,0.19051857916233816,0.21212686066067407,0.3111201642112374,0.4101134677618008,0.5091067713123641,0.6081000748629275,0.6380177307790044,0.6256772406581081,0.6040689591597722,0.5824606776614363,0.5608523961631003,0.5392441146647644,0.5176358331664285,0.4186425296158651,0.3196492260653017,0.22065592251473837,0.12166261896417502
6887,0.0756798511426919,0.0858594449247251,0.10368398234795255,0.12150851977117999,0.13933305719440744,0.15715759461763487,0.17498213204086233,0.2566410943198301,0.33830005659879786,0.4199590188777657,0.5016179811567335,0.5589042903878931,0.54872469660586,0.5309001591826326,0.5130756217594051,0.4952510843361777,0.4774265469129503,0.45960200948972285,0.37794304721075506,0.2962840849317873,0.21462512265281947,0.13296616037385167
6888,0.031367184720614005,0.03558634204876214,0.04297411500909338,0.050361887969424625,0.057749660929755864,0.0651374338900871,0.07252520685041834,0.10637056615310214,0.14021592545578596,0.17406128475846977,0.20790664406115364,0.38513873965896495,0.3809195823308168,0.3735318093704856,0.36614403641015436,0.35875626344982314,0.3513684904894919,0.3439807175291607,0.3101353582264769,0.27628999892379313,0.24244463962110932,0.20859928031842545
6889,0.027541528392130105,0.031246101893993974,0.037732835101129916,0.04421956830826585,0.05070630151540179,0.057193034722537735,0.06367976792967367,0.09339722368731823,0.1231146794449628,0.15283213520260736,0.18254959096025195,0.2947264391013124,0.29102186559944854,0.2845351323923126,0.27804839918517665,0.2715616659780407,0.26507493277090477,0.25858819956376883,0.22887074380612427,0.1991532880484797,0.16943583229083514,0.13971837653319055
6890,0.021214760756460276,0.024068329353953997,0.029064947229369295,0.03406156510478459,0.03905818298019989,0.04405480085561519,0.049051418731030486,0.07194225852804301,0.09483309832505553,0.11772393812206808,0.1406147779190806,0.2196416620198345,0.2167880934223408,0.21179147554692548,0.20679485767151018,0.20179823979609487,0.19680162192067957,0.19180500404526427,0.16891416424825173,0.14602332445123922,0.12313248465422667,0.10024164485721414
6891,0.017379901386824617,0.01971764826949346,0.023811058840523276,0.02790446941155309,0.03199787998258291,0.03609129055361272,0.04018470112464254,0.058937707246218926,0.07769071336779533,0.09644371948937172,0.11519672561094813,0.1725522635160582,0.17021451663338938,0.16612110606235955,0.16202769549132973,0.1579342849202999,0.15384087434927007,0.14974746377824025,0.13099445765666387,0.11224145153508747,0.09348844541351108,0.07473543929193467
6892,0.018861538995962508,0.02139857893702769,0.025840952998510806,0.030283327059993915,0.03472570112147703,0.03916807518296014,0.04361044924444325,0.0639621502340575,0.08431385122367176,0.10466555221328604,0.1250172532029003,0.16219714722554288,0.1596601072844777,0.15521773322299456,0.15077535916151147,0.14633298510002835,0.14189061103854522,0.1374482369770621,0.11709653598744785,0.0967448349978336,0.07639313400821932,0.05604143301860505
6893,0.06031042844298219,0.06842270209442457,0.08262734801485494,0.09683199393528533,0.1110366398557157,0.1252412857761461,0.1394459316965765,0.20452120506052845,0.2695964784244804,0.33467175178843245,0.39974702515238447,0.4566317751531136,0.4485195015016712,0.43431485558124083,0.4201102096608105,0.4059055637403801,0.3917009178199497,0.3774962718995193,0.3124209985355673,0.24734572517161535,0.18227045180766333,0.1171951784437113
6894,0.30895518501738617,0.35051232648691727,0.4232791617051753,0.4960459969234333,0.5688128321416914,0.6415796673599494,0.7143465025782075,1.0477107919933368,1.3810750814084662,1.7144393708235957,2.0478036602387255,2.1024107163262697,2.0608535748567385,1.9880867396384805,1.9153199044202225,1.8425530692019643,1.7697862339837063,1.6970193987654483,1.363655109350319,1.0302908199351897,0.6969265305200603,0.3635622411049304
6895,1.1612949269476076,1.3174991271273024,1.5910137359992662,1.8645283448712298,2.1380429537431938,2.4115575626151577,2.685072171487121,3.9381155800368046,5.191158988586489,6.444202397136173,7.697245805685856,8.797592590406415,8.64138839022672,8.367873781354756,8.094359172482793,7.820844563610829,7.547329954738865,7.273815345866902,6.020771937317218,4.767728528767535,3.514685120217851,2.261641711668167
6896,2.8365400828547638,3.218079229059924,3.8861568494030205,4.554234469746118,5.222312090089215,5.890389710432311,6.558467330775408,9.61910918103339,12.679751031291374,15.74039288154936,18.801034731807345,21.40384848736475,21.02230934115959,20.354231720816493,19.686154100473395,19.018076480130297,18.3499988597872,17.6819212394441,14.621279389186117,11.560637538928134,8.499995688670149,5.439353838412163
6897,4.187241305649756,4.750461435119857,5.736663683482037,6.722865931844216,7.709068180206397,8.695270428568575,9.681472676930756,14.199528337297998,18.717583997665233,23.23563965803248,27.75369531839972,32.29130966000392,31.72808953053382,30.74188728217164,29.75568503380946,28.76948278544728,27.7832805370851,26.797078288722922,22.27902262835568,17.760966967988445,13.242911307621199,8.724855647253957
6898,4.1224380187469025,4.6769415462886,5.647880965838258,6.618820385387915,7.5897598049375725,8.56069922448723,9.53163864403689,13.979771212843394,18.427903781649896,22.876036350456406,27.324168919262913,32.91035711924829,32.35585359170659,31.384914172156932,30.413974752607274,29.443035333057615,28.472095913507957,27.501156493958298,23.053023925151795,18.60489135634529,14.15675878753878,9.708626218732274
6899,3.351595880008395,3.8024144805325077,4.591800893015079,5.381187305497649,6.170573717980221,6.959960130462791,7.7493465429453625,11.365736340329079,14.982126137712793,18.59851593509651,22.21490573248023,27.356769827551037,26.905951227026925,26.116564814544354,25.327178402061783,24.537791989579212,23.74840557709664,22.95901916461407,19.34262936723035,15.726239569846637,12.109849772462919,8.493459975079201
6900,2.9910124143164416,3.3933294236000933,4.097789222441407,4.80224902128272,5.506708820124034,6.211168618965348,6.915628417806662,10.142946736074473,13.370265054342282,16.597583372610092,19.82490169087791,24.2284335048095,23.82611649552585,23.121656696684536,22.417196897843223,21.71273709900191,21.008277300160596,20.303817501319283,17.076499183051475,13.849180864783666,10.621862546515855,7.394544228248039
6901,2.7047846416677372,3.0686015427890947,3.7056473923676854,4.342693241946275,4.979739091524866,5.6167849411034565,6.253830790682048,9.172307818474215,12.090784846266383,15.009261874058554,17.92773890185072,22.802692522038395,22.438875620917038,21.801829771338447,21.164783921759856,20.527738072181265,19.890692222602674,19.253646373024083,16.335169345231915,13.416692317439747,10.498215289647575,7.579738261855409
6902,2.20733046474823,2.5042354815337093,3.0241181699939683,3.544000858454227,4.063883546914486,4.583766235374744,5.103648923835004,7.485370246439614,9.867091569044224,12.248812891648836,14.630534214253444,19.724931122724897,19.428026105939416,18.908143417479156,18.388260729018896,17.868378040558635,17.348495352098375,16.828612663638115,14.446891341033504,12.065170018428894,9.683448695824282,7.3017273732196735
6903,1.677916042855984,1.903610246250039,2.298802319798513,2.693994393346985,3.0891864668954585,3.484378540443932,3.879570613992405,5.690050956937462,7.500531299882518,9.311011642827577,11.121491985772634,14.871256559632515,14.645562356238461,14.250370282689987,13.855178209141515,13.459986135593041,13.064794062044568,12.669601988496094,10.859121645551037,9.04864130260598,7.238160959660921,5.427680616715864
6904,1.1172675321315855,1.2675496673528908,1.5306947005095728,1.7938397336662546,2.0569847668229366,2.3201297999796187,2.583274833136301,3.7888124482913326,4.9943500634463645,6.199887678601396,7.405425293756428,10.033161309414842,9.882879174193537,9.619734141036854,9.356589107880172,9.09344407472349,8.830299041566807,8.567154008410125,7.361616393255093,6.156078778100062,4.95054116294503,3.745003547789998
6905,0.6682540838903488,0.7581400312657272,0.9155309318380566,1.0729218324103855,1.2303127329827148,1.3877036335550441,1.5450945341273732,2.2661442482220826,2.987193962316792,3.7082436764115014,4.429293390506211,6.0734388854665,5.983552938091121,5.826162037518792,5.668771136946463,5.5113802363741335,5.3539893358018045,5.196598435229475,4.475548721134766,3.7544990070400566,3.033449292945347,2.3123995788506377
6906,0.4397550001969972,0.4989058467966161,0.6024793784527985,0.7060529101089809,0.8096264417651632,0.9131999734213457,1.016773505077528,1.4912714914090162,1.9657694777405041,2.4402674640719924,2.9147654504034803,3.6846018562989733,3.625451009699354,3.5218774780431716,3.418303946386989,3.314730414730807,3.2111568830746244,3.1075833514184423,2.633085365086954,2.158587378755466,1.6840893924239777,1.2095914060924897
6907,0.286284866305672,0.32479265405806435,0.39222005033488544,0.4596474466117065,0.5270748428885276,0.5945022391653487,0.6619296354421698,0.9708325302776295,1.2797354251130895,1.5886383199485492,1.8975412147840094,2.22844041223525,2.1899326244828576,2.1225052282060366,2.0550778319292156,1.9876504356523945,1.9202230393755735,1.8527956430987524,1.5438927482632927,1.2349898534278327,0.926086958592373,0.6171840637569128
6908,0.1600000684787465,0.18152145994052682,0.21920556165659857,0.25688966337267033,0.2945737650887421,0.33225786680481384,0.3699419685208856,0.5425828942000834,0.7152238198792811,0.887864745558479,1.0605056712376768,1.3303544742870113,1.308833082825231,1.2711489811091592,1.2334648793930874,1.1957807776770155,1.1580966759609437,1.1204125742448718,0.947771648565674,0.7751307228864763,0.6024897972072784,0.4298488715280806
6909,0.0966650333943288,0.10966731548161278,0.1324343991801003,0.15520148287858784,0.17796856657707538,0.20073565027556292,0.2235027339740505,0.3278048196211218,0.432106905268193,0.5364089909152644,0.6407110765623357,0.8750441895076194,0.8620419074203355,0.8392748237218479,0.8165077400233604,0.7937406563248728,0.7709735726263852,0.7482064889278977,0.6439044032808263,0.5396023176337551,0.4353002319866837,0.3309981463396124
6910,0.060485888935644626,0.06862176353916513,0.08286773488598757,0.09711370623281,0.11135967757963244,0.1256056489264549,0.13985162027327736,0.2051162164429092,0.27038081261254104,0.33564540878217297,0.40091000495180484,0.6530761972950729,0.6449403226915524,0.63069435134473,0.6164483799979075,0.602202408651085,0.5879564373042625,0.57371046595744,0.5084458697878081,0.4431812736181763,0.37791667744854435,0.3126520812789125
6911,0.04326251605801909,0.04908169821561838,0.059271125452270715,0.06946055268892304,0.07964997992557539,0.08983940716222773,0.10002883439888008,0.1467093195416705,0.19338980468446088,0.24007028982725132,0.28675077497004176,0.499578441059629,0.4937592589020297,0.48356983166537737,0.47338040442872503,0.4631909771920727,0.45300154995542036,0.442812122718768,0.3961316375759776,0.3494511524331872,0.30277066729039676,0.2560901821476063
6912,0.031367184720614005,0.03558634204876214,0.04297411500909338,0.050361887969424625,0.057749660929755864,0.0651374338900871,0.07252520685041834,0.10637056615310214,0.14021592545578596,0.17406128475846977,0.20790664406115364,0.38513873965896495,0.3809195823308168,0.3735318093704856,0.36614403641015436,0.35875626344982314,0.3513684904894919,0.3439807175291607,0.3101353582264769,0.27628999892379313,0.24244463962110932,0.20859928031842545
6913,0.027541528392130105,0.031246101893993974,0.037732835101129916,0.04421956830826585,0.05070630151540179,0.057193034722537735,0.06367976792967367,0.09339722368731823,0.1231146794449628,0.15283213520260736,0.18254959096025195,0.2947264391013124,0.29102186559944854,0.2845351323923126,0.27804839918517665,0.2715616659780407,0.26507493277090477,0.25858819956376883,0.22887074380612427,0.1991532880484797,0.16943583229083514,0.13971837653319055
6914,0.021214760756460276,0.024068329353953997,0.029064947229369295,0.03406156510478459,0.03905818298019989,0.04405480085561519,0.049051418731030486,0.07194225852804301,0.09483309832505553,0.11772393812206808,0.1406147779190806,0.2196416620198345,0.2167880934223408,0.21179147554692548,0.20679485767151018,0.20179823979609487,0.19680162192067957,0.19180500404526427,0.16891416424825173,0.14602332445123922,0.12313248465422667,0.10024164485721414
6915,0.017379901386824617,0.01971764826949346,0.023811058840523276,0.02790446941155309,0.03199787998258291,0.03609129055361272,0.04018470112464254,0.058937707246218926,0.07769071336779533,0.09644371948937172,0.11519672561094813,0.1725522635160582,0.17021451663338938,0.16612110606235955,0.16202769549132973,0.1579342849202999,0.15384087434927007,0.14974746377824025,0.13099445765666387,0.11224145153508747,0.09348844541351108,0.07473543929193467
6916,0.018861538995962508,0.02139857893702769,0.025840952998510806,0.030283327059993915,0.03472570112147703,0.03916807518296014,0.04361044924444325,0.0639621502340575,0.08431385122367176,0.10466555221328604,0.1250172532029003,0.16219714722554288,0.1596601072844777,0.15521773322299456,0.15077535916151147,0.14633298510002835,0.14189061103854522,0.1374482369770621,0.11709653598744785,0.0967448349978336,0.07639313400821932,0.05604143301860505
6917,0.06031042844298219,0.06842270209442457,0.08262734801485494,0.09683199393528533,0.1110366398557157,0.1252412857761461,0.1394459316965765,0.20452120506052845,0.2695964784244804,0.33467175178843245,0.39974702515238447,0.4566317751531136,0.4485195015016712,0.43431485558124083,0.4201102096608105,0.4059055637403801,0.3917009178199497,0.3774962718995193,0.3124209985355673,0.24734572517161535,0.18227045180766333,0.1171951784437113
6918,0.30895518501738617,0.35051232648691727,0.4232791617051753,0.4960459969234333,0.5688128321416914,0.6415796673599494,0.7143465025782075,1.0477107919933368,1.3810750814084662,1.7144393708235957,2.0478036602387255,2.1024107163262697,2.0608535748567385,1.9880867396384805,1.9153199044202225,1.8425530692019643,1.7697862339837063,1.6970193987654483,1.363655109350319,1.0302908199351897,0.6969265305200603,0.3635622411049304
6919,1.1612949269476076,1.3174991271273024,1.5910137359992662,1.8645283448712298,2.1380429537431938,2.4115575626151577,2.685072171487121,3.9381155800368046,5.191158988586489,6.444202397136173,7.697245805685856,8.797592590406415,8.64138839022672,8.367873781354756,8.094359172482793,7.820844563610829,7.547329954738865,7.273815345866902,6.020771937317218,4.767728528767535,3.514685120217851,2.261641711668167
6920,2.8365400828547638,3.218079229059924,3.8861568494030205,4.554234469746118,5.222312090089215,5.890389710432311,6.558467330775408,9.61910918103339,12.679751031291374,15.74039288154936,18.801034731807345,21.40384848736475,21.02230934115959,20.354231720816493,19.686154100473395,19.018076480130297,18.3499988597872,17.6819212394441,14.621279389186117,11.560637538928134,8.499995688670149,5.439353838412163
6921,4.187241305649756,4.750461435119857,5.736663683482037,6.722865931844216,7.709068180206397,8.695270428568575,9.681472676930756,14.199528337297998,18.717583997665233,23.23563965803248,27.75369531839972,32.29130966000392,31.72808953053382,30.74188728217164,29.75568503380946,28.76948278544728,27.7832805370851,26.797078288722922,22.27902262835568,17.760966967988445,13.242911307621199,8.724855647253957
6922,4.1224380187469025,4.6769415462886,5.647880965838258,6.618820385387915,7.5897598049375725,8.56069922448723,9.53163864403689,13.979771212843394,18.427903781649896,22.876036350456406,27.324168919262913,32.91035711924829,32.35585359170659,31.384914172156932,30.413974752607274,29.443035333057615,28.472095913507957,27.501156493958298,23.053023925151795,18.60489135634529,14.15675878753878,9.708626218732274
6923,3.351595880008395,3.8024144805325077,4.591800893015079,5.381187305497649,6.170573717980221,6.959960130462791,7.7493465429453625,11.365736340329079,14.982126137712793,18.59851593509651,22.21490573248023,27.356769827551037,26.905951227026925,26.116564814544354,25.327178402061783,24.537791989579212,23.74840557709664,22.95901916461407,19.34262936723035,15.726239569846637,12.109849772462919,8.493459975079201
6924,2.9910124143164416,3.3933294236000933,4.097789222441407,4.80224902128272,5.506708820124034,6.211168618965348,6.915628417806662,10.142946736074473,13.370265054342282,16.597583372610092,19.82490169087791,24.2284335048095,23.82611649552585,23.121656696684536,22.417196897843223,21.71273709900191,21.008277300160596,20.303817501319283,17.076499183051475,13.849180864783666,10.621862546515855,7.394544228248039
6925,2.7047846416677372,3.0686015427890947,3.7056473923676854,4.342693241946275,4.979739091524866,5.6167849411034565,6.253830790682048,9.172307818474215,12.090784846266383,15.009261874058554,17.92773890185072,22.802692522038395,22.438875620917038,21.801829771338447,21.164783921759856,20.527738072181265,19.890692222602674,19.253646373024083,16.335169345231915,13.416692317439747,10.498215289647575,7.579738261855409
6926,2.20733046474823,2.5042354815337093,3.0241181699939683,3.544000858454227,4.063883546914486,4.583766235374744,5.103648923835004,7.485370246439614,9.867091569044224,12.248812891648836,14.630534214253444,19.724931122724897,19.428026105939416,18.908143417479156,18.388260729018896,17.868378040558635,17.348495352098375,16.828612663638115,14.446891341033504,12.065170018428894,9.683448695824282,7.3017273732196735
6927,1.677916042855984,1.903610246250039,2.298802319798513,2.693994393346985,3.0891864668954585,3.484378540443932,3.879570613992405,5.690050956937462,7.500531299882518,9.311011642827577,11.121491985772634,14.871256559632515,14.645562356238461,14.250370282689987,13.855178209141515,13.459986135593041,13.064794062044568,12.669601988496094,10.859121645551037,9.04864130260598,7.238160959660921,5.427680616715864
6928,1.1172675321315855,1.2675496673528908,1.5306947005095728,1.7938397336662546,2.0569847668229366,2.3201297999796187,2.583274833136301,3.7888124482913326,4.9943500634463645,6.199887678601396,7.405425293756428,10.033161309414842,9.882879174193537,9.619734141036854,9.356589107880172,9.09344407472349,8.830299041566807,8.567154008410125,7.361616393255093,6.156078778100062,4.95054116294503,3.745003547789998
6929,0.6682540838903488,0.7581400312657272,0.9155309318380566,1.0729218324103855,1.2303127329827148,1.3877036335550441,1.5450945341273732,2.2661442482220826,2.987193962316792,3.7082436764115014,4.429293390506211,6.0734388854665,5.983552938091121,5.826162037518792,5.668771136946463,5.5113802363741335,5.3539893358018045,5.196598435229475,4.475548721134766,3.7544990070400566,3.033449292945347,2.3123995788506377
6930,0.4397550001969972,0.4989058467966161,0.6024793784527985,0.7060529101089809,0.8096264417651632,0.9131999734213457,1.016773505077528,1.4912714914090162,1.9657694777405041,2.4402674640719924,2.9147654504034803,3.6846018562989733,3.625451009699354,3.5218774780431716,3.418303946386989,3.314730414730807,3.2111568830746244,3.1075833514184423,2.633085365086954,2.158587378755466,1.6840893924239777,1.2095914060924897
6931,0.286284866305672,0.32479265405806435,0.39222005033488544,0.4596474466117065,0.5270748428885276,0.5945022391653487,0.6619296354421698,0.9708325302776295,1.2797354251130895,1.5886383199485492,1.8975412147840094,2.22844041223525,2.1899326244828576,2.1225052282060366,2.0550778319292156,1.9876504356523945,1.9202230393755735,1.8527956430987524,1.5438927482632927,1.2349898534278327,0.926086958592373,0.6171840637569128
6932,0.1600000684787465,0.18152145994052682,0.21920556165659857,0.25688966337267033,0.2945737650887421,0.33225786680481384,0.3699419685208856,0.5425828942000834,0.7152238198792811,0.887864745558479,1.0605056712376768,1.3303544742870113,1.308833082825231,1.2711489811091592,1.2334648793930874,1.1957807776770155,1.1580966759609437,1.1204125742448718,0.947771648565674,0.7751307228864763,0.6024897972072784,0.4298488715280806
6933,0.0966650333943288,0.10966731548161278,0.1324343991801003,0.15520148287858784,0.17796856657707538,0.20073565027556292,0.2235027339740505,0.3278048196211218,0.432106905268193,0.5364089909152644,0.6407110765623357,0.8750441895076194,0.8620419074203355,0.8392748237218479,0.8165077400233604,0.7937406563248728,0.7709735726263852,0.7482064889278977,0.6439044032808263,0.5396023176337551,0.4353002319866837,0.3309981463396124
6934,0.060485888935644626,0.06862176353916513,0.08286773488598757,0.09711370623281,0.11135967757963244,0.1256056489264549,0.13985162027327736,0.2051162164429092,0.27038081261254104,0.33564540878217297,0.40091000495180484,0.6530761972950729,0.6449403226915524,0.63069435134473,0.6164483799979075,0.602202408651085,0.5879564373042625,0.57371046595744,0.5084458697878081,0.4431812736181763,0.37791667744854435,0.3126520812789125
6935,0.04326251605801909,0.04908169821561838,0.059271125452270715,0.06946055268892304,0.07964997992557539,0.08983940716222773,0.10002883439888008,0.1467093195416705,0.19338980468446088,0.24007028982725132,0.28675077497004176,0.499578441059629,0.4937592589020297,0.48356983166537737,0.47338040442872503,0.4631909771920727,0.45300154995542036,0.442812122718768,0.3961316375759776,0.3494511524331872,0.30277066729039676,0.2560901821476063
6936,0.031367184720614005,0.03558634204876214,0.04297411500909338,0.050361887969424625,0.057749660929755864,0.0651374338900871,0.07252520685041834,0.10637056615310214,0.14021592545578596,0.17406128475846977,0.20790664406115364,0.38513873965896495,0.3809195823308168,0.3735318093704856,0.36614403641015436,0.35875626344982314,0.3513684904894919,0.3439807175291607,0.3101353582264769,0.27628999892379313,0.24244463962110932,0.20859928031842545
6937,0.027541528392130105,0.031246101893993974,0.037732835101129916,0.04421956830826585,0.05070630151540179,0.057193034722537735,0.06367976792967367,0.09339722368731823,0.1231146794449628,0.15283213520260736,0.18254959096025195,0.2947264391013124,0.29102186559944854,0.2845351323923126,0.27804839918517665,0.2715616659780407,0.26507493277090477,0.25858819956376883,0.22887074380612427,0.1991532880484797,0.16943583229083514,0.13971837653319055
6938,0.021214760756460276,0.024068329353953997,0.029064947229369295,0.03406156510478459,0.03905818298019989,0.04405480085561519,0.049051418731030486,0.07194225852804301,0.09483309832505553,0.11772393812206808,0.1406147779190806,0.2196416620198345,0.2167880934223408,0.21179147554692548,0.20679485767151018,0.20179823979609487,0.19680162192067957,0.19180500404526427,0.16891416424825173,0.14602332445123922,0.12313248465422667,0.10024164485721414
6939,0.017379901386824617,0.01971764826949346,0.023811058840523276,0.02790446941155309,0.03199787998258291,0.03609129055361272,0.04018470112464254,0.058937707246218926,0.07769071336779533,0.09644371948937172,0.11519672561094813,0.1725522635160582,0.17021451663338938,0.16612110606235955,0.16202769549132973,0.1579342849202999,0.15384087434927007,0.14974746377824025,0.13099445765666387,0.11224145153508747,0.09348844541351108,0.07473543929193467
6940,0.018861538995962508,0.02139857893702769,0.025840952998510806,0.030283327059993915,0.03472570112147703,0.03916807518296014,0.04361044924444325,0.0639621502340575,0.08431385122367176,0.10466555221328604,0.1250172532029003,0.16219714722554288,0.1596601072844777,0.15521773322299456,0.15077535916151147,0.14633298510002835,0.14189061103854522,0.1374482369770621,0.11709653598744785,0.0967448349978336,0.07639313400821932,0.05604143301860505
6941,0.06031042844298219,0.06842270209442457,0.08262734801485494,0.09683199393528533,0.1110366398557157,0.1252412857761461,0.1394459316965765,0.20452120506052845,0.2695964784244804,0.33467175178843245,0.39974702515238447,0.4566317751531136,0.4485195015016712,0.43431485558124083,0.4201102096608105,0.4059055637403801,0.3917009178199497,0.3774962718995193,0.3124209985355673,0.24734572517161535,0.18227045180766333,0.1171951784437113
6942,0.30895518501738617,0.35051232648691727,0.4232791617051753,0.4960459969234333,0.5688128321416914,0.6415796673599494,0.7143465025782075,1.0477107919933368,1.3810750814084662,1.7144393708235957,2.0478036602387255,2.1024107163262697,2.0608535748567385,1.9880867396384805,1.9153199044202225,1.8425530692019643,1.7697862339837063,1.6970193987654483,1.363655109350319,1.0302908199351897,0.6969265305200603,0.3635622411049304
6943,1.1612949269476076,1.3174991271273024,1.5910137359992662,1.8645283448712298,2.1380429537431938,2.4115575626151577,2.685072171487121,3.9381155800368046,5.191158988586489,6.444202397136173,7.697245805685856,8.797592590406415,8.64138839022672,8.367873781354756,8.094359172482793,7.820844563610829,7.547329954738865,7.273815345866902,6.020771937317218,4.767728528767535,3.514685120217851,2.261641711668167
6944,2.8365400828547638,3.218079229059924,3.8861568494030205,4.554234469746118,5.222312090089215,5.890389710432311,6.558467330775408,9.61910918103339,12.679751031291374,15.74039288154936,18.801034731807345,21.40384848736475,21.02230934115959,20.354231720816493,19.686154100473395,19.018076480130297,18.3499988597872,17.6819212394441,14.621279389186117,11.560637538928134,8.499995688670149,5.439353838412163
6945,4.187241305649756,4.750461435119857,5.736663683482037,6.722865931844216,7.709068180206397,8.695270428568575,9.681472676930756,14.199528337297998,18.717583997665233,23.23563965803248,27.75369531839972,32.29130966000392,31.72808953053382,30.74188728217164,29.75568503380946,28.76948278544728,27.7832805370851,26.797078288722922,22.27902262835568,17.760966967988445,13.242911307621199,8.724855647253957
6946,4.1224380187469025,4.6769415462886,5.647880965838258,6.618820385387915,7.5897598049375725,8.56069922448723,9.53163864403689,13.979771212843394,18.427903781649896,22.876036350456406,27.324168919262913,32.91035711924829,32.35585359170659,31.384914172156932,30.413974752607274,29.443035333057615,28.472095913507957,27.501156493958298,23.053023925151795,18.60489135634529,14.15675878753878,9.708626218732274
6947,3.351595880008395,3.8024144805325077,4.591800893015079,5.381187305497649,6.170573717980221,6.959960130462791,7.7493465429453625,11.365736340329079,14.982126137712793,18.59851593509651,22.21490573248023,27.356769827551037,26.905951227026925,26.116564814544354,25.327178402061783,24.537791989579212,23.74840557709664,22.95901916461407,19.34262936723035,15.726239569846637,12.109849772462919,8.493459975079201
6948,2.9910124143164416,3.3933294236000933,4.097789222441407,4.80224902128272,5.506708820124034,6.211168618965348,6.915628417806662,10.142946736074473,13.370265054342282,16.597583372610092,19.82490169087791,24.2284335048095,23.82611649552585,23.121656696684536,22.417196897843223,21.71273709900191,21.008277300160596,20.303817501319283,17.076499183051475,13.849180864783666,10.621862546515855,7.394544228248039
6949,2.7047846416677372,3.0686015427890947,3.7056473923676854,4.342693241946275,4.979739091524866,5.6167849411034565,6.253830790682048,9.172307818474215,12.090784846266383,15.009261874058554,17.92773890185072,22.802692522038395,22.438875620917038,21.801829771338447,21.164783921759856,20.527738072181265,19.890692222602674,19.253646373024083,16.335169345231915,13.416692317439747,10.498215289647575,7.579738261855409
6950,2.20733046474823,2.5042354815337093,3.0241181699939683,3.544000858454227,4.063883546914486,4.583766235374744,5.103648923835004,7.485370246439614,9.867091569044224,12.248812891648836,14.630534214253444,19.724931122724897,19.428026105939416,18.908143417479156,18.388260729018896,17.868378040558635,17.348495352098375,16.828612663638115,14.446891341033504,12.065170018428894,9.683448695824282,7.3017273732196735
6951,1.677916042855984,1.903610246250039,2.298802319798513,2.693994393346985,3.0891864668954585,3.484378540443932,3.879570613992405,5.690050956937462,7.500531299882518,9.311011642827577,11.121491985772634,14.871256559632515,14.645562356238461,14.250370282689987,13.855178209141515,13.459986135593041,13.064794062044568,12.669601988496094,10.859121645551037,9.04864130260598,7.238160959660921,5.427680616715864
6952,1.1172675321315855,1.2675496673528908,1.5306947005095728,1.7938397336662546,2.0569847668229366,2.3201297999796187,2.583274833136301,3.7888124482913326,4.9943500634463645,6.199887678601396,7.405425293756428,10.033161309414842,9.882879174193537,9.619734141036854,9.356589107880172,9.09344407472349,8.830299041566807,8.567154008410125,7.361616393255093,6.156078778100062,4.95054116294503,3.745003547789998
6953,0.6682540838903488,0.7581400312657272,0.9155309318380566,1.0729218324103855,1.2303127329827148,1.3877036335550441,1.5450945341273732,2.2661442482220826,2.987193962316792,3.7082436764115014,4.429293390506211,6.0734388854665,5.983552938091121,5.826162037518792,5.668771136946463,5.5113802363741335,5.3539893358018045,5.196598435229475,4.475548721134766,3.7544990070400566,3.033449292945347,2.3123995788506377
6954,0.4397550001969972,0.4989058467966161,0.6024793784527985,0.7060529101089809,0.8096264417651632,0.9131999734213457,1.016773505077528,1.4912714914090162,1.9657694777405041,2.4402674640719924,2.9147654504034803,3.6846018562989733,3.625451009699354,3.5218774780431716,3.418303946386989,3.314730414730807,3.2111568830746244,3.1075833514184423,2.633085365086954,2.158587378755466,1.6840893924239777,1.2095914060924897
6955,0.286284866305672,0.32479265405806435,0.39222005033488544,0.4596474466117065,0.5270748428885276,0.5945022391653487,0.6619296354421698,0.9708325302776295,1.2797354251130895,1.5886383199485492,1.8975412147840094,2.22844041223525,2.1899326244828576,2.1225052282060366,2.0550778319292156,1.9876504356523945,1.9202230393755735,1.8527956430987524,1.5438927482632927,1.2349898534278327,0.926086958592373,0.6171840637569128
6956,0.1600000684787465,0.18152145994052682,0.21920556165659857,0.25688966337267033,0.2945737650887421,0.33225786680481384,0.3699419685208856,0.5425828942000834,0.7152238198792811,0.887864745558479,1.0605056712376768,1.3303544742870113,1.308833082825231,1.2711489811091592,1.2334648793930874,1.1957807776770155,1.1580966759609437,1.1204125742448718,0.947771648565674,0.7751307228864763,0.6024897972072784,0.4298488715280806
6957,0.0966650333943288,0.10966731548161278,0.1324343991801003,0.15520148287858784,0.17796856657707538,0.20073565027556292,0.2235027339740505,0.3278048196211218,0.432106905268193,0.5364089909152644,0.6407110765623357,0.8750441895076194,0.8620419074203355,0.8392748237218479,0.8165077400233604,0.7937406563248728,0.7709735726263852,0.7482064889278977,0.6439044032808263,0.5396023176337551,0.4353002319866837,0.3309981463396124
6958,0.060485888935644626,0.06862176353916513,0.08286773488598757,0.09711370623281,0.11135967757963244,0.1256056489264549,0.13985162027327736,0.2051162164429092,0.27038081261254104,0.33564540878217297,0.40091000495180484,0.6530761972950729,0.6449403226915524,0.63069435134473,0.6164483799979075,0.602202408651085,0.5879564373042625,0.57371046595744,0.5084458697878081,0.4431812736181763,0.37791667744854435,0.3126520812789125
6959,0.04326251605801909,0.04908169821561838,0.059271125452270715,0.06946055268892304,0.07964997992557539,0.08983940716222773,0.10002883439888008,0.1467093195416705,0.19338980468446088,0.24007028982725132,0.28675077497004176,0.499578441059629,0.4937592589020297,0.48356983166537737,0.47338040442872503,0.4631909771920727,0.45300154995542036,0.442812122718768,0.3961316375759776,0.3494511524331872,0.30277066729039676,0.2560901821476063
6960,0.031367184720614005,0.03558634204876214,0.04297411500909338,0.050361887969424625,0.057749660929755864,0.0651374338900871,0.07252520685041834,0.10637056615310214,0.14021592545578596,0.17406128475846977,0.20790664406115364,0.38513873965896495,0.3809195823308168,0.3735318093704856,0.36614403641015436,0.35875626344982314,0.3513684904894919,0.3439807175291607,0.3101353582264769,0.27628999892379313,0.24244463962110932,0.20859928031842545
6961,0.027541528392130105,0.031246101893993974,0.037732835101129916,0.04421956830826585,0.05070630151540179,0.057193034722537735,0.06367976792967367,0.09339722368731823,0.1231146794449628,0.15283213520260736,0.18254959096025195,0.2947264391013124,0.29102186559944854,0.2845351323923126,0.27804839918517665,0.2715616659780407,0.26507493277090477,0.25858819956376883,0.22887074380612427,0.1991532880484797,0.16943583229083514,0.13971837653319055
6962,0.021214760756460276,0.024068329353953997,0.029064947229369295,0.03406156510478459,0.03905818298019989,0.04405480085561519,0.049051418731030486,0.07194225852804301,0.09483309832505553,0.11772393812206808,0.1406147779190806,0.2196416620198345,0.2167880934223408,0.21179147554692548,0.20679485767151018,0.20179823979609487,0.19680162192067957,0.19180500404526427,0.16891416424825173,0.14602332445123922,0.12313248465422667,0.10024164485721414
6963,0.017379901386824617,0.01971764826949346,0.023811058840523276,0.02790446941155309,0.03199787998258291,0.03609129055361272,0.04018470112464254,0.058937707246218926,0.07769071336779533,0.09644371948937172,0.11519672561094813,0.1725522635160582,0.17021451663338938,0.16612110606235955,0.16202769549132973,0.1579342849202999,0.15384087434927007,0.14974746377824025,0.13099445765666387,0.11224145153508747,0.09348844541351108,0.07473543929193467
6964,0.018861538995962508,0.02139857893702769,0.025840952998510806,0.030283327059993915,0.03472570112147703,0.03916807518296014,0.04361044924444325,0.0639621502340575,0.08431385122367176,0.10466555221328604,0.1250172532029003,0.16219714722554288,0.1596601072844777,0.15521773322299456,0.15077535916151147,0.14633298510002835,0.14189061103854522,0.1374482369770621,0.11709653598744785,0.0967448349978336,0.07639313400821932,0.05604143301860505
6965,0.06031042844298219,0.06842270209442457,0.08262734801485494,0.09683199393528533,0.1110366398557157,0.1252412857761461,0.1394459316965765,0.20452120506052845,0.2695964784244804,0.33467175178843245,0.39974702515238447,0.4566317751531136,0.4485195015016712,0.43431485558124083,0.4201102096608105,0.4059055637403801,0.3917009178199497,0.3774962718995193,0.3124209985355673,0.24734572517161535,0.18227045180766333,0.1171951784437113
6966,0.30895518501738617,0.35051232648691727,0.4232791617051753,0.4960459969234333,0.5688128321416914,0.6415796673599494,0.7143465025782075,1.0477107919933368,1.3810750814084662,1.7144393708235957,2.0478036602387255,2.1024107163262697,2.0608535748567385,1.9880867396384805,1.9153199044202225,1.8425530692019643,1.7697862339837063,1.6970193987654483,1.363655109350319,1.0302908199351897,0.6969265305200603,0.3635622411049304
6967,1.1612949269476076,1.3174991271273024,1.5910137359992662,1.8645283448712298,2.1380429537431938,2.4115575626151577,2.685072171487121,3.9381155800368046,5.191158988586489,6.444202397136173,7.697245805685856,8.797592590406415,8.64138839022672,8.367873781354756,8.094359172482793,7.820844563610829,7.547329954738865,7.273815345866902,6.020771937317218,4.767728528767535,3.514685120217851,2.261641711668167
6968,2.8365400828547638,3.218079229059924,3.8861568494030205,4.554234469746118,5.222312090089215,5.890389710432311,6.558467330775408,9.61910918103339,12.679751031291374,15.74039288154936,18.801034731807345,21.40384848736475,21.02230934115959,20.354231720816493,19.686154100473395,19.018076480130297,18.3499988597872,17.6819212394441,14.621279389186117,11.560637538928134,8.499995688670149,5.439353838412163
6969,4.187241305649756,4.750461435119857,5.736663683482037,6.722865931844216,7.709068180206397,8.695270428568575,9.681472676930756,14.199528337297998,18.717583997665233,23.23563965803248,27.75369531839972,32.29130966000392,31.72808953053382,30.74188728217164,29.75568503380946,28.76948278544728,27.7832805370851,26.797078288722922,22.27902262835568,17.760966967988445,13.242911307621199,8.724855647253957
6970,4.1224380187469025,4.6769415462886,5.647880965838258,6.618820385387915,7.5897598049375725,8.56069922448723,9.53163864403689,13.979771212843394,18.427903781649896,22.876036350456406,27.324168919262913,32.91035711924829,32.35585359170659,31.384914172156932,30.413974752607274,29.443035333057615,28.472095913507957,27.501156493958298,23.053023925151795,18.60489135634529,14.15675878753878,9.708626218732274
6971,3.351595880008395,3.8024144805325077,4.591800893015079,5.381187305497649,6.170573717980221,6.959960130462791,7.7493465429453625,11.365736340329079,14.982126137712793,18.59851593509651,22.21490573248023,27.356769827551037,26.905951227026925,26.116564814544354,25.327178402061783,24.537791989579212,23.74840557709664,22.95901916461407,19.34262936723035,15.726239569846637,12.109849772462919,8.493459975079201
6972,2.9910124143164416,3.3933294236000933,4.097789222441407,4.80224902128272,5.506708820124034,6.211168618965348,6.915628417806662,10.142946736074473,13.370265054342282,16.597583372610092,19.82490169087791,24.2284335048095,23.82611649552585,23.121656696684536,22.417196897843223,21.71273709900191,21.008277300160596,20.303817501319283,17.076499183051475,13.849180864783666,10.621862546515855,7.394544228248039
6973,2.7047846416677372,3.0686015427890947,3.7056473923676854,4.342693241946275,4.979739091524866,5.6167849411034565,6.253830790682048,9.172307818474215,12.090784846266383,15.009261874058554,17.92773890185072,22.802692522038395,22.438875620917038,21.801829771338447,21.164783921759856,20.527738072181265,19.890692222602674,19.253646373024083,16.335169345231915,13.416692317439747,10.498215289647575,7.579738261855409
6974,2.20733046474823,2.5042354815337093,3.0241181699939683,3.544000858454227,4.063883546914486,4.583766235374744,5.103648923835004,7.485370246439614,9.867091569044224,12.248812891648836,14.630534214253444,19.724931122724897,19.428026105939416,18.908143417479156,18.388260729018896,17.868378040558635,17.348495352098375,16.828612663638115,14.446891341033504,12.065170018428894,9.683448695824282,7.3017273732196735
6975,1.677916042855984,1.903610246250039,2.298802319798513,2.693994393346985,3.0891864668954585,3.484378540443932,3.879570613992405,5.690050956937462,7.500531299882518,9.311011642827577,11.121491985772634,14.871256559632515,14.645562356238461,14.250370282689987,13.855178209141515,13.459986135593041,13.064794062044568,12.669601988496094,10.859121645551037,9.04864130260598,7.238160959660921,5.427680616715864
6976,1.1172675321315855,1.2675496673528908,1.5306947005095728,1.7938397336662546,2.0569847668229366,2.3201297999796187,2.583274833136301,3.7888124482913326,4.9943500634463645,6.199887678601396,7.405425293756428,10.033161309414842,9.882879174193537,9.619734141036854,9.356589107880172,9.09344407472349,8.830299041566807,8.567154008410125,7.361616393255093,6.156078778100062,4.95054116294503,3.745003547789998
6977,0.6682540838903488,0.7581400312657272,0.9155309318380566,1.0729218324103855,1.2303127329827148,1.3877036335550441,1.5450945341273732,2.2661442482220826,2.987193962316792,3.7082436764115014,4.429293390506211,6.0734388854665,5.983552938091121,5.826162037518792,5.668771136946463,5.5113802363741335,5.3539893358018045,5.196598435229475,4.475548721134766,3.7544990070400566,3.033449292945347,2.3123995788506377
6978,0.4397550001969972,0.4989058467966161,0.6024793784527985,0.7060529101089809,0.8096264417651632,0.9131999734213457,1.016773505077528,1.4912714914090162,1.9657694777405041,2.4402674640719924,2.9147654504034803,3.6846018562989733,3.625451009699354,3.5218774780431716,3.418303946386989,3.314730414730807,3.2111568830746244,3.1075833514184423,2.633085365086954,2.158587378755466,1.6840893924239777,1.2095914060924897
6979,0.286284866305672,0.32479265405806435,0.39222005033488544,0.4596474466117065,0.5270748428885276,0.5945022391653487,0.6619296354421698,0.9708325302776295,1.2797354251130895,1.5886383199485492,1.8975412147840094,2.22844041223525,2.1899326244828576,2.1225052282060366,2.0550778319292156,1.9876504356523945,1.9202230393755735,1.8527956430987524,1.5438927482632927,1.2349898534278327,0.926086958592373,0.6171840637569128
6980,0.1600000684787465,0.18152145994052682,0.21920556165659857,0.25688966337267033,0.2945737650887421,0.33225786680481384,0.3699419685208856,0.5425828942000834,0.7152238198792811,0.887864745558479,1.0605056712376768,1.3303544742870113,1.308833082825231,1.2711489811091592,1.2334648793930874,1.1957807776770155,1.1580966759609437,1.1204125742448718,0.947771648565674,0.7751307228864763,0.6024897972072784,0.4298488715280806
6981,0.0966650333943288,0.10966731548161278,0.1324343991801003,0.15520148287858784,0.17796856657707538,0.20073565027556292,0.2235027339740505,0.3278048196211218,0.432106905268193,0.5364089909152644,0.6407110765623357,0.8750441895076194,0.8620419074203355,0.8392748237218479,0.8165077400233604,0.7937406563248728,0.7709735726263852,0.7482064889278977,0.6439044032808263,0.5396023176337551,0.4353002319866837,0.3309981463396124
6982,0.060485888935644626,0.06862176353916513,0.08286773488598757,0.09711370623281,0.11135967757963244,0.1256056489264549,0.13985162027327736,0.2051162164429092,0.27038081261254104,0.33564540878217297,0.40091000495180484,0.6530761972950729,0.6449403226915524,0.63069435134473,0.6164483799979075,0.602202408651085,0.5879564373042625,0.57371046595744,0.5084458697878081,0.4431812736181763,0.37791667744854435,0.3126520812789125
6983,0.04326251605801909,0.04908169821561838,0.059271125452270715,0.06946055268892304,0.07964997992557539,0.08983940716222773,0.10002883439888008,0.1467093195416705,0.19338980468446088,0.24007028982725132,0.28675077497004176,0.499578441059629,0.4937592589020297,0.48356983166537737,0.47338040442872503,0.4631909771920727,0.45300154995542036,0.442812122718768,0.3961316375759776,0.3494511524331872,0.30277066729039676,0.2560901821476063
6984,0.031367184720614005,0.03558634204876214,0.04297411500909338,0.050361887969424625,0.057749660929755864,0.0651374338900871,0.07252520685041834,0.10637056615310214,0.14021592545578596,0.17406128475846977,0.20790664406115364,0.38513873965896495,0.3809195823308168,0.3735318093704856,0.36614403641015436,0.35875626344982314,0.3513684904894919,0.3439807175291607,0.3101353582264769,0.27628999892379313,0.24244463962110932,0.20859928031842545
6985,0.027541528392130105,0.031246101893993974,0.037732835101129916,0.04421956830826585,0.05070630151540179,0.057193034722537735,0.06367976792967367,0.09339722368731823,0.1231146794449628,0.15283213520260736,0.18254959096025195,0.2947264391013124,0.29102186559944854,0.2845351323923126,0.27804839918517665,0.2715616659780407,0.26507493277090477,0.25858819956376883,0.22887074380612427,0.1991532880484797,0.16943583229083514,0.13971837653319055
6986,0.021214760756460276,0.024068329353953997,0.029064947229369295,0.03406156510478459,0.03905818298019989,0.04405480085561519,0.049051418731030486,0.07194225852804301,0.09483309832505553,0.11772393812206808,0.1406147779190806,0.2196416620198345,0.2167880934223408,0.21179147554692548,0.20679485767151018,0.20179823979609487,0.19680162192067957,0.19180500404526427,0.16891416424825173,0.14602332445123922,0.12313248465422667,0.10024164485721414
6987,0.017379901386824617,0.01971764826949346,0.023811058840523276,0.02790446941155309,0.03199787998258291,0.03609129055361272,0.04018470112464254,0.058937707246218926,0.07769071336779533,0.09644371948937172,0.11519672561094813,0.1725522635160582,0.17021451663338938,0.16612110606235955,0.16202769549132973,0.1579342849202999,0.15384087434927007,0.14974746377824025,0.13099445765666387,0.11224145153508747,0.09348844541351108,0.07473543929193467
6988,0.018861538995962508,0.02139857893702769,0.025840952998510806,0.030283327059993915,0.03472570112147703,0.03916807518296014,0.04361044924444325,0.0639621502340575,0.08431385122367176,0.10466555221328604,0.1250172532029003,0.16219714722554288,0.1596601072844777,0.15521773322299456,0.15077535916151147,0.14633298510002835,0.14189061103854522,0.1374482369770621,0.11709653598744785,0.0967448349978336,0.07639313400821932,0.05604143301860505
6989,0.06031042844298219,0.06842270209442457,0.08262734801485494,0.09683199393528533,0.1110366398557157,0.1252412857761461,0.1394459316965765,0.20452120506052845,0.2695964784244804,0.33467175178843245,0.39974702515238447,0.4566317751531136,0.4485195015016712,0.43431485558124083,0.4201102096608105,0.4059055637403801,0.3917009178199497,0.3774962718995193,0.3124209985355673,0.24734572517161535,0.18227045180766333,0.1171951784437113
6990,0.30895518501738617,0.35051232648691727,0.4232791617051753,0.4960459969234333,0.5688128321416914,0.6415796673599494,0.7143465025782075,1.0477107919933368,1.3810750814084662,1.7144393708235957,2.0478036602387255,2.1024107163262697,2.0608535748567385,1.9880867396384805,1.9153199044202225,1.8425530692019643,1.7697862339837063,1.6970193987654483,1.363655109350319,1.0302908199351897,0.6969265305200603,0.3635622411049304
6991,1.1612949269476076,1.3174991271273024,1.5910137359992662,1.8645283448712298,2.1380429537431938,2.4115575626151577,2.685072171487121,3.9381155800368046,5.191158988586489,6.444202397136173,7.697245805685856,8.797592590406415,8.64138839022672,8.367873781354756,8.094359172482793,7.820844563610829,7.547329954738865,7.273815345866902,6.020771937317218,4.767728528767535,3.514685120217851,2.261641711668167
6992,2.8365400828547638,3.218079229059924,3.8861568494030205,4.554234469746118,5.222312090089215,5.890389710432311,6.558467330775408,9.61910918103339,12.679751031291374,15.74039288154936,18.801034731807345,21.40384848736475,21.02230934115959,20.354231720816493,19.686154100473395,19.018076480130297,18.3499988597872,17.6819212394441,14.621279389186117,11.560637538928134,8.499995688670149,5.439353838412163
6993,4.187241305649756,4.750461435119857,5.736663683482037,6.722865931844216,7.709068180206397,8.695270428568575,9.681472676930756,14.199528337297998,18.717583997665233,23.23563965803248,27.75369531839972,32.29130966000392,31.72808953053382,30.74188728217164,29.75568503380946,28.76948278544728,27.7832805370851,26.797078288722922,22.27902262835568,17.760966967988445,13.242911307621199,8.724855647253957
6994,4.1224380187469025,4.6769415462886,5.647880965838258,6.618820385387915,7.5897598049375725,8.56069922448723,9.53163864403689,13.979771212843394,18.427903781649896,22.876036350456406,27.324168919262913,32.91035711924829,32.35585359170659,31.384914172156932,30.413974752607274,29.443035333057615,28.472095913507957,27.501156493958298,23.053023925151795,18.60489135634529,14.15675878753878,9.708626218732274
6995,3.351595880008395,3.8024144805325077,4.591800893015079,5.381187305497649,6.170573717980221,6.959960130462791,7.7493465429453625,11.365736340329079,14.982126137712793,18.59851593509651,22.21490573248023,27.356769827551037,26.905951227026925,26.116564814544354,25.327178402061783,24.537791989579212,23.74840557709664,22.95901916461407,19.34262936723035,15.726239569846637,12.109849772462919,8.493459975079201
6996,2.9910124143164416,3.3933294236000933,4.097789222441407,4.80224902128272,5.506708820124034,6.211168618965348,6.915628417806662,10.142946736074473,13.370265054342282,16.597583372610092,19.82490169087791,24.2284335048095,23.82611649552585,23.121656696684536,22.417196897843223,21.71273709900191,21.008277300160596,20.303817501319283,17.076499183051475,13.849180864783666,10.621862546515855,7.394544228248039
6997,2.7047846416677372,3.0686015427890947,3.7056473923676854,4.342693241946275,4.979739091524866,5.6167849411034565,6.253830790682048,9.172307818474215,12.090784846266383,15.009261874058554,17.92773890185072,22.802692522038395,22.438875620917038,21.801829771338447,21.164783921759856,20.527738072181265,19.890692222602674,19.253646373024083,16.335169345231915,13.416692317439747,10.498215289647575,7.579738261855409
6998,2.20733046474823,2.5042354815337093,3.0241181699939683,3.544000858454227,4.063883546914486,4.583766235374744,5.103648923835004,7.485370246439614,9.867091569044224,12.248812891648836,14.630534214253444,19.724931122724897,19.428026105939416,18.908143417479156,18.388260729018896,17.868378040558635,17.348495352098375,16.828612663638115,14.446891341033504,12.065170018428894,9.683448695824282,7.3017273732196735
6999,1.677916042855984,1.903610246250039,2.298802319798513,2.693994393346985,3.0891864668954585,3.484378540443932,3.879570613992405,5.690050956937462,7.500531299882518,9.311011642827577,11.121491985772634,14.871256559632515,14.645562356238461,14.250370282689987,13.855178209141515,13.459986135593041,13.064794062044568,12.669601988496094,10.859121645551037,9.04864130260598,7.238160959660921,5.427680616715864
7000,1.1172675321315855,1.2675496673528908,1.5306947005095728,1.7938397336662546,2.0569847668229366,2.3201297999796187,2.583274833136301,3.7888124482913326,4.9943500634463645,6.199887678601396,7.405425293756428,10.033161309414842,9.882879174193537,9.619734141036854,9.356589107880172,9.09344407472349,8.830299041566807,8.567154008410125,7.361616393255093,6.156078778100062,4.95054116294503,3.745003547789998
7001,0.6682540838903488,0.7581400312657272,0.9155309318380566,1.0729218324103855,1.2303127329827148,1.3877036335550441,1.5450945341273732,2.2661442482220826,2.987193962316792,3.7082436764115014,4.429293390506211,6.0734388854665,5.983552938091121,5.826162037518792,5.668771136946463,5.5113802363741335,5.3539893358018045,5.196598435229475,4.475548721134766,3.7544990070400566,3.033449292945347,2.3123995788506377
7002,0.4397550001969972,0.4989058467966161,0.6024793784527985,0.7060529101089809,0.8096264417651632,0.9131999734213457,1.016773505077528,1.4912714914090162,1.9657694777405041,2.4402674640719924,2.9147654504034803,3.6846018562989733,3.625451009699354,3.5218774780431716,3.418303946386989,3.314730414730807,3.2111568830746244,3.1075833514184423,2.633085365086954,2.158587378755466,1.6840893924239777,1.2095914060924897
7003,0.286284866305672,0.32479265405806435,0.39222005033488544,0.4596474466117065,0.5270748428885276,0.5945022391653487,0.6619296354421698,0.9708325302776295,1.2797354251130895,1.5886383199485492,1.8975412147840094,2.22844041223525,2.1899326244828576,2.1225052282060366,2.0550778319292156,1.9876504356523945,1.9202230393755735,1.8527956430987524,1.5438927482632927,1.2349898534278327,0.926086958592373,0.6171840637569128
7004,0.1600000684787465,0.18152145994052682,0.21920556165659857,0.25688966337267033,0.2945737650887421,0.33225786680481384,0.3699419685208856,0.5425828942000834,0.7152238198792811,0.887864745558479,1.0605056712376768,1.3303544742870113,1.308833082825231,1.2711489811091592,1.2334648793930874,1.1957807776770155,1.1580966759609437,1.1204125742448718,0.947771648565674,0.7751307228864763,0.6024897972072784,0.4298488715280806
7005,0.0966650333943288,0.10966731548161278,0.1324343991801003,0.15520148287858784,0.17796856657707538,0.20073565027556292,0.2235027339740505,0.3278048196211218,0.432106905268193,0.5364089909152644,0.6407110765623357,0.8750441895076194,0.8620419074203355,0.8392748237218479,0.8165077400233604,0.7937406563248728,0.7709735726263852,0.7482064889278977,0.6439044032808263,0.5396023176337551,0.4353002319866837,0.3309981463396124
7006,0.060485888935644626,0.06862176353916513,0.08286773488598757,0.09711370623281,0.11135967757963244,0.1256056489264549,0.13985162027327736,0.2051162164429092,0.27038081261254104,0.33564540878217297,0.40091000495180484,0.6530761972950729,0.6449403226915524,0.63069435134473,0.6164483799979075,0.602202408651085,0.5879564373042625,0.57371046595744,0.5084458697878081,0.4431812736181763,0.37791667744854435,0.3126520812789125
7007,0.04326251605801909,0.04908169821561838,0.059271125452270715,0.06946055268892304,0.07964997992557539,0.08983940716222773,0.10002883439888008,0.1467093195416705,0.19338980468446088,0.24007028982725132,0.28675077497004176,0.499578441059629,0.4937592589020297,0.48356983166537737,0.47338040442872503,0.4631909771920727,0.45300154995542036,0.442812122718768,0.3961316375759776,0.3494511524331872,0.30277066729039676,0.2560901821476063
7008,0.06656898268586907,0.07552308595105217,0.09120178120737912,0.10688047646370606,0.12255917172003303,0.13823786697635998,0.1539165622326869,0.2257448489433112,0.29757313565393556,0.36940142236455986,0.44122970907518416,0.4271966781704077,0.4182425749052246,0.4025638796488976,0.3868851843925707,0.3712064891362437,0.35552779387991673,0.3398490986235898,0.2680208119129655,0.19619252520234115,0.12436423849171685,0.05253595178109255
7009,0.056639086305014866,0.06425753272192815,0.07759748382143074,0.09093743492093335,0.10427738602043597,0.11761733711993858,0.1309572882194412,0.19207116387144205,0.25318503952344296,0.31429891517544384,0.3754127908274448,0.3168441383691494,0.3092256919522361,0.2958857408527335,0.28254578975323086,0.26920583865372827,0.2558658875542257,0.24252593645472306,0.1814120608027222,0.1202981851507213,0.05918430949872042,-0.0019295661532805208
7010,0.03392680220936796,0.038490250202461725,0.046480878441028384,0.05447150667959503,0.06246213491816169,0.07045276315672834,0.07844339139529499,0.1150505915949522,0.15165779179460942,0.18826499199426663,0.22487219219392388,0.22601923126692836,0.22145578327383458,0.21346515503526792,0.20547452679670128,0.1974838985581346,0.18949327031956797,0.1815026420810013,0.1448954418813441,0.10828824168168688,0.07168104148202967,0.035073841282372425
7011,0.0236676925723058,0.026851201690074235,0.03242554764354464,0.03799989359701504,0.043574239550485436,0.049148585503955844,0.05472293145742625,0.08026049774238261,0.10579806402733898,0.13133563031229536,0.15687319659725174,0.20284547879051973,0.1996619696727513,0.1940876237192809,0.1885132777658105,0.1829389318123401,0.17736458585886972,0.17179023990539932,0.14625267362044297,0.12071510733548661,0.09517754105053022,0.06963997476557385
7012,0.02469635730095266,0.028018230711428102,0.03383485347536883,0.03965147623930954,0.04546809900325027,0.051284721767191,0.05710134453113172,0.08374884553458932,0.11039634653804692,0.1370438475415045,0.16369134854496212,0.2086410790622131,0.20531920565173767,0.19950258288779693,0.19368596012385622,0.18786933735991548,0.18205271459597477,0.17623609183203404,0.14958859082857645,0.12294108982511885,0.09629358882166127,0.06964608781820365
7013,0.018530992112733714,0.02102357064238779,0.025388092472381524,0.02975261430237525,0.03411713613236898,0.03848165796236271,0.04284617979235644,0.06284121893523797,0.08283625807811949,0.10283129722100104,0.12282633636388257,0.23076451461001737,0.2282719360803633,0.22390741425036959,0.21954289242037586,0.21517837059038214,0.21081384876038842,0.2064493269303947,0.18645428778751316,0.16645924864463163,0.1464642095017501,0.12646917035886857
7014,0.022723898938375474,0.025780459658883387,0.031132518111866028,0.036484576564848666,0.0418366350178313,0.04718869347081395,0.05254075192379659,0.0770599598532782,0.10157916778275981,0.12609837571224142,0.15061758364172306,0.3411068640072945,0.3380503032867866,0.33269824483380395,0.3273461863808213,0.32199412792783866,0.316642069474856,0.31129001102187337,0.2867708030923918,0.2622515951629102,0.2377323872334286,0.21321317930394695
7015,0.05954035988303085,0.0675490526604855,0.08157232777140645,0.0955956028823274,0.10961887799324835,0.12364215310416929,0.13766542821509023,0.20190979350324906,0.2661541587914079,0.33039852407956677,0.3946428893677256,0.5323949645104806,0.524386271733026,0.510362996622105,0.4963397215111841,0.48231644640026317,0.4682931712893422,0.4542698961784213,0.3900255308902625,0.32578116560210363,0.2615368003139448,0.19729243502578592
7016,0.09422208070711786,0.10689576455313886,0.129087470513181,0.15127917647322317,0.17347088243326533,0.1956625883933075,0.21785429435334966,0.31952042104539957,0.42118654773744957,0.5228526744294996,0.6245188011215496,0.7630054397344619,0.7503317558884409,0.7281400499283988,0.7059483439683566,0.6837566380083144,0.6615649320482723,0.6393732260882301,0.5377070993961802,0.4360409727041302,0.33437484601208023,0.23270871932003023
7017,0.11060462621291975,0.12548190395938727,0.1515321177130734,0.17758233146675953,0.2036325452204457,0.22968275897413182,0.255732972727818,0.37507595323620807,0.49441893374459817,0.6137619142529884,0.7331048947613785,1.04243040931092,1.0275531315644524,1.0015029178107662,0.9754527040570801,0.949402490303394,0.9233522765497079,0.8973020627960218,0.7779590822876317,0.6586161017792416,0.5392731212708513,0.41993014076246116
7018,0.14593538259187422,0.16556495229609972,0.19993646134515083,0.23430797039420195,0.2686794794432531,0.3030509884923042,0.3374224975413554,0.4948875522726021,0.6523526070038489,0.8098176617350957,0.9672827164663426,1.3368623237393928,1.3172327540351674,1.2828612449861163,1.2484897359370652,1.2141182268880142,1.1797467178389631,1.145375208789912,0.9879101540586653,0.8304450993274186,0.6729800445961718,0.5155149898649249
7019,0.17412844867806587,0.1975502293326846,0.2385619253527876,0.2795736213728906,0.3205853173929936,0.3615970134130966,0.40260870943319965,0.5904942325625675,0.7783797556919354,0.9662652788213034,1.1541508019506714,1.6963697765134498,1.6729479958588311,1.6319362998387281,1.590924603818625,1.549912907798522,1.508901211778419,1.467889515758316,1.2800039926289482,1.0921184694995802,0.9042329463702122,0.7163474232408442
7020,0.20258246617249245,0.22983155799628885,0.277544901707457,0.32525824541862514,0.3729715891297932,0.4206849328409614,0.46839827655212957,0.6869858360383282,0.9055733955245269,1.1241609550107257,1.3427485144969247,1.9211150761464808,1.8938659843226844,1.8461526406115163,1.7984392969003482,1.7507259531891801,1.7030126094780118,1.6552992657668437,1.4367117062806452,1.2181241467944464,0.9995365873082476,0.7809490278220486
7021,0.22682064156334378,0.25732997737244256,0.31075203030808307,0.3641740832437235,0.4175961361793641,0.4710181891150046,0.5244402420506451,0.769180921820084,1.013921601589523,1.2586622813589619,1.5034029611284008,2.0428941262432594,2.0123847904341607,1.9589627374985201,1.9055406845628797,1.852118631627239,1.7986965786915987,1.745274525755958,1.5005338459865192,1.2557931662170803,1.0110524864476413,0.7663118066782024
7022,0.28713168866453304,0.3257533813399477,0.3933802259058238,0.46100707047169975,0.5286339150375757,0.5962607596034519,0.6638876041693279,0.9737042248382178,1.2835208455071077,1.5933374661759976,1.9031540868448875,2.133676930271694,2.095055237596279,2.027428393030403,1.9598015484645268,1.8921747038986507,1.8245478593327746,1.7569210147668985,1.4471043940980086,1.1372877734291187,0.8274711527602288,0.5176545320913388
7023,0.3067951188581142,0.3480617127682659,0.42031979724889373,0.49257788172952155,0.5648359662101494,0.6370940506907772,0.709352135171405,1.040385701701159,1.3714192682309132,1.7024528347606676,2.0334864012904217,2.1612776545091203,2.120011060598969,2.047752976118341,1.975494891637713,1.9032368071570853,1.8309787226764576,1.7587206381958298,1.427687071666076,1.0966535051363218,0.7656199386065674,0.4345863720768133
7024,0.27598175878396375,0.31310368956544515,0.3781044409318533,0.44310519229826134,0.5081059436646694,0.5731066950310776,0.6381074463974856,0.9358932333664804,1.233679020335475,1.53146480730447,1.829250594273465,1.9097257114610804,1.872603780679599,1.8076030293131908,1.7426022779467827,1.6776015265803745,1.6126007752139664,1.5476000238475582,1.2498142368785634,0.9520284499095688,0.6542426629405738,0.35645687597157893
7025,0.2253108014307007,0.2556170506983482,0.3086834977291007,0.36174994475985317,0.4148163917906057,0.46788283882135817,0.5209492858521106,0.7640608400805081,1.0071723943089055,1.2502839485373032,1.4933955027657007,1.6192575536297766,1.588951304362129,1.5358848573313766,1.4828184103006241,1.4297519632698716,1.3766855162391192,1.3236190692083667,1.0805075149799692,0.8373959607515719,0.5942844065231742,0.3511728522947767
7026,0.181071206183045,0.20542684770103406,0.24807374039633354,0.290720633091633,0.3333675257869325,0.376014418482232,0.41866131117753147,0.6140381066158548,0.809414902054178,1.0047916974925013,1.200168492930825,1.489569188741577,1.4652135472235879,1.4225666545282885,1.379919761832989,1.3372728691376894,1.29462597644239,1.2519790837470905,1.0566022883087673,0.8612254928704441,0.6658486974321208,0.4704719019937972
7027,0.1371027565822645,0.15554426178254532,0.18783546186591396,0.22012666194928254,0.2524178620326512,0.2847090621160198,0.3170002621993884,0.464934866444111,0.6128694706888336,0.7608040749335562,0.9087386791782788,1.2544431595756709,1.23600165437539,1.2037104542920214,1.1714192542086528,1.1391280541252842,1.1068368540419156,1.074545653958547,0.9266110497138245,0.7786764454691019,0.6307418412243793,0.48280723697965666
7028,0.12288693681507708,0.1394162914452449,0.16835930297358676,0.19730231450192862,0.22624532603027048,0.25518833755861237,0.28413134908695425,0.4167270081222759,0.5493226671575976,0.6819183261929194,0.8145139852282411,0.965950353268064,0.9494209986378962,0.9204779871095543,0.8915349755812124,0.8625919640528705,0.8336489525245286,0.8047059409961868,0.6721102819608651,0.5395146229255434,0.40691896389022164,0.27432330485489986
7029,0.10407025709033581,0.11806860573895996,0.14257980870966933,0.16709101168037868,0.19160221465108804,0.2161134176217974,0.24062462059250678,0.3529169820306787,0.4652093434688507,0.5775017049070227,0.6897940663451948,0.756275578156249,0.7422772295076249,0.7177660265369155,0.6932548235662062,0.6687436205954969,0.6442324176247876,0.6197212146540781,0.5074288532159061,0.3951364917777342,0.2828441303395622,0.17055176890139007
7030,0.09174496304809825,0.10408545316899447,0.1256937346673304,0.14730201616566632,0.16891029766400223,0.19051857916233816,0.21212686066067407,0.3111201642112374,0.4101134677618008,0.5091067713123641,0.6081000748629275,0.6380177307790044,0.6256772406581081,0.6040689591597722,0.5824606776614363,0.5608523961631003,0.5392441146647644,0.5176358331664285,0.4186425296158651,0.3196492260653017,0.22065592251473837,0.12166261896417502
7031,0.0756798511426919,0.0858594449247251,0.10368398234795255,0.12150851977117999,0.13933305719440744,0.15715759461763487,0.17498213204086233,0.2566410943198301,0.33830005659879786,0.4199590188777657,0.5016179811567335,0.5589042903878931,0.54872469660586,0.5309001591826326,0.5130756217594051,0.4952510843361777,0.4774265469129503,0.45960200948972285,0.37794304721075506,0.2962840849317873,0.21462512265281947,0.13296616037385167
7032,0.06656898268586907,0.07552308595105217,0.09120178120737912,0.10688047646370606,0.12255917172003303,0.13823786697635998,0.1539165622326869,0.2257448489433112,0.29757313565393556,0.36940142236455986,0.44122970907518416,0.4271966781704077,0.4182425749052246,0.4025638796488976,0.3868851843925707,0.3712064891362437,0.35552779387991673,0.3398490986235898,0.2680208119129655,0.19619252520234115,0.12436423849171685,0.05253595178109255
7033,0.056639086305014866,0.06425753272192815,0.07759748382143074,0.09093743492093335,0.10427738602043597,0.11761733711993858,0.1309572882194412,0.19207116387144205,0.25318503952344296,0.31429891517544384,0.3754127908274448,0.3168441383691494,0.3092256919522361,0.2958857408527335,0.28254578975323086,0.26920583865372827,0.2558658875542257,0.24252593645472306,0.1814120608027222,0.1202981851507213,0.05918430949872042,-0.0019295661532805208
7034,0.03392680220936796,0.038490250202461725,0.046480878441028384,0.05447150667959503,0.06246213491816169,0.07045276315672834,0.07844339139529499,0.1150505915949522,0.15165779179460942,0.18826499199426663,0.22487219219392388,0.22601923126692836,0.22145578327383458,0.21346515503526792,0.20547452679670128,0.1974838985581346,0.18949327031956797,0.1815026420810013,0.1448954418813441,0.10828824168168688,0.07168104148202967,0.035073841282372425
7035,0.0236676925723058,0.026851201690074235,0.03242554764354464,0.03799989359701504,0.043574239550485436,0.049148585503955844,0.05472293145742625,0.08026049774238261,0.10579806402733898,0.13133563031229536,0.15687319659725174,0.20284547879051973,0.1996619696727513,0.1940876237192809,0.1885132777658105,0.1829389318123401,0.17736458585886972,0.17179023990539932,0.14625267362044297,0.12071510733548661,0.09517754105053022,0.06963997476557385
7036,0.02469635730095266,0.028018230711428102,0.03383485347536883,0.03965147623930954,0.04546809900325027,0.051284721767191,0.05710134453113172,0.08374884553458932,0.11039634653804692,0.1370438475415045,0.16369134854496212,0.2086410790622131,0.20531920565173767,0.19950258288779693,0.19368596012385622,0.18786933735991548,0.18205271459597477,0.17623609183203404,0.14958859082857645,0.12294108982511885,0.09629358882166127,0.06964608781820365
7037,0.018530992112733714,0.02102357064238779,0.025388092472381524,0.02975261430237525,0.03411713613236898,0.03848165796236271,0.04284617979235644,0.06284121893523797,0.08283625807811949,0.10283129722100104,0.12282633636388257,0.23076451461001737,0.2282719360803633,0.22390741425036959,0.21954289242037586,0.21517837059038214,0.21081384876038842,0.2064493269303947,0.18645428778751316,0.16645924864463163,0.1464642095017501,0.12646917035886857
7038,0.022723898938375474,0.025780459658883387,0.031132518111866028,0.036484576564848666,0.0418366350178313,0.04718869347081395,0.05254075192379659,0.0770599598532782,0.10157916778275981,0.12609837571224142,0.15061758364172306,0.3411068640072945,0.3380503032867866,0.33269824483380395,0.3273461863808213,0.32199412792783866,0.316642069474856,0.31129001102187337,0.2867708030923918,0.2622515951629102,0.2377323872334286,0.21321317930394695
7039,0.05954035988303085,0.0675490526604855,0.08157232777140645,0.0955956028823274,0.10961887799324835,0.12364215310416929,0.13766542821509023,0.20190979350324906,0.2661541587914079,0.33039852407956677,0.3946428893677256,0.5323949645104806,0.524386271733026,0.510362996622105,0.4963397215111841,0.48231644640026317,0.4682931712893422,0.4542698961784213,0.3900255308902625,0.32578116560210363,0.2615368003139448,0.19729243502578592
7040,0.09422208070711786,0.10689576455313886,0.129087470513181,0.15127917647322317,0.17347088243326533,0.1956625883933075,0.21785429435334966,0.31952042104539957,0.42118654773744957,0.5228526744294996,0.6245188011215496,0.7630054397344619,0.7503317558884409,0.7281400499283988,0.7059483439683566,0.6837566380083144,0.6615649320482723,0.6393732260882301,0.5377070993961802,0.4360409727041302,0.33437484601208023,0.23270871932003023
7041,0.11060462621291975,0.12548190395938727,0.1515321177130734,0.17758233146675953,0.2036325452204457,0.22968275897413182,0.255732972727818,0.37507595323620807,0.49441893374459817,0.6137619142529884,0.7331048947613785,1.04243040931092,1.0275531315644524,1.0015029178107662,0.9754527040570801,0.949402490303394,0.9233522765497079,0.8973020627960218,0.7779590822876317,0.6586161017792416,0.5392731212708513,0.41993014076246116
7042,0.14593538259187422,0.16556495229609972,0.19993646134515083,0.23430797039420195,0.2686794794432531,0.3030509884923042,0.3374224975413554,0.4948875522726021,0.6523526070038489,0.8098176617350957,0.9672827164663426,1.3368623237393928,1.3172327540351674,1.2828612449861163,1.2484897359370652,1.2141182268880142,1.1797467178389631,1.145375208789912,0.9879101540586653,0.8304450993274186,0.6729800445961718,0.5155149898649249
7043,0.17412844867806587,0.1975502293326846,0.2385619253527876,0.2795736213728906,0.3205853173929936,0.3615970134130966,0.40260870943319965,0.5904942325625675,0.7783797556919354,0.9662652788213034,1.1541508019506714,1.6963697765134498,1.6729479958588311,1.6319362998387281,1.590924603818625,1.549912907798522,1.508901211778419,1.467889515758316,1.2800039926289482,1.0921184694995802,0.9042329463702122,0.7163474232408442
7044,0.20258246617249245,0.22983155799628885,0.277544901707457,0.32525824541862514,0.3729715891297932,0.4206849328409614,0.46839827655212957,0.6869858360383282,0.9055733955245269,1.1241609550107257,1.3427485144969247,1.9211150761464808,1.8938659843226844,1.8461526406115163,1.7984392969003482,1.7507259531891801,1.7030126094780118,1.6552992657668437,1.4367117062806452,1.2181241467944464,0.9995365873082476,0.7809490278220486
7045,0.22682064156334378,0.25732997737244256,0.31075203030808307,0.3641740832437235,0.4175961361793641,0.4710181891150046,0.5244402420506451,0.769180921820084,1.013921601589523,1.2586622813589619,1.5034029611284008,2.0428941262432594,2.0123847904341607,1.9589627374985201,1.9055406845628797,1.852118631627239,1.7986965786915987,1.745274525755958,1.5005338459865192,1.2557931662170803,1.0110524864476413,0.7663118066782024
7046,0.28713168866453304,0.3257533813399477,0.3933802259058238,0.46100707047169975,0.5286339150375757,0.5962607596034519,0.6638876041693279,0.9737042248382178,1.2835208455071077,1.5933374661759976,1.9031540868448875,2.133676930271694,2.095055237596279,2.027428393030403,1.9598015484645268,1.8921747038986507,1.8245478593327746,1.7569210147668985,1.4471043940980086,1.1372877734291187,0.8274711527602288,0.5176545320913388
7047,0.3067951188581142,0.3480617127682659,0.42031979724889373,0.49257788172952155,0.5648359662101494,0.6370940506907772,0.709352135171405,1.040385701701159,1.3714192682309132,1.7024528347606676,2.0334864012904217,2.1612776545091203,2.120011060598969,2.047752976118341,1.975494891637713,1.9032368071570853,1.8309787226764576,1.7587206381958298,1.427687071666076,1.0966535051363218,0.7656199386065674,0.4345863720768133
7048,0.27598175878396375,0.31310368956544515,0.3781044409318533,0.44310519229826134,0.5081059436646694,0.5731066950310776,0.6381074463974856,0.9358932333664804,1.233679020335475,1.53146480730447,1.829250594273465,1.9097257114610804,1.872603780679599,1.8076030293131908,1.7426022779467827,1.6776015265803745,1.6126007752139664,1.5476000238475582,1.2498142368785634,0.9520284499095688,0.6542426629405738,0.35645687597157893
7049,0.2253108014307007,0.2556170506983482,0.3086834977291007,0.36174994475985317,0.4148163917906057,0.46788283882135817,0.5209492858521106,0.7640608400805081,1.0071723943089055,1.2502839485373032,1.4933955027657007,1.6192575536297766,1.588951304362129,1.5358848573313766,1.4828184103006241,1.4297519632698716,1.3766855162391192,1.3236190692083667,1.0805075149799692,0.8373959607515719,0.5942844065231742,0.3511728522947767
7050,0.181071206183045,0.20542684770103406,0.24807374039633354,0.290720633091633,0.3333675257869325,0.376014418482232,0.41866131117753147,0.6140381066158548,0.809414902054178,1.0047916974925013,1.200168492930825,1.489569188741577,1.4652135472235879,1.4225666545282885,1.379919761832989,1.3372728691376894,1.29462597644239,1.2519790837470905,1.0566022883087673,0.8612254928704441,0.6658486974321208,0.4704719019937972
7051,0.1371027565822645,0.15554426178254532,0.18783546186591396,0.22012666194928254,0.2524178620326512,0.2847090621160198,0.3170002621993884,0.464934866444111,0.6128694706888336,0.7608040749335562,0.9087386791782788,1.2544431595756709,1.23600165437539,1.2037104542920214,1.1714192542086528,1.1391280541252842,1.1068368540419156,1.074545653958547,0.9266110497138245,0.7786764454691019,0.6307418412243793,0.48280723697965666
7052,0.12288693681507708,0.1394162914452449,0.16835930297358676,0.19730231450192862,0.22624532603027048,0.25518833755861237,0.28413134908695425,0.4167270081222759,0.5493226671575976,0.6819183261929194,0.8145139852282411,0.965950353268064,0.9494209986378962,0.9204779871095543,0.8915349755812124,0.8625919640528705,0.8336489525245286,0.8047059409961868,0.6721102819608651,0.5395146229255434,0.40691896389022164,0.27432330485489986
7053,0.10407025709033581,0.11806860573895996,0.14257980870966933,0.16709101168037868,0.19160221465108804,0.2161134176217974,0.24062462059250678,0.3529169820306787,0.4652093434688507,0.5775017049070227,0.6897940663451948,0.756275578156249,0.7422772295076249,0.7177660265369155,0.6932548235662062,0.6687436205954969,0.6442324176247876,0.6197212146540781,0.5074288532159061,0.3951364917777342,0.2828441303395622,0.17055176890139007
7054,0.09174496304809825,0.10408545316899447,0.1256937346673304,0.14730201616566632,0.16891029766400223,0.19051857916233816,0.21212686066067407,0.3111201642112374,0.4101134677618008,0.5091067713123641,0.6081000748629275,0.6380177307790044,0.6256772406581081,0.6040689591597722,0.5824606776614363,0.5608523961631003,0.5392441146647644,0.5176358331664285,0.4186425296158651,0.3196492260653017,0.22065592251473837,0.12166261896417502
7055,0.0756798511426919,0.0858594449247251,0.10368398234795255,0.12150851977117999,0.13933305719440744,0.15715759461763487,0.17498213204086233,0.2566410943198301,0.33830005659879786,0.4199590188777657,0.5016179811567335,0.5589042903878931,0.54872469660586,0.5309001591826326,0.5130756217594051,0.4952510843361777,0.4774265469129503,0.45960200948972285,0.37794304721075506,0.2962840849317873,0.21462512265281947,0.13296616037385167
7056,0.031367184720614005,0.03558634204876214,0.04297411500909338,0.050361887969424625,0.057749660929755864,0.0651374338900871,0.07252520685041834,0.10637056615310214,0.14021592545578596,0.17406128475846977,0.20790664406115364,0.38513873965896495,0.3809195823308168,0.3735318093704856,0.36614403641015436,0.35875626344982314,0.3513684904894919,0.3439807175291607,0.3101353582264769,0.27628999892379313,0.24244463962110932,0.20859928031842545
7057,0.027541528392130105,0.031246101893993974,0.037732835101129916,0.04421956830826585,0.05070630151540179,0.057193034722537735,0.06367976792967367,0.09339722368731823,0.1231146794449628,0.15283213520260736,0.18254959096025195,0.2947264391013124,0.29102186559944854,0.2845351323923126,0.27804839918517665,0.2715616659780407,0.26507493277090477,0.25858819956376883,0.22887074380612427,0.1991532880484797,0.16943583229083514,0.13971837653319055
7058,0.021214760756460276,0.024068329353953997,0.029064947229369295,0.03406156510478459,0.03905818298019989,0.04405480085561519,0.049051418731030486,0.07194225852804301,0.09483309832505553,0.11772393812206808,0.1406147779190806,0.2196416620198345,0.2167880934223408,0.21179147554692548,0.20679485767151018,0.20179823979609487,0.19680162192067957,0.19180500404526427,0.16891416424825173,0.14602332445123922,0.12313248465422667,0.10024164485721414
7059,0.017379901386824617,0.01971764826949346,0.023811058840523276,0.02790446941155309,0.03199787998258291,0.03609129055361272,0.04018470112464254,0.058937707246218926,0.07769071336779533,0.09644371948937172,0.11519672561094813,0.1725522635160582,0.17021451663338938,0.16612110606235955,0.16202769549132973,0.1579342849202999,0.15384087434927007,0.14974746377824025,0.13099445765666387,0.11224145153508747,0.09348844541351108,0.07473543929193467
7060,0.018861538995962508,0.02139857893702769,0.025840952998510806,0.030283327059993915,0.03472570112147703,0.03916807518296014,0.04361044924444325,0.0639621502340575,0.08431385122367176,0.10466555221328604,0.1250172532029003,0.16219714722554288,0.1596601072844777,0.15521773322299456,0.15077535916151147,0.14633298510002835,0.14189061103854522,0.1374482369770621,0.11709653598744785,0.0967448349978336,0.07639313400821932,0.05604143301860505
7061,0.06031042844298219,0.06842270209442457,0.08262734801485494,0.09683199393528533,0.1110366398557157,0.1252412857761461,0.1394459316965765,0.20452120506052845,0.2695964784244804,0.33467175178843245,0.39974702515238447,0.4566317751531136,0.4485195015016712,0.43431485558124083,0.4201102096608105,0.4059055637403801,0.3917009178199497,0.3774962718995193,0.3124209985355673,0.24734572517161535,0.18227045180766333,0.1171951784437113
7062,0.30895518501738617,0.35051232648691727,0.4232791617051753,0.4960459969234333,0.5688128321416914,0.6415796673599494,0.7143465025782075,1.0477107919933368,1.3810750814084662,1.7144393708235957,2.0478036602387255,2.1024107163262697,2.0608535748567385,1.9880867396384805,1.9153199044202225,1.8425530692019643,1.7697862339837063,1.6970193987654483,1.363655109350319,1.0302908199351897,0.6969265305200603,0.3635622411049304
7063,1.1612949269476076,1.3174991271273024,1.5910137359992662,1.8645283448712298,2.1380429537431938,2.4115575626151577,2.685072171487121,3.9381155800368046,5.191158988586489,6.444202397136173,7.697245805685856,8.797592590406415,8.64138839022672,8.367873781354756,8.094359172482793,7.820844563610829,7.547329954738865,7.273815345866902,6.020771937317218,4.767728528767535,3.514685120217851,2.261641711668167
7064,2.8365400828547638,3.218079229059924,3.8861568494030205,4.554234469746118,5.222312090089215,5.890389710432311,6.558467330775408,9.61910918103339,12.679751031291374,15.74039288154936,18.801034731807345,21.40384848736475,21.02230934115959,20.354231720816493,19.686154100473395,19.018076480130297,18.3499988597872,17.6819212394441,14.621279389186117,11.560637538928134,8.499995688670149,5.439353838412163
7065,4.187241305649756,4.750461435119857,5.736663683482037,6.722865931844216,7.709068180206397,8.695270428568575,9.681472676930756,14.199528337297998,18.717583997665233,23.23563965803248,27.75369531839972,32.29130966000392,31.72808953053382,30.74188728217164,29.75568503380946,28.76948278544728,27.7832805370851,26.797078288722922,22.27902262835568,17.760966967988445,13.242911307621199,8.724855647253957
7066,4.1224380187469025,4.6769415462886,5.647880965838258,6.618820385387915,7.5897598049375725,8.56069922448723,9.53163864403689,13.979771212843394,18.427903781649896,22.876036350456406,27.324168919262913,32.91035711924829,32.35585359170659,31.384914172156932,30.413974752607274,29.443035333057615,28.472095913507957,27.501156493958298,23.053023925151795,18.60489135634529,14.15675878753878,9.708626218732274
7067,3.351595880008395,3.8024144805325077,4.591800893015079,5.381187305497649,6.170573717980221,6.959960130462791,7.7493465429453625,11.365736340329079,14.982126137712793,18.59851593509651,22.21490573248023,27.356769827551037,26.905951227026925,26.116564814544354,25.327178402061783,24.537791989579212,23.74840557709664,22.95901916461407,19.34262936723035,15.726239569846637,12.109849772462919,8.493459975079201
7068,2.9910124143164416,3.3933294236000933,4.097789222441407,4.80224902128272,5.506708820124034,6.211168618965348,6.915628417806662,10.142946736074473,13.370265054342282,16.597583372610092,19.82490169087791,24.2284335048095,23.82611649552585,23.121656696684536,22.417196897843223,21.71273709900191,21.008277300160596,20.303817501319283,17.076499183051475,13.849180864783666,10.621862546515855,7.394544228248039
7069,2.7047846416677372,3.0686015427890947,3.7056473923676854,4.342693241946275,4.979739091524866,5.6167849411034565,6.253830790682048,9.172307818474215,12.090784846266383,15.009261874058554,17.92773890185072,22.802692522038395,22.438875620917038,21.801829771338447,21.164783921759856,20.527738072181265,19.890692222602674,19.253646373024083,16.335169345231915,13.416692317439747,10.498215289647575,7.579738261855409
7070,2.20733046474823,2.5042354815337093,3.0241181699939683,3.544000858454227,4.063883546914486,4.583766235374744,5.103648923835004,7.485370246439614,9.867091569044224,12.248812891648836,14.630534214253444,19.724931122724897,19.428026105939416,18.908143417479156,18.388260729018896,17.868378040558635,17.348495352098375,16.828612663638115,14.446891341033504,12.065170018428894,9.683448695824282,7.3017273732196735
7071,1.677916042855984,1.903610246250039,2.298802319798513,2.693994393346985,3.0891864668954585,3.484378540443932,3.879570613992405,5.690050956937462,7.500531299882518,9.311011642827577,11.121491985772634,14.871256559632515,14.645562356238461,14.250370282689987,13.855178209141515,13.459986135593041,13.064794062044568,12.669601988496094,10.859121645551037,9.04864130260598,7.238160959660921,5.427680616715864
7072,1.1172675321315855,1.2675496673528908,1.5306947005095728,1.7938397336662546,2.0569847668229366,2.3201297999796187,2.583274833136301,3.7888124482913326,4.9943500634463645,6.199887678601396,7.405425293756428,10.033161309414842,9.882879174193537,9.619734141036854,9.356589107880172,9.09344407472349,8.830299041566807,8.567154008410125,7.361616393255093,6.156078778100062,4.95054116294503,3.745003547789998
7073,0.6682540838903488,0.7581400312657272,0.9155309318380566,1.0729218324103855,1.2303127329827148,1.3877036335550441,1.5450945341273732,2.2661442482220826,2.987193962316792,3.7082436764115014,4.429293390506211,6.0734388854665,5.983552938091121,5.826162037518792,5.668771136946463,5.5113802363741335,5.3539893358018045,5.196598435229475,4.475548721134766,3.7544990070400566,3.033449292945347,2.3123995788506377
7074,0.4397550001969972,0.4989058467966161,0.6024793784527985,0.7060529101089809,0.8096264417651632,0.9131999734213457,1.016773505077528,1.4912714914090162,1.9657694777405041,2.4402674640719924,2.9147654504034803,3.6846018562989733,3.625451009699354,3.5218774780431716,3.418303946386989,3.314730414730807,3.2111568830746244,3.1075833514184423,2.633085365086954,2.158587378755466,1.6840893924239777,1.2095914060924897
7075,0.286284866305672,0.32479265405806435,0.39222005033488544,0.4596474466117065,0.5270748428885276,0.5945022391653487,0.6619296354421698,0.9708325302776295,1.2797354251130895,1.5886383199485492,1.8975412147840094,2.22844041223525,2.1899326244828576,2.1225052282060366,2.0550778319292156,1.9876504356523945,1.9202230393755735,1.8527956430987524,1.5438927482632927,1.2349898534278327,0.926086958592373,0.6171840637569128
7076,0.1600000684787465,0.18152145994052682,0.21920556165659857,0.25688966337267033,0.2945737650887421,0.33225786680481384,0.3699419685208856,0.5425828942000834,0.7152238198792811,0.887864745558479,1.0605056712376768,1.3303544742870113,1.308833082825231,1.2711489811091592,1.2334648793930874,1.1957807776770155,1.1580966759609437,1.1204125742448718,0.947771648565674,0.7751307228864763,0.6024897972072784,0.4298488715280806
7077,0.0966650333943288,0.10966731548161278,0.1324343991801003,0.15520148287858784,0.17796856657707538,0.20073565027556292,0.2235027339740505,0.3278048196211218,0.432106905268193,0.5364089909152644,0.6407110765623357,0.8750441895076194,0.8620419074203355,0.8392748237218479,0.8165077400233604,0.7937406563248728,0.7709735726263852,0.7482064889278977,0.6439044032808263,0.5396023176337551,0.4353002319866837,0.3309981463396124
7078,0.060485888935644626,0.06862176353916513,0.08286773488598757,0.09711370623281,0.11135967757963244,0.1256056489264549,0.13985162027327736,0.2051162164429092,0.27038081261254104,0.33564540878217297,0.40091000495180484,0.6530761972950729,0.6449403226915524,0.63069435134473,0.6164483799979075,0.602202408651085,0.5879564373042625,0.57371046595744,0.5084458697878081,0.4431812736181763,0.37791667744854435,0.3126520812789125
7079,0.04326251605801909,0.04908169821561838,0.059271125452270715,0.06946055268892304,0.07964997992557539,0.08983940716222773,0.10002883439888008,0.1467093195416705,0.19338980468446088,0.24007028982725132,0.28675077497004176,0.499578441059629,0.4937592589020297,0.48356983166537737,0.47338040442872503,0.4631909771920727,0.45300154995542036,0.442812122718768,0.3961316375759776,0.3494511524331872,0.30277066729039676,0.2560901821476063
7080,0.031367184720614005,0.03558634204876214,0.04297411500909338,0.050361887969424625,0.057749660929755864,0.0651374338900871,0.07252520685041834,0.10637056615310214,0.14021592545578596,0.17406128475846977,0.20790664406115364,0.38513873965896495,0.3809195823308168,0.3735318093704856,0.36614403641015436,0.35875626344982314,0.3513684904894919,0.3439807175291607,0.3101353582264769,0.27628999892379313,0.24244463962110932,0.20859928031842545
7081,0.027541528392130105,0.031246101893993974,0.037732835101129916,0.04421956830826585,0.05070630151540179,0.057193034722537735,0.06367976792967367,0.09339722368731823,0.1231146794449628,0.15283213520260736,0.18254959096025195,0.2947264391013124,0.29102186559944854,0.2845351323923126,0.27804839918517665,0.2715616659780407,0.26507493277090477,0.25858819956376883,0.22887074380612427,0.1991532880484797,0.16943583229083514,0.13971837653319055
7082,0.021214760756460276,0.024068329353953997,0.029064947229369295,0.03406156510478459,0.03905818298019989,0.04405480085561519,0.049051418731030486,0.07194225852804301,0.09483309832505553,0.11772393812206808,0.1406147779190806,0.2196416620198345,0.2167880934223408,0.21179147554692548,0.20679485767151018,0.20179823979609487,0.19680162192067957,0.19180500404526427,0.16891416424825173,0.14602332445123922,0.12313248465422667,0.10024164485721414
7083,0.017379901386824617,0.01971764826949346,0.023811058840523276,0.02790446941155309,0.03199787998258291,0.03609129055361272,0.04018470112464254,0.058937707246218926,0.07769071336779533,0.09644371948937172,0.11519672561094813,0.1725522635160582,0.17021451663338938,0.16612110606235955,0.16202769549132973,0.1579342849202999,0.15384087434927007,0.14974746377824025,0.13099445765666387,0.11224145153508747,0.09348844541351108,0.07473543929193467
7084,0.018861538995962508,0.02139857893702769,0.025840952998510806,0.030283327059993915,0.03472570112147703,0.03916807518296014,0.04361044924444325,0.0639621502340575,0.08431385122367176,0.10466555221328604,0.1250172532029003,0.16219714722554288,0.1596601072844777,0.15521773322299456,0.15077535916151147,0.14633298510002835,0.14189061103854522,0.1374482369770621,0.11709653598744785,0.0967448349978336,0.07639313400821932,0.05604143301860505
7085,0.06031042844298219,0.06842270209442457,0.08262734801485494,0.09683199393528533,0.1110366398557157,0.1252412857761461,0.1394459316965765,0.20452120506052845,0.2695964784244804,0.33467175178843245,0.39974702515238447,0.4566317751531136,0.4485195015016712,0.43431485558124083,0.4201102096608105,0.4059055637403801,0.3917009178199497,0.3774962718995193,0.3124209985355673,0.24734572517161535,0.18227045180766333,0.1171951784437113
7086,0.30895518501738617,0.35051232648691727,0.4232791617051753,0.4960459969234333,0.5688128321416914,0.6415796673599494,0.7143465025782075,1.0477107919933368,1.3810750814084662,1.7144393708235957,2.0478036602387255,2.1024107163262697,2.0608535748567385,1.9880867396384805,1.9153199044202225,1.8425530692019643,1.7697862339837063,1.6970193987654483,1.363655109350319,1.0302908199351897,0.6969265305200603,0.3635622411049304
7087,1.1612949269476076,1.3174991271273024,1.5910137359992662,1.8645283448712298,2.1380429537431938,2.4115575626151577,2.685072171487121,3.9381155800368046,5.191158988586489,6.444202397136173,7.697245805685856,8.797592590406415,8.64138839022672,8.367873781354756,8.094359172482793,7.820844563610829,7.547329954738865,7.273815345866902,6.020771937317218,4.767728528767535,3.514685120217851,2.261641711668167
7088,2.8365400828547638,3.218079229059924,3.8861568494030205,4.554234469746118,5.222312090089215,5.890389710432311,6.558467330775408,9.61910918103339,12.679751031291374,15.74039288154936,18.801034731807345,21.40384848736475,21.02230934115959,20.354231720816493,19.686154100473395,19.018076480130297,18.3499988597872,17.6819212394441,14.621279389186117,11.560637538928134,8.499995688670149,5.439353838412163
7089,4.187241305649756,4.750461435119857,5.736663683482037,6.722865931844216,7.709068180206397,8.695270428568575,9.681472676930756,14.199528337297998,18.717583997665233,23.23563965803248,27.75369531839972,32.29130966000392,31.72808953053382,30.74188728217164,29.75568503380946,28.76948278544728,27.7832805370851,26.797078288722922,22.27902262835568,17.760966967988445,13.242911307621199,8.724855647253957
7090,4.1224380187469025,4.6769415462886,5.647880965838258,6.618820385387915,7.5897598049375725,8.56069922448723,9.53163864403689,13.979771212843394,18.427903781649896,22.876036350456406,27.324168919262913,32.91035711924829,32.35585359170659,31.384914172156932,30.413974752607274,29.443035333057615,28.472095913507957,27.501156493958298,23.053023925151795,18.60489135634529,14.15675878753878,9.708626218732274
7091,3.351595880008395,3.8024144805325077,4.591800893015079,5.381187305497649,6.170573717980221,6.959960130462791,7.7493465429453625,11.365736340329079,14.982126137712793,18.59851593509651,22.21490573248023,27.356769827551037,26.905951227026925,26.116564814544354,25.327178402061783,24.537791989579212,23.74840557709664,22.95901916461407,19.34262936723035,15.726239569846637,12.109849772462919,8.493459975079201
7092,2.9910124143164416,3.3933294236000933,4.097789222441407,4.80224902128272,5.506708820124034,6.211168618965348,6.915628417806662,10.142946736074473,13.370265054342282,16.597583372610092,19.82490169087791,24.2284335048095,23.82611649552585,23.121656696684536,22.417196897843223,21.71273709900191,21.008277300160596,20.303817501319283,17.076499183051475,13.849180864783666,10.621862546515855,7.394544228248039
7093,2.7047846416677372,3.0686015427890947,3.7056473923676854,4.342693241946275,4.979739091524866,5.6167849411034565,6.253830790682048,9.172307818474215,12.090784846266383,15.009261874058554,17.92773890185072,22.802692522038395,22.438875620917038,21.801829771338447,21.164783921759856,20.527738072181265,19.890692222602674,19.253646373024083,16.335169345231915,13.416692317439747,10.498215289647575,7.579738261855409
7094,2.20733046474823,2.5042354815337093,3.0241181699939683,3.544000858454227,4.063883546914486,4.583766235374744,5.103648923835004,7.485370246439614,9.867091569044224,12.248812891648836,14.630534214253444,19.724931122724897,19.428026105939416,18.908143417479156,18.388260729018896,17.868378040558635,17.348495352098375,16.828612663638115,14.446891341033504,12.065170018428894,9.683448695824282,7.3017273732196735
7095,1.677916042855984,1.903610246250039,2.298802319798513,2.693994393346985,3.0891864668954585,3.484378540443932,3.879570613992405,5.690050956937462,7.500531299882518,9.311011642827577,11.121491985772634,14.871256559632515,14.645562356238461,14.250370282689987,13.855178209141515,13.459986135593041,13.064794062044568,12.669601988496094,10.859121645551037,9.04864130260598,7.238160959660921,5.427680616715864
7096,1.1172675321315855,1.2675496673528908,1.5306947005095728,1.7938397336662546,2.0569847668229366,2.3201297999796187,2.583274833136301,3.7888124482913326,4.9943500634463645,6.199887678601396,7.405425293756428,10.033161309414842,9.882879174193537,9.619734141036854,9.356589107880172,9.09344407472349,8.830299041566807,8.567154008410125,7.361616393255093,6.156078778100062,4.95054116294503,3.745003547789998
7097,0.6682540838903488,0.7581400312657272,0.9155309318380566,1.0729218324103855,1.2303127329827148,1.3877036335550441,1.5450945341273732,2.2661442482220826,2.987193962316792,3.7082436764115014,4.429293390506211,6.0734388854665,5.983552938091121,5.826162037518792,5.668771136946463,5.5113802363741335,5.3539893358018045,5.196598435229475,4.475548721134766,3.7544990070400566,3.033449292945347,2.3123995788506377
7098,0.4397550001969972,0.4989058467966161,0.6024793784527985,0.7060529101089809,0.8096264417651632,0.9131999734213457,1.016773505077528,1.4912714914090162,1.9657694777405041,2.4402674640719924,2.9147654504034803,3.6846018562989733,3.625451009699354,3.5218774780431716,3.418303946386989,3.314730414730807,3.2111568830746244,3.1075833514184423,2.633085365086954,2.158587378755466,1.6840893924239777,1.2095914060924897
7099,0.286284866305672,0.32479265405806435,0.39222005033488544,0.4596474466117065,0.5270748428885276,0.5945022391653487,0.6619296354421698,0.9708325302776295,1.2797354251130895,1.5886383199485492,1.8975412147840094,2.22844041223525,2.1899326244828576,2.1225052282060366,2.0550778319292156,1.9876504356523945,1.9202230393755735,1.8527956430987524,1.5438927482632927,1.2349898534278327,0.926086958592373,0.6171840637569128
7100,0.1600000684787465,0.18152145994052682,0.21920556165659857,0.25688966337267033,0.2945737650887421,0.33225786680481384,0.3699419685208856,0.5425828942000834,0.7152238198792811,0.887864745558479,1.0605056712376768,1.3303544742870113,1.308833082825231,1.2711489811091592,1.2334648793930874,1.1957807776770155,1.1580966759609437,1.1204125742448718,0.947771648565674,0.7751307228864763,0.6024897972072784,0.4298488715280806
7101,0.0966650333943288,0.10966731548161278,0.1324343991801003,0.15520148287858784,0.17796856657707538,0.20073565027556292,0.2235027339740505,0.3278048196211218,0.432106905268193,0.5364089909152644,0.6407110765623357,0.8750441895076194,0.8620419074203355,0.8392748237218479,0.8165077400233604,0.7937406563248728,0.7709735726263852,0.7482064889278977,0.6439044032808263,0.5396023176337551,0.4353002319866837,0.3309981463396124
7102,0.060485888935644626,0.06862176353916513,0.08286773488598757,0.09711370623281,0.11135967757963244,0.1256056489264549,0.13985162027327736,0.2051162164429092,0.27038081261254104,0.33564540878217297,0.40091000495180484,0.6530761972950729,0.6449403226915524,0.63069435134473,0.6164483799979075,0.602202408651085,0.5879564373042625,0.57371046595744,0.5084458697878081,0.4431812736181763,0.37791667744854435,0.3126520812789125
7103,0.04326251605801909,0.04908169821561838,0.059271125452270715,0.06946055268892304,0.07964997992557539,0.08983940716222773,0.10002883439888008,0.1467093195416705,0.19338980468446088,0.24007028982725132,0.28675077497004176,0.499578441059629,0.4937592589020297,0.48356983166537737,0.47338040442872503,0.4631909771920727,0.45300154995542036,0.442812122718768,0.3961316375759776,0.3494511524331872,0.30277066729039676,0.2560901821476063
7104,0.031367184720614005,0.03558634204876214,0.04297411500909338,0.050361887969424625,0.057749660929755864,0.0651374338900871,0.07252520685041834,0.10637056615310214,0.14021592545578596,0.17406128475846977,0.20790664406115364,0.38513873965896495,0.3809195823308168,0.3735318093704856,0.36614403641015436,0.35875626344982314,0.3513684904894919,0.3439807175291607,0.3101353582264769,0.27628999892379313,0.24244463962110932,0.20859928031842545
7105,0.027541528392130105,0.031246101893993974,0.037732835101129916,0.04421956830826585,0.05070630151540179,0.057193034722537735,0.06367976792967367,0.09339722368731823,0.1231146794449628,0.15283213520260736,0.18254959096025195,0.2947264391013124,0.29102186559944854,0.2845351323923126,0.27804839918517665,0.2715616659780407,0.26507493277090477,0.25858819956376883,0.22887074380612427,0.1991532880484797,0.16943583229083514,0.13971837653319055
7106,0.021214760756460276,0.024068329353953997,0.029064947229369295,0.03406156510478459,0.03905818298019989,0.04405480085561519,0.049051418731030486,0.07194225852804301,0.09483309832505553,0.11772393812206808,0.1406147779190806,0.2196416620198345,0.2167880934223408,0.21179147554692548,0.20679485767151018,0.20179823979609487,0.19680162192067957,0.19180500404526427,0.16891416424825173,0.14602332445123922,0.12313248465422667,0.10024164485721414
7107,0.017379901386824617,0.01971764826949346,0.023811058840523276,0.02790446941155309,0.03199787998258291,0.03609129055361272,0.04018470112464254,0.058937707246218926,0.07769071336779533,0.09644371948937172,0.11519672561094813,0.1725522635160582,0.17021451663338938,0.16612110606235955,0.16202769549132973,0.1579342849202999,0.15384087434927007,0.14974746377824025,0.13099445765666387,0.11224145153508747,0.09348844541351108,0.07473543929193467
7108,0.018861538995962508,0.02139857893702769,0.025840952998510806,0.030283327059993915,0.03472570112147703,0.03916807518296014,0.04361044924444325,0.0639621502340575,0.08431385122367176,0.10466555221328604,0.1250172532029003,0.16219714722554288,0.1596601072844777,0.15521773322299456,0.15077535916151147,0.14633298510002835,0.14189061103854522,0.1374482369770621,0.11709653598744785,0.0967448349978336,0.07639313400821932,0.05604143301860505
7109,0.06031042844298219,0.06842270209442457,0.08262734801485494,0.09683199393528533,0.1110366398557157,0.1252412857761461,0.1394459316965765,0.20452120506052845,0.2695964784244804,0.33467175178843245,0.39974702515238447,0.4566317751531136,0.4485195015016712,0.43431485558124083,0.4201102096608105,0.4059055637403801,0.3917009178199497,0.3774962718995193,0.3124209985355673,0.24734572517161535,0.18227045180766333,0.1171951784437113
7110,0.30895518501738617,0.35051232648691727,0.4232791617051753,0.4960459969234333,0.5688128321416914,0.6415796673599494,0.7143465025782075,1.0477107919933368,1.3810750814084662,1.7144393708235957,2.0478036602387255,2.1024107163262697,2.0608535748567385,1.9880867396384805,1.9153199044202225,1.8425530692019643,1.7697862339837063,1.6970193987654483,1.363655109350319,1.0302908199351897,0.6969265305200603,0.3635622411049304
7111,1.1612949269476076,1.3174991271273024,1.5910137359992662,1.8645283448712298,2.1380429537431938,2.4115575626151577,2.685072171487121,3.9381155800368046,5.191158988586489,6.444202397136173,7.697245805685856,8.797592590406415,8.64138839022672,8.367873781354756,8.094359172482793,7.820844563610829,7.547329954738865,7.273815345866902,6.020771937317218,4.767728528767535,3.514685120217851,2.261641711668167
7112,2.8365400828547638,3.218079229059924,3.8861568494030205,4.554234469746118,5.222312090089215,5.890389710432311,6.558467330775408,9.61910918103339,12.679751031291374,15.74039288154936,18.801034731807345,21.40384848736475,21.02230934115959,20.354231720816493,19.686154100473395,19.018076480130297,18.3499988597872,17.6819212394441,14.621279389186117,11.560637538928134,8.499995688670149,5.439353838412163
7113,4.187241305649756,4.750461435119857,5.736663683482037,6.722865931844216,7.709068180206397,8.695270428568575,9.681472676930756,14.199528337297998,18.717583997665233,23.23563965803248,27.75369531839972,32.29130966000392,31.72808953053382,30.74188728217164,29.75568503380946,28.76948278544728,27.7832805370851,26.797078288722922,22.27902262835568,17.760966967988445,13.242911307621199,8.724855647253957
7114,4.1224380187469025,4.6769415462886,5.647880965838258,6.618820385387915,7.5897598049375725,8.56069922448723,9.53163864403689,13.979771212843394,18.427903781649896,22.876036350456406,27.324168919262913,32.91035711924829,32.35585359170659,31.384914172156932,30.413974752607274,29.443035333057615,28.472095913507957,27.501156493958298,23.053023925151795,18.60489135634529,14.15675878753878,9.708626218732274
7115,3.351595880008395,3.8024144805325077,4.591800893015079,5.381187305497649,6.170573717980221,6.959960130462791,7.7493465429453625,11.365736340329079,14.982126137712793,18.59851593509651,22.21490573248023,27.356769827551037,26.905951227026925,26.116564814544354,25.327178402061783,24.537791989579212,23.74840557709664,22.95901916461407,19.34262936723035,15.726239569846637,12.109849772462919,8.493459975079201
7116,2.9910124143164416,3.3933294236000933,4.097789222441407,4.80224902128272,5.506708820124034,6.211168618965348,6.915628417806662,10.142946736074473,13.370265054342282,16.597583372610092,19.82490169087791,24.2284335048095,23.82611649552585,23.121656696684536,22.417196897843223,21.71273709900191,21.008277300160596,20.303817501319283,17.076499183051475,13.849180864783666,10.621862546515855,7.394544228248039
7117,2.7047846416677372,3.0686015427890947,3.7056473923676854,4.342693241946275,4.979739091524866,5.6167849411034565,6.253830790682048,9.172307818474215,12.090784846266383,15.009261874058554,17.92773890185072,22.802692522038395,22.438875620917038,21.801829771338447,21.164783921759856,20.527738072181265,19.890692222602674,19.253646373024083,16.335169345231915,13.416692317439747,10.498215289647575,7.579738261855409
7118,2.20733046474823,2.5042354815337093,3.0241181699939683,3.544000858454227,4.063883546914486,4.583766235374744,5.103648923835004,7.485370246439614,9.867091569044224,12.248812891648836,14.630534214253444,19.724931122724897,19.428026105939416,18.908143417479156,18.388260729018896,17.868378040558635,17.348495352098375,16.828612663638115,14.446891341033504,12.065170018428894,9.683448695824282,7.3017273732196735
7119,1.677916042855984,1.903610246250039,2.298802319798513,2.693994393346985,3.0891864668954585,3.484378540443932,3.879570613992405,5.690050956937462,7.500531299882518,9.311011642827577,11.121491985772634,14.871256559632515,14.645562356238461,14.250370282689987,13.855178209141515,13.459986135593041,13.064794062044568,12.669601988496094,10.859121645551037,9.04864130260598,7.238160959660921,5.427680616715864
7120,1.1172675321315855,1.2675496673528908,1.5306947005095728,1.7938397336662546,2.0569847668229366,2.3201297999796187,2.583274833136301,3.7888124482913326,4.9943500634463645,6.199887678601396,7.405425293756428,10.033161309414842,9.882879174193537,9.619734141036854,9.356589107880172,9.09344407472349,8.830299041566807,8.567154008410125,7.361616393255093,6.156078778100062,4.95054116294503,3.745003547789998
7121,0.6682540838903488,0.7581400312657272,0.9155309318380566,1.0729218324103855,1.2303127329827148,1.3877036335550441,1.5450945341273732,2.2661442482220826,2.987193962316792,3.7082436764115014,4.429293390506211,6.0734388854665,5.983552938091121,5.826162037518792,5.668771136946463,5.5113802363741335,5.3539893358018045,5.196598435229475,4.475548721134766,3.7544990070400566,3.033449292945347,2.3123995788506377
7122,0.4397550001969972,0.4989058467966161,0.6024793784527985,0.7060529101089809,0.8096264417651632,0.9131999734213457,1.016773505077528,1.4912714914090162,1.9657694777405041,2.4402674640719924,2.9147654504034803,3.6846018562989733,3.625451009699354,3.5218774780431716,3.418303946386989,3.314730414730807,3.2111568830746244,3.1075833514184423,2.633085365086954,2.158587378755466,1.6840893924239777,1.2095914060924897
7123,0.286284866305672,0.32479265405806435,0.39222005033488544,0.4596474466117065,0.5270748428885276,0.5945022391653487,0.6619296354421698,0.9708325302776295,1.2797354251130895,1.5886383199485492,1.8975412147840094,2.22844041223525,2.1899326244828576,2.1225052282060366,2.0550778319292156,1.9876504356523945,1.9202230393755735,1.8527956430987524,1.5438927482632927,1.2349898534278327,0.926086958592373,0.6171840637569128
7124,0.1600000684787465,0.18152145994052682,0.21920556165659857,0.25688966337267033,0.2945737650887421,0.33225786680481384,0.3699419685208856,0.5425828942000834,0.7152238198792811,0.887864745558479,1.0605056712376768,1.3303544742870113,1.308833082825231,1.2711489811091592,1.2334648793930874,1.1957807776770155,1.1580966759609437,1.1204125742448718,0.947771648565674,0.7751307228864763,0.6024897972072784,0.4298488715280806
7125,0.0966650333943288,0.10966731548161278,0.1324343991801003,0.15520148287858784,0.17796856657707538,0.20073565027556292,0.2235027339740505,0.3278048196211218,0.432106905268193,0.5364089909152644,0.6407110765623357,0.8750441895076194,0.8620419074203355,0.8392748237218479,0.8165077400233604,0.7937406563248728,0.7709735726263852,0.7482064889278977,0.6439044032808263,0.5396023176337551,0.4353002319866837,0.3309981463396124
7126,0.060485888935644626,0.06862176353916513,0.08286773488598757,0.09711370623281,0.11135967757963244,0.1256056489264549,0.13985162027327736,0.2051162164429092,0.27038081261254104,0.33564540878217297,0.40091000495180484,0.6530761972950729,0.6449403226915524,0.63069435134473,0.6164483799979075,0.602202408651085,0.5879564373042625,0.57371046595744,0.5084458697878081,0.4431812736181763,0.37791667744854435,0.3126520812789125
7127,0.04326251605801909,0.04908169821561838,0.059271125452270715,0.06946055268892304,0.07964997992557539,0.08983940716222773,0.10002883439888008,0.1467093195416705,0.19338980468446088,0.24007028982725132,0.28675077497004176,0.499578441059629,0.4937592589020297,0.48356983166537737,0.47338040442872503,0.4631909771920727,0.45300154995542036,0.442812122718768,0.3961316375759776,0.3494511524331872,0.30277066729039676,0.2560901821476063
7128,0.031367184720614005,0.03558634204876214,0.04297411500909338,0.050361887969424625,0.057749660929755864,0.0651374338900871,0.07252520685041834,0.10637056615310214,0.14021592545578596,0.17406128475846977,0.20790664406115364,0.38513873965896495,0.3809195823308168,0.3735318093704856,0.36614403641015436,0.35875626344982314,0.3513684904894919,0.3439807175291607,0.3101353582264769,0.27628999892379313,0.24244463962110932,0.20859928031842545
7129,0.027541528392130105,0.031246101893993974,0.037732835101129916,0.04421956830826585,0.05070630151540179,0.057193034722537735,0.06367976792967367,0.09339722368731823,0.1231146794449628,0.15283213520260736,0.18254959096025195,0.2947264391013124,0.29102186559944854,0.2845351323923126,0.27804839918517665,0.2715616659780407,0.26507493277090477,0.25858819956376883,0.22887074380612427,0.1991532880484797,0.16943583229083514,0.13971837653319055
7130,0.021214760756460276,0.024068329353953997,0.029064947229369295,0.03406156510478459,0.03905818298019989,0.04405480085561519,0.049051418731030486,0.07194225852804301,0.09483309832505553,0.11772393812206808,0.1406147779190806,0.2196416620198345,0.2167880934223408,0.21179147554692548,0.20679485767151018,0.20179823979609487,0.19680162192067957,0.19180500404526427,0.16891416424825173,0.14602332445123922,0.12313248465422667,0.10024164485721414
7131,0.017379901386824617,0.01971764826949346,0.023811058840523276,0.02790446941155309,0.03199787998258291,0.03609129055361272,0.04018470112464254,0.058937707246218926,0.07769071336779533,0.09644371948937172,0.11519672561094813,0.1725522635160582,0.17021451663338938,0.16612110606235955,0.16202769549132973,0.1579342849202999,0.15384087434927007,0.14974746377824025,0.13099445765666387,0.11224145153508747,0.09348844541351108,0.07473543929193467
7132,0.018861538995962508,0.02139857893702769,0.025840952998510806,0.030283327059993915,0.03472570112147703,0.03916807518296014,0.04361044924444325,0.0639621502340575,0.08431385122367176,0.10466555221328604,0.1250172532029003,0.16219714722554288,0.1596601072844777,0.15521773322299456,0.15077535916151147,0.14633298510002835,0.14189061103854522,0.1374482369770621,0.11709653598744785,0.0967448349978336,0.07639313400821932,0.05604143301860505
7133,0.06031042844298219,0.06842270209442457,0.08262734801485494,0.09683199393528533,0.1110366398557157,0.1252412857761461,0.1394459316965765,0.20452120506052845,0.2695964784244804,0.33467175178843245,0.39974702515238447,0.4566317751531136,0.4485195015016712,0.43431485558124083,0.4201102096608105,0.4059055637403801,0.3917009178199497,0.3774962718995193,0.3124209985355673,0.24734572517161535,0.18227045180766333,0.1171951784437113
7134,0.30895518501738617,0.35051232648691727,0.4232791617051753,0.4960459969234333,0.5688128321416914,0.6415796673599494,0.7143465025782075,1.0477107919933368,1.3810750814084662,1.7144393708235957,2.0478036602387255,2.1024107163262697,2.0608535748567385,1.9880867396384805,1.9153199044202225,1.8425530692019643,1.7697862339837063,1.6970193987654483,1.363655109350319,1.0302908199351897,0.6969265305200603,0.3635622411049304
7135,1.1612949269476076,1.3174991271273024,1.5910137359992662,1.8645283448712298,2.1380429537431938,2.4115575626151577,2.685072171487121,3.9381155800368046,5.191158988586489,6.444202397136173,7.697245805685856,8.797592590406415,8.64138839022672,8.367873781354756,8.094359172482793,7.820844563610829,7.547329954738865,7.273815345866902,6.020771937317218,4.767728528767535,3.514685120217851,2.261641711668167
7136,2.8365400828547638,3.218079229059924,3.8861568494030205,4.554234469746118,5.222312090089215,5.890389710432311,6.558467330775408,9.61910918103339,12.679751031291374,15.74039288154936,18.801034731807345,21.40384848736475,21.02230934115959,20.354231720816493,19.686154100473395,19.018076480130297,18.3499988597872,17.6819212394441,14.621279389186117,11.560637538928134,8.499995688670149,5.439353838412163
7137,4.187241305649756,4.750461435119857,5.736663683482037,6.722865931844216,7.709068180206397,8.695270428568575,9.681472676930756,14.199528337297998,18.717583997665233,23.23563965803248,27.75369531839972,32.29130966000392,31.72808953053382,30.74188728217164,29.75568503380946,28.76948278544728,27.7832805370851,26.797078288722922,22.27902262835568,17.760966967988445,13.242911307621199,8.724855647253957
7138,4.1224380187469025,4.6769415462886,5.647880965838258,6.618820385387915,7.5897598049375725,8.56069922448723,9.53163864403689,13.979771212843394,18.427903781649896,22.876036350456406,27.324168919262913,32.91035711924829,32.35585359170659,31.384914172156932,30.413974752607274,29.443035333057615,28.472095913507957,27.501156493958298,23.053023925151795,18.60489135634529,14.15675878753878,9.708626218732274
7139,3.351595880008395,3.8024144805325077,4.591800893015079,5.381187305497649,6.170573717980221,6.959960130462791,7.7493465429453625,11.365736340329079,14.982126137712793,18.59851593509651,22.21490573248023,27.356769827551037,26.905951227026925,26.116564814544354,25.327178402061783,24.537791989579212,23.74840557709664,22.95901916461407,19.34262936723035,15.726239569846637,12.109849772462919,8.493459975079201
7140,2.9910124143164416,3.3933294236000933,4.097789222441407,4.80224902128272,5.506708820124034,6.211168618965348,6.915628417806662,10.142946736074473,13.370265054342282,16.597583372610092,19.82490169087791,24.2284335048095,23.82611649552585,23.121656696684536,22.417196897843223,21.71273709900191,21.008277300160596,20.303817501319283,17.076499183051475,13.849180864783666,10.621862546515855,7.394544228248039
7141,2.7047846416677372,3.0686015427890947,3.7056473923676854,4.342693241946275,4.979739091524866,5.6167849411034565,6.253830790682048,9.172307818474215,12.090784846266383,15.009261874058554,17.92773890185072,22.802692522038395,22.438875620917038,21.801829771338447,21.164783921759856,20.527738072181265,19.890692222602674,19.253646373024083,16.335169345231915,13.416692317439747,10.498215289647575,7.579738261855409
7142,2.20733046474823,2.5042354815337093,3.0241181699939683,3.544000858454227,4.063883546914486,4.583766235374744,5.103648923835004,7.485370246439614,9.867091569044224,12.248812891648836,14.630534214253444,19.724931122724897,19.428026105939416,18.908143417479156,18.388260729018896,17.868378040558635,17.348495352098375,16.828612663638115,14.446891341033504,12.065170018428894,9.683448695824282,7.3017273732196735
7143,1.677916042855984,1.903610246250039,2.298802319798513,2.693994393346985,3.0891864668954585,3.484378540443932,3.879570613992405,5.690050956937462,7.500531299882518,9.311011642827577,11.121491985772634,14.871256559632515,14.645562356238461,14.250370282689987,13.855178209141515,13.459986135593041,13.064794062044568,12.669601988496094,10.859121645551037,9.04864130260598,7.238160959660921,5.427680616715864
7144,1.1172675321315855,1.2675496673528908,1.5306947005095728,1.7938397336662546,2.0569847668229366,2.3201297999796187,2.583274833136301,3.7888124482913326,4.9943500634463645,6.199887678601396,7.405425293756428,10.033161309414842,9.882879174193537,9.619734141036854,9.356589107880172,9.09344407472349,8.830299041566807,8.567154008410125,7.361616393255093,6.156078778100062,4.95054116294503,3.745003547789998
7145,0.6682540838903488,0.7581400312657272,0.9155309318380566,1.0729218324103855,1.2303127329827148,1.3877036335550441,1.5450945341273732,2.2661442482220826,2.987193962316792,3.7082436764115014,4.429293390506211,6.0734388854665,5.983552938091121,5.826162037518792,5.668771136946463,5.5113802363741335,5.3539893358018045,5.196598435229475,4.475548721134766,3.7544990070400566,3.033449292945347,2.3123995788506377
7146,0.4397550001969972,0.4989058467966161,0.6024793784527985,0.7060529101089809,0.8096264417651632,0.9131999734213457,1.016773505077528,1.4912714914090162,1.9657694777405041,2.4402674640719924,2.9147654504034803,3.6846018562989733,3.625451009699354,3.5218774780431716,3.418303946386989,3.314730414730807,3.2111568830746244,3.1075833514184423,2.633085365086954,2.158587378755466,1.6840893924239777,1.2095914060924897
7147,0.286284866305672,0.32479265405806435,0.39222005033488544,0.4596474466117065,0.5270748428885276,0.5945022391653487,0.6619296354421698,0.9708325302776295,1.2797354251130895,1.5886383199485492,1.8975412147840094,2.22844041223525,2.1899326244828576,2.1225052282060366,2.0550778319292156,1.9876504356523945,1.9202230393755735,1.8527956430987524,1.5438927482632927,1.2349898534278327,0.926086958592373,0.6171840637569128
7148,0.1600000684787465,0.18152145994052682,0.21920556165659857,0.25688966337267033,0.2945737650887421,0.33225786680481384,0.3699419685208856,0.5425828942000834,0.7152238198792811,0.887864745558479,1.0605056712376768,1.3303544742870113,1.308833082825231,1.2711489811091592,1.2334648793930874,1.1957807776770155,1.1580966759609437,1.1204125742448718,0.947771648565674,0.7751307228864763,0.6024897972072784,0.4298488715280806
7149,0.0966650333943288,0.10966731548161278,0.1324343991801003,0.15520148287858784,0.17796856657707538,0.20073565027556292,0.2235027339740505,0.3278048196211218,0.432106905268193,0.5364089909152644,0.6407110765623357,0.8750441895076194,0.8620419074203355,0.8392748237218479,0.8165077400233604,0.7937406563248728,0.7709735726263852,0.7482064889278977,0.6439044032808263,0.5396023176337551,0.4353002319866837,0.3309981463396124
7150,0.060485888935644626,0.06862176353916513,0.08286773488598757,0.09711370623281,0.11135967757963244,0.1256056489264549,0.13985162027327736,0.2051162164429092,0.27038081261254104,0.33564540878217297,0.40091000495180484,0.6530761972950729,0.6449403226915524,0.63069435134473,0.6164483799979075,0.602202408651085,0.5879564373042625,0.57371046595744,0.5084458697878081,0.4431812736181763,0.37791667744854435,0.3126520812789125
7151,0.04326251605801909,0.04908169821561838,0.059271125452270715,0.06946055268892304,0.07964997992557539,0.08983940716222773,0.10002883439888008,0.1467093195416705,0.19338980468446088,0.24007028982725132,0.28675077497004176,0.499578441059629,0.4937592589020297,0.48356983166537737,0.47338040442872503,0.4631909771920727,0.45300154995542036,0.442812122718768,0.3961316375759776,0.3494511524331872,0.30277066729039676,0.2560901821476063
7152,0.031367184720614005,0.03558634204876214,0.04297411500909338,0.050361887969424625,0.057749660929755864,0.0651374338900871,0.07252520685041834,0.10637056615310214,0.14021592545578596,0.17406128475846977,0.20790664406115364,0.38513873965896495,0.3809195823308168,0.3735318093704856,0.36614403641015436,0.35875626344982314,0.3513684904894919,0.3439807175291607,0.3101353582264769,0.27628999892379313,0.24244463962110932,0.20859928031842545
7153,0.027541528392130105,0.031246101893993974,0.037732835101129916,0.04421956830826585,0.05070630151540179,0.057193034722537735,0.06367976792967367,0.09339722368731823,0.1231146794449628,0.15283213520260736,0.18254959096025195,0.2947264391013124,0.29102186559944854,0.2845351323923126,0.27804839918517665,0.2715616659780407,0.26507493277090477,0.25858819956376883,0.22887074380612427,0.1991532880484797,0.16943583229083514,0.13971837653319055
7154,0.021214760756460276,0.024068329353953997,0.029064947229369295,0.03406156510478459,0.03905818298019989,0.04405480085561519,0.049051418731030486,0.07194225852804301,0.09483309832505553,0.11772393812206808,0.1406147779190806,0.2196416620198345,0.2167880934223408,0.21179147554692548,0.20679485767151018,0.20179823979609487,0.19680162192067957,0.19180500404526427,0.16891416424825173,0.14602332445123922,0.12313248465422667,0.10024164485721414
7155,0.017379901386824617,0.01971764826949346,0.023811058840523276,0.02790446941155309,0.03199787998258291,0.03609129055361272,0.04018470112464254,0.058937707246218926,0.07769071336779533,0.09644371948937172,0.11519672561094813,0.1725522635160582,0.17021451663338938,0.16612110606235955,0.16202769549132973,0.1579342849202999,0.15384087434927007,0.14974746377824025,0.13099445765666387,0.11224145153508747,0.09348844541351108,0.07473543929193467
7156,0.018861538995962508,0.02139857893702769,0.025840952998510806,0.030283327059993915,0.03472570112147703,0.03916807518296014,0.04361044924444325,0.0639621502340575,0.08431385122367176,0.10466555221328604,0.1250172532029003,0.16219714722554288,0.1596601072844777,0.15521773322299456,0.15077535916151147,0.14633298510002835,0.14189061103854522,0.1374482369770621,0.11709653598744785,0.0967448349978336,0.07639313400821932,0.05604143301860505
7157,0.06031042844298219,0.06842270209442457,0.08262734801485494,0.09683199393528533,0.1110366398557157,0.1252412857761461,0.1394459316965765,0.20452120506052845,0.2695964784244804,0.33467175178843245,0.39974702515238447,0.4566317751531136,0.4485195015016712,0.43431485558124083,0.4201102096608105,0.4059055637403801,0.3917009178199497,0.3774962718995193,0.3124209985355673,0.24734572517161535,0.18227045180766333,0.1171951784437113
7158,0.30895518501738617,0.35051232648691727,0.4232791617051753,0.4960459969234333,0.5688128321416914,0.6415796673599494,0.7143465025782075,1.0477107919933368,1.3810750814084662,1.7144393708235957,2.0478036602387255,2.1024107163262697,2.0608535748567385,1.9880867396384805,1.9153199044202225,1.8425530692019643,1.7697862339837063,1.6970193987654483,1.363655109350319,1.0302908199351897,0.6969265305200603,0.3635622411049304
7159,1.1612949269476076,1.3174991271273024,1.5910137359992662,1.8645283448712298,2.1380429537431938,2.4115575626151577,2.685072171487121,3.9381155800368046,5.191158988586489,6.444202397136173,7.697245805685856,8.797592590406415,8.64138839022672,8.367873781354756,8.094359172482793,7.820844563610829,7.547329954738865,7.273815345866902,6.020771937317218,4.767728528767535,3.514685120217851,2.261641711668167
7160,2.8365400828547638,3.218079229059924,3.8861568494030205,4.554234469746118,5.222312090089215,5.890389710432311,6.558467330775408,9.61910918103339,12.679751031291374,15.74039288154936,18.801034731807345,21.40384848736475,21.02230934115959,20.354231720816493,19.686154100473395,19.018076480130297,18.3499988597872,17.6819212394441,14.621279389186117,11.560637538928134,8.499995688670149,5.439353838412163
7161,4.187241305649756,4.750461435119857,5.736663683482037,6.722865931844216,7.709068180206397,8.695270428568575,9.681472676930756,14.199528337297998,18.717583997665233,23.23563965803248,27.75369531839972,32.29130966000392,31.72808953053382,30.74188728217164,29.75568503380946,28.76948278544728,27.7832805370851,26.797078288722922,22.27902262835568,17.760966967988445,13.242911307621199,8.724855647253957
7162,4.1224380187469025,4.6769415462886,5.647880965838258,6.618820385387915,7.5897598049375725,8.56069922448723,9.53163864403689,13.979771212843394,18.427903781649896,22.876036350456406,27.324168919262913,32.91035711924829,32.35585359170659,31.384914172156932,30.413974752607274,29.443035333057615,28.472095913507957,27.501156493958298,23.053023925151795,18.60489135634529,14.15675878753878,9.708626218732274
7163,3.351595880008395,3.8024144805325077,4.591800893015079,5.381187305497649,6.170573717980221,6.959960130462791,7.7493465429453625,11.365736340329079,14.982126137712793,18.59851593509651,22.21490573248023,27.356769827551037,26.905951227026925,26.116564814544354,25.327178402061783,24.537791989579212,23.74840557709664,22.95901916461407,19.34262936723035,15.726239569846637,12.109849772462919,8.493459975079201
7164,2.9910124143164416,3.3933294236000933,4.097789222441407,4.80224902128272,5.506708820124034,6.211168618965348,6.915628417806662,10.142946736074473,13.370265054342282,16.597583372610092,19.82490169087791,24.2284335048095,23.82611649552585,23.121656696684536,22.417196897843223,21.71273709900191,21.008277300160596,20.303817501319283,17.076499183051475,13.849180864783666,10.621862546515855,7.394544228248039
7165,2.7047846416677372,3.0686015427890947,3.7056473923676854,4.342693241946275,4.979739091524866,5.6167849411034565,6.253830790682048,9.172307818474215,12.090784846266383,15.009261874058554,17.92773890185072,22.802692522038395,22.438875620917038,21.801829771338447,21.164783921759856,20.527738072181265,19.890692222602674,19.253646373024083,16.335169345231915,13.416692317439747,10.498215289647575,7.579738261855409
7166,2.20733046474823,2.5042354815337093,3.0241181699939683,3.544000858454227,4.063883546914486,4.583766235374744,5.103648923835004,7.485370246439614,9.867091569044224,12.248812891648836,14.630534214253444,19.724931122724897,19.428026105939416,18.908143417479156,18.388260729018896,17.868378040558635,17.348495352098375,16.828612663638115,14.446891341033504,12.065170018428894,9.683448695824282,7.3017273732196735
7167,1.677916042855984,1.903610246250039,2.298802319798513,2.693994393346985,3.0891864668954585,3.484378540443932,3.879570613992405,5.690050956937462,7.500531299882518,9.311011642827577,11.121491985772634,14.871256559632515,14.645562356238461,14.250370282689987,13.855178209141515,13.459986135593041,13.064794062044568,12.669601988496094,10.859121645551037,9.04864130260598,7.238160959660921,5.427680616715864
7168,1.1172675321315855,1.2675496673528908,1.5306947005095728,1.7938397336662546,2.0569847668229366,2.3201297999796187,2.583274833136301,3.7888124482913326,4.9943500634463645,6.199887678601396,7.405425293756428,10.033161309414842,9.882879174193537,9.619734141036854,9.356589107880172,9.09344407472349,8.830299041566807,8.567154008410125,7.361616393255093,6.156078778100062,4.95054116294503,3.745003547789998
7169,0.6682540838903488,0.7581400312657272,0.9155309318380566,1.0729218324103855,1.2303127329827148,1.3877036335550441,1.5450945341273732,2.2661442482220826,2.987193962316792,3.7082436764115014,4.429293390506211,6.0734388854665,5.983552938091121,5.826162037518792,5.668771136946463,5.5113802363741335,5.3539893358018045,5.196598435229475,4.475548721134766,3.7544990070400566,3.033449292945347,2.3123995788506377
7170,0.4397550001969972,0.4989058467966161,0.6024793784527985,0.7060529101089809,0.8096264417651632,0.9131999734213457,1.016773505077528,1.4912714914090162,1.9657694777405041,2.4402674640719924,2.9147654504034803,3.6846018562989733,3.625451009699354,3.5218774780431716,3.418303946386989,3.314730414730807,3.2111568830746244,3.1075833514184423,2.633085365086954,2.158587378755466,1.6840893924239777,1.2095914060924897
7171,0.286284866305672,0.32479265405806435,0.39222005033488544,0.4596474466117065,0.5270748428885276,0.5945022391653487,0.6619296354421698,0.9708325302776295,1.2797354251130895,1.5886383199485492,1.8975412147840094,2.22844041223525,2.1899326244828576,2.1225052282060366,2.0550778319292156,1.9876504356523945,1.9202230393755735,1.8527956430987524,1.5438927482632927,1.2349898534278327,0.926086958592373,0.6171840637569128
7172,0.1600000684787465,0.18152145994052682,0.21920556165659857,0.25688966337267033,0.2945737650887421,0.33225786680481384,0.3699419685208856,0.5425828942000834,0.7152238198792811,0.887864745558479,1.0605056712376768,1.3303544742870113,1.308833082825231,1.2711489811091592,1.2334648793930874,1.1957807776770155,1.1580966759609437,1.1204125742448718,0.947771648565674,0.7751307228864763,0.6024897972072784,0.4298488715280806
7173,0.0966650333943288,0.10966731548161278,0.1324343991801003,0.15520148287858784,0.17796856657707538,0.20073565027556292,0.2235027339740505,0.3278048196211218,0.432106905268193,0.5364089909152644,0.6407110765623357,0.8750441895076194,0.8620419074203355,0.8392748237218479,0.8165077400233604,0.7937406563248728,0.7709735726263852,0.7482064889278977,0.6439044032808263,0.5396023176337551,0.4353002319866837,0.3309981463396124
7174,0.060485888935644626,0.06862176353916513,0.08286773488598757,0.09711370623281,0.11135967757963244,0.1256056489264549,0.13985162027327736,0.2051162164429092,0.27038081261254104,0.33564540878217297,0.40091000495180484,0.6530761972950729,0.6449403226915524,0.63069435134473,0.6164483799979075,0.602202408651085,0.5879564373042625,0.57371046595744,0.5084458697878081,0.4431812736181763,0.37791667744854435,0.3126520812789125
7175,0.04326251605801909,0.04908169821561838,0.059271125452270715,0.06946055268892304,0.07964997992557539,0.08983940716222773,0.10002883439888008,0.1467093195416705,0.19338980468446088,0.24007028982725132,0.28675077497004176,0.499578441059629,0.4937592589020297,0.48356983166537737,0.47338040442872503,0.4631909771920727,0.45300154995542036,0.442812122718768,0.3961316375759776,0.3494511524331872,0.30277066729039676,0.2560901821476063
7176,0.06656898268586907,0.07552308595105217,0.09120178120737912,0.10688047646370606,0.12255917172003303,0.13823786697635998,0.1539165622326869,0.2257448489433112,0.29757313565393556,0.36940142236455986,0.44122970907518416,0.4271966781704077,0.4182425749052246,0.4025638796488976,0.3868851843925707,0.3712064891362437,0.35552779387991673,0.3398490986235898,0.2680208119129655,0.19619252520234115,0.12436423849171685,0.05253595178109255
7177,0.056639086305014866,0.06425753272192815,0.07759748382143074,0.09093743492093335,0.10427738602043597,0.11761733711993858,0.1309572882194412,0.19207116387144205,0.25318503952344296,0.31429891517544384,0.3754127908274448,0.3168441383691494,0.3092256919522361,0.2958857408527335,0.28254578975323086,0.26920583865372827,0.2558658875542257,0.24252593645472306,0.1814120608027222,0.1202981851507213,0.05918430949872042,-0.0019295661532805208
7178,0.03392680220936796,0.038490250202461725,0.046480878441028384,0.05447150667959503,0.06246213491816169,0.07045276315672834,0.07844339139529499,0.1150505915949522,0.15165779179460942,0.18826499199426663,0.22487219219392388,0.22601923126692836,0.22145578327383458,0.21346515503526792,0.20547452679670128,0.1974838985581346,0.18949327031956797,0.1815026420810013,0.1448954418813441,0.10828824168168688,0.07168104148202967,0.035073841282372425
7179,0.0236676925723058,0.026851201690074235,0.03242554764354464,0.03799989359701504,0.043574239550485436,0.049148585503955844,0.05472293145742625,0.08026049774238261,0.10579806402733898,0.13133563031229536,0.15687319659725174,0.20284547879051973,0.1996619696727513,0.1940876237192809,0.1885132777658105,0.1829389318123401,0.17736458585886972,0.17179023990539932,0.14625267362044297,0.12071510733548661,0.09517754105053022,0.06963997476557385
7180,0.02469635730095266,0.028018230711428102,0.03383485347536883,0.03965147623930954,0.04546809900325027,0.051284721767191,0.05710134453113172,0.08374884553458932,0.11039634653804692,0.1370438475415045,0.16369134854496212,0.2086410790622131,0.20531920565173767,0.19950258288779693,0.19368596012385622,0.18786933735991548,0.18205271459597477,0.17623609183203404,0.14958859082857645,0.12294108982511885,0.09629358882166127,0.06964608781820365
7181,0.018530992112733714,0.02102357064238779,0.025388092472381524,0.02975261430237525,0.03411713613236898,0.03848165796236271,0.04284617979235644,0.06284121893523797,0.08283625807811949,0.10283129722100104,0.12282633636388257,0.23076451461001737,0.2282719360803633,0.22390741425036959,0.21954289242037586,0.21517837059038214,0.21081384876038842,0.2064493269303947,0.18645428778751316,0.16645924864463163,0.1464642095017501,0.12646917035886857
7182,0.022723898938375474,0.025780459658883387,0.031132518111866028,0.036484576564848666,0.0418366350178313,0.04718869347081395,0.05254075192379659,0.0770599598532782,0.10157916778275981,0.12609837571224142,0.15061758364172306,0.3411068640072945,0.3380503032867866,0.33269824483380395,0.3273461863808213,0.32199412792783866,0.316642069474856,0.31129001102187337,0.2867708030923918,0.2622515951629102,0.2377323872334286,0.21321317930394695
7183,0.05954035988303085,0.0675490526604855,0.08157232777140645,0.0955956028823274,0.10961887799324835,0.12364215310416929,0.13766542821509023,0.20190979350324906,0.2661541587914079,0.33039852407956677,0.3946428893677256,0.5323949645104806,0.524386271733026,0.510362996622105,0.4963397215111841,0.48231644640026317,0.4682931712893422,0.4542698961784213,0.3900255308902625,0.32578116560210363,0.2615368003139448,0.19729243502578592
7184,0.09422208070711786,0.10689576455313886,0.129087470513181,0.15127917647322317,0.17347088243326533,0.1956625883933075,0.21785429435334966,0.31952042104539957,0.42118654773744957,0.5228526744294996,0.6245188011215496,0.7630054397344619,0.7503317558884409,0.7281400499283988,0.7059483439683566,0.6837566380083144,0.6615649320482723,0.6393732260882301,0.5377070993961802,0.4360409727041302,0.33437484601208023,0.23270871932003023
7185,0.11060462621291975,0.12548190395938727,0.1515321177130734,0.17758233146675953,0.2036325452204457,0.22968275897413182,0.255732972727818,0.37507595323620807,0.49441893374459817,0.6137619142529884,0.7331048947613785,1.04243040931092,1.0275531315644524,1.0015029178107662,0.9754527040570801,0.949402490303394,0.9233522765497079,0.8973020627960218,0.7779590822876317,0.6586161017792416,0.5392731212708513,0.41993014076246116
7186,0.14593538259187422,0.16556495229609972,0.19993646134515083,0.23430797039420195,0.2686794794432531,0.3030509884923042,0.3374224975413554,0.4948875522726021,0.6523526070038489,0.8098176617350957,0.9672827164663426,1.3368623237393928,1.3172327540351674,1.2828612449861163,1.2484897359370652,1.2141182268880142,1.1797467178389631,1.145375208789912,0.9879101540586653,0.8304450993274186,0.6729800445961718,0.5155149898649249
7187,0.17412844867806587,0.1975502293326846,0.2385619253527876,0.2795736213728906,0.3205853173929936,0.3615970134130966,0.40260870943319965,0.5904942325625675,0.7783797556919354,0.9662652788213034,1.1541508019506714,1.6963697765134498,1.6729479958588311,1.6319362998387281,1.590924603818625,1.549912907798522,1.508901211778419,1.467889515758316,1.2800039926289482,1.0921184694995802,0.9042329463702122,0.7163474232408442
7188,0.20258246617249245,0.22983155799628885,0.277544901707457,0.32525824541862514,0.3729715891297932,0.4206849328409614,0.46839827655212957,0.6869858360383282,0.9055733955245269,1.1241609550107257,1.3427485144969247,1.9211150761464808,1.8938659843226844,1.8461526406115163,1.7984392969003482,1.7507259531891801,1.7030126094780118,1.6552992657668437,1.4367117062806452,1.2181241467944464,0.9995365873082476,0.7809490278220486
7189,0.22682064156334378,0.25732997737244256,0.31075203030808307,0.3641740832437235,0.4175961361793641,0.4710181891150046,0.5244402420506451,0.769180921820084,1.013921601589523,1.2586622813589619,1.5034029611284008,2.0428941262432594,2.0123847904341607,1.9589627374985201,1.9055406845628797,1.852118631627239,1.7986965786915987,1.745274525755958,1.5005338459865192,1.2557931662170803,1.0110524864476413,0.7663118066782024
7190,0.28713168866453304,0.3257533813399477,0.3933802259058238,0.46100707047169975,0.5286339150375757,0.5962607596034519,0.6638876041693279,0.9737042248382178,1.2835208455071077,1.5933374661759976,1.9031540868448875,2.133676930271694,2.095055237596279,2.027428393030403,1.9598015484645268,1.8921747038986507,1.8245478593327746,1.7569210147668985,1.4471043940980086,1.1372877734291187,0.8274711527602288,0.5176545320913388
7191,0.3067951188581142,0.3480617127682659,0.42031979724889373,0.49257788172952155,0.5648359662101494,0.6370940506907772,0.709352135171405,1.040385701701159,1.3714192682309132,1.7024528347606676,2.0334864012904217,2.1612776545091203,2.120011060598969,2.047752976118341,1.975494891637713,1.9032368071570853,1.8309787226764576,1.7587206381958298,1.427687071666076,1.0966535051363218,0.7656199386065674,0.4345863720768133
7192,0.27598175878396375,0.31310368956544515,0.3781044409318533,0.44310519229826134,0.5081059436646694,0.5731066950310776,0.6381074463974856,0.9358932333664804,1.233679020335475,1.53146480730447,1.829250594273465,1.9097257114610804,1.872603780679599,1.8076030293131908,1.7426022779467827,1.6776015265803745,1.6126007752139664,1.5476000238475582,1.2498142368785634,0.9520284499095688,0.6542426629405738,0.35645687597157893
7193,0.2253108014307007,0.2556170506983482,0.3086834977291007,0.36174994475985317,0.4148163917906057,0.46788283882135817,0.5209492858521106,0.7640608400805081,1.0071723943089055,1.2502839485373032,1.4933955027657007,1.6192575536297766,1.588951304362129,1.5358848573313766,1.4828184103006241,1.4297519632698716,1.3766855162391192,1.3236190692083667,1.0805075149799692,0.8373959607515719,0.5942844065231742,0.3511728522947767
7194,0.181071206183045,0.20542684770103406,0.24807374039633354,0.290720633091633,0.3333675257869325,0.376014418482232,0.41866131117753147,0.6140381066158548,0.809414902054178,1.0047916974925013,1.200168492930825,1.489569188741577,1.4652135472235879,1.4225666545282885,1.379919761832989,1.3372728691376894,1.29462597644239,1.2519790837470905,1.0566022883087673,0.8612254928704441,0.6658486974321208,0.4704719019937972
7195,0.1371027565822645,0.15554426178254532,0.18783546186591396,0.22012666194928254,0.2524178620326512,0.2847090621160198,0.3170002621993884,0.464934866444111,0.6128694706888336,0.7608040749335562,0.9087386791782788,1.2544431595756709,1.23600165437539,1.2037104542920214,1.1714192542086528,1.1391280541252842,1.1068368540419156,1.074545653958547,0.9266110497138245,0.7786764454691019,0.6307418412243793,0.48280723697965666
7196,0.12288693681507708,0.1394162914452449,0.16835930297358676,0.19730231450192862,0.22624532603027048,0.25518833755861237,0.28413134908695425,0.4167270081222759,0.5493226671575976,0.6819183261929194,0.8145139852282411,0.965950353268064,0.9494209986378962,0.9204779871095543,0.8915349755812124,0.8625919640528705,0.8336489525245286,0.8047059409961868,0.6721102819608651,0.5395146229255434,0.40691896389022164,0.27432330485489986
7197,0.10407025709033581,0.11806860573895996,0.14257980870966933,0.16709101168037868,0.19160221465108804,0.2161134176217974,0.24062462059250678,0.3529169820306787,0.4652093434688507,0.5775017049070227,0.6897940663451948,0.756275578156249,0.7422772295076249,0.7177660265369155,0.6932548235662062,0.6687436205954969,0.6442324176247876,0.6197212146540781,0.5074288532159061,0.3951364917777342,0.2828441303395622,0.17055176890139007
7198,0.09174496304809825,0.10408545316899447,0.1256937346673304,0.14730201616566632,0.16891029766400223,0.19051857916233816,0.21212686066067407,0.3111201642112374,0.4101134677618008,0.5091067713123641,0.6081000748629275,0.6380177307790044,0.6256772406581081,0.6040689591597722,0.5824606776614363,0.5608523961631003,0.5392441146647644,0.5176358331664285,0.4186425296158651,0.3196492260653017,0.22065592251473837,0.12166261896417502
7199,0.0756798511426919,0.0858594449247251,0.10368398234795255,0.12150851977117999,0.13933305719440744,0.15715759461763487,0.17498213204086233,0.2566410943198301,0.33830005659879786,0.4199590188777657,0.5016179811567335,0.5589042903878931,0.54872469660586,0.5309001591826326,0.5130756217594051,0.4952510843361777,0.4774265469129503,0.45960200948972285,0.37794304721075506,0.2962840849317873,0.21462512265281947,0.13296616037385167
7200,0.06656898268586907,0.07552308595105217,0.09120178120737912,0.10688047646370606,0.12255917172003303,0.13823786697635998,0.1539165622326869,0.2257448489433112,0.29757313565393556,0.36940142236455986,0.44122970907518416,0.4271966781704077,0.4182425749052246,0.4025638796488976,0.3868851843925707,0.3712064891362437,0.35552779387991673,0.3398490986235898,0.2680208119129655,0.19619252520234115,0.12436423849171685,0.05253595178109255
7201,0.056639086305014866,0.06425753272192815,0.07759748382143074,0.09093743492093335,0.10427738602043597,0.11761733711993858,0.1309572882194412,0.19207116387144205,0.25318503952344296,0.31429891517544384,0.3754127908274448,0.3168441383691494,0.3092256919522361,0.2958857408527335,0.28254578975323086,0.26920583865372827,0.2558658875542257,0.24252593645472306,0.1814120608027222,0.1202981851507213,0.05918430949872042,-0.0019295661532805208
7202,0.03392680220936796,0.038490250202461725,0.046480878441028384,0.05447150667959503,0.06246213491816169,0.07045276315672834,0.07844339139529499,0.1150505915949522,0.15165779179460942,0.18826499199426663,0.22487219219392388,0.22601923126692836,0.22145578327383458,0.21346515503526792,0.20547452679670128,0.1974838985581346,0.18949327031956797,0.1815026420810013,0.1448954418813441,0.10828824168168688,0.07168104148202967,0.035073841282372425
7203,0.0236676925723058,0.026851201690074235,0.03242554764354464,0.03799989359701504,0.043574239550485436,0.049148585503955844,0.05472293145742625,0.08026049774238261,0.10579806402733898,0.13133563031229536,0.15687319659725174,0.20284547879051973,0.1996619696727513,0.1940876237192809,0.1885132777658105,0.1829389318123401,0.17736458585886972,0.17179023990539932,0.14625267362044297,0.12071510733548661,0.09517754105053022,0.06963997476557385
7204,0.02469635730095266,0.028018230711428102,0.03383485347536883,0.03965147623930954,0.04546809900325027,0.051284721767191,0.05710134453113172,0.08374884553458932,0.11039634653804692,0.1370438475415045,0.16369134854496212,0.2086410790622131,0.20531920565173767,0.19950258288779693,0.19368596012385622,0.18786933735991548,0.18205271459597477,0.17623609183203404,0.14958859082857645,0.12294108982511885,0.09629358882166127,0.06964608781820365
7205,0.018530992112733714,0.02102357064238779,0.025388092472381524,0.02975261430237525,0.03411713613236898,0.03848165796236271,0.04284617979235644,0.06284121893523797,0.08283625807811949,0.10283129722100104,0.12282633636388257,0.23076451461001737,0.2282719360803633,0.22390741425036959,0.21954289242037586,0.21517837059038214,0.21081384876038842,0.2064493269303947,0.18645428778751316,0.16645924864463163,0.1464642095017501,0.12646917035886857
7206,0.022723898938375474,0.025780459658883387,0.031132518111866028,0.036484576564848666,0.0418366350178313,0.04718869347081395,0.05254075192379659,0.0770599598532782,0.10157916778275981,0.12609837571224142,0.15061758364172306,0.3411068640072945,0.3380503032867866,0.33269824483380395,0.3273461863808213,0.32199412792783866,0.316642069474856,0.31129001102187337,0.2867708030923918,0.2622515951629102,0.2377323872334286,0.21321317930394695
7207,0.05954035988303085,0.0675490526604855,0.08157232777140645,0.0955956028823274,0.10961887799324835,0.12364215310416929,0.13766542821509023,0.20190979350324906,0.2661541587914079,0.33039852407956677,0.3946428893677256,0.5323949645104806,0.524386271733026,0.510362996622105,0.4963397215111841,0.48231644640026317,0.4682931712893422,0.4542698961784213,0.3900255308902625,0.32578116560210363,0.2615368003139448,0.19729243502578592
7208,0.09422208070711786,0.10689576455313886,0.129087470513181,0.15127917647322317,0.17347088243326533,0.1956625883933075,0.21785429435334966,0.31952042104539957,0.42118654773744957,0.5228526744294996,0.6245188011215496,0.7630054397344619,0.7503317558884409,0.7281400499283988,0.7059483439683566,0.6837566380083144,0.6615649320482723,0.6393732260882301,0.5377070993961802,0.4360409727041302,0.33437484601208023,0.23270871932003023
7209,0.11060462621291975,0.12548190395938727,0.1515321177130734,0.17758233146675953,0.2036325452204457,0.22968275897413182,0.255732972727818,0.37507595323620807,0.49441893374459817,0.6137619142529884,0.7331048947613785,1.04243040931092,1.0275531315644524,1.0015029178107662,0.9754527040570801,0.949402490303394,0.9233522765497079,0.8973020627960218,0.7779590822876317,0.6586161017792416,0.5392731212708513,0.41993014076246116
7210,0.14593538259187422,0.16556495229609972,0.19993646134515083,0.23430797039420195,0.2686794794432531,0.3030509884923042,0.3374224975413554,0.4948875522726021,0.6523526070038489,0.8098176617350957,0.9672827164663426,1.3368623237393928,1.3172327540351674,1.2828612449861163,1.2484897359370652,1.2141182268880142,1.1797467178389631,1.145375208789912,0.9879101540586653,0.8304450993274186,0.6729800445961718,0.5155149898649249
7211,0.17412844867806587,0.1975502293326846,0.2385619253527876,0.2795736213728906,0.3205853173929936,0.3615970134130966,0.40260870943319965,0.5904942325625675,0.7783797556919354,0.9662652788213034,1.1541508019506714,1.6963697765134498,1.6729479958588311,1.6319362998387281,1.590924603818625,1.549912907798522,1.508901211778419,1.467889515758316,1.2800039926289482,1.0921184694995802,0.9042329463702122,0.7163474232408442
7212,0.20258246617249245,0.22983155799628885,0.277544901707457,0.32525824541862514,0.3729715891297932,0.4206849328409614,0.46839827655212957,0.6869858360383282,0.9055733955245269,1.1241609550107257,1.3427485144969247,1.9211150761464808,1.8938659843226844,1.8461526406115163,1.7984392969003482,1.7507259531891801,1.7030126094780118,1.6552992657668437,1.4367117062806452,1.2181241467944464,0.9995365873082476,0.7809490278220486
7213,0.22682064156334378,0.25732997737244256,0.31075203030808307,0.3641740832437235,0.4175961361793641,0.4710181891150046,0.5244402420506451,0.769180921820084,1.013921601589523,1.2586622813589619,1.5034029611284008,2.0428941262432594,2.0123847904341607,1.9589627374985201,1.9055406845628797,1.852118631627239,1.7986965786915987,1.745274525755958,1.5005338459865192,1.2557931662170803,1.0110524864476413,0.7663118066782024
7214,0.28713168866453304,0.3257533813399477,0.3933802259058238,0.46100707047169975,0.5286339150375757,0.5962607596034519,0.6638876041693279,0.9737042248382178,1.2835208455071077,1.5933374661759976,1.9031540868448875,2.133676930271694,2.095055237596279,2.027428393030403,1.9598015484645268,1.8921747038986507,1.8245478593327746,1.7569210147668985,1.4471043940980086,1.1372877734291187,0.8274711527602288,0.5176545320913388
7215,0.3067951188581142,0.3480617127682659,0.42031979724889373,0.49257788172952155,0.5648359662101494,0.6370940506907772,0.709352135171405,1.040385701701159,1.3714192682309132,1.7024528347606676,2.0334864012904217,2.1612776545091203,2.120011060598969,2.047752976118341,1.975494891637713,1.9032368071570853,1.8309787226764576,1.7587206381958298,1.427687071666076,1.0966535051363218,0.7656199386065674,0.4345863720768133
7216,0.27598175878396375,0.31310368956544515,0.3781044409318533,0.44310519229826134,0.5081059436646694,0.5731066950310776,0.6381074463974856,0.9358932333664804,1.233679020335475,1.53146480730447,1.829250594273465,1.9097257114610804,1.872603780679599,1.8076030293131908,1.7426022779467827,1.6776015265803745,1.6126007752139664,1.5476000238475582,1.2498142368785634,0.9520284499095688,0.6542426629405738,0.35645687597157893
7217,0.2253108014307007,0.2556170506983482,0.3086834977291007,0.36174994475985317,0.4148163917906057,0.46788283882135817,0.5209492858521106,0.7640608400805081,1.0071723943089055,1.2502839485373032,1.4933955027657007,1.6192575536297766,1.588951304362129,1.5358848573313766,1.4828184103006241,1.4297519632698716,1.3766855162391192,1.3236190692083667,1.0805075149799692,0.8373959607515719,0.5942844065231742,0.3511728522947767
7218,0.181071206183045,0.20542684770103406,0.24807374039633354,0.290720633091633,0.3333675257869325,0.376014418482232,0.41866131117753147,0.6140381066158548,0.809414902054178,1.0047916974925013,1.200168492930825,1.489569188741577,1.4652135472235879,1.4225666545282885,1.379919761832989,1.3372728691376894,1.29462597644239,1.2519790837470905,1.0566022883087673,0.8612254928704441,0.6658486974321208,0.4704719019937972
7219,0.1371027565822645,0.15554426178254532,0.18783546186591396,0.22012666194928254,0.2524178620326512,0.2847090621160198,0.3170002621993884,0.464934866444111,0.6128694706888336,0.7608040749335562,0.9087386791782788,1.2544431595756709,1.23600165437539,1.2037104542920214,1.1714192542086528,1.1391280541252842,1.1068368540419156,1.074545653958547,0.9266110497138245,0.7786764454691019,0.6307418412243793,0.48280723697965666
7220,0.12288693681507708,0.1394162914452449,0.16835930297358676,0.19730231450192862,0.22624532603027048,0.25518833755861237,0.28413134908695425,0.4167270081222759,0.5493226671575976,0.6819183261929194,0.8145139852282411,0.965950353268064,0.9494209986378962,0.9204779871095543,0.8915349755812124,0.8625919640528705,0.8336489525245286,0.8047059409961868,0.6721102819608651,0.5395146229255434,0.40691896389022164,0.27432330485489986
7221,0.10407025709033581,0.11806860573895996,0.14257980870966933,0.16709101168037868,0.19160221465108804,0.2161134176217974,0.24062462059250678,0.3529169820306787,0.4652093434688507,0.5775017049070227,0.6897940663451948,0.756275578156249,0.7422772295076249,0.7177660265369155,0.6932548235662062,0.6687436205954969,0.6442324176247876,0.6197212146540781,0.5074288532159061,0.3951364917777342,0.2828441303395622,0.17055176890139007
7222,0.09174496304809825,0.10408545316899447,0.1256937346673304,0.14730201616566632,0.16891029766400223,0.19051857916233816,0.21212686066067407,0.3111201642112374,0.4101134677618008,0.5091067713123641,0.6081000748629275,0.6380177307790044,0.6256772406581081,0.6040689591597722,0.5824606776614363,0.5608523961631003,0.5392441146647644,0.5176358331664285,0.4186425296158651,0.3196492260653017,0.22065592251473837,0.12166261896417502
7223,0.0756798511426919,0.0858594449247251,0.10368398234795255,0.12150851977117999,0.13933305719440744,0.15715759461763487,0.17498213204086233,0.2566410943198301,0.33830005659879786,0.4199590188777657,0.5016179811567335,0.5589042903878931,0.54872469660586,0.5309001591826326,0.5130756217594051,0.4952510843361777,0.4774265469129503,0.45960200948972285,0.37794304721075506,0.2962840849317873,0.21462512265281947,0.13296616037385167
7224,0.031367184720614005,0.03558634204876214,0.04297411500909338,0.050361887969424625,0.057749660929755864,0.0651374338900871,0.07252520685041834,0.10637056615310214,0.14021592545578596,0.17406128475846977,0.20790664406115364,0.38513873965896495,0.3809195823308168,0.3735318093704856,0.36614403641015436,0.35875626344982314,0.3513684904894919,0.3439807175291607,0.3101353582264769,0.27628999892379313,0.24244463962110932,0.20859928031842545
7225,0.027541528392130105,0.031246101893993974,0.037732835101129916,0.04421956830826585,0.05070630151540179,0.057193034722537735,0.06367976792967367,0.09339722368731823,0.1231146794449628,0.15283213520260736,0.18254959096025195,0.2947264391013124,0.29102186559944854,0.2845351323923126,0.27804839918517665,0.2715616659780407,0.26507493277090477,0.25858819956376883,0.22887074380612427,0.1991532880484797,0.16943583229083514,0.13971837653319055
7226,0.021214760756460276,0.024068329353953997,0.029064947229369295,0.03406156510478459,0.03905818298019989,0.04405480085561519,0.049051418731030486,0.07194225852804301,0.09483309832505553,0.11772393812206808,0.1406147779190806,0.2196416620198345,0.2167880934223408,0.21179147554692548,0.20679485767151018,0.20179823979609487,0.19680162192067957,0.19180500404526427,0.16891416424825173,0.14602332445123922,0.12313248465422667,0.10024164485721414
7227,0.017379901386824617,0.01971764826949346,0.023811058840523276,0.02790446941155309,0.03199787998258291,0.03609129055361272,0.04018470112464254,0.058937707246218926,0.07769071336779533,0.09644371948937172,0.11519672561094813,0.1725522635160582,0.17021451663338938,0.16612110606235955,0.16202769549132973,0.1579342849202999,0.15384087434927007,0.14974746377824025,0.13099445765666387,0.11224145153508747,0.09348844541351108,0.07473543929193467
7228,0.018861538995962508,0.02139857893702769,0.025840952998510806,0.030283327059993915,0.03472570112147703,0.03916807518296014,0.04361044924444325,0.0639621502340575,0.08431385122367176,0.10466555221328604,0.1250172532029003,0.16219714722554288,0.1596601072844777,0.15521773322299456,0.15077535916151147,0.14633298510002835,0.14189061103854522,0.1374482369770621,0.11709653598744785,0.0967448349978336,0.07639313400821932,0.05604143301860505
7229,0.06031042844298219,0.06842270209442457,0.08262734801485494,0.09683199393528533,0.1110366398557157,0.1252412857761461,0.1394459316965765,0.20452120506052845,0.2695964784244804,0.33467175178843245,0.39974702515238447,0.4566317751531136,0.4485195015016712,0.43431485558124083,0.4201102096608105,0.4059055637403801,0.3917009178199497,0.3774962718995193,0.3124209985355673,0.24734572517161535,0.18227045180766333,0.1171951784437113
7230,0.30895518501738617,0.35051232648691727,0.4232791617051753,0.4960459969234333,0.5688128321416914,0.6415796673599494,0.7143465025782075,1.0477107919933368,1.3810750814084662,1.7144393708235957,2.0478036602387255,2.1024107163262697,2.0608535748567385,1.9880867396384805,1.9153199044202225,1.8425530692019643,1.7697862339837063,1.6970193987654483,1.363655109350319,1.0302908199351897,0.6969265305200603,0.3635622411049304
7231,1.1612949269476076,1.3174991271273024,1.5910137359992662,1.8645283448712298,2.1380429537431938,2.4115575626151577,2.685072171487121,3.9381155800368046,5.191158988586489,6.444202397136173,7.697245805685856,8.797592590406415,8.64138839022672,8.367873781354756,8.094359172482793,7.820844563610829,7.547329954738865,7.273815345866902,6.020771937317218,4.767728528767535,3.514685120217851,2.261641711668167
7232,2.8365400828547638,3.218079229059924,3.8861568494030205,4.554234469746118,5.222312090089215,5.890389710432311,6.558467330775408,9.61910918103339,12.679751031291374,15.74039288154936,18.801034731807345,21.40384848736475,21.02230934115959,20.354231720816493,19.686154100473395,19.018076480130297,18.3499988597872,17.6819212394441,14.621279389186117,11.560637538928134,8.499995688670149,5.439353838412163
7233,4.187241305649756,4.750461435119857,5.736663683482037,6.722865931844216,7.709068180206397,8.695270428568575,9.681472676930756,14.199528337297998,18.717583997665233,23.23563965803248,27.75369531839972,32.29130966000392,31.72808953053382,30.74188728217164,29.75568503380946,28.76948278544728,27.7832805370851,26.797078288722922,22.27902262835568,17.760966967988445,13.242911307621199,8.724855647253957
7234,4.1224380187469025,4.6769415462886,5.647880965838258,6.618820385387915,7.5897598049375725,8.56069922448723,9.53163864403689,13.979771212843394,18.427903781649896,22.876036350456406,27.324168919262913,32.91035711924829,32.35585359170659,31.384914172156932,30.413974752607274,29.443035333057615,28.472095913507957,27.501156493958298,23.053023925151795,18.60489135634529,14.15675878753878,9.708626218732274
7235,3.351595880008395,3.8024144805325077,4.591800893015079,5.381187305497649,6.170573717980221,6.959960130462791,7.7493465429453625,11.365736340329079,14.982126137712793,18.59851593509651,22.21490573248023,27.356769827551037,26.905951227026925,26.116564814544354,25.327178402061783,24.537791989579212,23.74840557709664,22.95901916461407,19.34262936723035,15.726239569846637,12.109849772462919,8.493459975079201
7236,2.9910124143164416,3.3933294236000933,4.097789222441407,4.80224902128272,5.506708820124034,6.211168618965348,6.915628417806662,10.142946736074473,13.370265054342282,16.597583372610092,19.82490169087791,24.2284335048095,23.82611649552585,23.121656696684536,22.417196897843223,21.71273709900191,21.008277300160596,20.303817501319283,17.076499183051475,13.849180864783666,10.621862546515855,7.394544228248039
7237,2.7047846416677372,3.0686015427890947,3.7056473923676854,4.342693241946275,4.979739091524866,5.6167849411034565,6.253830790682048,9.172307818474215,12.090784846266383,15.009261874058554,17.92773890185072,22.802692522038395,22.438875620917038,21.801829771338447,21.164783921759856,20.527738072181265,19.890692222602674,19.253646373024083,16.335169345231915,13.416692317439747,10.498215289647575,7.579738261855409
7238,2.20733046474823,2.5042354815337093,3.0241181699939683,3.544000858454227,4.063883546914486,4.583766235374744,5.103648923835004,7.485370246439614,9.867091569044224,12.248812891648836,14.630534214253444,19.724931122724897,19.428026105939416,18.908143417479156,18.388260729018896,17.868378040558635,17.348495352098375,16.828612663638115,14.446891341033504,12.065170018428894,9.683448695824282,7.3017273732196735
7239,1.677916042855984,1.903610246250039,2.298802319798513,2.693994393346985,3.0891864668954585,3.484378540443932,3.879570613992405,5.690050956937462,7.500531299882518,9.311011642827577,11.121491985772634,14.871256559632515,14.645562356238461,14.250370282689987,13.855178209141515,13.459986135593041,13.064794062044568,12.669601988496094,10.859121645551037,9.04864130260598,7.238160959660921,5.427680616715864
7240,1.1172675321315855,1.2675496673528908,1.5306947005095728,1.7938397336662546,2.0569847668229366,2.3201297999796187,2.583274833136301,3.7888124482913326,4.9943500634463645,6.199887678601396,7.405425293756428,10.033161309414842,9.882879174193537,9.619734141036854,9.356589107880172,9.09344407472349,8.830299041566807,8.567154008410125,7.361616393255093,6.156078778100062,4.95054116294503,3.745003547789998
7241,0.6682540838903488,0.7581400312657272,0.9155309318380566,1.0729218324103855,1.2303127329827148,1.3877036335550441,1.5450945341273732,2.2661442482220826,2.987193962316792,3.7082436764115014,4.429293390506211,6.0734388854665,5.983552938091121,5.826162037518792,5.668771136946463,5.5113802363741335,5.3539893358018045,5.196598435229475,4.475548721134766,3.7544990070400566,3.033449292945347,2.3123995788506377
7242,0.4397550001969972,0.4989058467966161,0.6024793784527985,0.7060529101089809,0.8096264417651632,0.9131999734213457,1.016773505077528,1.4912714914090162,1.9657694777405041,2.4402674640719924,2.9147654504034803,3.6846018562989733,3.625451009699354,3.5218774780431716,3.418303946386989,3.314730414730807,3.2111568830746244,3.1075833514184423,2.633085365086954,2.158587378755466,1.6840893924239777,1.2095914060924897
7243,0.286284866305672,0.32479265405806435,0.39222005033488544,0.4596474466117065,0.5270748428885276,0.5945022391653487,0.6619296354421698,0.9708325302776295,1.2797354251130895,1.5886383199485492,1.8975412147840094,2.22844041223525,2.1899326244828576,2.1225052282060366,2.0550778319292156,1.9876504356523945,1.9202230393755735,1.8527956430987524,1.5438927482632927,1.2349898534278327,0.926086958592373,0.6171840637569128
7244,0.1600000684787465,0.18152145994052682,0.21920556165659857,0.25688966337267033,0.2945737650887421,0.33225786680481384,0.3699419685208856,0.5425828942000834,0.7152238198792811,0.887864745558479,1.0605056712376768,1.3303544742870113,1.308833082825231,1.2711489811091592,1.2334648793930874,1.1957807776770155,1.1580966759609437,1.1204125742448718,0.947771648565674,0.7751307228864763,0.6024897972072784,0.4298488715280806
7245,0.0966650333943288,0.10966731548161278,0.1324343991801003,0.15520148287858784,0.17796856657707538,0.20073565027556292,0.2235027339740505,0.3278048196211218,0.432106905268193,0.5364089909152644,0.6407110765623357,0.8750441895076194,0.8620419074203355,0.8392748237218479,0.8165077400233604,0.7937406563248728,0.7709735726263852,0.7482064889278977,0.6439044032808263,0.5396023176337551,0.4353002319866837,0.3309981463396124
7246,0.060485888935644626,0.06862176353916513,0.08286773488598757,0.09711370623281,0.11135967757963244,0.1256056489264549,0.13985162027327736,0.2051162164429092,0.27038081261254104,0.33564540878217297,0.40091000495180484,0.6530761972950729,0.6449403226915524,0.63069435134473,0.6164483799979075,0.602202408651085,0.5879564373042625,0.57371046595744,0.5084458697878081,0.4431812736181763,0.37791667744854435,0.3126520812789125
7247,0.04326251605801909,0.04908169821561838,0.059271125452270715,0.06946055268892304,0.07964997992557539,0.08983940716222773,0.10002883439888008,0.1467093195416705,0.19338980468446088,0.24007028982725132,0.28675077497004176,0.499578441059629,0.4937592589020297,0.48356983166537737,0.47338040442872503,0.4631909771920727,0.45300154995542036,0.442812122718768,0.3961316375759776,0.3494511524331872,0.30277066729039676,0.2560901821476063
7248,0.031367184720614005,0.03558634204876214,0.04297411500909338,0.050361887969424625,0.057749660929755864,0.0651374338900871,0.07252520685041834,0.10637056615310214,0.14021592545578596,0.17406128475846977,0.20790664406115364,0.38513873965896495,0.3809195823308168,0.3735318093704856,0.36614403641015436,0.35875626344982314,0.3513684904894919,0.3439807175291607,0.3101353582264769,0.27628999892379313,0.24244463962110932,0.20859928031842545
7249,0.027541528392130105,0.031246101893993974,0.037732835101129916,0.04421956830826585,0.05070630151540179,0.057193034722537735,0.06367976792967367,0.09339722368731823,0.1231146794449628,0.15283213520260736,0.18254959096025195,0.2947264391013124,0.29102186559944854,0.2845351323923126,0.27804839918517665,0.2715616659780407,0.26507493277090477,0.25858819956376883,0.22887074380612427,0.1991532880484797,0.16943583229083514,0.13971837653319055
7250,0.021214760756460276,0.024068329353953997,0.029064947229369295,0.03406156510478459,0.03905818298019989,0.04405480085561519,0.049051418731030486,0.07194225852804301,0.09483309832505553,0.11772393812206808,0.1406147779190806,0.2196416620198345,0.2167880934223408,0.21179147554692548,0.20679485767151018,0.20179823979609487,0.19680162192067957,0.19180500404526427,0.16891416424825173,0.14602332445123922,0.12313248465422667,0.10024164485721414
7251,0.017379901386824617,0.01971764826949346,0.023811058840523276,0.02790446941155309,0.03199787998258291,0.03609129055361272,0.04018470112464254,0.058937707246218926,0.07769071336779533,0.09644371948937172,0.11519672561094813,0.1725522635160582,0.17021451663338938,0.16612110606235955,0.16202769549132973,0.1579342849202999,0.15384087434927007,0.14974746377824025,0.13099445765666387,0.11224145153508747,0.09348844541351108,0.07473543929193467
7252,0.018861538995962508,0.02139857893702769,0.025840952998510806,0.030283327059993915,0.03472570112147703,0.03916807518296014,0.04361044924444325,0.0639621502340575,0.08431385122367176,0.10466555221328604,0.1250172532029003,0.16219714722554288,0.1596601072844777,0.15521773322299456,0.15077535916151147,0.14633298510002835,0.14189061103854522,0.1374482369770621,0.11709653598744785,0.0967448349978336,0.07639313400821932,0.05604143301860505
7253,0.06031042844298219,0.06842270209442457,0.08262734801485494,0.09683199393528533,0.1110366398557157,0.1252412857761461,0.1394459316965765,0.20452120506052845,0.2695964784244804,0.33467175178843245,0.39974702515238447,0.4566317751531136,0.4485195015016712,0.43431485558124083,0.4201102096608105,0.4059055637403801,0.3917009178199497,0.3774962718995193,0.3124209985355673,0.24734572517161535,0.18227045180766333,0.1171951784437113
7254,0.30895518501738617,0.35051232648691727,0.4232791617051753,0.4960459969234333,0.5688128321416914,0.6415796673599494,0.7143465025782075,1.0477107919933368,1.3810750814084662,1.7144393708235957,2.0478036602387255,2.1024107163262697,2.0608535748567385,1.9880867396384805,1.9153199044202225,1.8425530692019643,1.7697862339837063,1.6970193987654483,1.363655109350319,1.0302908199351897,0.6969265305200603,0.3635622411049304
7255,1.1612949269476076,1.3174991271273024,1.5910137359992662,1.8645283448712298,2.1380429537431938,2.4115575626151577,2.685072171487121,3.9381155800368046,5.191158988586489,6.444202397136173,7.697245805685856,8.797592590406415,8.64138839022672,8.367873781354756,8.094359172482793,7.820844563610829,7.547329954738865,7.273815345866902,6.020771937317218,4.767728528767535,3.514685120217851,2.261641711668167
7256,2.8365400828547638,3.218079229059924,3.8861568494030205,4.554234469746118,5.222312090089215,5.890389710432311,6.558467330775408,9.61910918103339,12.679751031291374,15.74039288154936,18.801034731807345,21.40384848736475,21.02230934115959,20.354231720816493,19.686154100473395,19.018076480130297,18.3499988597872,17.6819212394441,14.621279389186117,11.560637538928134,8.499995688670149,5.439353838412163
7257,4.187241305649756,4.750461435119857,5.736663683482037,6.722865931844216,7.709068180206397,8.695270428568575,9.681472676930756,14.199528337297998,18.717583997665233,23.23563965803248,27.75369531839972,32.29130966000392,31.72808953053382,30.74188728217164,29.75568503380946,28.76948278544728,27.7832805370851,26.797078288722922,22.27902262835568,17.760966967988445,13.242911307621199,8.724855647253957
7258,4.1224380187469025,4.6769415462886,5.647880965838258,6.618820385387915,7.5897598049375725,8.56069922448723,9.53163864403689,13.979771212843394,18.427903781649896,22.876036350456406,27.324168919262913,32.91035711924829,32.35585359170659,31.384914172156932,30.413974752607274,29.443035333057615,28.472095913507957,27.501156493958298,23.053023925151795,18.60489135634529,14.15675878753878,9.708626218732274
7259,3.351595880008395,3.8024144805325077,4.591800893015079,5.381187305497649,6.170573717980221,6.959960130462791,7.7493465429453625,11.365736340329079,14.982126137712793,18.59851593509651,22.21490573248023,27.356769827551037,26.905951227026925,26.116564814544354,25.327178402061783,24.537791989579212,23.74840557709664,22.95901916461407,19.34262936723035,15.726239569846637,12.109849772462919,8.493459975079201
7260,2.9910124143164416,3.3933294236000933,4.097789222441407,4.80224902128272,5.506708820124034,6.211168618965348,6.915628417806662,10.142946736074473,13.370265054342282,16.597583372610092,19.82490169087791,24.2284335048095,23.82611649552585,23.121656696684536,22.417196897843223,21.71273709900191,21.008277300160596,20.303817501319283,17.076499183051475,13.849180864783666,10.621862546515855,7.394544228248039
7261,2.7047846416677372,3.0686015427890947,3.7056473923676854,4.342693241946275,4.979739091524866,5.6167849411034565,6.253830790682048,9.172307818474215,12.090784846266383,15.009261874058554,17.92773890185072,22.802692522038395,22.438875620917038,21.801829771338447,21.164783921759856,20.527738072181265,19.890692222602674,19.253646373024083,16.335169345231915,13.416692317439747,10.498215289647575,7.579738261855409
7262,2.20733046474823,2.5042354815337093,3.0241181699939683,3.544000858454227,4.063883546914486,4.583766235374744,5.103648923835004,7.485370246439614,9.867091569044224,12.248812891648836,14.630534214253444,19.724931122724897,19.428026105939416,18.908143417479156,18.388260729018896,17.868378040558635,17.348495352098375,16.828612663638115,14.446891341033504,12.065170018428894,9.683448695824282,7.3017273732196735
7263,1.677916042855984,1.903610246250039,2.298802319798513,2.693994393346985,3.0891864668954585,3.484378540443932,3.879570613992405,5.690050956937462,7.500531299882518,9.311011642827577,11.121491985772634,14.871256559632515,14.645562356238461,14.250370282689987,13.855178209141515,13.459986135593041,13.064794062044568,12.669601988496094,10.859121645551037,9.04864130260598,7.238160959660921,5.427680616715864
7264,1.1172675321315855,1.2675496673528908,1.5306947005095728,1.7938397336662546,2.0569847668229366,2.3201297999796187,2.583274833136301,3.7888124482913326,4.9943500634463645,6.199887678601396,7.405425293756428,10.033161309414842,9.882879174193537,9.619734141036854,9.356589107880172,9.09344407472349,8.830299041566807,8.567154008410125,7.361616393255093,6.156078778100062,4.95054116294503,3.745003547789998
7265,0.6682540838903488,0.7581400312657272,0.9155309318380566,1.0729218324103855,1.2303127329827148,1.3877036335550441,1.5450945341273732,2.2661442482220826,2.987193962316792,3.7082436764115014,4.429293390506211,6.0734388854665,5.983552938091121,5.826162037518792,5.668771136946463,5.5113802363741335,5.3539893358018045,5.196598435229475,4.475548721134766,3.7544990070400566,3.033449292945347,2.3123995788506377
7266,0.4397550001969972,0.4989058467966161,0.6024793784527985,0.7060529101089809,0.8096264417651632,0.9131999734213457,1.016773505077528,1.4912714914090162,1.9657694777405041,2.4402674640719924,2.9147654504034803,3.6846018562989733,3.625451009699354,3.5218774780431716,3.418303946386989,3.314730414730807,3.2111568830746244,3.1075833514184423,2.633085365086954,2.158587378755466,1.6840893924239777,1.2095914060924897
7267,0.286284866305672,0.32479265405806435,0.39222005033488544,0.4596474466117065,0.5270748428885276,0.5945022391653487,0.6619296354421698,0.9708325302776295,1.2797354251130895,1.5886383199485492,1.8975412147840094,2.22844041223525,2.1899326244828576,2.1225052282060366,2.0550778319292156,1.9876504356523945,1.9202230393755735,1.8527956430987524,1.5438927482632927,1.2349898534278327,0.926086958592373,0.6171840637569128
7268,0.1600000684787465,0.18152145994052682,0.21920556165659857,0.25688966337267033,0.2945737650887421,0.33225786680481384,0.3699419685208856,0.5425828942000834,0.7152238198792811,0.887864745558479,1.0605056712376768,1.3303544742870113,1.308833082825231,1.2711489811091592,1.2334648793930874,1.1957807776770155,1.1580966759609437,1.1204125742448718,0.947771648565674,0.7751307228864763,0.6024897972072784,0.4298488715280806
7269,0.0966650333943288,0.10966731548161278,0.1324343991801003,0.15520148287858784,0.17796856657707538,0.20073565027556292,0.2235027339740505,0.3278048196211218,0.432106905268193,0.5364089909152644,0.6407110765623357,0.8750441895076194,0.8620419074203355,0.8392748237218479,0.8165077400233604,0.7937406563248728,0.7709735726263852,0.7482064889278977,0.6439044032808263,0.5396023176337551,0.4353002319866837,0.3309981463396124
7270,0.060485888935644626,0.06862176353916513,0.08286773488598757,0.09711370623281,0.11135967757963244,0.1256056489264549,0.13985162027327736,0.2051162164429092,0.27038081261254104,0.33564540878217297,0.40091000495180484,0.6530761972950729,0.6449403226915524,0.63069435134473,0.6164483799979075,0.602202408651085,0.5879564373042625,0.57371046595744,0.5084458697878081,0.4431812736181763,0.37791667744854435,0.3126520812789125
7271,0.04326251605801909,0.04908169821561838,0.059271125452270715,0.06946055268892304,0.07964997992557539,0.08983940716222773,0.10002883439888008,0.1467093195416705,0.19338980468446088,0.24007028982725132,0.28675077497004176,0.499578441059629,0.4937592589020297,0.48356983166537737,0.47338040442872503,0.4631909771920727,0.45300154995542036,0.442812122718768,0.3961316375759776,0.3494511524331872,0.30277066729039676,0.2560901821476063
7272,0.031367184720614005,0.03558634204876214,0.04297411500909338,0.050361887969424625,0.057749660929755864,0.0651374338900871,0.07252520685041834,0.10637056615310214,0.14021592545578596,0.17406128475846977,0.20790664406115364,0.38513873965896495,0.3809195823308168,0.3735318093704856,0.36614403641015436,0.35875626344982314,0.3513684904894919,0.3439807175291607,0.3101353582264769,0.27628999892379313,0.24244463962110932,0.20859928031842545
7273,0.027541528392130105,0.031246101893993974,0.037732835101129916,0.04421956830826585,0.05070630151540179,0.057193034722537735,0.06367976792967367,0.09339722368731823,0.1231146794449628,0.15283213520260736,0.18254959096025195,0.2947264391013124,0.29102186559944854,0.2845351323923126,0.27804839918517665,0.2715616659780407,0.26507493277090477,0.25858819956376883,0.22887074380612427,0.1991532880484797,0.16943583229083514,0.13971837653319055
7274,0.021214760756460276,0.024068329353953997,0.029064947229369295,0.03406156510478459,0.03905818298019989,0.04405480085561519,0.049051418731030486,0.07194225852804301,0.09483309832505553,0.11772393812206808,0.1406147779190806,0.2196416620198345,0.2167880934223408,0.21179147554692548,0.20679485767151018,0.20179823979609487,0.19680162192067957,0.19180500404526427,0.16891416424825173,0.14602332445123922,0.12313248465422667,0.10024164485721414
7275,0.017379901386824617,0.01971764826949346,0.023811058840523276,0.02790446941155309,0.03199787998258291,0.03609129055361272,0.04018470112464254,0.058937707246218926,0.07769071336779533,0.09644371948937172,0.11519672561094813,0.1725522635160582,0.17021451663338938,0.16612110606235955,0.16202769549132973,0.1579342849202999,0.15384087434927007,0.14974746377824025,0.13099445765666387,0.11224145153508747,0.09348844541351108,0.07473543929193467
7276,0.018861538995962508,0.02139857893702769,0.025840952998510806,0.030283327059993915,0.03472570112147703,0.03916807518296014,0.04361044924444325,0.0639621502340575,0.08431385122367176,0.10466555221328604,0.1250172532029003,0.16219714722554288,0.1596601072844777,0.15521773322299456,0.15077535916151147,0.14633298510002835,0.14189061103854522,0.1374482369770621,0.11709653598744785,0.0967448349978336,0.07639313400821932,0.05604143301860505
7277,0.06031042844298219,0.06842270209442457,0.08262734801485494,0.09683199393528533,0.1110366398557157,0.1252412857761461,0.1394459316965765,0.20452120506052845,0.2695964784244804,0.33467175178843245,0.39974702515238447,0.4566317751531136,0.4485195015016712,0.43431485558124083,0.4201102096608105,0.4059055637403801,0.3917009178199497,0.3774962718995193,0.3124209985355673,0.24734572517161535,0.18227045180766333,0.1171951784437113
7278,0.30895518501738617,0.35051232648691727,0.4232791617051753,0.4960459969234333,0.5688128321416914,0.6415796673599494,0.7143465025782075,1.0477107919933368,1.3810750814084662,1.7144393708235957,2.0478036602387255,2.1024107163262697,2.0608535748567385,1.9880867396384805,1.9153199044202225,1.8425530692019643,1.7697862339837063,1.6970193987654483,1.363655109350319,1.0302908199351897,0.6969265305200603,0.3635622411049304
7279,1.1612949269476076,1.3174991271273024,1.5910137359992662,1.8645283448712298,2.1380429537431938,2.4115575626151577,2.685072171487121,3.9381155800368046,5.191158988586489,6.444202397136173,7.697245805685856,8.797592590406415,8.64138839022672,8.367873781354756,8.094359172482793,7.820844563610829,7.547329954738865,7.273815345866902,6.020771937317218,4.767728528767535,3.514685120217851,2.261641711668167
7280,2.8365400828547638,3.218079229059924,3.8861568494030205,4.554234469746118,5.222312090089215,5.890389710432311,6.558467330775408,9.61910918103339,12.679751031291374,15.74039288154936,18.801034731807345,21.40384848736475,21.02230934115959,20.354231720816493,19.686154100473395,19.018076480130297,18.3499988597872,17.6819212394441,14.621279389186117,11.560637538928134,8.499995688670149,5.439353838412163
7281,4.187241305649756,4.750461435119857,5.736663683482037,6.722865931844216,7.709068180206397,8.695270428568575,9.681472676930756,14.199528337297998,18.717583997665233,23.23563965803248,27.75369531839972,32.29130966000392,31.72808953053382,30.74188728217164,29.75568503380946,28.76948278544728,27.7832805370851,26.797078288722922,22.27902262835568,17.760966967988445,13.242911307621199,8.724855647253957
7282,4.1224380187469025,4.6769415462886,5.647880965838258,6.618820385387915,7.5897598049375725,8.56069922448723,9.53163864403689,13.979771212843394,18.427903781649896,22.876036350456406,27.324168919262913,32.91035711924829,32.35585359170659,31.384914172156932,30.413974752607274,29.443035333057615,28.472095913507957,27.501156493958298,23.053023925151795,18.60489135634529,14.15675878753878,9.708626218732274
7283,3.351595880008395,3.8024144805325077,4.591800893015079,5.381187305497649,6.170573717980221,6.959960130462791,7.7493465429453625,11.365736340329079,14.982126137712793,18.59851593509651,22.21490573248023,27.356769827551037,26.905951227026925,26.116564814544354,25.327178402061783,24.537791989579212,23.74840557709664,22.95901916461407,19.34262936723035,15.726239569846637,12.109849772462919,8.493459975079201
7284,2.9910124143164416,3.3933294236000933,4.097789222441407,4.80224902128272,5.506708820124034,6.211168618965348,6.915628417806662,10.142946736074473,13.370265054342282,16.597583372610092,19.82490169087791,24.2284335048095,23.82611649552585,23.121656696684536,22.417196897843223,21.71273709900191,21.008277300160596,20.303817501319283,17.076499183051475,13.849180864783666,10.621862546515855,7.394544228248039
7285,2.7047846416677372,3.0686015427890947,3.7056473923676854,4.342693241946275,4.979739091524866,5.6167849411034565,6.253830790682048,9.172307818474215,12.090784846266383,15.009261874058554,17.92773890185072,22.802692522038395,22.438875620917038,21.801829771338447,21.164783921759856,20.527738072181265,19.890692222602674,19.253646373024083,16.335169345231915,13.416692317439747,10.498215289647575,7.579738261855409
7286,2.20733046474823,2.5042354815337093,3.0241181699939683,3.544000858454227,4.063883546914486,4.583766235374744,5.103648923835004,7.485370246439614,9.867091569044224,12.248812891648836,14.630534214253444,19.724931122724897,19.428026105939416,18.908143417479156,18.388260729018896,17.868378040558635,17.348495352098375,16.828612663638115,14.446891341033504,12.065170018428894,9.683448695824282,7.3017273732196735
7287,1.677916042855984,1.903610246250039,2.298802319798513,2.693994393346985,3.0891864668954585,3.484378540443932,3.879570613992405,5.690050956937462,7.500531299882518,9.311011642827577,11.121491985772634,14.871256559632515,14.645562356238461,14.250370282689987,13.855178209141515,13.459986135593041,13.064794062044568,12.669601988496094,10.859121645551037,9.04864130260598,7.238160959660921,5.427680616715864
7288,1.1172675321315855,1.2675496673528908,1.5306947005095728,1.7938397336662546,2.0569847668229366,2.3201297999796187,2.583274833136301,3.7888124482913326,4.9943500634463645,6.199887678601396,7.405425293756428,10.033161309414842,9.882879174193537,9.619734141036854,9.356589107880172,9.09344407472349,8.830299041566807,8.567154008410125,7.361616393255093,6.156078778100062,4.95054116294503,3.745003547789998
7289,0.6682540838903488,0.7581400312657272,0.9155309318380566,1.0729218324103855,1.2303127329827148,1.3877036335550441,1.5450945341273732,2.2661442482220826,2.987193962316792,3.7082436764115014,4.429293390506211,6.0734388854665,5.983552938091121,5.826162037518792,5.668771136946463,5.5113802363741335,5.3539893358018045,5.196598435229475,4.475548721134766,3.7544990070400566,3.033449292945347,2.3123995788506377
7290,0.4397550001969972,0.4989058467966161,0.6024793784527985,0.7060529101089809,0.8096264417651632,0.9131999734213457,1.016773505077528,1.4912714914090162,1.9657694777405041,2.4402674640719924,2.9147654504034803,3.6846018562989733,3.625451009699354,3.5218774780431716,3.418303946386989,3.314730414730807,3.2111568830746244,3.1075833514184423,2.633085365086954,2.158587378755466,1.6840893924239777,1.2095914060924897
7291,0.286284866305672,0.32479265405806435,0.39222005033488544,0.4596474466117065,0.5270748428885276,0.5945022391653487,0.6619296354421698,0.9708325302776295,1.2797354251130895,1.5886383199485492,1.8975412147840094,2.22844041223525,2.1899326244828576,2.1225052282060366,2.0550778319292156,1.9876504356523945,1.9202230393755735,1.8527956430987524,1.5438927482632927,1.2349898534278327,0.926086958592373,0.6171840637569128
7292,0.1600000684787465,0.18152145994052682,0.21920556165659857,0.25688966337267033,0.2945737650887421,0.33225786680481384,0.3699419685208856,0.5425828942000834,0.7152238198792811,0.887864745558479,1.0605056712376768,1.3303544742870113,1.308833082825231,1.2711489811091592,1.2334648793930874,1.1957807776770155,1.1580966759609437,1.1204125742448718,0.947771648565674,0.7751307228864763,0.6024897972072784,0.4298488715280806
7293,0.0966650333943288,0.10966731548161278,0.1324343991801003,0.15520148287858784,0.17796856657707538,0.20073565027556292,0.2235027339740505,0.3278048196211218,0.432106905268193,0.5364089909152644,0.6407110765623357,0.8750441895076194,0.8620419074203355,0.8392748237218479,0.8165077400233604,0.7937406563248728,0.7709735726263852,0.7482064889278977,0.6439044032808263,0.5396023176337551,0.4353002319866837,0.3309981463396124
7294,0.060485888935644626,0.06862176353916513,0.08286773488598757,0.09711370623281,0.11135967757963244,0.1256056489264549,0.13985162027327736,0.2051162164429092,0.27038081261254104,0.33564540878217297,0.40091000495180484,0.6530761972950729,0.6449403226915524,0.63069435134473,0.6164483799979075,0.602202408651085,0.5879564373042625,0.57371046595744,0.5084458697878081,0.4431812736181763,0.37791667744854435,0.3126520812789125
7295,0.04326251605801909,0.04908169821561838,0.059271125452270715,0.06946055268892304,0.07964997992557539,0.08983940716222773,0.10002883439888008,0.1467093195416705,0.19338980468446088,0.24007028982725132,0.28675077497004176,0.499578441059629,0.4937592589020297,0.48356983166537737,0.47338040442872503,0.4631909771920727,0.45300154995542036,0.442812122718768,0.3961316375759776,0.3494511524331872,0.30277066729039676,0.2560901821476063
7296,0.031367184720614005,0.03558634204876214,0.04297411500909338,0.050361887969424625,0.057749660929755864,0.0651374338900871,0.07252520685041834,0.10637056615310214,0.14021592545578596,0.17406128475846977,0.20790664406115364,0.38513873965896495,0.3809195823308168,0.3735318093704856,0.36614403641015436,0.35875626344982314,0.3513684904894919,0.3439807175291607,0.3101353582264769,0.27628999892379313,0.24244463962110932,0.20859928031842545
7297,0.027541528392130105,0.031246101893993974,0.037732835101129916,0.04421956830826585,0.05070630151540179,0.057193034722537735,0.06367976792967367,0.09339722368731823,0.1231146794449628,0.15283213520260736,0.18254959096025195,0.2947264391013124,0.29102186559944854,0.2845351323923126,0.27804839918517665,0.2715616659780407,0.26507493277090477,0.25858819956376883,0.22887074380612427,0.1991532880484797,0.16943583229083514,0.13971837653319055
7298,0.021214760756460276,0.024068329353953997,0.029064947229369295,0.03406156510478459,0.03905818298019989,0.04405480085561519,0.049051418731030486,0.07194225852804301,0.09483309832505553,0.11772393812206808,0.1406147779190806,0.2196416620198345,0.2167880934223408,0.21179147554692548,0.20679485767151018,0.20179823979609487,0.19680162192067957,0.19180500404526427,0.16891416424825173,0.14602332445123922,0.12313248465422667,0.10024164485721414
7299,0.017379901386824617,0.01971764826949346,0.023811058840523276,0.02790446941155309,0.03199787998258291,0.03609129055361272,0.04018470112464254,0.058937707246218926,0.07769071336779533,0.09644371948937172,0.11519672561094813,0.1725522635160582,0.17021451663338938,0.16612110606235955,0.16202769549132973,0.1579342849202999,0.15384087434927007,0.14974746377824025,0.13099445765666387,0.11224145153508747,0.09348844541351108,0.07473543929193467
7300,0.018861538995962508,0.02139857893702769,0.025840952998510806,0.030283327059993915,0.03472570112147703,0.03916807518296014,0.04361044924444325,0.0639621502340575,0.08431385122367176,0.10466555221328604,0.1250172532029003,0.16219714722554288,0.1596601072844777,0.15521773322299456,0.15077535916151147,0.14633298510002835,0.14189061103854522,0.1374482369770621,0.11709653598744785,0.0967448349978336,0.07639313400821932,0.05604143301860505
7301,0.06031042844298219,0.06842270209442457,0.08262734801485494,0.09683199393528533,0.1110366398557157,0.1252412857761461,0.1394459316965765,0.20452120506052845,0.2695964784244804,0.33467175178843245,0.39974702515238447,0.4566317751531136,0.4485195015016712,0.43431485558124083,0.4201102096608105,0.4059055637403801,0.3917009178199497,0.3774962718995193,0.3124209985355673,0.24734572517161535,0.18227045180766333,0.1171951784437113
7302,0.30895518501738617,0.35051232648691727,0.4232791617051753,0.4960459969234333,0.5688128321416914,0.6415796673599494,0.7143465025782075,1.0477107919933368,1.3810750814084662,1.7144393708235957,2.0478036602387255,2.1024107163262697,2.0608535748567385,1.9880867396384805,1.9153199044202225,1.8425530692019643,1.7697862339837063,1.6970193987654483,1.363655109350319,1.0302908199351897,0.6969265305200603,0.3635622411049304
7303,1.1612949269476076,1.3174991271273024,1.5910137359992662,1.8645283448712298,2.1380429537431938,2.4115575626151577,2.685072171487121,3.9381155800368046,5.191158988586489,6.444202397136173,7.697245805685856,8.797592590406415,8.64138839022672,8.367873781354756,8.094359172482793,7.820844563610829,7.547329954738865,7.273815345866902,6.020771937317218,4.767728528767535,3.514685120217851,2.261641711668167
7304,2.8365400828547638,3.218079229059924,3.8861568494030205,4.554234469746118,5.222312090089215,5.890389710432311,6.558467330775408,9.61910918103339,12.679751031291374,15.74039288154936,18.801034731807345,21.40384848736475,21.02230934115959,20.354231720816493,19.686154100473395,19.018076480130297,18.3499988597872,17.6819212394441,14.621279389186117,11.560637538928134,8.499995688670149,5.439353838412163
7305,4.187241305649756,4.750461435119857,5.736663683482037,6.722865931844216,7.709068180206397,8.695270428568575,9.681472676930756,14.199528337297998,18.717583997665233,23.23563965803248,27.75369531839972,32.29130966000392,31.72808953053382,30.74188728217164,29.75568503380946,28.76948278544728,27.7832805370851,26.797078288722922,22.27902262835568,17.760966967988445,13.242911307621199,8.724855647253957
7306,4.1224380187469025,4.6769415462886,5.647880965838258,6.618820385387915,7.5897598049375725,8.56069922448723,9.53163864403689,13.979771212843394,18.427903781649896,22.876036350456406,27.324168919262913,32.91035711924829,32.35585359170659,31.384914172156932,30.413974752607274,29.443035333057615,28.472095913507957,27.501156493958298,23.053023925151795,18.60489135634529,14.15675878753878,9.708626218732274
7307,3.351595880008395,3.8024144805325077,4.591800893015079,5.381187305497649,6.170573717980221,6.959960130462791,7.7493465429453625,11.365736340329079,14.982126137712793,18.59851593509651,22.21490573248023,27.356769827551037,26.905951227026925,26.116564814544354,25.327178402061783,24.537791989579212,23.74840557709664,22.95901916461407,19.34262936723035,15.726239569846637,12.109849772462919,8.493459975079201
7308,2.9910124143164416,3.3933294236000933,4.097789222441407,4.80224902128272,5.506708820124034,6.211168618965348,6.915628417806662,10.142946736074473,13.370265054342282,16.597583372610092,19.82490169087791,24.2284335048095,23.82611649552585,23.121656696684536,22.417196897843223,21.71273709900191,21.008277300160596,20.303817501319283,17.076499183051475,13.849180864783666,10.621862546515855,7.394544228248039
7309,2.7047846416677372,3.0686015427890947,3.7056473923676854,4.342693241946275,4.979739091524866,5.6167849411034565,6.253830790682048,9.172307818474215,12.090784846266383,15.009261874058554,17.92773890185072,22.802692522038395,22.438875620917038,21.801829771338447,21.164783921759856,20.527738072181265,19.890692222602674,19.253646373024083,16.335169345231915,13.416692317439747,10.498215289647575,7.579738261855409
7310,2.20733046474823,2.5042354815337093,3.0241181699939683,3.544000858454227,4.063883546914486,4.583766235374744,5.103648923835004,7.485370246439614,9.867091569044224,12.248812891648836,14.630534214253444,19.724931122724897,19.428026105939416,18.908143417479156,18.388260729018896,17.868378040558635,17.348495352098375,16.828612663638115,14.446891341033504,12.065170018428894,9.683448695824282,7.3017273732196735
7311,1.677916042855984,1.903610246250039,2.298802319798513,2.693994393346985,3.0891864668954585,3.484378540443932,3.879570613992405,5.690050956937462,7.500531299882518,9.311011642827577,11.121491985772634,14.871256559632515,14.645562356238461,14.250370282689987,13.855178209141515,13.459986135593041,13.064794062044568,12.669601988496094,10.859121645551037,9.04864130260598,7.238160959660921,5.427680616715864
7312,1.1172675321315855,1.2675496673528908,1.5306947005095728,1.7938397336662546,2.0569847668229366,2.3201297999796187,2.583274833136301,3.7888124482913326,4.9943500634463645,6.199887678601396,7.405425293756428,10.033161309414842,9.882879174193537,9.619734141036854,9.356589107880172,9.09344407472349,8.830299041566807,8.567154008410125,7.361616393255093,6.156078778100062,4.95054116294503,3.745003547789998
7313,0.6682540838903488,0.7581400312657272,0.9155309318380566,1.0729218324103855,1.2303127329827148,1.3877036335550441,1.5450945341273732,2.2661442482220826,2.987193962316792,3.7082436764115014,4.429293390506211,6.0734388854665,5.983552938091121,5.826162037518792,5.668771136946463,5.5113802363741335,5.3539893358018045,5.196598435229475,4.475548721134766,3.7544990070400566,3.033449292945347,2.3123995788506377
7314,0.4397550001969972,0.4989058467966161,0.6024793784527985,0.7060529101089809,0.8096264417651632,0.9131999734213457,1.016773505077528,1.4912714914090162,1.9657694777405041,2.4402674640719924,2.9147654504034803,3.6846018562989733,3.625451009699354,3.5218774780431716,3.418303946386989,3.314730414730807,3.2111568830746244,3.1075833514184423,2.633085365086954,2.158587378755466,1.6840893924239777,1.2095914060924897
7315,0.286284866305672,0.32479265405806435,0.39222005033488544,0.4596474466117065,0.5270748428885276,0.5945022391653487,0.6619296354421698,0.9708325302776295,1.2797354251130895,1.5886383199485492,1.8975412147840094,2.22844041223525,2.1899326244828576,2.1225052282060366,2.0550778319292156,1.9876504356523945,1.9202230393755735,1.8527956430987524,1.5438927482632927,1.2349898534278327,0.926086958592373,0.6171840637569128
7316,0.1600000684787465,0.18152145994052682,0.21920556165659857,0.25688966337267033,0.2945737650887421,0.33225786680481384,0.3699419685208856,0.5425828942000834,0.7152238198792811,0.887864745558479,1.0605056712376768,1.3303544742870113,1.308833082825231,1.2711489811091592,1.2334648793930874,1.1957807776770155,1.1580966759609437,1.1204125742448718,0.947771648565674,0.7751307228864763,0.6024897972072784,0.4298488715280806
7317,0.0966650333943288,0.10966731548161278,0.1324343991801003,0.15520148287858784,0.17796856657707538,0.20073565027556292,0.2235027339740505,0.3278048196211218,0.432106905268193,0.5364089909152644,0.6407110765623357,0.8750441895076194,0.8620419074203355,0.8392748237218479,0.8165077400233604,0.7937406563248728,0.7709735726263852,0.7482064889278977,0.6439044032808263,0.5396023176337551,0.4353002319866837,0.3309981463396124
7318,0.060485888935644626,0.06862176353916513,0.08286773488598757,0.09711370623281,0.11135967757963244,0.1256056489264549,0.13985162027327736,0.2051162164429092,0.27038081261254104,0.33564540878217297,0.40091000495180484,0.6530761972950729,0.6449403226915524,0.63069435134473,0.6164483799979075,0.602202408651085,0.5879564373042625,0.57371046595744,0.5084458697878081,0.4431812736181763,0.37791667744854435,0.3126520812789125
7319,0.04326251605801909,0.04908169821561838,0.059271125452270715,0.06946055268892304,0.07964997992557539,0.08983940716222773,0.10002883439888008,0.1467093195416705,0.19338980468446088,0.24007028982725132,0.28675077497004176,0.499578441059629,0.4937592589020297,0.48356983166537737,0.47338040442872503,0.4631909771920727,0.45300154995542036,0.442812122718768,0.3961316375759776,0.3494511524331872,0.30277066729039676,0.2560901821476063
7320,0.031367184720614005,0.03558634204876214,0.04297411500909338,0.050361887969424625,0.057749660929755864,0.0651374338900871,0.07252520685041834,0.10637056615310214,0.14021592545578596,0.17406128475846977,0.20790664406115364,0.38513873965896495,0.3809195823308168,0.3735318093704856,0.36614403641015436,0.35875626344982314,0.3513684904894919,0.3439807175291607,0.3101353582264769,0.27628999892379313,0.24244463962110932,0.20859928031842545
7321,0.027541528392130105,0.031246101893993974,0.037732835101129916,0.04421956830826585,0.05070630151540179,0.057193034722537735,0.06367976792967367,0.09339722368731823,0.1231146794449628,0.15283213520260736,0.18254959096025195,0.2947264391013124,0.29102186559944854,0.2845351323923126,0.27804839918517665,0.2715616659780407,0.26507493277090477,0.25858819956376883,0.22887074380612427,0.1991532880484797,0.16943583229083514,0.13971837653319055
7322,0.021214760756460276,0.024068329353953997,0.029064947229369295,0.03406156510478459,0.03905818298019989,0.04405480085561519,0.049051418731030486,0.07194225852804301,0.09483309832505553,0.11772393812206808,0.1406147779190806,0.2196416620198345,0.2167880934223408,0.21179147554692548,0.20679485767151018,0.20179823979609487,0.19680162192067957,0.19180500404526427,0.16891416424825173,0.14602332445123922,0.12313248465422667,0.10024164485721414
7323,0.017379901386824617,0.01971764826949346,0.023811058840523276,0.02790446941155309,0.03199787998258291,0.03609129055361272,0.04018470112464254,0.058937707246218926,0.07769071336779533,0.09644371948937172,0.11519672561094813,0.1725522635160582,0.17021451663338938,0.16612110606235955,0.16202769549132973,0.1579342849202999,0.15384087434927007,0.14974746377824025,0.13099445765666387,0.11224145153508747,0.09348844541351108,0.07473543929193467
7324,0.018861538995962508,0.02139857893702769,0.025840952998510806,0.030283327059993915,0.03472570112147703,0.03916807518296014,0.04361044924444325,0.0639621502340575,0.08431385122367176,0.10466555221328604,0.1250172532029003,0.16219714722554288,0.1596601072844777,0.15521773322299456,0.15077535916151147,0.14633298510002835,0.14189061103854522,0.1374482369770621,0.11709653598744785,0.0967448349978336,0.07639313400821932,0.05604143301860505
7325,0.06031042844298219,0.06842270209442457,0.08262734801485494,0.09683199393528533,0.1110366398557157,0.1252412857761461,0.1394459316965765,0.20452120506052845,0.2695964784244804,0.33467175178843245,0.39974702515238447,0.4566317751531136,0.4485195015016712,0.43431485558124083,0.4201102096608105,0.4059055637403801,0.3917009178199497,0.3774962718995193,0.3124209985355673,0.24734572517161535,0.18227045180766333,0.1171951784437113
7326,0.30895518501738617,0.35051232648691727,0.4232791617051753,0.4960459969234333,0.5688128321416914,0.6415796673599494,0.7143465025782075,1.0477107919933368,1.3810750814084662,1.7144393708235957,2.0478036602387255,2.1024107163262697,2.0608535748567385,1.9880867396384805,1.9153199044202225,1.8425530692019643,1.7697862339837063,1.6970193987654483,1.363655109350319,1.0302908199351897,0.6969265305200603,0.3635622411049304
7327,1.1612949269476076,1.3174991271273024,1.5910137359992662,1.8645283448712298,2.1380429537431938,2.4115575626151577,2.685072171487121,3.9381155800368046,5.191158988586489,6.444202397136173,7.697245805685856,8.797592590406415,8.64138839022672,8.367873781354756,8.094359172482793,7.820844563610829,7.547329954738865,7.273815345866902,6.020771937317218,4.767728528767535,3.514685120217851,2.261641711668167
7328,2.8365400828547638,3.218079229059924,3.8861568494030205,4.554234469746118,5.222312090089215,5.890389710432311,6.558467330775408,9.61910918103339,12.679751031291374,15.74039288154936,18.801034731807345,21.40384848736475,21.02230934115959,20.354231720816493,19.686154100473395,19.018076480130297,18.3499988597872,17.6819212394441,14.621279389186117,11.560637538928134,8.499995688670149,5.439353838412163
7329,4.187241305649756,4.750461435119857,5.736663683482037,6.722865931844216,7.709068180206397,8.695270428568575,9.681472676930756,14.199528337297998,18.717583997665233,23.23563965803248,27.75369531839972,32.29130966000392,31.72808953053382,30.74188728217164,29.75568503380946,28.76948278544728,27.7832805370851,26.797078288722922,22.27902262835568,17.760966967988445,13.242911307621199,8.724855647253957
7330,4.1224380187469025,4.6769415462886,5.647880965838258,6.618820385387915,7.5897598049375725,8.56069922448723,9.53163864403689,13.979771212843394,18.427903781649896,22.876036350456406,27.324168919262913,32.91035711924829,32.35585359170659,31.384914172156932,30.413974752607274,29.443035333057615,28.472095913507957,27.501156493958298,23.053023925151795,18.60489135634529,14.15675878753878,9.708626218732274
7331,3.351595880008395,3.8024144805325077,4.591800893015079,5.381187305497649,6.170573717980221,6.959960130462791,7.7493465429453625,11.365736340329079,14.982126137712793,18.59851593509651,22.21490573248023,27.356769827551037,26.905951227026925,26.116564814544354,25.327178402061783,24.537791989579212,23.74840557709664,22.95901916461407,19.34262936723035,15.726239569846637,12.109849772462919,8.493459975079201
7332,2.9910124143164416,3.3933294236000933,4.097789222441407,4.80224902128272,5.506708820124034,6.211168618965348,6.915628417806662,10.142946736074473,13.370265054342282,16.597583372610092,19.82490169087791,24.2284335048095,23.82611649552585,23.121656696684536,22.417196897843223,21.71273709900191,21.008277300160596,20.303817501319283,17.076499183051475,13.849180864783666,10.621862546515855,7.394544228248039
7333,2.7047846416677372,3.0686015427890947,3.7056473923676854,4.342693241946275,4.979739091524866,5.6167849411034565,6.253830790682048,9.172307818474215,12.090784846266383,15.009261874058554,17.92773890185072,22.802692522038395,22.438875620917038,21.801829771338447,21.164783921759856,20.527738072181265,19.890692222602674,19.253646373024083,16.335169345231915,13.416692317439747,10.498215289647575,7.579738261855409
7334,2.20733046474823,2.5042354815337093,3.0241181699939683,3.544000858454227,4.063883546914486,4.583766235374744,5.103648923835004,7.485370246439614,9.867091569044224,12.248812891648836,14.630534214253444,19.724931122724897,19.428026105939416,18.908143417479156,18.388260729018896,17.868378040558635,17.348495352098375,16.828612663638115,14.446891341033504,12.065170018428894,9.683448695824282,7.3017273732196735
7335,1.677916042855984,1.903610246250039,2.298802319798513,2.693994393346985,3.0891864668954585,3.484378540443932,3.879570613992405,5.690050956937462,7.500531299882518,9.311011642827577,11.121491985772634,14.871256559632515,14.645562356238461,14.250370282689987,13.855178209141515,13.459986135593041,13.064794062044568,12.669601988496094,10.859121645551037,9.04864130260598,7.238160959660921,5.427680616715864
7336,1.1172675321315855,1.2675496673528908,1.5306947005095728,1.7938397336662546,2.0569847668229366,2.3201297999796187,2.583274833136301,3.7888124482913326,4.9943500634463645,6.199887678601396,7.405425293756428,10.033161309414842,9.882879174193537,9.619734141036854,9.356589107880172,9.09344407472349,8.830299041566807,8.567154008410125,7.361616393255093,6.156078778100062,4.95054116294503,3.745003547789998
7337,0.6682540838903488,0.7581400312657272,0.9155309318380566,1.0729218324103855,1.2303127329827148,1.3877036335550441,1.5450945341273732,2.2661442482220826,2.987193962316792,3.7082436764115014,4.429293390506211,6.0734388854665,5.983552938091121,5.826162037518792,5.668771136946463,5.5113802363741335,5.3539893358018045,5.196598435229475,4.475548721134766,3.7544990070400566,3.033449292945347,2.3123995788506377
7338,0.4397550001969972,0.4989058467966161,0.6024793784527985,0.7060529101089809,0.8096264417651632,0.9131999734213457,1.016773505077528,1.4912714914090162,1.9657694777405041,2.4402674640719924,2.9147654504034803,3.6846018562989733,3.625451009699354,3.5218774780431716,3.418303946386989,3.314730414730807,3.2111568830746244,3.1075833514184423,2.633085365086954,2.158587378755466,1.6840893924239777,1.2095914060924897
7339,0.286284866305672,0.32479265405806435,0.39222005033488544,0.4596474466117065,0.5270748428885276,0.5945022391653487,0.6619296354421698,0.9708325302776295,1.2797354251130895,1.5886383199485492,1.8975412147840094,2.22844041223525,2.1899326244828576,2.1225052282060366,2.0550778319292156,1.9876504356523945,1.9202230393755735,1.8527956430987524,1.5438927482632927,1.2349898534278327,0.926086958592373,0.6171840637569128
7340,0.1600000684787465,0.18152145994052682,0.21920556165659857,0.25688966337267033,0.2945737650887421,0.33225786680481384,0.3699419685208856,0.5425828942000834,0.7152238198792811,0.887864745558479,1.0605056712376768,1.3303544742870113,1.308833082825231,1.2711489811091592,1.2334648793930874,1.1957807776770155,1.1580966759609437,1.1204125742448718,0.947771648565674,0.7751307228864763,0.6024897972072784,0.4298488715280806
7341,0.0966650333943288,0.10966731548161278,0.1324343991801003,0.15520148287858784,0.17796856657707538,0.20073565027556292,0.2235027339740505,0.3278048196211218,0.432106905268193,0.5364089909152644,0.6407110765623357,0.8750441895076194,0.8620419074203355,0.8392748237218479,0.8165077400233604,0.7937406563248728,0.7709735726263852,0.7482064889278977,0.6439044032808263,0.5396023176337551,0.4353002319866837,0.3309981463396124
7342,0.060485888935644626,0.06862176353916513,0.08286773488598757,0.09711370623281,0.11135967757963244,0.1256056489264549,0.13985162027327736,0.2051162164429092,0.27038081261254104,0.33564540878217297,0.40091000495180484,0.6530761972950729,0.6449403226915524,0.63069435134473,0.6164483799979075,0.602202408651085,0.5879564373042625,0.57371046595744,0.5084458697878081,0.4431812736181763,0.37791667744854435,0.3126520812789125
7343,0.04326251605801909,0.04908169821561838,0.059271125452270715,0.06946055268892304,0.07964997992557539,0.08983940716222773,0.10002883439888008,0.1467093195416705,0.19338980468446088,0.24007028982725132,0.28675077497004176,0.499578441059629,0.4937592589020297,0.48356983166537737,0.47338040442872503,0.4631909771920727,0.45300154995542036,0.442812122718768,0.3961316375759776,0.3494511524331872,0.30277066729039676,0.2560901821476063
7344,0.06656898268586907,0.07552308595105217,0.09120178120737912,0.10688047646370606,0.12255917172003303,0.13823786697635998,0.1539165622326869,0.2257448489433112,0.29757313565393556,0.36940142236455986,0.44122970907518416,0.4271966781704077,0.4182425749052246,0.4025638796488976,0.3868851843925707,0.3712064891362437,0.35552779387991673,0.3398490986235898,0.2680208119129655,0.19619252520234115,0.12436423849171685,0.05253595178109255
7345,0.056639086305014866,0.06425753272192815,0.07759748382143074,0.09093743492093335,0.10427738602043597,0.11761733711993858,0.1309572882194412,0.19207116387144205,0.25318503952344296,0.31429891517544384,0.3754127908274448,0.3168441383691494,0.3092256919522361,0.2958857408527335,0.28254578975323086,0.26920583865372827,0.2558658875542257,0.24252593645472306,0.1814120608027222,0.1202981851507213,0.05918430949872042,-0.0019295661532805208
7346,0.03392680220936796,0.038490250202461725,0.046480878441028384,0.05447150667959503,0.06246213491816169,0.07045276315672834,0.07844339139529499,0.1150505915949522,0.15165779179460942,0.18826499199426663,0.22487219219392388,0.22601923126692836,0.22145578327383458,0.21346515503526792,0.20547452679670128,0.1974838985581346,0.18949327031956797,0.1815026420810013,0.1448954418813441,0.10828824168168688,0.07168104148202967,0.035073841282372425
7347,0.0236676925723058,0.026851201690074235,0.03242554764354464,0.03799989359701504,0.043574239550485436,0.049148585503955844,0.05472293145742625,0.08026049774238261,0.10579806402733898,0.13133563031229536,0.15687319659725174,0.20284547879051973,0.1996619696727513,0.1940876237192809,0.1885132777658105,0.1829389318123401,0.17736458585886972,0.17179023990539932,0.14625267362044297,0.12071510733548661,0.09517754105053022,0.06963997476557385
7348,0.02469635730095266,0.028018230711428102,0.03383485347536883,0.03965147623930954,0.04546809900325027,0.051284721767191,0.05710134453113172,0.08374884553458932,0.11039634653804692,0.1370438475415045,0.16369134854496212,0.2086410790622131,0.20531920565173767,0.19950258288779693,0.19368596012385622,0.18786933735991548,0.18205271459597477,0.17623609183203404,0.14958859082857645,0.12294108982511885,0.09629358882166127,0.06964608781820365
7349,0.018530992112733714,0.02102357064238779,0.025388092472381524,0.02975261430237525,0.03411713613236898,0.03848165796236271,0.04284617979235644,0.06284121893523797,0.08283625807811949,0.10283129722100104,0.12282633636388257,0.23076451461001737,0.2282719360803633,0.22390741425036959,0.21954289242037586,0.21517837059038214,0.21081384876038842,0.2064493269303947,0.18645428778751316,0.16645924864463163,0.1464642095017501,0.12646917035886857
7350,0.022723898938375474,0.025780459658883387,0.031132518111866028,0.036484576564848666,0.0418366350178313,0.04718869347081395,0.05254075192379659,0.0770599598532782,0.10157916778275981,0.12609837571224142,0.15061758364172306,0.3411068640072945,0.3380503032867866,0.33269824483380395,0.3273461863808213,0.32199412792783866,0.316642069474856,0.31129001102187337,0.2867708030923918,0.2622515951629102,0.2377323872334286,0.21321317930394695
7351,0.05954035988303085,0.0675490526604855,0.08157232777140645,0.0955956028823274,0.10961887799324835,0.12364215310416929,0.13766542821509023,0.20190979350324906,0.2661541587914079,0.33039852407956677,0.3946428893677256,0.5323949645104806,0.524386271733026,0.510362996622105,0.4963397215111841,0.48231644640026317,0.4682931712893422,0.4542698961784213,0.3900255308902625,0.32578116560210363,0.2615368003139448,0.19729243502578592
7352,0.09422208070711786,0.10689576455313886,0.129087470513181,0.15127917647322317,0.17347088243326533,0.1956625883933075,0.21785429435334966,0.31952042104539957,0.42118654773744957,0.5228526744294996,0.6245188011215496,0.7630054397344619,0.7503317558884409,0.7281400499283988,0.7059483439683566,0.6837566380083144,0.6615649320482723,0.6393732260882301,0.5377070993961802,0.4360409727041302,0.33437484601208023,0.23270871932003023
7353,0.11060462621291975,0.12548190395938727,0.1515321177130734,0.17758233146675953,0.2036325452204457,0.22968275897413182,0.255732972727818,0.37507595323620807,0.49441893374459817,0.6137619142529884,0.7331048947613785,1.04243040931092,1.0275531315644524,1.0015029178107662,0.9754527040570801,0.949402490303394,0.9233522765497079,0.8973020627960218,0.7779590822876317,0.6586161017792416,0.5392731212708513,0.41993014076246116
7354,0.14593538259187422,0.16556495229609972,0.19993646134515083,0.23430797039420195,0.2686794794432531,0.3030509884923042,0.3374224975413554,0.4948875522726021,0.6523526070038489,0.8098176617350957,0.9672827164663426,1.3368623237393928,1.3172327540351674,1.2828612449861163,1.2484897359370652,1.2141182268880142,1.1797467178389631,1.145375208789912,0.9879101540586653,0.8304450993274186,0.6729800445961718,0.5155149898649249
7355,0.17412844867806587,0.1975502293326846,0.2385619253527876,0.2795736213728906,0.3205853173929936,0.3615970134130966,0.40260870943319965,0.5904942325625675,0.7783797556919354,0.9662652788213034,1.1541508019506714,1.6963697765134498,1.6729479958588311,1.6319362998387281,1.590924603818625,1.549912907798522,1.508901211778419,1.467889515758316,1.2800039926289482,1.0921184694995802,0.9042329463702122,0.7163474232408442
7356,0.20258246617249245,0.22983155799628885,0.277544901707457,0.32525824541862514,0.3729715891297932,0.4206849328409614,0.46839827655212957,0.6869858360383282,0.9055733955245269,1.1241609550107257,1.3427485144969247,1.9211150761464808,1.8938659843226844,1.8461526406115163,1.7984392969003482,1.7507259531891801,1.7030126094780118,1.6552992657668437,1.4367117062806452,1.2181241467944464,0.9995365873082476,0.7809490278220486
7357,0.22682064156334378,0.25732997737244256,0.31075203030808307,0.3641740832437235,0.4175961361793641,0.4710181891150046,0.5244402420506451,0.769180921820084,1.013921601589523,1.2586622813589619,1.5034029611284008,2.0428941262432594,2.0123847904341607,1.9589627374985201,1.9055406845628797,1.852118631627239,1.7986965786915987,1.745274525755958,1.5005338459865192,1.2557931662170803,1.0110524864476413,0.7663118066782024
7358,0.28713168866453304,0.3257533813399477,0.3933802259058238,0.46100707047169975,0.5286339150375757,0.5962607596034519,0.6638876041693279,0.9737042248382178,1.2835208455071077,1.5933374661759976,1.9031540868448875,2.133676930271694,2.095055237596279,2.027428393030403,1.9598015484645268,1.8921747038986507,1.8245478593327746,1.7569210147668985,1.4471043940980086,1.1372877734291187,0.8274711527602288,0.5176545320913388
7359,0.3067951188581142,0.3480617127682659,0.42031979724889373,0.49257788172952155,0.5648359662101494,0.6370940506907772,0.709352135171405,1.040385701701159,1.3714192682309132,1.7024528347606676,2.0334864012904217,2.1612776545091203,2.120011060598969,2.047752976118341,1.975494891637713,1.9032368071570853,1.8309787226764576,1.7587206381958298,1.427687071666076,1.0966535051363218,0.7656199386065674,0.4345863720768133
7360,0.27598175878396375,0.31310368956544515,0.3781044409318533,0.44310519229826134,0.5081059436646694,0.5731066950310776,0.6381074463974856,0.9358932333664804,1.233679020335475,1.53146480730447,1.829250594273465,1.9097257114610804,1.872603780679599,1.8076030293131908,1.7426022779467827,1.6776015265803745,1.6126007752139664,1.5476000238475582,1.2498142368785634,0.9520284499095688,0.6542426629405738,0.35645687597157893
7361,0.2253108014307007,0.2556170506983482,0.3086834977291007,0.36174994475985317,0.4148163917906057,0.46788283882135817,0.5209492858521106,0.7640608400805081,1.0071723943089055,1.2502839485373032,1.4933955027657007,1.6192575536297766,1.588951304362129,1.5358848573313766,1.4828184103006241,1.4297519632698716,1.3766855162391192,1.3236190692083667,1.0805075149799692,0.8373959607515719,0.5942844065231742,0.3511728522947767
7362,0.181071206183045,0.20542684770103406,0.24807374039633354,0.290720633091633,0.3333675257869325,0.376014418482232,0.41866131117753147,0.6140381066158548,0.809414902054178,1.0047916974925013,1.200168492930825,1.489569188741577,1.4652135472235879,1.4225666545282885,1.379919761832989,1.3372728691376894,1.29462597644239,1.2519790837470905,1.0566022883087673,0.8612254928704441,0.6658486974321208,0.4704719019937972
7363,0.1371027565822645,0.15554426178254532,0.18783546186591396,0.22012666194928254,0.2524178620326512,0.2847090621160198,0.3170002621993884,0.464934866444111,0.6128694706888336,0.7608040749335562,0.9087386791782788,1.2544431595756709,1.23600165437539,1.2037104542920214,1.1714192542086528,1.1391280541252842,1.1068368540419156,1.074545653958547,0.9266110497138245,0.7786764454691019,0.6307418412243793,0.48280723697965666
7364,0.12288693681507708,0.1394162914452449,0.16835930297358676,0.19730231450192862,0.22624532603027048,0.25518833755861237,0.28413134908695425,0.4167270081222759,0.5493226671575976,0.6819183261929194,0.8145139852282411,0.965950353268064,0.9494209986378962,0.9204779871095543,0.8915349755812124,0.8625919640528705,0.8336489525245286,0.8047059409961868,0.6721102819608651,0.5395146229255434,0.40691896389022164,0.27432330485489986
7365,0.10407025709033581,0.11806860573895996,0.14257980870966933,0.16709101168037868,0.19160221465108804,0.2161134176217974,0.24062462059250678,0.3529169820306787,0.4652093434688507,0.5775017049070227,0.6897940663451948,0.756275578156249,0.7422772295076249,0.7177660265369155,0.6932548235662062,0.6687436205954969,0.6442324176247876,0.6197212146540781,0.5074288532159061,0.3951364917777342,0.2828441303395622,0.17055176890139007
7366,0.09174496304809825,0.10408545316899447,0.1256937346673304,0.14730201616566632,0.16891029766400223,0.19051857916233816,0.21212686066067407,0.3111201642112374,0.4101134677618008,0.5091067713123641,0.6081000748629275,0.6380177307790044,0.6256772406581081,0.6040689591597722,0.5824606776614363,0.5608523961631003,0.5392441146647644,0.5176358331664285,0.4186425296158651,0.3196492260653017,0.22065592251473837,0.12166261896417502
7367,0.0756798511426919,0.0858594449247251,0.10368398234795255,0.12150851977117999,0.13933305719440744,0.15715759461763487,0.17498213204086233,0.2566410943198301,0.33830005659879786,0.4199590188777657,0.5016179811567335,0.5589042903878931,0.54872469660586,0.5309001591826326,0.5130756217594051,0.4952510843361777,0.4774265469129503,0.45960200948972285,0.37794304721075506,0.2962840849317873,0.21462512265281947,0.13296616037385167
7368,0.06656898268586907,0.07552308595105217,0.09120178120737912,0.10688047646370606,0.12255917172003303,0.13823786697635998,0.1539165622326869,0.2257448489433112,0.29757313565393556,0.36940142236455986,0.44122970907518416,0.4271966781704077,0.4182425749052246,0.4025638796488976,0.3868851843925707,0.3712064891362437,0.35552779387991673,0.3398490986235898,0.2680208119129655,0.19619252520234115,0.12436423849171685,0.05253595178109255
7369,0.056639086305014866,0.06425753272192815,0.07759748382143074,0.09093743492093335,0.10427738602043597,0.11761733711993858,0.1309572882194412,0.19207116387144205,0.25318503952344296,0.31429891517544384,0.3754127908274448,0.3168441383691494,0.3092256919522361,0.2958857408527335,0.28254578975323086,0.26920583865372827,0.2558658875542257,0.24252593645472306,0.1814120608027222,0.1202981851507213,0.05918430949872042,-0.0019295661532805208
7370,0.03392680220936796,0.038490250202461725,0.046480878441028384,0.05447150667959503,0.06246213491816169,0.07045276315672834,0.07844339139529499,0.1150505915949522,0.15165779179460942,0.18826499199426663,0.22487219219392388,0.22601923126692836,0.22145578327383458,0.21346515503526792,0.20547452679670128,0.1974838985581346,0.18949327031956797,0.1815026420810013,0.1448954418813441,0.10828824168168688,0.07168104148202967,0.035073841282372425
7371,0.0236676925723058,0.026851201690074235,0.03242554764354464,0.03799989359701504,0.043574239550485436,0.049148585503955844,0.05472293145742625,0.08026049774238261,0.10579806402733898,0.13133563031229536,0.15687319659725174,0.20284547879051973,0.1996619696727513,0.1940876237192809,0.1885132777658105,0.1829389318123401,0.17736458585886972,0.17179023990539932,0.14625267362044297,0.12071510733548661,0.09517754105053022,0.06963997476557385
7372,0.02469635730095266,0.028018230711428102,0.03383485347536883,0.03965147623930954,0.04546809900325027,0.051284721767191,0.05710134453113172,0.08374884553458932,0.11039634653804692,0.1370438475415045,0.16369134854496212,0.2086410790622131,0.20531920565173767,0.19950258288779693,0.19368596012385622,0.18786933735991548,0.18205271459597477,0.17623609183203404,0.14958859082857645,0.12294108982511885,0.09629358882166127,0.06964608781820365
7373,0.018530992112733714,0.02102357064238779,0.025388092472381524,0.02975261430237525,0.03411713613236898,0.03848165796236271,0.04284617979235644,0.06284121893523797,0.08283625807811949,0.10283129722100104,0.12282633636388257,0.23076451461001737,0.2282719360803633,0.22390741425036959,0.21954289242037586,0.21517837059038214,0.21081384876038842,0.2064493269303947,0.18645428778751316,0.16645924864463163,0.1464642095017501,0.12646917035886857
7374,0.022723898938375474,0.025780459658883387,0.031132518111866028,0.036484576564848666,0.0418366350178313,0.04718869347081395,0.05254075192379659,0.0770599598532782,0.10157916778275981,0.12609837571224142,0.15061758364172306,0.3411068640072945,0.3380503032867866,0.33269824483380395,0.3273461863808213,0.32199412792783866,0.316642069474856,0.31129001102187337,0.2867708030923918,0.2622515951629102,0.2377323872334286,0.21321317930394695
7375,0.05954035988303085,0.0675490526604855,0.08157232777140645,0.0955956028823274,0.10961887799324835,0.12364215310416929,0.13766542821509023,0.20190979350324906,0.2661541587914079,0.33039852407956677,0.3946428893677256,0.5323949645104806,0.524386271733026,0.510362996622105,0.4963397215111841,0.48231644640026317,0.4682931712893422,0.4542698961784213,0.3900255308902625,0.32578116560210363,0.2615368003139448,0.19729243502578592
7376,0.09422208070711786,0.10689576455313886,0.129087470513181,0.15127917647322317,0.17347088243326533,0.1956625883933075,0.21785429435334966,0.31952042104539957,0.42118654773744957,0.5228526744294996,0.6245188011215496,0.7630054397344619,0.7503317558884409,0.7281400499283988,0.7059483439683566,0.6837566380083144,0.6615649320482723,0.6393732260882301,0.5377070993961802,0.4360409727041302,0.33437484601208023,0.23270871932003023
7377,0.11060462621291975,0.12548190395938727,0.1515321177130734,0.17758233146675953,0.2036325452204457,0.22968275897413182,0.255732972727818,0.37507595323620807,0.49441893374459817,0.6137619142529884,0.7331048947613785,1.04243040931092,1.0275531315644524,1.0015029178107662,0.9754527040570801,0.949402490303394,0.9233522765497079,0.8973020627960218,0.7779590822876317,0.6586161017792416,0.5392731212708513,0.41993014076246116
7378,0.14593538259187422,0.16556495229609972,0.19993646134515083,0.23430797039420195,0.2686794794432531,0.3030509884923042,0.3374224975413554,0.4948875522726021,0.6523526070038489,0.8098176617350957,0.9672827164663426,1.3368623237393928,1.3172327540351674,1.2828612449861163,1.2484897359370652,1.2141182268880142,1.1797467178389631,1.145375208789912,0.9879101540586653,0.8304450993274186,0.6729800445961718,0.5155149898649249
7379,0.17412844867806587,0.1975502293326846,0.2385619253527876,0.2795736213728906,0.3205853173929936,0.3615970134130966,0.40260870943319965,0.5904942325625675,0.7783797556919354,0.9662652788213034,1.1541508019506714,1.6963697765134498,1.6729479958588311,1.6319362998387281,1.590924603818625,1.549912907798522,1.508901211778419,1.467889515758316,1.2800039926289482,1.0921184694995802,0.9042329463702122,0.7163474232408442
7380,0.20258246617249245,0.22983155799628885,0.277544901707457,0.32525824541862514,0.3729715891297932,0.4206849328409614,0.46839827655212957,0.6869858360383282,0.9055733955245269,1.1241609550107257,1.3427485144969247,1.9211150761464808,1.8938659843226844,1.8461526406115163,1.7984392969003482,1.7507259531891801,1.7030126094780118,1.6552992657668437,1.4367117062806452,1.2181241467944464,0.9995365873082476,0.7809490278220486
7381,0.22682064156334378,0.25732997737244256,0.31075203030808307,0.3641740832437235,0.4175961361793641,0.4710181891150046,0.5244402420506451,0.769180921820084,1.013921601589523,1.2586622813589619,1.5034029611284008,2.0428941262432594,2.0123847904341607,1.9589627374985201,1.9055406845628797,1.852118631627239,1.7986965786915987,1.745274525755958,1.5005338459865192,1.2557931662170803,1.0110524864476413,0.7663118066782024
7382,0.28713168866453304,0.3257533813399477,0.3933802259058238,0.46100707047169975,0.5286339150375757,0.5962607596034519,0.6638876041693279,0.9737042248382178,1.2835208455071077,1.5933374661759976,1.9031540868448875,2.133676930271694,2.095055237596279,2.027428393030403,1.9598015484645268,1.8921747038986507,1.8245478593327746,1.7569210147668985,1.4471043940980086,1.1372877734291187,0.8274711527602288,0.5176545320913388
7383,0.3067951188581142,0.3480617127682659,0.42031979724889373,0.49257788172952155,0.5648359662101494,0.6370940506907772,0.709352135171405,1.040385701701159,1.3714192682309132,1.7024528347606676,2.0334864012904217,2.1612776545091203,2.120011060598969,2.047752976118341,1.975494891637713,1.9032368071570853,1.8309787226764576,1.7587206381958298,1.427687071666076,1.0966535051363218,0.7656199386065674,0.4345863720768133
7384,0.27598175878396375,0.31310368956544515,0.3781044409318533,0.44310519229826134,0.5081059436646694,0.5731066950310776,0.6381074463974856,0.9358932333664804,1.233679020335475,1.53146480730447,1.829250594273465,1.9097257114610804,1.872603780679599,1.8076030293131908,1.7426022779467827,1.6776015265803745,1.6126007752139664,1.5476000238475582,1.2498142368785634,0.9520284499095688,0.6542426629405738,0.35645687597157893
7385,0.2253108014307007,0.2556170506983482,0.3086834977291007,0.36174994475985317,0.4148163917906057,0.46788283882135817,0.5209492858521106,0.7640608400805081,1.0071723943089055,1.2502839485373032,1.4933955027657007,1.6192575536297766,1.588951304362129,1.5358848573313766,1.4828184103006241,1.4297519632698716,1.3766855162391192,1.3236190692083667,1.0805075149799692,0.8373959607515719,0.5942844065231742,0.3511728522947767
7386,0.181071206183045,0.20542684770103406,0.24807374039633354,0.290720633091633,0.3333675257869325,0.376014418482232,0.41866131117753147,0.6140381066158548,0.809414902054178,1.0047916974925013,1.200168492930825,1.489569188741577,1.4652135472235879,1.4225666545282885,1.379919761832989,1.3372728691376894,1.29462597644239,1.2519790837470905,1.0566022883087673,0.8612254928704441,0.6658486974321208,0.4704719019937972
7387,0.1371027565822645,0.15554426178254532,0.18783546186591396,0.22012666194928254,0.2524178620326512,0.2847090621160198,0.3170002621993884,0.464934866444111,0.6128694706888336,0.7608040749335562,0.9087386791782788,1.2544431595756709,1.23600165437539,1.2037104542920214,1.1714192542086528,1.1391280541252842,1.1068368540419156,1.074545653958547,0.9266110497138245,0.7786764454691019,0.6307418412243793,0.48280723697965666
7388,0.12288693681507708,0.1394162914452449,0.16835930297358676,0.19730231450192862,0.22624532603027048,0.25518833755861237,0.28413134908695425,0.4167270081222759,0.5493226671575976,0.6819183261929194,0.8145139852282411,0.965950353268064,0.9494209986378962,0.9204779871095543,0.8915349755812124,0.8625919640528705,0.8336489525245286,0.8047059409961868,0.6721102819608651,0.5395146229255434,0.40691896389022164,0.27432330485489986
7389,0.10407025709033581,0.11806860573895996,0.14257980870966933,0.16709101168037868,0.19160221465108804,0.2161134176217974,0.24062462059250678,0.3529169820306787,0.4652093434688507,0.5775017049070227,0.6897940663451948,0.756275578156249,0.7422772295076249,0.7177660265369155,0.6932548235662062,0.6687436205954969,0.6442324176247876,0.6197212146540781,0.5074288532159061,0.3951364917777342,0.2828441303395622,0.17055176890139007
7390,0.09174496304809825,0.10408545316899447,0.1256937346673304,0.14730201616566632,0.16891029766400223,0.19051857916233816,0.21212686066067407,0.3111201642112374,0.4101134677618008,0.5091067713123641,0.6081000748629275,0.6380177307790044,0.6256772406581081,0.6040689591597722,0.5824606776614363,0.5608523961631003,0.5392441146647644,0.5176358331664285,0.4186425296158651,0.3196492260653017,0.22065592251473837,0.12166261896417502
7391,0.0756798511426919,0.0858594449247251,0.10368398234795255,0.12150851977117999,0.13933305719440744,0.15715759461763487,0.17498213204086233,0.2566410943198301,0.33830005659879786,0.4199590188777657,0.5016179811567335,0.5589042903878931,0.54872469660586,0.5309001591826326,0.5130756217594051,0.4952510843361777,0.4774265469129503,0.45960200948972285,0.37794304721075506,0.2962840849317873,0.21462512265281947,0.13296616037385167
7392,0.031367184720614005,0.03558634204876214,0.04297411500909338,0.050361887969424625,0.057749660929755864,0.0651374338900871,0.07252520685041834,0.10637056615310214,0.14021592545578596,0.17406128475846977,0.20790664406115364,0.38513873965896495,0.3809195823308168,0.3735318093704856,0.36614403641015436,0.35875626344982314,0.3513684904894919,0.3439807175291607,0.3101353582264769,0.27628999892379313,0.24244463962110932,0.20859928031842545
7393,0.027541528392130105,0.031246101893993974,0.037732835101129916,0.04421956830826585,0.05070630151540179,0.057193034722537735,0.06367976792967367,0.09339722368731823,0.1231146794449628,0.15283213520260736,0.18254959096025195,0.2947264391013124,0.29102186559944854,0.2845351323923126,0.27804839918517665,0.2715616659780407,0.26507493277090477,0.25858819956376883,0.22887074380612427,0.1991532880484797,0.16943583229083514,0.13971837653319055
7394,0.021214760756460276,0.024068329353953997,0.029064947229369295,0.03406156510478459,0.03905818298019989,0.04405480085561519,0.049051418731030486,0.07194225852804301,0.09483309832505553,0.11772393812206808,0.1406147779190806,0.2196416620198345,0.2167880934223408,0.21179147554692548,0.20679485767151018,0.20179823979609487,0.19680162192067957,0.19180500404526427,0.16891416424825173,0.14602332445123922,0.12313248465422667,0.10024164485721414
7395,0.017379901386824617,0.01971764826949346,0.023811058840523276,0.02790446941155309,0.03199787998258291,0.03609129055361272,0.04018470112464254,0.058937707246218926,0.07769071336779533,0.09644371948937172,0.11519672561094813,0.1725522635160582,0.17021451663338938,0.16612110606235955,0.16202769549132973,0.1579342849202999,0.15384087434927007,0.14974746377824025,0.13099445765666387,0.11224145153508747,0.09348844541351108,0.07473543929193467
7396,0.018861538995962508,0.02139857893702769,0.025840952998510806,0.030283327059993915,0.03472570112147703,0.03916807518296014,0.04361044924444325,0.0639621502340575,0.08431385122367176,0.10466555221328604,0.1250172532029003,0.16219714722554288,0.1596601072844777,0.15521773322299456,0.15077535916151147,0.14633298510002835,0.14189061103854522,0.1374482369770621,0.11709653598744785,0.0967448349978336,0.07639313400821932,0.05604143301860505
7397,0.06031042844298219,0.06842270209442457,0.08262734801485494,0.09683199393528533,0.1110366398557157,0.1252412857761461,0.1394459316965765,0.20452120506052845,0.2695964784244804,0.33467175178843245,0.39974702515238447,0.4566317751531136,0.4485195015016712,0.43431485558124083,0.4201102096608105,0.4059055637403801,0.3917009178199497,0.3774962718995193,0.3124209985355673,0.24734572517161535,0.18227045180766333,0.1171951784437113
7398,0.30895518501738617,0.35051232648691727,0.4232791617051753,0.4960459969234333,0.5688128321416914,0.6415796673599494,0.7143465025782075,1.0477107919933368,1.3810750814084662,1.7144393708235957,2.0478036602387255,2.1024107163262697,2.0608535748567385,1.9880867396384805,1.9153199044202225,1.8425530692019643,1.7697862339837063,1.6970193987654483,1.363655109350319,1.0302908199351897,0.6969265305200603,0.3635622411049304
7399,1.1612949269476076,1.3174991271273024,1.5910137359992662,1.8645283448712298,2.1380429537431938,2.4115575626151577,2.685072171487121,3.9381155800368046,5.191158988586489,6.444202397136173,7.697245805685856,8.797592590406415,8.64138839022672,8.367873781354756,8.094359172482793,7.820844563610829,7.547329954738865,7.273815345866902,6.020771937317218,4.767728528767535,3.514685120217851,2.261641711668167
7400,2.8365400828547638,3.218079229059924,3.8861568494030205,4.554234469746118,5.222312090089215,5.890389710432311,6.558467330775408,9.61910918103339,12.679751031291374,15.74039288154936,18.801034731807345,21.40384848736475,21.02230934115959,20.354231720816493,19.686154100473395,19.018076480130297,18.3499988597872,17.6819212394441,14.621279389186117,11.560637538928134,8.499995688670149,5.439353838412163
7401,4.187241305649756,4.750461435119857,5.736663683482037,6.722865931844216,7.709068180206397,8.695270428568575,9.681472676930756,14.199528337297998,18.717583997665233,23.23563965803248,27.75369531839972,32.29130966000392,31.72808953053382,30.74188728217164,29.75568503380946,28.76948278544728,27.7832805370851,26.797078288722922,22.27902262835568,17.760966967988445,13.242911307621199,8.724855647253957
7402,4.1224380187469025,4.6769415462886,5.647880965838258,6.618820385387915,7.5897598049375725,8.56069922448723,9.53163864403689,13.979771212843394,18.427903781649896,22.876036350456406,27.324168919262913,32.91035711924829,32.35585359170659,31.384914172156932,30.413974752607274,29.443035333057615,28.472095913507957,27.501156493958298,23.053023925151795,18.60489135634529,14.15675878753878,9.708626218732274
7403,3.351595880008395,3.8024144805325077,4.591800893015079,5.381187305497649,6.170573717980221,6.959960130462791,7.7493465429453625,11.365736340329079,14.982126137712793,18.59851593509651,22.21490573248023,27.356769827551037,26.905951227026925,26.116564814544354,25.327178402061783,24.537791989579212,23.74840557709664,22.95901916461407,19.34262936723035,15.726239569846637,12.109849772462919,8.493459975079201
7404,2.9910124143164416,3.3933294236000933,4.097789222441407,4.80224902128272,5.506708820124034,6.211168618965348,6.915628417806662,10.142946736074473,13.370265054342282,16.597583372610092,19.82490169087791,24.2284335048095,23.82611649552585,23.121656696684536,22.417196897843223,21.71273709900191,21.008277300160596,20.303817501319283,17.076499183051475,13.849180864783666,10.621862546515855,7.394544228248039
7405,2.7047846416677372,3.0686015427890947,3.7056473923676854,4.342693241946275,4.979739091524866,5.6167849411034565,6.253830790682048,9.172307818474215,12.090784846266383,15.009261874058554,17.92773890185072,22.802692522038395,22.438875620917038,21.801829771338447,21.164783921759856,20.527738072181265,19.890692222602674,19.253646373024083,16.335169345231915,13.416692317439747,10.498215289647575,7.579738261855409
7406,2.20733046474823,2.5042354815337093,3.0241181699939683,3.544000858454227,4.063883546914486,4.583766235374744,5.103648923835004,7.485370246439614,9.867091569044224,12.248812891648836,14.630534214253444,19.724931122724897,19.428026105939416,18.908143417479156,18.388260729018896,17.868378040558635,17.348495352098375,16.828612663638115,14.446891341033504,12.065170018428894,9.683448695824282,7.3017273732196735
7407,1.677916042855984,1.903610246250039,2.298802319798513,2.693994393346985,3.0891864668954585,3.484378540443932,3.879570613992405,5.690050956937462,7.500531299882518,9.311011642827577,11.121491985772634,14.871256559632515,14.645562356238461,14.250370282689987,13.855178209141515,13.459986135593041,13.064794062044568,12.669601988496094,10.859121645551037,9.04864130260598,7.238160959660921,5.427680616715864
7408,1.1172675321315855,1.2675496673528908,1.5306947005095728,1.7938397336662546,2.0569847668229366,2.3201297999796187,2.583274833136301,3.7888124482913326,4.9943500634463645,6.199887678601396,7.405425293756428,10.033161309414842,9.882879174193537,9.619734141036854,9.356589107880172,9.09344407472349,8.830299041566807,8.567154008410125,7.361616393255093,6.156078778100062,4.95054116294503,3.745003547789998
7409,0.6682540838903488,0.7581400312657272,0.9155309318380566,1.0729218324103855,1.2303127329827148,1.3877036335550441,1.5450945341273732,2.2661442482220826,2.987193962316792,3.7082436764115014,4.429293390506211,6.0734388854665,5.983552938091121,5.826162037518792,5.668771136946463,5.5113802363741335,5.3539893358018045,5.196598435229475,4.475548721134766,3.7544990070400566,3.033449292945347,2.3123995788506377
7410,0.4397550001969972,0.4989058467966161,0.6024793784527985,0.7060529101089809,0.8096264417651632,0.9131999734213457,1.016773505077528,1.4912714914090162,1.9657694777405041,2.4402674640719924,2.9147654504034803,3.6846018562989733,3.625451009699354,3.5218774780431716,3.418303946386989,3.314730414730807,3.2111568830746244,3.1075833514184423,2.633085365086954,2.158587378755466,1.6840893924239777,1.2095914060924897
7411,0.286284866305672,0.32479265405806435,0.39222005033488544,0.4596474466117065,0.5270748428885276,0.5945022391653487,0.6619296354421698,0.9708325302776295,1.2797354251130895,1.5886383199485492,1.8975412147840094,2.22844041223525,2.1899326244828576,2.1225052282060366,2.0550778319292156,1.9876504356523945,1.9202230393755735,1.8527956430987524,1.5438927482632927,1.2349898534278327,0.926086958592373,0.6171840637569128
7412,0.1600000684787465,0.18152145994052682,0.21920556165659857,0.25688966337267033,0.2945737650887421,0.33225786680481384,0.3699419685208856,0.5425828942000834,0.7152238198792811,0.887864745558479,1.0605056712376768,1.3303544742870113,1.308833082825231,1.2711489811091592,1.2334648793930874,1.1957807776770155,1.1580966759609437,1.1204125742448718,0.947771648565674,0.7751307228864763,0.6024897972072784,0.4298488715280806
7413,0.0966650333943288,0.10966731548161278,0.1324343991801003,0.15520148287858784,0.17796856657707538,0.20073565027556292,0.2235027339740505,0.3278048196211218,0.432106905268193,0.5364089909152644,0.6407110765623357,0.8750441895076194,0.8620419074203355,0.8392748237218479,0.8165077400233604,0.7937406563248728,0.7709735726263852,0.7482064889278977,0.6439044032808263,0.5396023176337551,0.4353002319866837,0.3309981463396124
7414,0.060485888935644626,0.06862176353916513,0.08286773488598757,0.09711370623281,0.11135967757963244,0.1256056489264549,0.13985162027327736,0.2051162164429092,0.27038081261254104,0.33564540878217297,0.40091000495180484,0.6530761972950729,0.6449403226915524,0.63069435134473,0.6164483799979075,0.602202408651085,0.5879564373042625,0.57371046595744,0.5084458697878081,0.4431812736181763,0.37791667744854435,0.3126520812789125
7415,0.04326251605801909,0.04908169821561838,0.059271125452270715,0.06946055268892304,0.07964997992557539,0.08983940716222773,0.10002883439888008,0.1467093195416705,0.19338980468446088,0.24007028982725132,0.28675077497004176,0.499578441059629,0.4937592589020297,0.48356983166537737,0.47338040442872503,0.4631909771920727,0.45300154995542036,0.442812122718768,0.3961316375759776,0.3494511524331872,0.30277066729039676,0.2560901821476063
7416,0.031367184720614005,0.03558634204876214,0.04297411500909338,0.050361887969424625,0.057749660929755864,0.0651374338900871,0.07252520685041834,0.10637056615310214,0.14021592545578596,0.17406128475846977,0.20790664406115364,0.38513873965896495,0.3809195823308168,0.3735318093704856,0.36614403641015436,0.35875626344982314,0.3513684904894919,0.3439807175291607,0.3101353582264769,0.27628999892379313,0.24244463962110932,0.20859928031842545
7417,0.027541528392130105,0.031246101893993974,0.037732835101129916,0.04421956830826585,0.05070630151540179,0.057193034722537735,0.06367976792967367,0.09339722368731823,0.1231146794449628,0.15283213520260736,0.18254959096025195,0.2947264391013124,0.29102186559944854,0.2845351323923126,0.27804839918517665,0.2715616659780407,0.26507493277090477,0.25858819956376883,0.22887074380612427,0.1991532880484797,0.16943583229083514,0.13971837653319055
7418,0.021214760756460276,0.024068329353953997,0.029064947229369295,0.03406156510478459,0.03905818298019989,0.04405480085561519,0.049051418731030486,0.07194225852804301,0.09483309832505553,0.11772393812206808,0.1406147779190806,0.2196416620198345,0.2167880934223408,0.21179147554692548,0.20679485767151018,0.20179823979609487,0.19680162192067957,0.19180500404526427,0.16891416424825173,0.14602332445123922,0.12313248465422667,0.10024164485721414
7419,0.017379901386824617,0.01971764826949346,0.023811058840523276,0.02790446941155309,0.03199787998258291,0.03609129055361272,0.04018470112464254,0.058937707246218926,0.07769071336779533,0.09644371948937172,0.11519672561094813,0.1725522635160582,0.17021451663338938,0.16612110606235955,0.16202769549132973,0.1579342849202999,0.15384087434927007,0.14974746377824025,0.13099445765666387,0.11224145153508747,0.09348844541351108,0.07473543929193467
7420,0.018861538995962508,0.02139857893702769,0.025840952998510806,0.030283327059993915,0.03472570112147703,0.03916807518296014,0.04361044924444325,0.0639621502340575,0.08431385122367176,0.10466555221328604,0.1250172532029003,0.16219714722554288,0.1596601072844777,0.15521773322299456,0.15077535916151147,0.14633298510002835,0.14189061103854522,0.1374482369770621,0.11709653598744785,0.0967448349978336,0.07639313400821932,0.05604143301860505
7421,0.06031042844298219,0.06842270209442457,0.08262734801485494,0.09683199393528533,0.1110366398557157,0.1252412857761461,0.1394459316965765,0.20452120506052845,0.2695964784244804,0.33467175178843245,0.39974702515238447,0.4566317751531136,0.4485195015016712,0.43431485558124083,0.4201102096608105,0.4059055637403801,0.3917009178199497,0.3774962718995193,0.3124209985355673,0.24734572517161535,0.18227045180766333,0.1171951784437113
7422,0.30895518501738617,0.35051232648691727,0.4232791617051753,0.4960459969234333,0.5688128321416914,0.6415796673599494,0.7143465025782075,1.0477107919933368,1.3810750814084662,1.7144393708235957,2.0478036602387255,2.1024107163262697,2.0608535748567385,1.9880867396384805,1.9153199044202225,1.8425530692019643,1.7697862339837063,1.6970193987654483,1.363655109350319,1.0302908199351897,0.6969265305200603,0.3635622411049304
7423,1.1612949269476076,1.3174991271273024,1.5910137359992662,1.8645283448712298,2.1380429537431938,2.4115575626151577,2.685072171487121,3.9381155800368046,5.191158988586489,6.444202397136173,7.697245805685856,8.797592590406415,8.64138839022672,8.367873781354756,8.094359172482793,7.820844563610829,7.547329954738865,7.273815345866902,6.020771937317218,4.767728528767535,3.514685120217851,2.261641711668167
7424,2.8365400828547638,3.218079229059924,3.8861568494030205,4.554234469746118,5.222312090089215,5.890389710432311,6.558467330775408,9.61910918103339,12.679751031291374,15.74039288154936,18.801034731807345,21.40384848736475,21.02230934115959,20.354231720816493,19.686154100473395,19.018076480130297,18.3499988597872,17.6819212394441,14.621279389186117,11.560637538928134,8.499995688670149,5.439353838412163
7425,4.187241305649756,4.750461435119857,5.736663683482037,6.722865931844216,7.709068180206397,8.695270428568575,9.681472676930756,14.199528337297998,18.717583997665233,23.23563965803248,27.75369531839972,32.29130966000392,31.72808953053382,30.74188728217164,29.75568503380946,28.76948278544728,27.7832805370851,26.797078288722922,22.27902262835568,17.760966967988445,13.242911307621199,8.724855647253957
7426,4.1224380187469025,4.6769415462886,5.647880965838258,6.618820385387915,7.5897598049375725,8.56069922448723,9.53163864403689,13.979771212843394,18.427903781649896,22.876036350456406,27.324168919262913,32.91035711924829,32.35585359170659,31.384914172156932,30.413974752607274,29.443035333057615,28.472095913507957,27.501156493958298,23.053023925151795,18.60489135634529,14.15675878753878,9.708626218732274
7427,3.351595880008395,3.8024144805325077,4.591800893015079,5.381187305497649,6.170573717980221,6.959960130462791,7.7493465429453625,11.365736340329079,14.982126137712793,18.59851593509651,22.21490573248023,27.356769827551037,26.905951227026925,26.116564814544354,25.327178402061783,24.537791989579212,23.74840557709664,22.95901916461407,19.34262936723035,15.726239569846637,12.109849772462919,8.493459975079201
7428,2.9910124143164416,3.3933294236000933,4.097789222441407,4.80224902128272,5.506708820124034,6.211168618965348,6.915628417806662,10.142946736074473,13.370265054342282,16.597583372610092,19.82490169087791,24.2284335048095,23.82611649552585,23.121656696684536,22.417196897843223,21.71273709900191,21.008277300160596,20.303817501319283,17.076499183051475,13.849180864783666,10.621862546515855,7.394544228248039
7429,2.7047846416677372,3.0686015427890947,3.7056473923676854,4.342693241946275,4.979739091524866,5.6167849411034565,6.253830790682048,9.172307818474215,12.090784846266383,15.009261874058554,17.92773890185072,22.802692522038395,22.438875620917038,21.801829771338447,21.164783921759856,20.527738072181265,19.890692222602674,19.253646373024083,16.335169345231915,13.416692317439747,10.498215289647575,7.579738261855409
7430,2.20733046474823,2.5042354815337093,3.0241181699939683,3.544000858454227,4.063883546914486,4.583766235374744,5.103648923835004,7.485370246439614,9.867091569044224,12.248812891648836,14.630534214253444,19.724931122724897,19.428026105939416,18.908143417479156,18.388260729018896,17.868378040558635,17.348495352098375,16.828612663638115,14.446891341033504,12.065170018428894,9.683448695824282,7.3017273732196735
7431,1.677916042855984,1.903610246250039,2.298802319798513,2.693994393346985,3.0891864668954585,3.484378540443932,3.879570613992405,5.690050956937462,7.500531299882518,9.311011642827577,11.121491985772634,14.871256559632515,14.645562356238461,14.250370282689987,13.855178209141515,13.459986135593041,13.064794062044568,12.669601988496094,10.859121645551037,9.04864130260598,7.238160959660921,5.427680616715864
7432,1.1172675321315855,1.2675496673528908,1.5306947005095728,1.7938397336662546,2.0569847668229366,2.3201297999796187,2.583274833136301,3.7888124482913326,4.9943500634463645,6.199887678601396,7.405425293756428,10.033161309414842,9.882879174193537,9.619734141036854,9.356589107880172,9.09344407472349,8.830299041566807,8.567154008410125,7.361616393255093,6.156078778100062,4.95054116294503,3.745003547789998
7433,0.6682540838903488,0.7581400312657272,0.9155309318380566,1.0729218324103855,1.2303127329827148,1.3877036335550441,1.5450945341273732,2.2661442482220826,2.987193962316792,3.7082436764115014,4.429293390506211,6.0734388854665,5.983552938091121,5.826162037518792,5.668771136946463,5.5113802363741335,5.3539893358018045,5.196598435229475,4.475548721134766,3.7544990070400566,3.033449292945347,2.3123995788506377
7434,0.4397550001969972,0.4989058467966161,0.6024793784527985,0.7060529101089809,0.8096264417651632,0.9131999734213457,1.016773505077528,1.4912714914090162,1.9657694777405041,2.4402674640719924,2.9147654504034803,3.6846018562989733,3.625451009699354,3.5218774780431716,3.418303946386989,3.314730414730807,3.2111568830746244,3.1075833514184423,2.633085365086954,2.158587378755466,1.6840893924239777,1.2095914060924897
7435,0.286284866305672,0.32479265405806435,0.39222005033488544,0.4596474466117065,0.5270748428885276,0.5945022391653487,0.6619296354421698,0.9708325302776295,1.2797354251130895,1.5886383199485492,1.8975412147840094,2.22844041223525,2.1899326244828576,2.1225052282060366,2.0550778319292156,1.9876504356523945,1.9202230393755735,1.8527956430987524,1.5438927482632927,1.2349898534278327,0.926086958592373,0.6171840637569128
7436,0.1600000684787465,0.18152145994052682,0.21920556165659857,0.25688966337267033,0.2945737650887421,0.33225786680481384,0.3699419685208856,0.5425828942000834,0.7152238198792811,0.887864745558479,1.0605056712376768,1.3303544742870113,1.308833082825231,1.2711489811091592,1.2334648793930874,1.1957807776770155,1.1580966759609437,1.1204125742448718,0.947771648565674,0.7751307228864763,0.6024897972072784,0.4298488715280806
7437,0.0966650333943288,0.10966731548161278,0.1324343991801003,0.15520148287858784,0.17796856657707538,0.20073565027556292,0.2235027339740505,0.3278048196211218,0.432106905268193,0.5364089909152644,0.6407110765623357,0.8750441895076194,0.8620419074203355,0.8392748237218479,0.8165077400233604,0.7937406563248728,0.7709735726263852,0.7482064889278977,0.6439044032808263,0.5396023176337551,0.4353002319866837,0.3309981463396124
7438,0.060485888935644626,0.06862176353916513,0.08286773488598757,0.09711370623281,0.11135967757963244,0.1256056489264549,0.13985162027327736,0.2051162164429092,0.27038081261254104,0.33564540878217297,0.40091000495180484,0.6530761972950729,0.6449403226915524,0.63069435134473,0.6164483799979075,0.602202408651085,0.5879564373042625,0.57371046595744,0.5084458697878081,0.4431812736181763,0.37791667744854435,0.3126520812789125
7439,0.04326251605801909,0.04908169821561838,0.059271125452270715,0.06946055268892304,0.07964997992557539,0.08983940716222773,0.10002883439888008,0.1467093195416705,0.19338980468446088,0.24007028982725132,0.28675077497004176,0.499578441059629,0.4937592589020297,0.48356983166537737,0.47338040442872503,0.4631909771920727,0.45300154995542036,0.442812122718768,0.3961316375759776,0.3494511524331872,0.30277066729039676,0.2560901821476063
7440,0.031367184720614005,0.03558634204876214,0.04297411500909338,0.050361887969424625,0.057749660929755864,0.0651374338900871,0.07252520685041834,0.10637056615310214,0.14021592545578596,0.17406128475846977,0.20790664406115364,0.38513873965896495,0.3809195823308168,0.3735318093704856,0.36614403641015436,0.35875626344982314,0.3513684904894919,0.3439807175291607,0.3101353582264769,0.27628999892379313,0.24244463962110932,0.20859928031842545
7441,0.027541528392130105,0.031246101893993974,0.037732835101129916,0.04421956830826585,0.05070630151540179,0.057193034722537735,0.06367976792967367,0.09339722368731823,0.1231146794449628,0.15283213520260736,0.18254959096025195,0.2947264391013124,0.29102186559944854,0.2845351323923126,0.27804839918517665,0.2715616659780407,0.26507493277090477,0.25858819956376883,0.22887074380612427,0.1991532880484797,0.16943583229083514,0.13971837653319055
7442,0.021214760756460276,0.024068329353953997,0.029064947229369295,0.03406156510478459,0.03905818298019989,0.04405480085561519,0.049051418731030486,0.07194225852804301,0.09483309832505553,0.11772393812206808,0.1406147779190806,0.2196416620198345,0.2167880934223408,0.21179147554692548,0.20679485767151018,0.20179823979609487,0.19680162192067957,0.19180500404526427,0.16891416424825173,0.14602332445123922,0.12313248465422667,0.10024164485721414
7443,0.017379901386824617,0.01971764826949346,0.023811058840523276,0.02790446941155309,0.03199787998258291,0.03609129055361272,0.04018470112464254,0.058937707246218926,0.07769071336779533,0.09644371948937172,0.11519672561094813,0.1725522635160582,0.17021451663338938,0.16612110606235955,0.16202769549132973,0.1579342849202999,0.15384087434927007,0.14974746377824025,0.13099445765666387,0.11224145153508747,0.09348844541351108,0.07473543929193467
7444,0.018861538995962508,0.02139857893702769,0.025840952998510806,0.030283327059993915,0.03472570112147703,0.03916807518296014,0.04361044924444325,0.0639621502340575,0.08431385122367176,0.10466555221328604,0.1250172532029003,0.16219714722554288,0.1596601072844777,0.15521773322299456,0.15077535916151147,0.14633298510002835,0.14189061103854522,0.1374482369770621,0.11709653598744785,0.0967448349978336,0.07639313400821932,0.05604143301860505
7445,0.06031042844298219,0.06842270209442457,0.08262734801485494,0.09683199393528533,0.1110366398557157,0.1252412857761461,0.1394459316965765,0.20452120506052845,0.2695964784244804,0.33467175178843245,0.39974702515238447,0.4566317751531136,0.4485195015016712,0.43431485558124083,0.4201102096608105,0.4059055637403801,0.3917009178199497,0.3774962718995193,0.3124209985355673,0.24734572517161535,0.18227045180766333,0.1171951784437113
7446,0.30895518501738617,0.35051232648691727,0.4232791617051753,0.4960459969234333,0.5688128321416914,0.6415796673599494,0.7143465025782075,1.0477107919933368,1.3810750814084662,1.7144393708235957,2.0478036602387255,2.1024107163262697,2.0608535748567385,1.9880867396384805,1.9153199044202225,1.8425530692019643,1.7697862339837063,1.6970193987654483,1.363655109350319,1.0302908199351897,0.6969265305200603,0.3635622411049304
7447,1.1612949269476076,1.3174991271273024,1.5910137359992662,1.8645283448712298,2.1380429537431938,2.4115575626151577,2.685072171487121,3.9381155800368046,5.191158988586489,6.444202397136173,7.697245805685856,8.797592590406415,8.64138839022672,8.367873781354756,8.094359172482793,7.820844563610829,7.547329954738865,7.273815345866902,6.020771937317218,4.767728528767535,3.514685120217851,2.261641711668167
7448,2.8365400828547638,3.218079229059924,3.8861568494030205,4.554234469746118,5.222312090089215,5.890389710432311,6.558467330775408,9.61910918103339,12.679751031291374,15.74039288154936,18.801034731807345,21.40384848736475,21.02230934115959,20.354231720816493,19.686154100473395,19.018076480130297,18.3499988597872,17.6819212394441,14.621279389186117,11.560637538928134,8.499995688670149,5.439353838412163
7449,4.187241305649756,4.750461435119857,5.736663683482037,6.722865931844216,7.709068180206397,8.695270428568575,9.681472676930756,14.199528337297998,18.717583997665233,23.23563965803248,27.75369531839972,32.29130966000392,31.72808953053382,30.74188728217164,29.75568503380946,28.76948278544728,27.7832805370851,26.797078288722922,22.27902262835568,17.760966967988445,13.242911307621199,8.724855647253957
7450,4.1224380187469025,4.6769415462886,5.647880965838258,6.618820385387915,7.5897598049375725,8.56069922448723,9.53163864403689,13.979771212843394,18.427903781649896,22.876036350456406,27.324168919262913,32.91035711924829,32.35585359170659,31.384914172156932,30.413974752607274,29.443035333057615,28.472095913507957,27.501156493958298,23.053023925151795,18.60489135634529,14.15675878753878,9.708626218732274
7451,3.351595880008395,3.8024144805325077,4.591800893015079,5.381187305497649,6.170573717980221,6.959960130462791,7.7493465429453625,11.365736340329079,14.982126137712793,18.59851593509651,22.21490573248023,27.356769827551037,26.905951227026925,26.116564814544354,25.327178402061783,24.537791989579212,23.74840557709664,22.95901916461407,19.34262936723035,15.726239569846637,12.109849772462919,8.493459975079201
7452,2.9910124143164416,3.3933294236000933,4.097789222441407,4.80224902128272,5.506708820124034,6.211168618965348,6.915628417806662,10.142946736074473,13.370265054342282,16.597583372610092,19.82490169087791,24.2284335048095,23.82611649552585,23.121656696684536,22.417196897843223,21.71273709900191,21.008277300160596,20.303817501319283,17.076499183051475,13.849180864783666,10.621862546515855,7.394544228248039
7453,2.7047846416677372,3.0686015427890947,3.7056473923676854,4.342693241946275,4.979739091524866,5.6167849411034565,6.253830790682048,9.172307818474215,12.090784846266383,15.009261874058554,17.92773890185072,22.802692522038395,22.438875620917038,21.801829771338447,21.164783921759856,20.527738072181265,19.890692222602674,19.253646373024083,16.335169345231915,13.416692317439747,10.498215289647575,7.579738261855409
7454,2.20733046474823,2.5042354815337093,3.0241181699939683,3.544000858454227,4.063883546914486,4.583766235374744,5.103648923835004,7.485370246439614,9.867091569044224,12.248812891648836,14.630534214253444,19.724931122724897,19.428026105939416,18.908143417479156,18.388260729018896,17.868378040558635,17.348495352098375,16.828612663638115,14.446891341033504,12.065170018428894,9.683448695824282,7.3017273732196735
7455,1.677916042855984,1.903610246250039,2.298802319798513,2.693994393346985,3.0891864668954585,3.484378540443932,3.879570613992405,5.690050956937462,7.500531299882518,9.311011642827577,11.121491985772634,14.871256559632515,14.645562356238461,14.250370282689987,13.855178209141515,13.459986135593041,13.064794062044568,12.669601988496094,10.859121645551037,9.04864130260598,7.238160959660921,5.427680616715864
7456,1.1172675321315855,1.2675496673528908,1.5306947005095728,1.7938397336662546,2.0569847668229366,2.3201297999796187,2.583274833136301,3.7888124482913326,4.9943500634463645,6.199887678601396,7.405425293756428,10.033161309414842,9.882879174193537,9.619734141036854,9.356589107880172,9.09344407472349,8.830299041566807,8.567154008410125,7.361616393255093,6.156078778100062,4.95054116294503,3.745003547789998
7457,0.6682540838903488,0.7581400312657272,0.9155309318380566,1.0729218324103855,1.2303127329827148,1.3877036335550441,1.5450945341273732,2.2661442482220826,2.987193962316792,3.7082436764115014,4.429293390506211,6.0734388854665,5.983552938091121,5.826162037518792,5.668771136946463,5.5113802363741335,5.3539893358018045,5.196598435229475,4.475548721134766,3.7544990070400566,3.033449292945347,2.3123995788506377
7458,0.4397550001969972,0.4989058467966161,0.6024793784527985,0.7060529101089809,0.8096264417651632,0.9131999734213457,1.016773505077528,1.4912714914090162,1.9657694777405041,2.4402674640719924,2.9147654504034803,3.6846018562989733,3.625451009699354,3.5218774780431716,3.418303946386989,3.314730414730807,3.2111568830746244,3.1075833514184423,2.633085365086954,2.158587378755466,1.6840893924239777,1.2095914060924897
7459,0.286284866305672,0.32479265405806435,0.39222005033488544,0.4596474466117065,0.5270748428885276,0.5945022391653487,0.6619296354421698,0.9708325302776295,1.2797354251130895,1.5886383199485492,1.8975412147840094,2.22844041223525,2.1899326244828576,2.1225052282060366,2.0550778319292156,1.9876504356523945,1.9202230393755735,1.8527956430987524,1.5438927482632927,1.2349898534278327,0.926086958592373,0.6171840637569128
7460,0.1600000684787465,0.18152145994052682,0.21920556165659857,0.25688966337267033,0.2945737650887421,0.33225786680481384,0.3699419685208856,0.5425828942000834,0.7152238198792811,0.887864745558479,1.0605056712376768,1.3303544742870113,1.308833082825231,1.2711489811091592,1.2334648793930874,1.1957807776770155,1.1580966759609437,1.1204125742448718,0.947771648565674,0.7751307228864763,0.6024897972072784,0.4298488715280806
7461,0.0966650333943288,0.10966731548161278,0.1324343991801003,0.15520148287858784,0.17796856657707538,0.20073565027556292,0.2235027339740505,0.3278048196211218,0.432106905268193,0.5364089909152644,0.6407110765623357,0.8750441895076194,0.8620419074203355,0.8392748237218479,0.8165077400233604,0.7937406563248728,0.7709735726263852,0.7482064889278977,0.6439044032808263,0.5396023176337551,0.4353002319866837,0.3309981463396124
7462,0.060485888935644626,0.06862176353916513,0.08286773488598757,0.09711370623281,0.11135967757963244,0.1256056489264549,0.13985162027327736,0.2051162164429092,0.27038081261254104,0.33564540878217297,0.40091000495180484,0.6530761972950729,0.6449403226915524,0.63069435134473,0.6164483799979075,0.602202408651085,0.5879564373042625,0.57371046595744,0.5084458697878081,0.4431812736181763,0.37791667744854435,0.3126520812789125
7463,0.04326251605801909,0.04908169821561838,0.059271125452270715,0.06946055268892304,0.07964997992557539,0.08983940716222773,0.10002883439888008,0.1467093195416705,0.19338980468446088,0.24007028982725132,0.28675077497004176,0.499578441059629,0.4937592589020297,0.48356983166537737,0.47338040442872503,0.4631909771920727,0.45300154995542036,0.442812122718768,0.3961316375759776,0.3494511524331872,0.30277066729039676,0.2560901821476063
7464,0.031367184720614005,0.03558634204876214,0.04297411500909338,0.050361887969424625,0.057749660929755864,0.0651374338900871,0.07252520685041834,0.10637056615310214,0.14021592545578596,0.17406128475846977,0.20790664406115364,0.38513873965896495,0.3809195823308168,0.3735318093704856,0.36614403641015436,0.35875626344982314,0.3513684904894919,0.3439807175291607,0.3101353582264769,0.27628999892379313,0.24244463962110932,0.20859928031842545
7465,0.027541528392130105,0.031246101893993974,0.037732835101129916,0.04421956830826585,0.05070630151540179,0.057193034722537735,0.06367976792967367,0.09339722368731823,0.1231146794449628,0.15283213520260736,0.18254959096025195,0.2947264391013124,0.29102186559944854,0.2845351323923126,0.27804839918517665,0.2715616659780407,0.26507493277090477,0.25858819956376883,0.22887074380612427,0.1991532880484797,0.16943583229083514,0.13971837653319055
7466,0.021214760756460276,0.024068329353953997,0.029064947229369295,0.03406156510478459,0.03905818298019989,0.04405480085561519,0.049051418731030486,0.07194225852804301,0.09483309832505553,0.11772393812206808,0.1406147779190806,0.2196416620198345,0.2167880934223408,0.21179147554692548,0.20679485767151018,0.20179823979609487,0.19680162192067957,0.19180500404526427,0.16891416424825173,0.14602332445123922,0.12313248465422667,0.10024164485721414
7467,0.017379901386824617,0.01971764826949346,0.023811058840523276,0.02790446941155309,0.03199787998258291,0.03609129055361272,0.04018470112464254,0.058937707246218926,0.07769071336779533,0.09644371948937172,0.11519672561094813,0.1725522635160582,0.17021451663338938,0.16612110606235955,0.16202769549132973,0.1579342849202999,0.15384087434927007,0.14974746377824025,0.13099445765666387,0.11224145153508747,0.09348844541351108,0.07473543929193467
7468,0.018861538995962508,0.02139857893702769,0.025840952998510806,0.030283327059993915,0.03472570112147703,0.03916807518296014,0.04361044924444325,0.0639621502340575,0.08431385122367176,0.10466555221328604,0.1250172532029003,0.16219714722554288,0.1596601072844777,0.15521773322299456,0.15077535916151147,0.14633298510002835,0.14189061103854522,0.1374482369770621,0.11709653598744785,0.0967448349978336,0.07639313400821932,0.05604143301860505
7469,0.06031042844298219,0.06842270209442457,0.08262734801485494,0.09683199393528533,0.1110366398557157,0.1252412857761461,0.1394459316965765,0.20452120506052845,0.2695964784244804,0.33467175178843245,0.39974702515238447,0.4566317751531136,0.4485195015016712,0.43431485558124083,0.4201102096608105,0.4059055637403801,0.3917009178199497,0.3774962718995193,0.3124209985355673,0.24734572517161535,0.18227045180766333,0.1171951784437113
7470,0.30895518501738617,0.35051232648691727,0.4232791617051753,0.4960459969234333,0.5688128321416914,0.6415796673599494,0.7143465025782075,1.0477107919933368,1.3810750814084662,1.7144393708235957,2.0478036602387255,2.1024107163262697,2.0608535748567385,1.9880867396384805,1.9153199044202225,1.8425530692019643,1.7697862339837063,1.6970193987654483,1.363655109350319,1.0302908199351897,0.6969265305200603,0.3635622411049304
7471,1.1612949269476076,1.3174991271273024,1.5910137359992662,1.8645283448712298,2.1380429537431938,2.4115575626151577,2.685072171487121,3.9381155800368046,5.191158988586489,6.444202397136173,7.697245805685856,8.797592590406415,8.64138839022672,8.367873781354756,8.094359172482793,7.820844563610829,7.547329954738865,7.273815345866902,6.020771937317218,4.767728528767535,3.514685120217851,2.261641711668167
7472,2.8365400828547638,3.218079229059924,3.8861568494030205,4.554234469746118,5.222312090089215,5.890389710432311,6.558467330775408,9.61910918103339,12.679751031291374,15.74039288154936,18.801034731807345,21.40384848736475,21.02230934115959,20.354231720816493,19.686154100473395,19.018076480130297,18.3499988597872,17.6819212394441,14.621279389186117,11.560637538928134,8.499995688670149,5.439353838412163
7473,4.187241305649756,4.750461435119857,5.736663683482037,6.722865931844216,7.709068180206397,8.695270428568575,9.681472676930756,14.199528337297998,18.717583997665233,23.23563965803248,27.75369531839972,32.29130966000392,31.72808953053382,30.74188728217164,29.75568503380946,28.76948278544728,27.7832805370851,26.797078288722922,22.27902262835568,17.760966967988445,13.242911307621199,8.724855647253957
7474,4.1224380187469025,4.6769415462886,5.647880965838258,6.618820385387915,7.5897598049375725,8.56069922448723,9.53163864403689,13.979771212843394,18.427903781649896,22.876036350456406,27.324168919262913,32.91035711924829,32.35585359170659,31.384914172156932,30.413974752607274,29.443035333057615,28.472095913507957,27.501156493958298,23.053023925151795,18.60489135634529,14.15675878753878,9.708626218732274
7475,3.351595880008395,3.8024144805325077,4.591800893015079,5.381187305497649,6.170573717980221,6.959960130462791,7.7493465429453625,11.365736340329079,14.982126137712793,18.59851593509651,22.21490573248023,27.356769827551037,26.905951227026925,26.116564814544354,25.327178402061783,24.537791989579212,23.74840557709664,22.95901916461407,19.34262936723035,15.726239569846637,12.109849772462919,8.493459975079201
7476,2.9910124143164416,3.3933294236000933,4.097789222441407,4.80224902128272,5.506708820124034,6.211168618965348,6.915628417806662,10.142946736074473,13.370265054342282,16.597583372610092,19.82490169087791,24.2284335048095,23.82611649552585,23.121656696684536,22.417196897843223,21.71273709900191,21.008277300160596,20.303817501319283,17.076499183051475,13.849180864783666,10.621862546515855,7.394544228248039
7477,2.7047846416677372,3.0686015427890947,3.7056473923676854,4.342693241946275,4.979739091524866,5.6167849411034565,6.253830790682048,9.172307818474215,12.090784846266383,15.009261874058554,17.92773890185072,22.802692522038395,22.438875620917038,21.801829771338447,21.164783921759856,20.527738072181265,19.890692222602674,19.253646373024083,16.335169345231915,13.416692317439747,10.498215289647575,7.579738261855409
7478,2.20733046474823,2.5042354815337093,3.0241181699939683,3.544000858454227,4.063883546914486,4.583766235374744,5.103648923835004,7.485370246439614,9.867091569044224,12.248812891648836,14.630534214253444,19.724931122724897,19.428026105939416,18.908143417479156,18.388260729018896,17.868378040558635,17.348495352098375,16.828612663638115,14.446891341033504,12.065170018428894,9.683448695824282,7.3017273732196735
7479,1.677916042855984,1.903610246250039,2.298802319798513,2.693994393346985,3.0891864668954585,3.484378540443932,3.879570613992405,5.690050956937462,7.500531299882518,9.311011642827577,11.121491985772634,14.871256559632515,14.645562356238461,14.250370282689987,13.855178209141515,13.459986135593041,13.064794062044568,12.669601988496094,10.859121645551037,9.04864130260598,7.238160959660921,5.427680616715864
7480,1.1172675321315855,1.2675496673528908,1.5306947005095728,1.7938397336662546,2.0569847668229366,2.3201297999796187,2.583274833136301,3.7888124482913326,4.9943500634463645,6.199887678601396,7.405425293756428,10.033161309414842,9.882879174193537,9.619734141036854,9.356589107880172,9.09344407472349,8.830299041566807,8.567154008410125,7.361616393255093,6.156078778100062,4.95054116294503,3.745003547789998
7481,0.6682540838903488,0.7581400312657272,0.9155309318380566,1.0729218324103855,1.2303127329827148,1.3877036335550441,1.5450945341273732,2.2661442482220826,2.987193962316792,3.7082436764115014,4.429293390506211,6.0734388854665,5.983552938091121,5.826162037518792,5.668771136946463,5.5113802363741335,5.3539893358018045,5.196598435229475,4.475548721134766,3.7544990070400566,3.033449292945347,2.3123995788506377
7482,0.4397550001969972,0.4989058467966161,0.6024793784527985,0.7060529101089809,0.8096264417651632,0.9131999734213457,1.016773505077528,1.4912714914090162,1.9657694777405041,2.4402674640719924,2.9147654504034803,3.6846018562989733,3.625451009699354,3.5218774780431716,3.418303946386989,3.314730414730807,3.2111568830746244,3.1075833514184423,2.633085365086954,2.158587378755466,1.6840893924239777,1.2095914060924897
7483,0.286284866305672,0.32479265405806435,0.39222005033488544,0.4596474466117065,0.5270748428885276,0.5945022391653487,0.6619296354421698,0.9708325302776295,1.2797354251130895,1.5886383199485492,1.8975412147840094,2.22844041223525,2.1899326244828576,2.1225052282060366,2.0550778319292156,1.9876504356523945,1.9202230393755735,1.8527956430987524,1.5438927482632927,1.2349898534278327,0.926086958592373,0.6171840637569128
7484,0.1600000684787465,0.18152145994052682,0.21920556165659857,0.25688966337267033,0.2945737650887421,0.33225786680481384,0.3699419685208856,0.5425828942000834,0.7152238198792811,0.887864745558479,1.0605056712376768,1.3303544742870113,1.308833082825231,1.2711489811091592,1.2334648793930874,1.1957807776770155,1.1580966759609437,1.1204125742448718,0.947771648565674,0.7751307228864763,0.6024897972072784,0.4298488715280806
7485,0.0966650333943288,0.10966731548161278,0.1324343991801003,0.15520148287858784,0.17796856657707538,0.20073565027556292,0.2235027339740505,0.3278048196211218,0.432106905268193,0.5364089909152644,0.6407110765623357,0.8750441895076194,0.8620419074203355,0.8392748237218479,0.8165077400233604,0.7937406563248728,0.7709735726263852,0.7482064889278977,0.6439044032808263,0.5396023176337551,0.4353002319866837,0.3309981463396124
7486,0.060485888935644626,0.06862176353916513,0.08286773488598757,0.09711370623281,0.11135967757963244,0.1256056489264549,0.13985162027327736,0.2051162164429092,0.27038081261254104,0.33564540878217297,0.40091000495180484,0.6530761972950729,0.6449403226915524,0.63069435134473,0.6164483799979075,0.602202408651085,0.5879564373042625,0.57371046595744,0.5084458697878081,0.4431812736181763,0.37791667744854435,0.3126520812789125
7487,0.04326251605801909,0.04908169821561838,0.059271125452270715,0.06946055268892304,0.07964997992557539,0.08983940716222773,0.10002883439888008,0.1467093195416705,0.19338980468446088,0.24007028982725132,0.28675077497004176,0.499578441059629,0.4937592589020297,0.48356983166537737,0.47338040442872503,0.4631909771920727,0.45300154995542036,0.442812122718768,0.3961316375759776,0.3494511524331872,0.30277066729039676,0.2560901821476063
7488,0.031367184720614005,0.03558634204876214,0.04297411500909338,0.050361887969424625,0.057749660929755864,0.0651374338900871,0.07252520685041834,0.10637056615310214,0.14021592545578596,0.17406128475846977,0.20790664406115364,0.38513873965896495,0.3809195823308168,0.3735318093704856,0.36614403641015436,0.35875626344982314,0.3513684904894919,0.3439807175291607,0.3101353582264769,0.27628999892379313,0.24244463962110932,0.20859928031842545
7489,0.027541528392130105,0.031246101893993974,0.037732835101129916,0.04421956830826585,0.05070630151540179,0.057193034722537735,0.06367976792967367,0.09339722368731823,0.1231146794449628,0.15283213520260736,0.18254959096025195,0.2947264391013124,0.29102186559944854,0.2845351323923126,0.27804839918517665,0.2715616659780407,0.26507493277090477,0.25858819956376883,0.22887074380612427,0.1991532880484797,0.16943583229083514,0.13971837653319055
7490,0.021214760756460276,0.024068329353953997,0.029064947229369295,0.03406156510478459,0.03905818298019989,0.04405480085561519,0.049051418731030486,0.07194225852804301,0.09483309832505553,0.11772393812206808,0.1406147779190806,0.2196416620198345,0.2167880934223408,0.21179147554692548,0.20679485767151018,0.20179823979609487,0.19680162192067957,0.19180500404526427,0.16891416424825173,0.14602332445123922,0.12313248465422667,0.10024164485721414
7491,0.017379901386824617,0.01971764826949346,0.023811058840523276,0.02790446941155309,0.03199787998258291,0.03609129055361272,0.04018470112464254,0.058937707246218926,0.07769071336779533,0.09644371948937172,0.11519672561094813,0.1725522635160582,0.17021451663338938,0.16612110606235955,0.16202769549132973,0.1579342849202999,0.15384087434927007,0.14974746377824025,0.13099445765666387,0.11224145153508747,0.09348844541351108,0.07473543929193467
7492,0.018861538995962508,0.02139857893702769,0.025840952998510806,0.030283327059993915,0.03472570112147703,0.03916807518296014,0.04361044924444325,0.0639621502340575,0.08431385122367176,0.10466555221328604,0.1250172532029003,0.16219714722554288,0.1596601072844777,0.15521773322299456,0.15077535916151147,0.14633298510002835,0.14189061103854522,0.1374482369770621,0.11709653598744785,0.0967448349978336,0.07639313400821932,0.05604143301860505
7493,0.06031042844298219,0.06842270209442457,0.08262734801485494,0.09683199393528533,0.1110366398557157,0.1252412857761461,0.1394459316965765,0.20452120506052845,0.2695964784244804,0.33467175178843245,0.39974702515238447,0.4566317751531136,0.4485195015016712,0.43431485558124083,0.4201102096608105,0.4059055637403801,0.3917009178199497,0.3774962718995193,0.3124209985355673,0.24734572517161535,0.18227045180766333,0.1171951784437113
7494,0.30895518501738617,0.35051232648691727,0.4232791617051753,0.4960459969234333,0.5688128321416914,0.6415796673599494,0.7143465025782075,1.0477107919933368,1.3810750814084662,1.7144393708235957,2.0478036602387255,2.1024107163262697,2.0608535748567385,1.9880867396384805,1.9153199044202225,1.8425530692019643,1.7697862339837063,1.6970193987654483,1.363655109350319,1.0302908199351897,0.6969265305200603,0.3635622411049304
7495,1.1612949269476076,1.3174991271273024,1.5910137359992662,1.8645283448712298,2.1380429537431938,2.4115575626151577,2.685072171487121,3.9381155800368046,5.191158988586489,6.444202397136173,7.697245805685856,8.797592590406415,8.64138839022672,8.367873781354756,8.094359172482793,7.820844563610829,7.547329954738865,7.273815345866902,6.020771937317218,4.767728528767535,3.514685120217851,2.261641711668167
7496,2.8365400828547638,3.218079229059924,3.8861568494030205,4.554234469746118,5.222312090089215,5.890389710432311,6.558467330775408,9.61910918103339,12.679751031291374,15.74039288154936,18.801034731807345,21.40384848736475,21.02230934115959,20.354231720816493,19.686154100473395,19.018076480130297,18.3499988597872,17.6819212394441,14.621279389186117,11.560637538928134,8.499995688670149,5.439353838412163
7497,4.187241305649756,4.750461435119857,5.736663683482037,6.722865931844216,7.709068180206397,8.695270428568575,9.681472676930756,14.199528337297998,18.717583997665233,23.23563965803248,27.75369531839972,32.29130966000392,31.72808953053382,30.74188728217164,29.75568503380946,28.76948278544728,27.7832805370851,26.797078288722922,22.27902262835568,17.760966967988445,13.242911307621199,8.724855647253957
7498,4.1224380187469025,4.6769415462886,5.647880965838258,6.618820385387915,7.5897598049375725,8.56069922448723,9.53163864403689,13.979771212843394,18.427903781649896,22.876036350456406,27.324168919262913,32.91035711924829,32.35585359170659,31.384914172156932,30.413974752607274,29.443035333057615,28.472095913507957,27.501156493958298,23.053023925151795,18.60489135634529,14.15675878753878,9.708626218732274
7499,3.351595880008395,3.8024144805325077,4.591800893015079,5.381187305497649,6.170573717980221,6.959960130462791,7.7493465429453625,11.365736340329079,14.982126137712793,18.59851593509651,22.21490573248023,27.356769827551037,26.905951227026925,26.116564814544354,25.327178402061783,24.537791989579212,23.74840557709664,22.95901916461407,19.34262936723035,15.726239569846637,12.109849772462919,8.493459975079201
7500,2.9910124143164416,3.3933294236000933,4.097789222441407,4.80224902128272,5.506708820124034,6.211168618965348,6.915628417806662,10.142946736074473,13.370265054342282,16.597583372610092,19.82490169087791,24.2284335048095,23.82611649552585,23.121656696684536,22.417196897843223,21.71273709900191,21.008277300160596,20.303817501319283,17.076499183051475,13.849180864783666,10.621862546515855,7.394544228248039
7501,2.7047846416677372,3.0686015427890947,3.7056473923676854,4.342693241946275,4.979739091524866,5.6167849411034565,6.253830790682048,9.172307818474215,12.090784846266383,15.009261874058554,17.92773890185072,22.802692522038395,22.438875620917038,21.801829771338447,21.164783921759856,20.527738072181265,19.890692222602674,19.253646373024083,16.335169345231915,13.416692317439747,10.498215289647575,7.579738261855409
7502,2.20733046474823,2.5042354815337093,3.0241181699939683,3.544000858454227,4.063883546914486,4.583766235374744,5.103648923835004,7.485370246439614,9.867091569044224,12.248812891648836,14.630534214253444,19.724931122724897,19.428026105939416,18.908143417479156,18.388260729018896,17.868378040558635,17.348495352098375,16.828612663638115,14.446891341033504,12.065170018428894,9.683448695824282,7.3017273732196735
7503,1.677916042855984,1.903610246250039,2.298802319798513,2.693994393346985,3.0891864668954585,3.484378540443932,3.879570613992405,5.690050956937462,7.500531299882518,9.311011642827577,11.121491985772634,14.871256559632515,14.645562356238461,14.250370282689987,13.855178209141515,13.459986135593041,13.064794062044568,12.669601988496094,10.859121645551037,9.04864130260598,7.238160959660921,5.427680616715864
7504,1.1172675321315855,1.2675496673528908,1.5306947005095728,1.7938397336662546,2.0569847668229366,2.3201297999796187,2.583274833136301,3.7888124482913326,4.9943500634463645,6.199887678601396,7.405425293756428,10.033161309414842,9.882879174193537,9.619734141036854,9.356589107880172,9.09344407472349,8.830299041566807,8.567154008410125,7.361616393255093,6.156078778100062,4.95054116294503,3.745003547789998
7505,0.6682540838903488,0.7581400312657272,0.9155309318380566,1.0729218324103855,1.2303127329827148,1.3877036335550441,1.5450945341273732,2.2661442482220826,2.987193962316792,3.7082436764115014,4.429293390506211,6.0734388854665,5.983552938091121,5.826162037518792,5.668771136946463,5.5113802363741335,5.3539893358018045,5.196598435229475,4.475548721134766,3.7544990070400566,3.033449292945347,2.3123995788506377
7506,0.4397550001969972,0.4989058467966161,0.6024793784527985,0.7060529101089809,0.8096264417651632,0.9131999734213457,1.016773505077528,1.4912714914090162,1.9657694777405041,2.4402674640719924,2.9147654504034803,3.6846018562989733,3.625451009699354,3.5218774780431716,3.418303946386989,3.314730414730807,3.2111568830746244,3.1075833514184423,2.633085365086954,2.158587378755466,1.6840893924239777,1.2095914060924897
7507,0.286284866305672,0.32479265405806435,0.39222005033488544,0.4596474466117065,0.5270748428885276,0.5945022391653487,0.6619296354421698,0.9708325302776295,1.2797354251130895,1.5886383199485492,1.8975412147840094,2.22844041223525,2.1899326244828576,2.1225052282060366,2.0550778319292156,1.9876504356523945,1.9202230393755735,1.8527956430987524,1.5438927482632927,1.2349898534278327,0.926086958592373,0.6171840637569128
7508,0.1600000684787465,0.18152145994052682,0.21920556165659857,0.25688966337267033,0.2945737650887421,0.33225786680481384,0.3699419685208856,0.5425828942000834,0.7152238198792811,0.887864745558479,1.0605056712376768,1.3303544742870113,1.308833082825231,1.2711489811091592,1.2334648793930874,1.1957807776770155,1.1580966759609437,1.1204125742448718,0.947771648565674,0.7751307228864763,0.6024897972072784,0.4298488715280806
7509,0.0966650333943288,0.10966731548161278,0.1324343991801003,0.15520148287858784,0.17796856657707538,0.20073565027556292,0.2235027339740505,0.3278048196211218,0.432106905268193,0.5364089909152644,0.6407110765623357,0.8750441895076194,0.8620419074203355,0.8392748237218479,0.8165077400233604,0.7937406563248728,0.7709735726263852,0.7482064889278977,0.6439044032808263,0.5396023176337551,0.4353002319866837,0.3309981463396124
7510,0.060485888935644626,0.06862176353916513,0.08286773488598757,0.09711370623281,0.11135967757963244,0.1256056489264549,0.13985162027327736,0.2051162164429092,0.27038081261254104,0.33564540878217297,0.40091000495180484,0.6530761972950729,0.6449403226915524,0.63069435134473,0.6164483799979075,0.602202408651085,0.5879564373042625,0.57371046595744,0.5084458697878081,0.4431812736181763,0.37791667744854435,0.3126520812789125
7511,0.04326251605801909,0.04908169821561838,0.059271125452270715,0.06946055268892304,0.07964997992557539,0.08983940716222773,0.10002883439888008,0.1467093195416705,0.19338980468446088,0.24007028982725132,0.28675077497004176,0.499578441059629,0.4937592589020297,0.48356983166537737,0.47338040442872503,0.4631909771920727,0.45300154995542036,0.442812122718768,0.3961316375759776,0.3494511524331872,0.30277066729039676,0.2560901821476063
7512,0.06656898268586907,0.07552308595105217,0.09120178120737912,0.10688047646370606,0.12255917172003303,0.13823786697635998,0.1539165622326869,0.2257448489433112,0.29757313565393556,0.36940142236455986,0.44122970907518416,0.4271966781704077,0.4182425749052246,0.4025638796488976,0.3868851843925707,0.3712064891362437,0.35552779387991673,0.3398490986235898,0.2680208119129655,0.19619252520234115,0.12436423849171685,0.05253595178109255
7513,0.056639086305014866,0.06425753272192815,0.07759748382143074,0.09093743492093335,0.10427738602043597,0.11761733711993858,0.1309572882194412,0.19207116387144205,0.25318503952344296,0.31429891517544384,0.3754127908274448,0.3168441383691494,0.3092256919522361,0.2958857408527335,0.28254578975323086,0.26920583865372827,0.2558658875542257,0.24252593645472306,0.1814120608027222,0.1202981851507213,0.05918430949872042,-0.0019295661532805208
7514,0.03392680220936796,0.038490250202461725,0.046480878441028384,0.05447150667959503,0.06246213491816169,0.07045276315672834,0.07844339139529499,0.1150505915949522,0.15165779179460942,0.18826499199426663,0.22487219219392388,0.22601923126692836,0.22145578327383458,0.21346515503526792,0.20547452679670128,0.1974838985581346,0.18949327031956797,0.1815026420810013,0.1448954418813441,0.10828824168168688,0.07168104148202967,0.035073841282372425
7515,0.0236676925723058,0.026851201690074235,0.03242554764354464,0.03799989359701504,0.043574239550485436,0.049148585503955844,0.05472293145742625,0.08026049774238261,0.10579806402733898,0.13133563031229536,0.15687319659725174,0.20284547879051973,0.1996619696727513,0.1940876237192809,0.1885132777658105,0.1829389318123401,0.17736458585886972,0.17179023990539932,0.14625267362044297,0.12071510733548661,0.09517754105053022,0.06963997476557385
7516,0.02469635730095266,0.028018230711428102,0.03383485347536883,0.03965147623930954,0.04546809900325027,0.051284721767191,0.05710134453113172,0.08374884553458932,0.11039634653804692,0.1370438475415045,0.16369134854496212,0.2086410790622131,0.20531920565173767,0.19950258288779693,0.19368596012385622,0.18786933735991548,0.18205271459597477,0.17623609183203404,0.14958859082857645,0.12294108982511885,0.09629358882166127,0.06964608781820365
7517,0.018530992112733714,0.02102357064238779,0.025388092472381524,0.02975261430237525,0.03411713613236898,0.03848165796236271,0.04284617979235644,0.06284121893523797,0.08283625807811949,0.10283129722100104,0.12282633636388257,0.23076451461001737,0.2282719360803633,0.22390741425036959,0.21954289242037586,0.21517837059038214,0.21081384876038842,0.2064493269303947,0.18645428778751316,0.16645924864463163,0.1464642095017501,0.12646917035886857
7518,0.022723898938375474,0.025780459658883387,0.031132518111866028,0.036484576564848666,0.0418366350178313,0.04718869347081395,0.05254075192379659,0.0770599598532782,0.10157916778275981,0.12609837571224142,0.15061758364172306,0.3411068640072945,0.3380503032867866,0.33269824483380395,0.3273461863808213,0.32199412792783866,0.316642069474856,0.31129001102187337,0.2867708030923918,0.2622515951629102,0.2377323872334286,0.21321317930394695
7519,0.05954035988303085,0.0675490526604855,0.08157232777140645,0.0955956028823274,0.10961887799324835,0.12364215310416929,0.13766542821509023,0.20190979350324906,0.2661541587914079,0.33039852407956677,0.3946428893677256,0.5323949645104806,0.524386271733026,0.510362996622105,0.4963397215111841,0.48231644640026317,0.4682931712893422,0.4542698961784213,0.3900255308902625,0.32578116560210363,0.2615368003139448,0.19729243502578592
7520,0.09422208070711786,0.10689576455313886,0.129087470513181,0.15127917647322317,0.17347088243326533,0.1956625883933075,0.21785429435334966,0.31952042104539957,0.42118654773744957,0.5228526744294996,0.6245188011215496,0.7630054397344619,0.7503317558884409,0.7281400499283988,0.7059483439683566,0.6837566380083144,0.6615649320482723,0.6393732260882301,0.5377070993961802,0.4360409727041302,0.33437484601208023,0.23270871932003023
7521,0.11060462621291975,0.12548190395938727,0.1515321177130734,0.17758233146675953,0.2036325452204457,0.22968275897413182,0.255732972727818,0.37507595323620807,0.49441893374459817,0.6137619142529884,0.7331048947613785,1.04243040931092,1.0275531315644524,1.0015029178107662,0.9754527040570801,0.949402490303394,0.9233522765497079,0.8973020627960218,0.7779590822876317,0.6586161017792416,0.5392731212708513,0.41993014076246116
7522,0.14593538259187422,0.16556495229609972,0.19993646134515083,0.23430797039420195,0.2686794794432531,0.3030509884923042,0.3374224975413554,0.4948875522726021,0.6523526070038489,0.8098176617350957,0.9672827164663426,1.3368623237393928,1.3172327540351674,1.2828612449861163,1.2484897359370652,1.2141182268880142,1.1797467178389631,1.145375208789912,0.9879101540586653,0.8304450993274186,0.6729800445961718,0.5155149898649249
7523,0.17412844867806587,0.1975502293326846,0.2385619253527876,0.2795736213728906,0.3205853173929936,0.3615970134130966,0.40260870943319965,0.5904942325625675,0.7783797556919354,0.9662652788213034,1.1541508019506714,1.6963697765134498,1.6729479958588311,1.6319362998387281,1.590924603818625,1.549912907798522,1.508901211778419,1.467889515758316,1.2800039926289482,1.0921184694995802,0.9042329463702122,0.7163474232408442
7524,0.20258246617249245,0.22983155799628885,0.277544901707457,0.32525824541862514,0.3729715891297932,0.4206849328409614,0.46839827655212957,0.6869858360383282,0.9055733955245269,1.1241609550107257,1.3427485144969247,1.9211150761464808,1.8938659843226844,1.8461526406115163,1.7984392969003482,1.7507259531891801,1.7030126094780118,1.6552992657668437,1.4367117062806452,1.2181241467944464,0.9995365873082476,0.7809490278220486
7525,0.22682064156334378,0.25732997737244256,0.31075203030808307,0.3641740832437235,0.4175961361793641,0.4710181891150046,0.5244402420506451,0.769180921820084,1.013921601589523,1.2586622813589619,1.5034029611284008,2.0428941262432594,2.0123847904341607,1.9589627374985201,1.9055406845628797,1.852118631627239,1.7986965786915987,1.745274525755958,1.5005338459865192,1.2557931662170803,1.0110524864476413,0.7663118066782024
7526,0.28713168866453304,0.3257533813399477,0.3933802259058238,0.46100707047169975,0.5286339150375757,0.5962607596034519,0.6638876041693279,0.9737042248382178,1.2835208455071077,1.5933374661759976,1.9031540868448875,2.133676930271694,2.095055237596279,2.027428393030403,1.9598015484645268,1.8921747038986507,1.8245478593327746,1.7569210147668985,1.4471043940980086,1.1372877734291187,0.8274711527602288,0.5176545320913388
7527,0.3067951188581142,0.3480617127682659,0.42031979724889373,0.49257788172952155,0.5648359662101494,0.6370940506907772,0.709352135171405,1.040385701701159,1.3714192682309132,1.7024528347606676,2.0334864012904217,2.1612776545091203,2.120011060598969,2.047752976118341,1.975494891637713,1.9032368071570853,1.8309787226764576,1.7587206381958298,1.427687071666076,1.0966535051363218,0.7656199386065674,0.4345863720768133
7528,0.27598175878396375,0.31310368956544515,0.3781044409318533,0.44310519229826134,0.5081059436646694,0.5731066950310776,0.6381074463974856,0.9358932333664804,1.233679020335475,1.53146480730447,1.829250594273465,1.9097257114610804,1.872603780679599,1.8076030293131908,1.7426022779467827,1.6776015265803745,1.6126007752139664,1.5476000238475582,1.2498142368785634,0.9520284499095688,0.6542426629405738,0.35645687597157893
7529,0.2253108014307007,0.2556170506983482,0.3086834977291007,0.36174994475985317,0.4148163917906057,0.46788283882135817,0.5209492858521106,0.7640608400805081,1.0071723943089055,1.2502839485373032,1.4933955027657007,1.6192575536297766,1.588951304362129,1.5358848573313766,1.4828184103006241,1.4297519632698716,1.3766855162391192,1.3236190692083667,1.0805075149799692,0.8373959607515719,0.5942844065231742,0.3511728522947767
7530,0.181071206183045,0.20542684770103406,0.24807374039633354,0.290720633091633,0.3333675257869325,0.376014418482232,0.41866131117753147,0.6140381066158548,0.809414902054178,1.0047916974925013,1.200168492930825,1.489569188741577,1.4652135472235879,1.4225666545282885,1.379919761832989,1.3372728691376894,1.29462597644239,1.2519790837470905,1.0566022883087673,0.8612254928704441,0.6658486974321208,0.4704719019937972
7531,0.1371027565822645,0.15554426178254532,0.18783546186591396,0.22012666194928254,0.2524178620326512,0.2847090621160198,0.3170002621993884,0.464934866444111,0.6128694706888336,0.7608040749335562,0.9087386791782788,1.2544431595756709,1.23600165437539,1.2037104542920214,1.1714192542086528,1.1391280541252842,1.1068368540419156,1.074545653958547,0.9266110497138245,0.7786764454691019,0.6307418412243793,0.48280723697965666
7532,0.12288693681507708,0.1394162914452449,0.16835930297358676,0.19730231450192862,0.22624532603027048,0.25518833755861237,0.28413134908695425,0.4167270081222759,0.5493226671575976,0.6819183261929194,0.8145139852282411,0.965950353268064,0.9494209986378962,0.9204779871095543,0.8915349755812124,0.8625919640528705,0.8336489525245286,0.8047059409961868,0.6721102819608651,0.5395146229255434,0.40691896389022164,0.27432330485489986
7533,0.10407025709033581,0.11806860573895996,0.14257980870966933,0.16709101168037868,0.19160221465108804,0.2161134176217974,0.24062462059250678,0.3529169820306787,0.4652093434688507,0.5775017049070227,0.6897940663451948,0.756275578156249,0.7422772295076249,0.7177660265369155,0.6932548235662062,0.6687436205954969,0.6442324176247876,0.6197212146540781,0.5074288532159061,0.3951364917777342,0.2828441303395622,0.17055176890139007
7534,0.09174496304809825,0.10408545316899447,0.1256937346673304,0.14730201616566632,0.16891029766400223,0.19051857916233816,0.21212686066067407,0.3111201642112374,0.4101134677618008,0.5091067713123641,0.6081000748629275,0.6380177307790044,0.6256772406581081,0.6040689591597722,0.5824606776614363,0.5608523961631003,0.5392441146647644,0.5176358331664285,0.4186425296158651,0.3196492260653017,0.22065592251473837,0.12166261896417502
7535,0.0756798511426919,0.0858594449247251,0.10368398234795255,0.12150851977117999,0.13933305719440744,0.15715759461763487,0.17498213204086233,0.2566410943198301,0.33830005659879786,0.4199590188777657,0.5016179811567335,0.5589042903878931,0.54872469660586,0.5309001591826326,0.5130756217594051,0.4952510843361777,0.4774265469129503,0.45960200948972285,0.37794304721075506,0.2962840849317873,0.21462512265281947,0.13296616037385167
7536,0.06656898268586907,0.07552308595105217,0.09120178120737912,0.10688047646370606,0.12255917172003303,0.13823786697635998,0.1539165622326869,0.2257448489433112,0.29757313565393556,0.36940142236455986,0.44122970907518416,0.4271966781704077,0.4182425749052246,0.4025638796488976,0.3868851843925707,0.3712064891362437,0.35552779387991673,0.3398490986235898,0.2680208119129655,0.19619252520234115,0.12436423849171685,0.05253595178109255
7537,0.056639086305014866,0.06425753272192815,0.07759748382143074,0.09093743492093335,0.10427738602043597,0.11761733711993858,0.1309572882194412,0.19207116387144205,0.25318503952344296,0.31429891517544384,0.3754127908274448,0.3168441383691494,0.3092256919522361,0.2958857408527335,0.28254578975323086,0.26920583865372827,0.2558658875542257,0.24252593645472306,0.1814120608027222,0.1202981851507213,0.05918430949872042,-0.0019295661532805208
7538,0.03392680220936796,0.038490250202461725,0.046480878441028384,0.05447150667959503,0.06246213491816169,0.07045276315672834,0.07844339139529499,0.1150505915949522,0.15165779179460942,0.18826499199426663,0.22487219219392388,0.22601923126692836,0.22145578327383458,0.21346515503526792,0.20547452679670128,0.1974838985581346,0.18949327031956797,0.1815026420810013,0.1448954418813441,0.10828824168168688,0.07168104148202967,0.035073841282372425
7539,0.0236676925723058,0.026851201690074235,0.03242554764354464,0.03799989359701504,0.043574239550485436,0.049148585503955844,0.05472293145742625,0.08026049774238261,0.10579806402733898,0.13133563031229536,0.15687319659725174,0.20284547879051973,0.1996619696727513,0.1940876237192809,0.1885132777658105,0.1829389318123401,0.17736458585886972,0.17179023990539932,0.14625267362044297,0.12071510733548661,0.09517754105053022,0.06963997476557385
7540,0.02469635730095266,0.028018230711428102,0.03383485347536883,0.03965147623930954,0.04546809900325027,0.051284721767191,0.05710134453113172,0.08374884553458932,0.11039634653804692,0.1370438475415045,0.16369134854496212,0.2086410790622131,0.20531920565173767,0.19950258288779693,0.19368596012385622,0.18786933735991548,0.18205271459597477,0.17623609183203404,0.14958859082857645,0.12294108982511885,0.09629358882166127,0.06964608781820365
7541,0.018530992112733714,0.02102357064238779,0.025388092472381524,0.02975261430237525,0.03411713613236898,0.03848165796236271,0.04284617979235644,0.06284121893523797,0.08283625807811949,0.10283129722100104,0.12282633636388257,0.23076451461001737,0.2282719360803633,0.22390741425036959,0.21954289242037586,0.21517837059038214,0.21081384876038842,0.2064493269303947,0.18645428778751316,0.16645924864463163,0.1464642095017501,0.12646917035886857
7542,0.022723898938375474,0.025780459658883387,0.031132518111866028,0.036484576564848666,0.0418366350178313,0.04718869347081395,0.05254075192379659,0.0770599598532782,0.10157916778275981,0.12609837571224142,0.15061758364172306,0.3411068640072945,0.3380503032867866,0.33269824483380395,0.3273461863808213,0.32199412792783866,0.316642069474856,0.31129001102187337,0.2867708030923918,0.2622515951629102,0.2377323872334286,0.21321317930394695
7543,0.05954035988303085,0.0675490526604855,0.08157232777140645,0.0955956028823274,0.10961887799324835,0.12364215310416929,0.13766542821509023,0.20190979350324906,0.2661541587914079,0.33039852407956677,0.3946428893677256,0.5323949645104806,0.524386271733026,0.510362996622105,0.4963397215111841,0.48231644640026317,0.4682931712893422,0.4542698961784213,0.3900255308902625,0.32578116560210363,0.2615368003139448,0.19729243502578592
7544,0.09422208070711786,0.10689576455313886,0.129087470513181,0.15127917647322317,0.17347088243326533,0.1956625883933075,0.21785429435334966,0.31952042104539957,0.42118654773744957,0.5228526744294996,0.6245188011215496,0.7630054397344619,0.7503317558884409,0.7281400499283988,0.7059483439683566,0.6837566380083144,0.6615649320482723,0.6393732260882301,0.5377070993961802,0.4360409727041302,0.33437484601208023,0.23270871932003023
7545,0.11060462621291975,0.12548190395938727,0.1515321177130734,0.17758233146675953,0.2036325452204457,0.22968275897413182,0.255732972727818,0.37507595323620807,0.49441893374459817,0.6137619142529884,0.7331048947613785,1.04243040931092,1.0275531315644524,1.0015029178107662,0.9754527040570801,0.949402490303394,0.9233522765497079,0.8973020627960218,0.7779590822876317,0.6586161017792416,0.5392731212708513,0.41993014076246116
7546,0.14593538259187422,0.16556495229609972,0.19993646134515083,0.23430797039420195,0.2686794794432531,0.3030509884923042,0.3374224975413554,0.4948875522726021,0.6523526070038489,0.8098176617350957,0.9672827164663426,1.3368623237393928,1.3172327540351674,1.2828612449861163,1.2484897359370652,1.2141182268880142,1.1797467178389631,1.145375208789912,0.9879101540586653,0.8304450993274186,0.6729800445961718,0.5155149898649249
7547,0.17412844867806587,0.1975502293326846,0.2385619253527876,0.2795736213728906,0.3205853173929936,0.3615970134130966,0.40260870943319965,0.5904942325625675,0.7783797556919354,0.9662652788213034,1.1541508019506714,1.6963697765134498,1.6729479958588311,1.6319362998387281,1.590924603818625,1.549912907798522,1.508901211778419,1.467889515758316,1.2800039926289482,1.0921184694995802,0.9042329463702122,0.7163474232408442
7548,0.20258246617249245,0.22983155799628885,0.277544901707457,0.32525824541862514,0.3729715891297932,0.4206849328409614,0.46839827655212957,0.6869858360383282,0.9055733955245269,1.1241609550107257,1.3427485144969247,1.9211150761464808,1.8938659843226844,1.8461526406115163,1.7984392969003482,1.7507259531891801,1.7030126094780118,1.6552992657668437,1.4367117062806452,1.2181241467944464,0.9995365873082476,0.7809490278220486
7549,0.22682064156334378,0.25732997737244256,0.31075203030808307,0.3641740832437235,0.4175961361793641,0.4710181891150046,0.5244402420506451,0.769180921820084,1.013921601589523,1.2586622813589619,1.5034029611284008,2.0428941262432594,2.0123847904341607,1.9589627374985201,1.9055406845628797,1.852118631627239,1.7986965786915987,1.745274525755958,1.5005338459865192,1.2557931662170803,1.0110524864476413,0.7663118066782024
7550,0.28713168866453304,0.3257533813399477,0.3933802259058238,0.46100707047169975,0.5286339150375757,0.5962607596034519,0.6638876041693279,0.9737042248382178,1.2835208455071077,1.5933374661759976,1.9031540868448875,2.133676930271694,2.095055237596279,2.027428393030403,1.9598015484645268,1.8921747038986507,1.8245478593327746,1.7569210147668985,1.4471043940980086,1.1372877734291187,0.8274711527602288,0.5176545320913388
7551,0.3067951188581142,0.3480617127682659,0.42031979724889373,0.49257788172952155,0.5648359662101494,0.6370940506907772,0.709352135171405,1.040385701701159,1.3714192682309132,1.7024528347606676,2.0334864012904217,2.1612776545091203,2.120011060598969,2.047752976118341,1.975494891637713,1.9032368071570853,1.8309787226764576,1.7587206381958298,1.427687071666076,1.0966535051363218,0.7656199386065674,0.4345863720768133
7552,0.27598175878396375,0.31310368956544515,0.3781044409318533,0.44310519229826134,0.5081059436646694,0.5731066950310776,0.6381074463974856,0.9358932333664804,1.233679020335475,1.53146480730447,1.829250594273465,1.9097257114610804,1.872603780679599,1.8076030293131908,1.7426022779467827,1.6776015265803745,1.6126007752139664,1.5476000238475582,1.2498142368785634,0.9520284499095688,0.6542426629405738,0.35645687597157893
7553,0.2253108014307007,0.2556170506983482,0.3086834977291007,0.36174994475985317,0.4148163917906057,0.46788283882135817,0.5209492858521106,0.7640608400805081,1.0071723943089055,1.2502839485373032,1.4933955027657007,1.6192575536297766,1.588951304362129,1.5358848573313766,1.4828184103006241,1.4297519632698716,1.3766855162391192,1.3236190692083667,1.0805075149799692,0.8373959607515719,0.5942844065231742,0.3511728522947767
7554,0.181071206183045,0.20542684770103406,0.24807374039633354,0.290720633091633,0.3333675257869325,0.376014418482232,0.41866131117753147,0.6140381066158548,0.809414902054178,1.0047916974925013,1.200168492930825,1.489569188741577,1.4652135472235879,1.4225666545282885,1.379919761832989,1.3372728691376894,1.29462597644239,1.2519790837470905,1.0566022883087673,0.8612254928704441,0.6658486974321208,0.4704719019937972
7555,0.1371027565822645,0.15554426178254532,0.18783546186591396,0.22012666194928254,0.2524178620326512,0.2847090621160198,0.3170002621993884,0.464934866444111,0.6128694706888336,0.7608040749335562,0.9087386791782788,1.2544431595756709,1.23600165437539,1.2037104542920214,1.1714192542086528,1.1391280541252842,1.1068368540419156,1.074545653958547,0.9266110497138245,0.7786764454691019,0.6307418412243793,0.48280723697965666
7556,0.12288693681507708,0.1394162914452449,0.16835930297358676,0.19730231450192862,0.22624532603027048,0.25518833755861237,0.28413134908695425,0.4167270081222759,0.5493226671575976,0.6819183261929194,0.8145139852282411,0.965950353268064,0.9494209986378962,0.9204779871095543,0.8915349755812124,0.8625919640528705,0.8336489525245286,0.8047059409961868,0.6721102819608651,0.5395146229255434,0.40691896389022164,0.27432330485489986
7557,0.10407025709033581,0.11806860573895996,0.14257980870966933,0.16709101168037868,0.19160221465108804,0.2161134176217974,0.24062462059250678,0.3529169820306787,0.4652093434688507,0.5775017049070227,0.6897940663451948,0.756275578156249,0.7422772295076249,0.7177660265369155,0.6932548235662062,0.6687436205954969,0.6442324176247876,0.6197212146540781,0.5074288532159061,0.3951364917777342,0.2828441303395622,0.17055176890139007
7558,0.09174496304809825,0.10408545316899447,0.1256937346673304,0.14730201616566632,0.16891029766400223,0.19051857916233816,0.21212686066067407,0.3111201642112374,0.4101134677618008,0.5091067713123641,0.6081000748629275,0.6380177307790044,0.6256772406581081,0.6040689591597722,0.5824606776614363,0.5608523961631003,0.5392441146647644,0.5176358331664285,0.4186425296158651,0.3196492260653017,0.22065592251473837,0.12166261896417502
7559,0.0756798511426919,0.0858594449247251,0.10368398234795255,0.12150851977117999,0.13933305719440744,0.15715759461763487,0.17498213204086233,0.2566410943198301,0.33830005659879786,0.4199590188777657,0.5016179811567335,0.5589042903878931,0.54872469660586,0.5309001591826326,0.5130756217594051,0.4952510843361777,0.4774265469129503,0.45960200948972285,0.37794304721075506,0.2962840849317873,0.21462512265281947,0.13296616037385167
7560,0.031367184720614005,0.03558634204876214,0.04297411500909338,0.050361887969424625,0.057749660929755864,0.0651374338900871,0.07252520685041834,0.10637056615310214,0.14021592545578596,0.17406128475846977,0.20790664406115364,0.38513873965896495,0.3809195823308168,0.3735318093704856,0.36614403641015436,0.35875626344982314,0.3513684904894919,0.3439807175291607,0.3101353582264769,0.27628999892379313,0.24244463962110932,0.20859928031842545
7561,0.027541528392130105,0.031246101893993974,0.037732835101129916,0.04421956830826585,0.05070630151540179,0.057193034722537735,0.06367976792967367,0.09339722368731823,0.1231146794449628,0.15283213520260736,0.18254959096025195,0.2947264391013124,0.29102186559944854,0.2845351323923126,0.27804839918517665,0.2715616659780407,0.26507493277090477,0.25858819956376883,0.22887074380612427,0.1991532880484797,0.16943583229083514,0.13971837653319055
7562,0.021214760756460276,0.024068329353953997,0.029064947229369295,0.03406156510478459,0.03905818298019989,0.04405480085561519,0.049051418731030486,0.07194225852804301,0.09483309832505553,0.11772393812206808,0.1406147779190806,0.2196416620198345,0.2167880934223408,0.21179147554692548,0.20679485767151018,0.20179823979609487,0.19680162192067957,0.19180500404526427,0.16891416424825173,0.14602332445123922,0.12313248465422667,0.10024164485721414
7563,0.017379901386824617,0.01971764826949346,0.023811058840523276,0.02790446941155309,0.03199787998258291,0.03609129055361272,0.04018470112464254,0.058937707246218926,0.07769071336779533,0.09644371948937172,0.11519672561094813,0.1725522635160582,0.17021451663338938,0.16612110606235955,0.16202769549132973,0.1579342849202999,0.15384087434927007,0.14974746377824025,0.13099445765666387,0.11224145153508747,0.09348844541351108,0.07473543929193467
7564,0.018861538995962508,0.02139857893702769,0.025840952998510806,0.030283327059993915,0.03472570112147703,0.03916807518296014,0.04361044924444325,0.0639621502340575,0.08431385122367176,0.10466555221328604,0.1250172532029003,0.16219714722554288,0.1596601072844777,0.15521773322299456,0.15077535916151147,0.14633298510002835,0.14189061103854522,0.1374482369770621,0.11709653598744785,0.0967448349978336,0.07639313400821932,0.05604143301860505
7565,0.06031042844298219,0.06842270209442457,0.08262734801485494,0.09683199393528533,0.1110366398557157,0.1252412857761461,0.1394459316965765,0.20452120506052845,0.2695964784244804,0.33467175178843245,0.39974702515238447,0.4566317751531136,0.4485195015016712,0.43431485558124083,0.4201102096608105,0.4059055637403801,0.3917009178199497,0.3774962718995193,0.3124209985355673,0.24734572517161535,0.18227045180766333,0.1171951784437113
7566,0.30895518501738617,0.35051232648691727,0.4232791617051753,0.4960459969234333,0.5688128321416914,0.6415796673599494,0.7143465025782075,1.0477107919933368,1.3810750814084662,1.7144393708235957,2.0478036602387255,2.1024107163262697,2.0608535748567385,1.9880867396384805,1.9153199044202225,1.8425530692019643,1.7697862339837063,1.6970193987654483,1.363655109350319,1.0302908199351897,0.6969265305200603,0.3635622411049304
7567,1.1612949269476076,1.3174991271273024,1.5910137359992662,1.8645283448712298,2.1380429537431938,2.4115575626151577,2.685072171487121,3.9381155800368046,5.191158988586489,6.444202397136173,7.697245805685856,8.797592590406415,8.64138839022672,8.367873781354756,8.094359172482793,7.820844563610829,7.547329954738865,7.273815345866902,6.020771937317218,4.767728528767535,3.514685120217851,2.261641711668167
7568,2.8365400828547638,3.218079229059924,3.8861568494030205,4.554234469746118,5.222312090089215,5.890389710432311,6.558467330775408,9.61910918103339,12.679751031291374,15.74039288154936,18.801034731807345,21.40384848736475,21.02230934115959,20.354231720816493,19.686154100473395,19.018076480130297,18.3499988597872,17.6819212394441,14.621279389186117,11.560637538928134,8.499995688670149,5.439353838412163
7569,4.187241305649756,4.750461435119857,5.736663683482037,6.722865931844216,7.709068180206397,8.695270428568575,9.681472676930756,14.199528337297998,18.717583997665233,23.23563965803248,27.75369531839972,32.29130966000392,31.72808953053382,30.74188728217164,29.75568503380946,28.76948278544728,27.7832805370851,26.797078288722922,22.27902262835568,17.760966967988445,13.242911307621199,8.724855647253957
7570,4.1224380187469025,4.6769415462886,5.647880965838258,6.618820385387915,7.5897598049375725,8.56069922448723,9.53163864403689,13.979771212843394,18.427903781649896,22.876036350456406,27.324168919262913,32.91035711924829,32.35585359170659,31.384914172156932,30.413974752607274,29.443035333057615,28.472095913507957,27.501156493958298,23.053023925151795,18.60489135634529,14.15675878753878,9.708626218732274
7571,3.351595880008395,3.8024144805325077,4.591800893015079,5.381187305497649,6.170573717980221,6.959960130462791,7.7493465429453625,11.365736340329079,14.982126137712793,18.59851593509651,22.21490573248023,27.356769827551037,26.905951227026925,26.116564814544354,25.327178402061783,24.537791989579212,23.74840557709664,22.95901916461407,19.34262936723035,15.726239569846637,12.109849772462919,8.493459975079201
7572,2.9910124143164416,3.3933294236000933,4.097789222441407,4.80224902128272,5.506708820124034,6.211168618965348,6.915628417806662,10.142946736074473,13.370265054342282,16.597583372610092,19.82490169087791,24.2284335048095,23.82611649552585,23.121656696684536,22.417196897843223,21.71273709900191,21.008277300160596,20.303817501319283,17.076499183051475,13.849180864783666,10.621862546515855,7.394544228248039
7573,2.7047846416677372,3.0686015427890947,3.7056473923676854,4.342693241946275,4.979739091524866,5.6167849411034565,6.253830790682048,9.172307818474215,12.090784846266383,15.009261874058554,17.92773890185072,22.802692522038395,22.438875620917038,21.801829771338447,21.164783921759856,20.527738072181265,19.890692222602674,19.253646373024083,16.335169345231915,13.416692317439747,10.498215289647575,7.579738261855409
7574,2.20733046474823,2.5042354815337093,3.0241181699939683,3.544000858454227,4.063883546914486,4.583766235374744,5.103648923835004,7.485370246439614,9.867091569044224,12.248812891648836,14.630534214253444,19.724931122724897,19.428026105939416,18.908143417479156,18.388260729018896,17.868378040558635,17.348495352098375,16.828612663638115,14.446891341033504,12.065170018428894,9.683448695824282,7.3017273732196735
7575,1.677916042855984,1.903610246250039,2.298802319798513,2.693994393346985,3.0891864668954585,3.484378540443932,3.879570613992405,5.690050956937462,7.500531299882518,9.311011642827577,11.121491985772634,14.871256559632515,14.645562356238461,14.250370282689987,13.855178209141515,13.459986135593041,13.064794062044568,12.669601988496094,10.859121645551037,9.04864130260598,7.238160959660921,5.427680616715864
7576,1.1172675321315855,1.2675496673528908,1.5306947005095728,1.7938397336662546,2.0569847668229366,2.3201297999796187,2.583274833136301,3.7888124482913326,4.9943500634463645,6.199887678601396,7.405425293756428,10.033161309414842,9.882879174193537,9.619734141036854,9.356589107880172,9.09344407472349,8.830299041566807,8.567154008410125,7.361616393255093,6.156078778100062,4.95054116294503,3.745003547789998
7577,0.6682540838903488,0.7581400312657272,0.9155309318380566,1.0729218324103855,1.2303127329827148,1.3877036335550441,1.5450945341273732,2.2661442482220826,2.987193962316792,3.7082436764115014,4.429293390506211,6.0734388854665,5.983552938091121,5.826162037518792,5.668771136946463,5.5113802363741335,5.3539893358018045,5.196598435229475,4.475548721134766,3.7544990070400566,3.033449292945347,2.3123995788506377
7578,0.4397550001969972,0.4989058467966161,0.6024793784527985,0.7060529101089809,0.8096264417651632,0.9131999734213457,1.016773505077528,1.4912714914090162,1.9657694777405041,2.4402674640719924,2.9147654504034803,3.6846018562989733,3.625451009699354,3.5218774780431716,3.418303946386989,3.314730414730807,3.2111568830746244,3.1075833514184423,2.633085365086954,2.158587378755466,1.6840893924239777,1.2095914060924897
7579,0.286284866305672,0.32479265405806435,0.39222005033488544,0.4596474466117065,0.5270748428885276,0.5945022391653487,0.6619296354421698,0.9708325302776295,1.2797354251130895,1.5886383199485492,1.8975412147840094,2.22844041223525,2.1899326244828576,2.1225052282060366,2.0550778319292156,1.9876504356523945,1.9202230393755735,1.8527956430987524,1.5438927482632927,1.2349898534278327,0.926086958592373,0.6171840637569128
7580,0.1600000684787465,0.18152145994052682,0.21920556165659857,0.25688966337267033,0.2945737650887421,0.33225786680481384,0.3699419685208856,0.5425828942000834,0.7152238198792811,0.887864745558479,1.0605056712376768,1.3303544742870113,1.308833082825231,1.2711489811091592,1.2334648793930874,1.1957807776770155,1.1580966759609437,1.1204125742448718,0.947771648565674,0.7751307228864763,0.6024897972072784,0.4298488715280806
7581,0.0966650333943288,0.10966731548161278,0.1324343991801003,0.15520148287858784,0.17796856657707538,0.20073565027556292,0.2235027339740505,0.3278048196211218,0.432106905268193,0.5364089909152644,0.6407110765623357,0.8750441895076194,0.8620419074203355,0.8392748237218479,0.8165077400233604,0.7937406563248728,0.7709735726263852,0.7482064889278977,0.6439044032808263,0.5396023176337551,0.4353002319866837,0.3309981463396124
7582,0.060485888935644626,0.06862176353916513,0.08286773488598757,0.09711370623281,0.11135967757963244,0.1256056489264549,0.13985162027327736,0.2051162164429092,0.27038081261254104,0.33564540878217297,0.40091000495180484,0.6530761972950729,0.6449403226915524,0.63069435134473,0.6164483799979075,0.602202408651085,0.5879564373042625,0.57371046595744,0.5084458697878081,0.4431812736181763,0.37791667744854435,0.3126520812789125
7583,0.04326251605801909,0.04908169821561838,0.059271125452270715,0.06946055268892304,0.07964997992557539,0.08983940716222773,0.10002883439888008,0.1467093195416705,0.19338980468446088,0.24007028982725132,0.28675077497004176,0.499578441059629,0.4937592589020297,0.48356983166537737,0.47338040442872503,0.4631909771920727,0.45300154995542036,0.442812122718768,0.3961316375759776,0.3494511524331872,0.30277066729039676,0.2560901821476063
7584,0.031367184720614005,0.03558634204876214,0.04297411500909338,0.050361887969424625,0.057749660929755864,0.0651374338900871,0.07252520685041834,0.10637056615310214,0.14021592545578596,0.17406128475846977,0.20790664406115364,0.38513873965896495,0.3809195823308168,0.3735318093704856,0.36614403641015436,0.35875626344982314,0.3513684904894919,0.3439807175291607,0.3101353582264769,0.27628999892379313,0.24244463962110932,0.20859928031842545
7585,0.027541528392130105,0.031246101893993974,0.037732835101129916,0.04421956830826585,0.05070630151540179,0.057193034722537735,0.06367976792967367,0.09339722368731823,0.1231146794449628,0.15283213520260736,0.18254959096025195,0.2947264391013124,0.29102186559944854,0.2845351323923126,0.27804839918517665,0.2715616659780407,0.26507493277090477,0.25858819956376883,0.22887074380612427,0.1991532880484797,0.16943583229083514,0.13971837653319055
7586,0.021214760756460276,0.024068329353953997,0.029064947229369295,0.03406156510478459,0.03905818298019989,0.04405480085561519,0.049051418731030486,0.07194225852804301,0.09483309832505553,0.11772393812206808,0.1406147779190806,0.2196416620198345,0.2167880934223408,0.21179147554692548,0.20679485767151018,0.20179823979609487,0.19680162192067957,0.19180500404526427,0.16891416424825173,0.14602332445123922,0.12313248465422667,0.10024164485721414
7587,0.017379901386824617,0.01971764826949346,0.023811058840523276,0.02790446941155309,0.03199787998258291,0.03609129055361272,0.04018470112464254,0.058937707246218926,0.07769071336779533,0.09644371948937172,0.11519672561094813,0.1725522635160582,0.17021451663338938,0.16612110606235955,0.16202769549132973,0.1579342849202999,0.15384087434927007,0.14974746377824025,0.13099445765666387,0.11224145153508747,0.09348844541351108,0.07473543929193467
7588,0.018861538995962508,0.02139857893702769,0.025840952998510806,0.030283327059993915,0.03472570112147703,0.03916807518296014,0.04361044924444325,0.0639621502340575,0.08431385122367176,0.10466555221328604,0.1250172532029003,0.16219714722554288,0.1596601072844777,0.15521773322299456,0.15077535916151147,0.14633298510002835,0.14189061103854522,0.1374482369770621,0.11709653598744785,0.0967448349978336,0.07639313400821932,0.05604143301860505
7589,0.06031042844298219,0.06842270209442457,0.08262734801485494,0.09683199393528533,0.1110366398557157,0.1252412857761461,0.1394459316965765,0.20452120506052845,0.2695964784244804,0.33467175178843245,0.39974702515238447,0.4566317751531136,0.4485195015016712,0.43431485558124083,0.4201102096608105,0.4059055637403801,0.3917009178199497,0.3774962718995193,0.3124209985355673,0.24734572517161535,0.18227045180766333,0.1171951784437113
7590,0.30895518501738617,0.35051232648691727,0.4232791617051753,0.4960459969234333,0.5688128321416914,0.6415796673599494,0.7143465025782075,1.0477107919933368,1.3810750814084662,1.7144393708235957,2.0478036602387255,2.1024107163262697,2.0608535748567385,1.9880867396384805,1.9153199044202225,1.8425530692019643,1.7697862339837063,1.6970193987654483,1.363655109350319,1.0302908199351897,0.6969265305200603,0.3635622411049304
7591,1.1612949269476076,1.3174991271273024,1.5910137359992662,1.8645283448712298,2.1380429537431938,2.4115575626151577,2.685072171487121,3.9381155800368046,5.191158988586489,6.444202397136173,7.697245805685856,8.797592590406415,8.64138839022672,8.367873781354756,8.094359172482793,7.820844563610829,7.547329954738865,7.273815345866902,6.020771937317218,4.767728528767535,3.514685120217851,2.261641711668167
7592,2.8365400828547638,3.218079229059924,3.8861568494030205,4.554234469746118,5.222312090089215,5.890389710432311,6.558467330775408,9.61910918103339,12.679751031291374,15.74039288154936,18.801034731807345,21.40384848736475,21.02230934115959,20.354231720816493,19.686154100473395,19.018076480130297,18.3499988597872,17.6819212394441,14.621279389186117,11.560637538928134,8.499995688670149,5.439353838412163
7593,4.187241305649756,4.750461435119857,5.736663683482037,6.722865931844216,7.709068180206397,8.695270428568575,9.681472676930756,14.199528337297998,18.717583997665233,23.23563965803248,27.75369531839972,32.29130966000392,31.72808953053382,30.74188728217164,29.75568503380946,28.76948278544728,27.7832805370851,26.797078288722922,22.27902262835568,17.760966967988445,13.242911307621199,8.724855647253957
7594,4.1224380187469025,4.6769415462886,5.647880965838258,6.618820385387915,7.5897598049375725,8.56069922448723,9.53163864403689,13.979771212843394,18.427903781649896,22.876036350456406,27.324168919262913,32.91035711924829,32.35585359170659,31.384914172156932,30.413974752607274,29.443035333057615,28.472095913507957,27.501156493958298,23.053023925151795,18.60489135634529,14.15675878753878,9.708626218732274
7595,3.351595880008395,3.8024144805325077,4.591800893015079,5.381187305497649,6.170573717980221,6.959960130462791,7.7493465429453625,11.365736340329079,14.982126137712793,18.59851593509651,22.21490573248023,27.356769827551037,26.905951227026925,26.116564814544354,25.327178402061783,24.537791989579212,23.74840557709664,22.95901916461407,19.34262936723035,15.726239569846637,12.109849772462919,8.493459975079201
7596,2.9910124143164416,3.3933294236000933,4.097789222441407,4.80224902128272,5.506708820124034,6.211168618965348,6.915628417806662,10.142946736074473,13.370265054342282,16.597583372610092,19.82490169087791,24.2284335048095,23.82611649552585,23.121656696684536,22.417196897843223,21.71273709900191,21.008277300160596,20.303817501319283,17.076499183051475,13.849180864783666,10.621862546515855,7.394544228248039
7597,2.7047846416677372,3.0686015427890947,3.7056473923676854,4.342693241946275,4.979739091524866,5.6167849411034565,6.253830790682048,9.172307818474215,12.090784846266383,15.009261874058554,17.92773890185072,22.802692522038395,22.438875620917038,21.801829771338447,21.164783921759856,20.527738072181265,19.890692222602674,19.253646373024083,16.335169345231915,13.416692317439747,10.498215289647575,7.579738261855409
7598,2.20733046474823,2.5042354815337093,3.0241181699939683,3.544000858454227,4.063883546914486,4.583766235374744,5.103648923835004,7.485370246439614,9.867091569044224,12.248812891648836,14.630534214253444,19.724931122724897,19.428026105939416,18.908143417479156,18.388260729018896,17.868378040558635,17.348495352098375,16.828612663638115,14.446891341033504,12.065170018428894,9.683448695824282,7.3017273732196735
7599,1.677916042855984,1.903610246250039,2.298802319798513,2.693994393346985,3.0891864668954585,3.484378540443932,3.879570613992405,5.690050956937462,7.500531299882518,9.311011642827577,11.121491985772634,14.871256559632515,14.645562356238461,14.250370282689987,13.855178209141515,13.459986135593041,13.064794062044568,12.669601988496094,10.859121645551037,9.04864130260598,7.238160959660921,5.427680616715864
7600,1.1172675321315855,1.2675496673528908,1.5306947005095728,1.7938397336662546,2.0569847668229366,2.3201297999796187,2.583274833136301,3.7888124482913326,4.9943500634463645,6.199887678601396,7.405425293756428,10.033161309414842,9.882879174193537,9.619734141036854,9.356589107880172,9.09344407472349,8.830299041566807,8.567154008410125,7.361616393255093,6.156078778100062,4.95054116294503,3.745003547789998
7601,0.6682540838903488,0.7581400312657272,0.9155309318380566,1.0729218324103855,1.2303127329827148,1.3877036335550441,1.5450945341273732,2.2661442482220826,2.987193962316792,3.7082436764115014,4.429293390506211,6.0734388854665,5.983552938091121,5.826162037518792,5.668771136946463,5.5113802363741335,5.3539893358018045,5.196598435229475,4.475548721134766,3.7544990070400566,3.033449292945347,2.3123995788506377
7602,0.4397550001969972,0.4989058467966161,0.6024793784527985,0.7060529101089809,0.8096264417651632,0.9131999734213457,1.016773505077528,1.4912714914090162,1.9657694777405041,2.4402674640719924,2.9147654504034803,3.6846018562989733,3.625451009699354,3.5218774780431716,3.418303946386989,3.314730414730807,3.2111568830746244,3.1075833514184423,2.633085365086954,2.158587378755466,1.6840893924239777,1.2095914060924897
7603,0.286284866305672,0.32479265405806435,0.39222005033488544,0.4596474466117065,0.5270748428885276,0.5945022391653487,0.6619296354421698,0.9708325302776295,1.2797354251130895,1.5886383199485492,1.8975412147840094,2.22844041223525,2.1899326244828576,2.1225052282060366,2.0550778319292156,1.9876504356523945,1.9202230393755735,1.8527956430987524,1.5438927482632927,1.2349898534278327,0.926086958592373,0.6171840637569128
7604,0.1600000684787465,0.18152145994052682,0.21920556165659857,0.25688966337267033,0.2945737650887421,0.33225786680481384,0.3699419685208856,0.5425828942000834,0.7152238198792811,0.887864745558479,1.0605056712376768,1.3303544742870113,1.308833082825231,1.2711489811091592,1.2334648793930874,1.1957807776770155,1.1580966759609437,1.1204125742448718,0.947771648565674,0.7751307228864763,0.6024897972072784,0.4298488715280806
7605,0.0966650333943288,0.10966731548161278,0.1324343991801003,0.15520148287858784,0.17796856657707538,0.20073565027556292,0.2235027339740505,0.3278048196211218,0.432106905268193,0.5364089909152644,0.6407110765623357,0.8750441895076194,0.8620419074203355,0.8392748237218479,0.8165077400233604,0.7937406563248728,0.7709735726263852,0.7482064889278977,0.6439044032808263,0.5396023176337551,0.4353002319866837,0.3309981463396124
7606,0.060485888935644626,0.06862176353916513,0.08286773488598757,0.09711370623281,0.11135967757963244,0.1256056489264549,0.13985162027327736,0.2051162164429092,0.27038081261254104,0.33564540878217297,0.40091000495180484,0.6530761972950729,0.6449403226915524,0.63069435134473,0.6164483799979075,0.602202408651085,0.5879564373042625,0.57371046595744,0.5084458697878081,0.4431812736181763,0.37791667744854435,0.3126520812789125
7607,0.04326251605801909,0.04908169821561838,0.059271125452270715,0.06946055268892304,0.07964997992557539,0.08983940716222773,0.10002883439888008,0.1467093195416705,0.19338980468446088,0.24007028982725132,0.28675077497004176,0.499578441059629,0.4937592589020297,0.48356983166537737,0.47338040442872503,0.4631909771920727,0.45300154995542036,0.442812122718768,0.3961316375759776,0.3494511524331872,0.30277066729039676,0.2560901821476063
7608,0.031367184720614005,0.03558634204876214,0.04297411500909338,0.050361887969424625,0.057749660929755864,0.0651374338900871,0.07252520685041834,0.10637056615310214,0.14021592545578596,0.17406128475846977,0.20790664406115364,0.38513873965896495,0.3809195823308168,0.3735318093704856,0.36614403641015436,0.35875626344982314,0.3513684904894919,0.3439807175291607,0.3101353582264769,0.27628999892379313,0.24244463962110932,0.20859928031842545
7609,0.027541528392130105,0.031246101893993974,0.037732835101129916,0.04421956830826585,0.05070630151540179,0.057193034722537735,0.06367976792967367,0.09339722368731823,0.1231146794449628,0.15283213520260736,0.18254959096025195,0.2947264391013124,0.29102186559944854,0.2845351323923126,0.27804839918517665,0.2715616659780407,0.26507493277090477,0.25858819956376883,0.22887074380612427,0.1991532880484797,0.16943583229083514,0.13971837653319055
7610,0.021214760756460276,0.024068329353953997,0.029064947229369295,0.03406156510478459,0.03905818298019989,0.04405480085561519,0.049051418731030486,0.07194225852804301,0.09483309832505553,0.11772393812206808,0.1406147779190806,0.2196416620198345,0.2167880934223408,0.21179147554692548,0.20679485767151018,0.20179823979609487,0.19680162192067957,0.19180500404526427,0.16891416424825173,0.14602332445123922,0.12313248465422667,0.10024164485721414
7611,0.017379901386824617,0.01971764826949346,0.023811058840523276,0.02790446941155309,0.03199787998258291,0.03609129055361272,0.04018470112464254,0.058937707246218926,0.07769071336779533,0.09644371948937172,0.11519672561094813,0.1725522635160582,0.17021451663338938,0.16612110606235955,0.16202769549132973,0.1579342849202999,0.15384087434927007,0.14974746377824025,0.13099445765666387,0.11224145153508747,0.09348844541351108,0.07473543929193467
7612,0.018861538995962508,0.02139857893702769,0.025840952998510806,0.030283327059993915,0.03472570112147703,0.03916807518296014,0.04361044924444325,0.0639621502340575,0.08431385122367176,0.10466555221328604,0.1250172532029003,0.16219714722554288,0.1596601072844777,0.15521773322299456,0.15077535916151147,0.14633298510002835,0.14189061103854522,0.1374482369770621,0.11709653598744785,0.0967448349978336,0.07639313400821932,0.05604143301860505
7613,0.06031042844298219,0.06842270209442457,0.08262734801485494,0.09683199393528533,0.1110366398557157,0.1252412857761461,0.1394459316965765,0.20452120506052845,0.2695964784244804,0.33467175178843245,0.39974702515238447,0.4566317751531136,0.4485195015016712,0.43431485558124083,0.4201102096608105,0.4059055637403801,0.3917009178199497,0.3774962718995193,0.3124209985355673,0.24734572517161535,0.18227045180766333,0.1171951784437113
7614,0.30895518501738617,0.35051232648691727,0.4232791617051753,0.4960459969234333,0.5688128321416914,0.6415796673599494,0.7143465025782075,1.0477107919933368,1.3810750814084662,1.7144393708235957,2.0478036602387255,2.1024107163262697,2.0608535748567385,1.9880867396384805,1.9153199044202225,1.8425530692019643,1.7697862339837063,1.6970193987654483,1.363655109350319,1.0302908199351897,0.6969265305200603,0.3635622411049304
7615,1.1612949269476076,1.3174991271273024,1.5910137359992662,1.8645283448712298,2.1380429537431938,2.4115575626151577,2.685072171487121,3.9381155800368046,5.191158988586489,6.444202397136173,7.697245805685856,8.797592590406415,8.64138839022672,8.367873781354756,8.094359172482793,7.820844563610829,7.547329954738865,7.273815345866902,6.020771937317218,4.767728528767535,3.514685120217851,2.261641711668167
7616,2.8365400828547638,3.218079229059924,3.8861568494030205,4.554234469746118,5.222312090089215,5.890389710432311,6.558467330775408,9.61910918103339,12.679751031291374,15.74039288154936,18.801034731807345,21.40384848736475,21.02230934115959,20.354231720816493,19.686154100473395,19.018076480130297,18.3499988597872,17.6819212394441,14.621279389186117,11.560637538928134,8.499995688670149,5.439353838412163
7617,4.187241305649756,4.750461435119857,5.736663683482037,6.722865931844216,7.709068180206397,8.695270428568575,9.681472676930756,14.199528337297998,18.717583997665233,23.23563965803248,27.75369531839972,32.29130966000392,31.72808953053382,30.74188728217164,29.75568503380946,28.76948278544728,27.7832805370851,26.797078288722922,22.27902262835568,17.760966967988445,13.242911307621199,8.724855647253957
7618,4.1224380187469025,4.6769415462886,5.647880965838258,6.618820385387915,7.5897598049375725,8.56069922448723,9.53163864403689,13.979771212843394,18.427903781649896,22.876036350456406,27.324168919262913,32.91035711924829,32.35585359170659,31.384914172156932,30.413974752607274,29.443035333057615,28.472095913507957,27.501156493958298,23.053023925151795,18.60489135634529,14.15675878753878,9.708626218732274
7619,3.351595880008395,3.8024144805325077,4.591800893015079,5.381187305497649,6.170573717980221,6.959960130462791,7.7493465429453625,11.365736340329079,14.982126137712793,18.59851593509651,22.21490573248023,27.356769827551037,26.905951227026925,26.116564814544354,25.327178402061783,24.537791989579212,23.74840557709664,22.95901916461407,19.34262936723035,15.726239569846637,12.109849772462919,8.493459975079201
7620,2.9910124143164416,3.3933294236000933,4.097789222441407,4.80224902128272,5.506708820124034,6.211168618965348,6.915628417806662,10.142946736074473,13.370265054342282,16.597583372610092,19.82490169087791,24.2284335048095,23.82611649552585,23.121656696684536,22.417196897843223,21.71273709900191,21.008277300160596,20.303817501319283,17.076499183051475,13.849180864783666,10.621862546515855,7.394544228248039
7621,2.7047846416677372,3.0686015427890947,3.7056473923676854,4.342693241946275,4.979739091524866,5.6167849411034565,6.253830790682048,9.172307818474215,12.090784846266383,15.009261874058554,17.92773890185072,22.802692522038395,22.438875620917038,21.801829771338447,21.164783921759856,20.527738072181265,19.890692222602674,19.253646373024083,16.335169345231915,13.416692317439747,10.498215289647575,7.579738261855409
7622,2.20733046474823,2.5042354815337093,3.0241181699939683,3.544000858454227,4.063883546914486,4.583766235374744,5.103648923835004,7.485370246439614,9.867091569044224,12.248812891648836,14.630534214253444,19.724931122724897,19.428026105939416,18.908143417479156,18.388260729018896,17.868378040558635,17.348495352098375,16.828612663638115,14.446891341033504,12.065170018428894,9.683448695824282,7.3017273732196735
7623,1.677916042855984,1.903610246250039,2.298802319798513,2.693994393346985,3.0891864668954585,3.484378540443932,3.879570613992405,5.690050956937462,7.500531299882518,9.311011642827577,11.121491985772634,14.871256559632515,14.645562356238461,14.250370282689987,13.855178209141515,13.459986135593041,13.064794062044568,12.669601988496094,10.859121645551037,9.04864130260598,7.238160959660921,5.427680616715864
7624,1.1172675321315855,1.2675496673528908,1.5306947005095728,1.7938397336662546,2.0569847668229366,2.3201297999796187,2.583274833136301,3.7888124482913326,4.9943500634463645,6.199887678601396,7.405425293756428,10.033161309414842,9.882879174193537,9.619734141036854,9.356589107880172,9.09344407472349,8.830299041566807,8.567154008410125,7.361616393255093,6.156078778100062,4.95054116294503,3.745003547789998
7625,0.6682540838903488,0.7581400312657272,0.9155309318380566,1.0729218324103855,1.2303127329827148,1.3877036335550441,1.5450945341273732,2.2661442482220826,2.987193962316792,3.7082436764115014,4.429293390506211,6.0734388854665,5.983552938091121,5.826162037518792,5.668771136946463,5.5113802363741335,5.3539893358018045,5.196598435229475,4.475548721134766,3.7544990070400566,3.033449292945347,2.3123995788506377
7626,0.4397550001969972,0.4989058467966161,0.6024793784527985,0.7060529101089809,0.8096264417651632,0.9131999734213457,1.016773505077528,1.4912714914090162,1.9657694777405041,2.4402674640719924,2.9147654504034803,3.6846018562989733,3.625451009699354,3.5218774780431716,3.418303946386989,3.314730414730807,3.2111568830746244,3.1075833514184423,2.633085365086954,2.158587378755466,1.6840893924239777,1.2095914060924897
7627,0.286284866305672,0.32479265405806435,0.39222005033488544,0.4596474466117065,0.5270748428885276,0.5945022391653487,0.6619296354421698,0.9708325302776295,1.2797354251130895,1.5886383199485492,1.8975412147840094,2.22844041223525,2.1899326244828576,2.1225052282060366,2.0550778319292156,1.9876504356523945,1.9202230393755735,1.8527956430987524,1.5438927482632927,1.2349898534278327,0.926086958592373,0.6171840637569128
7628,0.1600000684787465,0.18152145994052682,0.21920556165659857,0.25688966337267033,0.2945737650887421,0.33225786680481384,0.3699419685208856,0.5425828942000834,0.7152238198792811,0.887864745558479,1.0605056712376768,1.3303544742870113,1.308833082825231,1.2711489811091592,1.2334648793930874,1.1957807776770155,1.1580966759609437,1.1204125742448718,0.947771648565674,0.7751307228864763,0.6024897972072784,0.4298488715280806
7629,0.0966650333943288,0.10966731548161278,0.1324343991801003,0.15520148287858784,0.17796856657707538,0.20073565027556292,0.2235027339740505,0.3278048196211218,0.432106905268193,0.5364089909152644,0.6407110765623357,0.8750441895076194,0.8620419074203355,0.8392748237218479,0.8165077400233604,0.7937406563248728,0.7709735726263852,0.7482064889278977,0.6439044032808263,0.5396023176337551,0.4353002319866837,0.3309981463396124
7630,0.060485888935644626,0.06862176353916513,0.08286773488598757,0.09711370623281,0.11135967757963244,0.1256056489264549,0.13985162027327736,0.2051162164429092,0.27038081261254104,0.33564540878217297,0.40091000495180484,0.6530761972950729,0.6449403226915524,0.63069435134473,0.6164483799979075,0.602202408651085,0.5879564373042625,0.57371046595744,0.5084458697878081,0.4431812736181763,0.37791667744854435,0.3126520812789125
7631,0.04326251605801909,0.04908169821561838,0.059271125452270715,0.06946055268892304,0.07964997992557539,0.08983940716222773,0.10002883439888008,0.1467093195416705,0.19338980468446088,0.24007028982725132,0.28675077497004176,0.499578441059629,0.4937592589020297,0.48356983166537737,0.47338040442872503,0.4631909771920727,0.45300154995542036,0.442812122718768,0.3961316375759776,0.3494511524331872,0.30277066729039676,0.2560901821476063
7632,0.031367184720614005,0.03558634204876214,0.04297411500909338,0.050361887969424625,0.057749660929755864,0.0651374338900871,0.07252520685041834,0.10637056615310214,0.14021592545578596,0.17406128475846977,0.20790664406115364,0.38513873965896495,0.3809195823308168,0.3735318093704856,0.36614403641015436,0.35875626344982314,0.3513684904894919,0.3439807175291607,0.3101353582264769,0.27628999892379313,0.24244463962110932,0.20859928031842545
7633,0.027541528392130105,0.031246101893993974,0.037732835101129916,0.04421956830826585,0.05070630151540179,0.057193034722537735,0.06367976792967367,0.09339722368731823,0.1231146794449628,0.15283213520260736,0.18254959096025195,0.2947264391013124,0.29102186559944854,0.2845351323923126,0.27804839918517665,0.2715616659780407,0.26507493277090477,0.25858819956376883,0.22887074380612427,0.1991532880484797,0.16943583229083514,0.13971837653319055
7634,0.021214760756460276,0.024068329353953997,0.029064947229369295,0.03406156510478459,0.03905818298019989,0.04405480085561519,0.049051418731030486,0.07194225852804301,0.09483309832505553,0.11772393812206808,0.1406147779190806,0.2196416620198345,0.2167880934223408,0.21179147554692548,0.20679485767151018,0.20179823979609487,0.19680162192067957,0.19180500404526427,0.16891416424825173,0.14602332445123922,0.12313248465422667,0.10024164485721414
7635,0.017379901386824617,0.01971764826949346,0.023811058840523276,0.02790446941155309,0.03199787998258291,0.03609129055361272,0.04018470112464254,0.058937707246218926,0.07769071336779533,0.09644371948937172,0.11519672561094813,0.1725522635160582,0.17021451663338938,0.16612110606235955,0.16202769549132973,0.1579342849202999,0.15384087434927007,0.14974746377824025,0.13099445765666387,0.11224145153508747,0.09348844541351108,0.07473543929193467
7636,0.018861538995962508,0.02139857893702769,0.025840952998510806,0.030283327059993915,0.03472570112147703,0.03916807518296014,0.04361044924444325,0.0639621502340575,0.08431385122367176,0.10466555221328604,0.1250172532029003,0.16219714722554288,0.1596601072844777,0.15521773322299456,0.15077535916151147,0.14633298510002835,0.14189061103854522,0.1374482369770621,0.11709653598744785,0.0967448349978336,0.07639313400821932,0.05604143301860505
7637,0.06031042844298219,0.06842270209442457,0.08262734801485494,0.09683199393528533,0.1110366398557157,0.1252412857761461,0.1394459316965765,0.20452120506052845,0.2695964784244804,0.33467175178843245,0.39974702515238447,0.4566317751531136,0.4485195015016712,0.43431485558124083,0.4201102096608105,0.4059055637403801,0.3917009178199497,0.3774962718995193,0.3124209985355673,0.24734572517161535,0.18227045180766333,0.1171951784437113
7638,0.30895518501738617,0.35051232648691727,0.4232791617051753,0.4960459969234333,0.5688128321416914,0.6415796673599494,0.7143465025782075,1.0477107919933368,1.3810750814084662,1.7144393708235957,2.0478036602387255,2.1024107163262697,2.0608535748567385,1.9880867396384805,1.9153199044202225,1.8425530692019643,1.7697862339837063,1.6970193987654483,1.363655109350319,1.0302908199351897,0.6969265305200603,0.3635622411049304
7639,1.1612949269476076,1.3174991271273024,1.5910137359992662,1.8645283448712298,2.1380429537431938,2.4115575626151577,2.685072171487121,3.9381155800368046,5.191158988586489,6.444202397136173,7.697245805685856,8.797592590406415,8.64138839022672,8.367873781354756,8.094359172482793,7.820844563610829,7.547329954738865,7.273815345866902,6.020771937317218,4.767728528767535,3.514685120217851,2.261641711668167
7640,2.8365400828547638,3.218079229059924,3.8861568494030205,4.554234469746118,5.222312090089215,5.890389710432311,6.558467330775408,9.61910918103339,12.679751031291374,15.74039288154936,18.801034731807345,21.40384848736475,21.02230934115959,20.354231720816493,19.686154100473395,19.018076480130297,18.3499988597872,17.6819212394441,14.621279389186117,11.560637538928134,8.499995688670149,5.439353838412163
7641,4.187241305649756,4.750461435119857,5.736663683482037,6.722865931844216,7.709068180206397,8.695270428568575,9.681472676930756,14.199528337297998,18.717583997665233,23.23563965803248,27.75369531839972,32.29130966000392,31.72808953053382,30.74188728217164,29.75568503380946,28.76948278544728,27.7832805370851,26.797078288722922,22.27902262835568,17.760966967988445,13.242911307621199,8.724855647253957
7642,4.1224380187469025,4.6769415462886,5.647880965838258,6.618820385387915,7.5897598049375725,8.56069922448723,9.53163864403689,13.979771212843394,18.427903781649896,22.876036350456406,27.324168919262913,32.91035711924829,32.35585359170659,31.384914172156932,30.413974752607274,29.443035333057615,28.472095913507957,27.501156493958298,23.053023925151795,18.60489135634529,14.15675878753878,9.708626218732274
7643,3.351595880008395,3.8024144805325077,4.591800893015079,5.381187305497649,6.170573717980221,6.959960130462791,7.7493465429453625,11.365736340329079,14.982126137712793,18.59851593509651,22.21490573248023,27.356769827551037,26.905951227026925,26.116564814544354,25.327178402061783,24.537791989579212,23.74840557709664,22.95901916461407,19.34262936723035,15.726239569846637,12.109849772462919,8.493459975079201
7644,2.9910124143164416,3.3933294236000933,4.097789222441407,4.80224902128272,5.506708820124034,6.211168618965348,6.915628417806662,10.142946736074473,13.370265054342282,16.597583372610092,19.82490169087791,24.2284335048095,23.82611649552585,23.121656696684536,22.417196897843223,21.71273709900191,21.008277300160596,20.303817501319283,17.076499183051475,13.849180864783666,10.621862546515855,7.394544228248039
7645,2.7047846416677372,3.0686015427890947,3.7056473923676854,4.342693241946275,4.979739091524866,5.6167849411034565,6.253830790682048,9.172307818474215,12.090784846266383,15.009261874058554,17.92773890185072,22.802692522038395,22.438875620917038,21.801829771338447,21.164783921759856,20.527738072181265,19.890692222602674,19.253646373024083,16.335169345231915,13.416692317439747,10.498215289647575,7.579738261855409
7646,2.20733046474823,2.5042354815337093,3.0241181699939683,3.544000858454227,4.063883546914486,4.583766235374744,5.103648923835004,7.485370246439614,9.867091569044224,12.248812891648836,14.630534214253444,19.724931122724897,19.428026105939416,18.908143417479156,18.388260729018896,17.868378040558635,17.348495352098375,16.828612663638115,14.446891341033504,12.065170018428894,9.683448695824282,7.3017273732196735
7647,1.677916042855984,1.903610246250039,2.298802319798513,2.693994393346985,3.0891864668954585,3.484378540443932,3.879570613992405,5.690050956937462,7.500531299882518,9.311011642827577,11.121491985772634,14.871256559632515,14.645562356238461,14.250370282689987,13.855178209141515,13.459986135593041,13.064794062044568,12.669601988496094,10.859121645551037,9.04864130260598,7.238160959660921,5.427680616715864
7648,1.1172675321315855,1.2675496673528908,1.5306947005095728,1.7938397336662546,2.0569847668229366,2.3201297999796187,2.583274833136301,3.7888124482913326,4.9943500634463645,6.199887678601396,7.405425293756428,10.033161309414842,9.882879174193537,9.619734141036854,9.356589107880172,9.09344407472349,8.830299041566807,8.567154008410125,7.361616393255093,6.156078778100062,4.95054116294503,3.745003547789998
7649,0.6682540838903488,0.7581400312657272,0.9155309318380566,1.0729218324103855,1.2303127329827148,1.3877036335550441,1.5450945341273732,2.2661442482220826,2.987193962316792,3.7082436764115014,4.429293390506211,6.0734388854665,5.983552938091121,5.826162037518792,5.668771136946463,5.5113802363741335,5.3539893358018045,5.196598435229475,4.475548721134766,3.7544990070400566,3.033449292945347,2.3123995788506377
7650,0.4397550001969972,0.4989058467966161,0.6024793784527985,0.7060529101089809,0.8096264417651632,0.9131999734213457,1.016773505077528,1.4912714914090162,1.9657694777405041,2.4402674640719924,2.9147654504034803,3.6846018562989733,3.625451009699354,3.5218774780431716,3.418303946386989,3.314730414730807,3.2111568830746244,3.1075833514184423,2.633085365086954,2.158587378755466,1.6840893924239777,1.2095914060924897
7651,0.286284866305672,0.32479265405806435,0.39222005033488544,0.4596474466117065,0.5270748428885276,0.5945022391653487,0.6619296354421698,0.9708325302776295,1.2797354251130895,1.5886383199485492,1.8975412147840094,2.22844041223525,2.1899326244828576,2.1225052282060366,2.0550778319292156,1.9876504356523945,1.9202230393755735,1.8527956430987524,1.5438927482632927,1.2349898534278327,0.926086958592373,0.6171840637569128
7652,0.1600000684787465,0.18152145994052682,0.21920556165659857,0.25688966337267033,0.2945737650887421,0.33225786680481384,0.3699419685208856,0.5425828942000834,0.7152238198792811,0.887864745558479,1.0605056712376768,1.3303544742870113,1.308833082825231,1.2711489811091592,1.2334648793930874,1.1957807776770155,1.1580966759609437,1.1204125742448718,0.947771648565674,0.7751307228864763,0.6024897972072784,0.4298488715280806
7653,0.0966650333943288,0.10966731548161278,0.1324343991801003,0.15520148287858784,0.17796856657707538,0.20073565027556292,0.2235027339740505,0.3278048196211218,0.432106905268193,0.5364089909152644,0.6407110765623357,0.8750441895076194,0.8620419074203355,0.8392748237218479,0.8165077400233604,0.7937406563248728,0.7709735726263852,0.7482064889278977,0.6439044032808263,0.5396023176337551,0.4353002319866837,0.3309981463396124
7654,0.060485888935644626,0.06862176353916513,0.08286773488598757,0.09711370623281,0.11135967757963244,0.1256056489264549,0.13985162027327736,0.2051162164429092,0.27038081261254104,0.33564540878217297,0.40091000495180484,0.6530761972950729,0.6449403226915524,0.63069435134473,0.6164483799979075,0.602202408651085,0.5879564373042625,0.57371046595744,0.5084458697878081,0.4431812736181763,0.37791667744854435,0.3126520812789125
7655,0.04326251605801909,0.04908169821561838,0.059271125452270715,0.06946055268892304,0.07964997992557539,0.08983940716222773,0.10002883439888008,0.1467093195416705,0.19338980468446088,0.24007028982725132,0.28675077497004176,0.499578441059629,0.4937592589020297,0.48356983166537737,0.47338040442872503,0.4631909771920727,0.45300154995542036,0.442812122718768,0.3961316375759776,0.3494511524331872,0.30277066729039676,0.2560901821476063
7656,0.031367184720614005,0.03558634204876214,0.04297411500909338,0.050361887969424625,0.057749660929755864,0.0651374338900871,0.07252520685041834,0.10637056615310214,0.14021592545578596,0.17406128475846977,0.20790664406115364,0.38513873965896495,0.3809195823308168,0.3735318093704856,0.36614403641015436,0.35875626344982314,0.3513684904894919,0.3439807175291607,0.3101353582264769,0.27628999892379313,0.24244463962110932,0.20859928031842545
7657,0.027541528392130105,0.031246101893993974,0.037732835101129916,0.04421956830826585,0.05070630151540179,0.057193034722537735,0.06367976792967367,0.09339722368731823,0.1231146794449628,0.15283213520260736,0.18254959096025195,0.2947264391013124,0.29102186559944854,0.2845351323923126,0.27804839918517665,0.2715616659780407,0.26507493277090477,0.25858819956376883,0.22887074380612427,0.1991532880484797,0.16943583229083514,0.13971837653319055
7658,0.021214760756460276,0.024068329353953997,0.029064947229369295,0.03406156510478459,0.03905818298019989,0.04405480085561519,0.049051418731030486,0.07194225852804301,0.09483309832505553,0.11772393812206808,0.1406147779190806,0.2196416620198345,0.2167880934223408,0.21179147554692548,0.20679485767151018,0.20179823979609487,0.19680162192067957,0.19180500404526427,0.16891416424825173,0.14602332445123922,0.12313248465422667,0.10024164485721414
7659,0.017379901386824617,0.01971764826949346,0.023811058840523276,0.02790446941155309,0.03199787998258291,0.03609129055361272,0.04018470112464254,0.058937707246218926,0.07769071336779533,0.09644371948937172,0.11519672561094813,0.1725522635160582,0.17021451663338938,0.16612110606235955,0.16202769549132973,0.1579342849202999,0.15384087434927007,0.14974746377824025,0.13099445765666387,0.11224145153508747,0.09348844541351108,0.07473543929193467
7660,0.018861538995962508,0.02139857893702769,0.025840952998510806,0.030283327059993915,0.03472570112147703,0.03916807518296014,0.04361044924444325,0.0639621502340575,0.08431385122367176,0.10466555221328604,0.1250172532029003,0.16219714722554288,0.1596601072844777,0.15521773322299456,0.15077535916151147,0.14633298510002835,0.14189061103854522,0.1374482369770621,0.11709653598744785,0.0967448349978336,0.07639313400821932,0.05604143301860505
7661,0.06031042844298219,0.06842270209442457,0.08262734801485494,0.09683199393528533,0.1110366398557157,0.1252412857761461,0.1394459316965765,0.20452120506052845,0.2695964784244804,0.33467175178843245,0.39974702515238447,0.4566317751531136,0.4485195015016712,0.43431485558124083,0.4201102096608105,0.4059055637403801,0.3917009178199497,0.3774962718995193,0.3124209985355673,0.24734572517161535,0.18227045180766333,0.1171951784437113
7662,0.30895518501738617,0.35051232648691727,0.4232791617051753,0.4960459969234333,0.5688128321416914,0.6415796673599494,0.7143465025782075,1.0477107919933368,1.3810750814084662,1.7144393708235957,2.0478036602387255,2.1024107163262697,2.0608535748567385,1.9880867396384805,1.9153199044202225,1.8425530692019643,1.7697862339837063,1.6970193987654483,1.363655109350319,1.0302908199351897,0.6969265305200603,0.3635622411049304
7663,1.1612949269476076,1.3174991271273024,1.5910137359992662,1.8645283448712298,2.1380429537431938,2.4115575626151577,2.685072171487121,3.9381155800368046,5.191158988586489,6.444202397136173,7.697245805685856,8.797592590406415,8.64138839022672,8.367873781354756,8.094359172482793,7.820844563610829,7.547329954738865,7.273815345866902,6.020771937317218,4.767728528767535,3.514685120217851,2.261641711668167
7664,2.8365400828547638,3.218079229059924,3.8861568494030205,4.554234469746118,5.222312090089215,5.890389710432311,6.558467330775408,9.61910918103339,12.679751031291374,15.74039288154936,18.801034731807345,21.40384848736475,21.02230934115959,20.354231720816493,19.686154100473395,19.018076480130297,18.3499988597872,17.6819212394441,14.621279389186117,11.560637538928134,8.499995688670149,5.439353838412163
7665,4.187241305649756,4.750461435119857,5.736663683482037,6.722865931844216,7.709068180206397,8.695270428568575,9.681472676930756,14.199528337297998,18.717583997665233,23.23563965803248,27.75369531839972,32.29130966000392,31.72808953053382,30.74188728217164,29.75568503380946,28.76948278544728,27.7832805370851,26.797078288722922,22.27902262835568,17.760966967988445,13.242911307621199,8.724855647253957
7666,4.1224380187469025,4.6769415462886,5.647880965838258,6.618820385387915,7.5897598049375725,8.56069922448723,9.53163864403689,13.979771212843394,18.427903781649896,22.876036350456406,27.324168919262913,32.91035711924829,32.35585359170659,31.384914172156932,30.413974752607274,29.443035333057615,28.472095913507957,27.501156493958298,23.053023925151795,18.60489135634529,14.15675878753878,9.708626218732274
7667,3.351595880008395,3.8024144805325077,4.591800893015079,5.381187305497649,6.170573717980221,6.959960130462791,7.7493465429453625,11.365736340329079,14.982126137712793,18.59851593509651,22.21490573248023,27.356769827551037,26.905951227026925,26.116564814544354,25.327178402061783,24.537791989579212,23.74840557709664,22.95901916461407,19.34262936723035,15.726239569846637,12.109849772462919,8.493459975079201
7668,2.9910124143164416,3.3933294236000933,4.097789222441407,4.80224902128272,5.506708820124034,6.211168618965348,6.915628417806662,10.142946736074473,13.370265054342282,16.597583372610092,19.82490169087791,24.2284335048095,23.82611649552585,23.121656696684536,22.417196897843223,21.71273709900191,21.008277300160596,20.303817501319283,17.076499183051475,13.849180864783666,10.621862546515855,7.394544228248039
7669,2.7047846416677372,3.0686015427890947,3.7056473923676854,4.342693241946275,4.979739091524866,5.6167849411034565,6.253830790682048,9.172307818474215,12.090784846266383,15.009261874058554,17.92773890185072,22.802692522038395,22.438875620917038,21.801829771338447,21.164783921759856,20.527738072181265,19.890692222602674,19.253646373024083,16.335169345231915,13.416692317439747,10.498215289647575,7.579738261855409
7670,2.20733046474823,2.5042354815337093,3.0241181699939683,3.544000858454227,4.063883546914486,4.583766235374744,5.103648923835004,7.485370246439614,9.867091569044224,12.248812891648836,14.630534214253444,19.724931122724897,19.428026105939416,18.908143417479156,18.388260729018896,17.868378040558635,17.348495352098375,16.828612663638115,14.446891341033504,12.065170018428894,9.683448695824282,7.3017273732196735
7671,1.677916042855984,1.903610246250039,2.298802319798513,2.693994393346985,3.0891864668954585,3.484378540443932,3.879570613992405,5.690050956937462,7.500531299882518,9.311011642827577,11.121491985772634,14.871256559632515,14.645562356238461,14.250370282689987,13.855178209141515,13.459986135593041,13.064794062044568,12.669601988496094,10.859121645551037,9.04864130260598,7.238160959660921,5.427680616715864
7672,1.1172675321315855,1.2675496673528908,1.5306947005095728,1.7938397336662546,2.0569847668229366,2.3201297999796187,2.583274833136301,3.7888124482913326,4.9943500634463645,6.199887678601396,7.405425293756428,10.033161309414842,9.882879174193537,9.619734141036854,9.356589107880172,9.09344407472349,8.830299041566807,8.567154008410125,7.361616393255093,6.156078778100062,4.95054116294503,3.745003547789998
7673,0.6682540838903488,0.7581400312657272,0.9155309318380566,1.0729218324103855,1.2303127329827148,1.3877036335550441,1.5450945341273732,2.2661442482220826,2.987193962316792,3.7082436764115014,4.429293390506211,6.0734388854665,5.983552938091121,5.826162037518792,5.668771136946463,5.5113802363741335,5.3539893358018045,5.196598435229475,4.475548721134766,3.7544990070400566,3.033449292945347,2.3123995788506377
7674,0.4397550001969972,0.4989058467966161,0.6024793784527985,0.7060529101089809,0.8096264417651632,0.9131999734213457,1.016773505077528,1.4912714914090162,1.9657694777405041,2.4402674640719924,2.9147654504034803,3.6846018562989733,3.625451009699354,3.5218774780431716,3.418303946386989,3.314730414730807,3.2111568830746244,3.1075833514184423,2.633085365086954,2.158587378755466,1.6840893924239777,1.2095914060924897
7675,0.286284866305672,0.32479265405806435,0.39222005033488544,0.4596474466117065,0.5270748428885276,0.5945022391653487,0.6619296354421698,0.9708325302776295,1.2797354251130895,1.5886383199485492,1.8975412147840094,2.22844041223525,2.1899326244828576,2.1225052282060366,2.0550778319292156,1.9876504356523945,1.9202230393755735,1.8527956430987524,1.5438927482632927,1.2349898534278327,0.926086958592373,0.6171840637569128
7676,0.1600000684787465,0.18152145994052682,0.21920556165659857,0.25688966337267033,0.2945737650887421,0.33225786680481384,0.3699419685208856,0.5425828942000834,0.7152238198792811,0.887864745558479,1.0605056712376768,1.3303544742870113,1.308833082825231,1.2711489811091592,1.2334648793930874,1.1957807776770155,1.1580966759609437,1.1204125742448718,0.947771648565674,0.7751307228864763,0.6024897972072784,0.4298488715280806
7677,0.0966650333943288,0.10966731548161278,0.1324343991801003,0.15520148287858784,0.17796856657707538,0.20073565027556292,0.2235027339740505,0.3278048196211218,0.432106905268193,0.5364089909152644,0.6407110765623357,0.8750441895076194,0.8620419074203355,0.8392748237218479,0.8165077400233604,0.7937406563248728,0.7709735726263852,0.7482064889278977,0.6439044032808263,0.5396023176337551,0.4353002319866837,0.3309981463396124
7678,0.060485888935644626,0.06862176353916513,0.08286773488598757,0.09711370623281,0.11135967757963244,0.1256056489264549,0.13985162027327736,0.2051162164429092,0.27038081261254104,0.33564540878217297,0.40091000495180484,0.6530761972950729,0.6449403226915524,0.63069435134473,0.6164483799979075,0.602202408651085,0.5879564373042625,0.57371046595744,0.5084458697878081,0.4431812736181763,0.37791667744854435,0.3126520812789125
7679,0.04326251605801909,0.04908169821561838,0.059271125452270715,0.06946055268892304,0.07964997992557539,0.08983940716222773,0.10002883439888008,0.1467093195416705,0.19338980468446088,0.24007028982725132,0.28675077497004176,0.499578441059629,0.4937592589020297,0.48356983166537737,0.47338040442872503,0.4631909771920727,0.45300154995542036,0.442812122718768,0.3961316375759776,0.3494511524331872,0.30277066729039676,0.2560901821476063
7680,0.06656898268586907,0.07552308595105217,0.09120178120737912,0.10688047646370606,0.12255917172003303,0.13823786697635998,0.1539165622326869,0.2257448489433112,0.29757313565393556,0.36940142236455986,0.44122970907518416,0.4271966781704077,0.4182425749052246,0.4025638796488976,0.3868851843925707,0.3712064891362437,0.35552779387991673,0.3398490986235898,0.2680208119129655,0.19619252520234115,0.12436423849171685,0.05253595178109255
7681,0.056639086305014866,0.06425753272192815,0.07759748382143074,0.09093743492093335,0.10427738602043597,0.11761733711993858,0.1309572882194412,0.19207116387144205,0.25318503952344296,0.31429891517544384,0.3754127908274448,0.3168441383691494,0.3092256919522361,0.2958857408527335,0.28254578975323086,0.26920583865372827,0.2558658875542257,0.24252593645472306,0.1814120608027222,0.1202981851507213,0.05918430949872042,-0.0019295661532805208
7682,0.03392680220936796,0.038490250202461725,0.046480878441028384,0.05447150667959503,0.06246213491816169,0.07045276315672834,0.07844339139529499,0.1150505915949522,0.15165779179460942,0.18826499199426663,0.22487219219392388,0.22601923126692836,0.22145578327383458,0.21346515503526792,0.20547452679670128,0.1974838985581346,0.18949327031956797,0.1815026420810013,0.1448954418813441,0.10828824168168688,0.07168104148202967,0.035073841282372425
7683,0.0236676925723058,0.026851201690074235,0.03242554764354464,0.03799989359701504,0.043574239550485436,0.049148585503955844,0.05472293145742625,0.08026049774238261,0.10579806402733898,0.13133563031229536,0.15687319659725174,0.20284547879051973,0.1996619696727513,0.1940876237192809,0.1885132777658105,0.1829389318123401,0.17736458585886972,0.17179023990539932,0.14625267362044297,0.12071510733548661,0.09517754105053022,0.06963997476557385
7684,0.02469635730095266,0.028018230711428102,0.03383485347536883,0.03965147623930954,0.04546809900325027,0.051284721767191,0.05710134453113172,0.08374884553458932,0.11039634653804692,0.1370438475415045,0.16369134854496212,0.2086410790622131,0.20531920565173767,0.19950258288779693,0.19368596012385622,0.18786933735991548,0.18205271459597477,0.17623609183203404,0.14958859082857645,0.12294108982511885,0.09629358882166127,0.06964608781820365
7685,0.018530992112733714,0.02102357064238779,0.025388092472381524,0.02975261430237525,0.03411713613236898,0.03848165796236271,0.04284617979235644,0.06284121893523797,0.08283625807811949,0.10283129722100104,0.12282633636388257,0.23076451461001737,0.2282719360803633,0.22390741425036959,0.21954289242037586,0.21517837059038214,0.21081384876038842,0.2064493269303947,0.18645428778751316,0.16645924864463163,0.1464642095017501,0.12646917035886857
7686,0.022723898938375474,0.025780459658883387,0.031132518111866028,0.036484576564848666,0.0418366350178313,0.04718869347081395,0.05254075192379659,0.0770599598532782,0.10157916778275981,0.12609837571224142,0.15061758364172306,0.3411068640072945,0.3380503032867866,0.33269824483380395,0.3273461863808213,0.32199412792783866,0.316642069474856,0.31129001102187337,0.2867708030923918,0.2622515951629102,0.2377323872334286,0.21321317930394695
7687,0.05954035988303085,0.0675490526604855,0.08157232777140645,0.0955956028823274,0.10961887799324835,0.12364215310416929,0.13766542821509023,0.20190979350324906,0.2661541587914079,0.33039852407956677,0.3946428893677256,0.5323949645104806,0.524386271733026,0.510362996622105,0.4963397215111841,0.48231644640026317,0.4682931712893422,0.4542698961784213,0.3900255308902625,0.32578116560210363,0.2615368003139448,0.19729243502578592
7688,0.09422208070711786,0.10689576455313886,0.129087470513181,0.15127917647322317,0.17347088243326533,0.1956625883933075,0.21785429435334966,0.31952042104539957,0.42118654773744957,0.5228526744294996,0.6245188011215496,0.7630054397344619,0.7503317558884409,0.7281400499283988,0.7059483439683566,0.6837566380083144,0.6615649320482723,0.6393732260882301,0.5377070993961802,0.4360409727041302,0.33437484601208023,0.23270871932003023
7689,0.11060462621291975,0.12548190395938727,0.1515321177130734,0.17758233146675953,0.2036325452204457,0.22968275897413182,0.255732972727818,0.37507595323620807,0.49441893374459817,0.6137619142529884,0.7331048947613785,1.04243040931092,1.0275531315644524,1.0015029178107662,0.9754527040570801,0.949402490303394,0.9233522765497079,0.8973020627960218,0.7779590822876317,0.6586161017792416,0.5392731212708513,0.41993014076246116
7690,0.14593538259187422,0.16556495229609972,0.19993646134515083,0.23430797039420195,0.2686794794432531,0.3030509884923042,0.3374224975413554,0.4948875522726021,0.6523526070038489,0.8098176617350957,0.9672827164663426,1.3368623237393928,1.3172327540351674,1.2828612449861163,1.2484897359370652,1.2141182268880142,1.1797467178389631,1.145375208789912,0.9879101540586653,0.8304450993274186,0.6729800445961718,0.5155149898649249
7691,0.17412844867806587,0.1975502293326846,0.2385619253527876,0.2795736213728906,0.3205853173929936,0.3615970134130966,0.40260870943319965,0.5904942325625675,0.7783797556919354,0.9662652788213034,1.1541508019506714,1.6963697765134498,1.6729479958588311,1.6319362998387281,1.590924603818625,1.549912907798522,1.508901211778419,1.467889515758316,1.2800039926289482,1.0921184694995802,0.9042329463702122,0.7163474232408442
7692,0.20258246617249245,0.22983155799628885,0.277544901707457,0.32525824541862514,0.3729715891297932,0.4206849328409614,0.46839827655212957,0.6869858360383282,0.9055733955245269,1.1241609550107257,1.3427485144969247,1.9211150761464808,1.8938659843226844,1.8461526406115163,1.7984392969003482,1.7507259531891801,1.7030126094780118,1.6552992657668437,1.4367117062806452,1.2181241467944464,0.9995365873082476,0.7809490278220486
7693,0.22682064156334378,0.25732997737244256,0.31075203030808307,0.3641740832437235,0.4175961361793641,0.4710181891150046,0.5244402420506451,0.769180921820084,1.013921601589523,1.2586622813589619,1.5034029611284008,2.0428941262432594,2.0123847904341607,1.9589627374985201,1.9055406845628797,1.852118631627239,1.7986965786915987,1.745274525755958,1.5005338459865192,1.2557931662170803,1.0110524864476413,0.7663118066782024
7694,0.28713168866453304,0.3257533813399477,0.3933802259058238,0.46100707047169975,0.5286339150375757,0.5962607596034519,0.6638876041693279,0.9737042248382178,1.2835208455071077,1.5933374661759976,1.9031540868448875,2.133676930271694,2.095055237596279,2.027428393030403,1.9598015484645268,1.8921747038986507,1.8245478593327746,1.7569210147668985,1.4471043940980086,1.1372877734291187,0.8274711527602288,0.5176545320913388
7695,0.3067951188581142,0.3480617127682659,0.42031979724889373,0.49257788172952155,0.5648359662101494,0.6370940506907772,0.709352135171405,1.040385701701159,1.3714192682309132,1.7024528347606676,2.0334864012904217,2.1612776545091203,2.120011060598969,2.047752976118341,1.975494891637713,1.9032368071570853,1.8309787226764576,1.7587206381958298,1.427687071666076,1.0966535051363218,0.7656199386065674,0.4345863720768133
7696,0.27598175878396375,0.31310368956544515,0.3781044409318533,0.44310519229826134,0.5081059436646694,0.5731066950310776,0.6381074463974856,0.9358932333664804,1.233679020335475,1.53146480730447,1.829250594273465,1.9097257114610804,1.872603780679599,1.8076030293131908,1.7426022779467827,1.6776015265803745,1.6126007752139664,1.5476000238475582,1.2498142368785634,0.9520284499095688,0.6542426629405738,0.35645687597157893
7697,0.2253108014307007,0.2556170506983482,0.3086834977291007,0.36174994475985317,0.4148163917906057,0.46788283882135817,0.5209492858521106,0.7640608400805081,1.0071723943089055,1.2502839485373032,1.4933955027657007,1.6192575536297766,1.588951304362129,1.5358848573313766,1.4828184103006241,1.4297519632698716,1.3766855162391192,1.3236190692083667,1.0805075149799692,0.8373959607515719,0.5942844065231742,0.3511728522947767
7698,0.181071206183045,0.20542684770103406,0.24807374039633354,0.290720633091633,0.3333675257869325,0.376014418482232,0.41866131117753147,0.6140381066158548,0.809414902054178,1.0047916974925013,1.200168492930825,1.489569188741577,1.4652135472235879,1.4225666545282885,1.379919761832989,1.3372728691376894,1.29462597644239,1.2519790837470905,1.0566022883087673,0.8612254928704441,0.6658486974321208,0.4704719019937972
7699,0.1371027565822645,0.15554426178254532,0.18783546186591396,0.22012666194928254,0.2524178620326512,0.2847090621160198,0.3170002621993884,0.464934866444111,0.6128694706888336,0.7608040749335562,0.9087386791782788,1.2544431595756709,1.23600165437539,1.2037104542920214,1.1714192542086528,1.1391280541252842,1.1068368540419156,1.074545653958547,0.9266110497138245,0.7786764454691019,0.6307418412243793,0.48280723697965666
7700,0.12288693681507708,0.1394162914452449,0.16835930297358676,0.19730231450192862,0.22624532603027048,0.25518833755861237,0.28413134908695425,0.4167270081222759,0.5493226671575976,0.6819183261929194,0.8145139852282411,0.965950353268064,0.9494209986378962,0.9204779871095543,0.8915349755812124,0.8625919640528705,0.8336489525245286,0.8047059409961868,0.6721102819608651,0.5395146229255434,0.40691896389022164,0.27432330485489986
7701,0.10407025709033581,0.11806860573895996,0.14257980870966933,0.16709101168037868,0.19160221465108804,0.2161134176217974,0.24062462059250678,0.3529169820306787,0.4652093434688507,0.5775017049070227,0.6897940663451948,0.756275578156249,0.7422772295076249,0.7177660265369155,0.6932548235662062,0.6687436205954969,0.6442324176247876,0.6197212146540781,0.5074288532159061,0.3951364917777342,0.2828441303395622,0.17055176890139007
7702,0.09174496304809825,0.10408545316899447,0.1256937346673304,0.14730201616566632,0.16891029766400223,0.19051857916233816,0.21212686066067407,0.3111201642112374,0.4101134677618008,0.5091067713123641,0.6081000748629275,0.6380177307790044,0.6256772406581081,0.6040689591597722,0.5824606776614363,0.5608523961631003,0.5392441146647644,0.5176358331664285,0.4186425296158651,0.3196492260653017,0.22065592251473837,0.12166261896417502
7703,0.0756798511426919,0.0858594449247251,0.10368398234795255,0.12150851977117999,0.13933305719440744,0.15715759461763487,0.17498213204086233,0.2566410943198301,0.33830005659879786,0.4199590188777657,0.5016179811567335,0.5589042903878931,0.54872469660586,0.5309001591826326,0.5130756217594051,0.4952510843361777,0.4774265469129503,0.45960200948972285,0.37794304721075506,0.2962840849317873,0.21462512265281947,0.13296616037385167
7704,0.06656898268586907,0.07552308595105217,0.09120178120737912,0.10688047646370606,0.12255917172003303,0.13823786697635998,0.1539165622326869,0.2257448489433112,0.29757313565393556,0.36940142236455986,0.44122970907518416,0.4271966781704077,0.4182425749052246,0.4025638796488976,0.3868851843925707,0.3712064891362437,0.35552779387991673,0.3398490986235898,0.2680208119129655,0.19619252520234115,0.12436423849171685,0.05253595178109255
7705,0.056639086305014866,0.06425753272192815,0.07759748382143074,0.09093743492093335,0.10427738602043597,0.11761733711993858,0.1309572882194412,0.19207116387144205,0.25318503952344296,0.31429891517544384,0.3754127908274448,0.3168441383691494,0.3092256919522361,0.2958857408527335,0.28254578975323086,0.26920583865372827,0.2558658875542257,0.24252593645472306,0.1814120608027222,0.1202981851507213,0.05918430949872042,-0.0019295661532805208
7706,0.03392680220936796,0.038490250202461725,0.046480878441028384,0.05447150667959503,0.06246213491816169,0.07045276315672834,0.07844339139529499,0.1150505915949522,0.15165779179460942,0.18826499199426663,0.22487219219392388,0.22601923126692836,0.22145578327383458,0.21346515503526792,0.20547452679670128,0.1974838985581346,0.18949327031956797,0.1815026420810013,0.1448954418813441,0.10828824168168688,0.07168104148202967,0.035073841282372425
7707,0.0236676925723058,0.026851201690074235,0.03242554764354464,0.03799989359701504,0.043574239550485436,0.049148585503955844,0.05472293145742625,0.08026049774238261,0.10579806402733898,0.13133563031229536,0.15687319659725174,0.20284547879051973,0.1996619696727513,0.1940876237192809,0.1885132777658105,0.1829389318123401,0.17736458585886972,0.17179023990539932,0.14625267362044297,0.12071510733548661,0.09517754105053022,0.06963997476557385
7708,0.02469635730095266,0.028018230711428102,0.03383485347536883,0.03965147623930954,0.04546809900325027,0.051284721767191,0.05710134453113172,0.08374884553458932,0.11039634653804692,0.1370438475415045,0.16369134854496212,0.2086410790622131,0.20531920565173767,0.19950258288779693,0.19368596012385622,0.18786933735991548,0.18205271459597477,0.17623609183203404,0.14958859082857645,0.12294108982511885,0.09629358882166127,0.06964608781820365
7709,0.018530992112733714,0.02102357064238779,0.025388092472381524,0.02975261430237525,0.03411713613236898,0.03848165796236271,0.04284617979235644,0.06284121893523797,0.08283625807811949,0.10283129722100104,0.12282633636388257,0.23076451461001737,0.2282719360803633,0.22390741425036959,0.21954289242037586,0.21517837059038214,0.21081384876038842,0.2064493269303947,0.18645428778751316,0.16645924864463163,0.1464642095017501,0.12646917035886857
7710,0.022723898938375474,0.025780459658883387,0.031132518111866028,0.036484576564848666,0.0418366350178313,0.04718869347081395,0.05254075192379659,0.0770599598532782,0.10157916778275981,0.12609837571224142,0.15061758364172306,0.3411068640072945,0.3380503032867866,0.33269824483380395,0.3273461863808213,0.32199412792783866,0.316642069474856,0.31129001102187337,0.2867708030923918,0.2622515951629102,0.2377323872334286,0.21321317930394695
7711,0.05954035988303085,0.0675490526604855,0.08157232777140645,0.0955956028823274,0.10961887799324835,0.12364215310416929,0.13766542821509023,0.20190979350324906,0.2661541587914079,0.33039852407956677,0.3946428893677256,0.5323949645104806,0.524386271733026,0.510362996622105,0.4963397215111841,0.48231644640026317,0.4682931712893422,0.4542698961784213,0.3900255308902625,0.32578116560210363,0.2615368003139448,0.19729243502578592
7712,0.09422208070711786,0.10689576455313886,0.129087470513181,0.15127917647322317,0.17347088243326533,0.1956625883933075,0.21785429435334966,0.31952042104539957,0.42118654773744957,0.5228526744294996,0.6245188011215496,0.7630054397344619,0.7503317558884409,0.7281400499283988,0.7059483439683566,0.6837566380083144,0.6615649320482723,0.6393732260882301,0.5377070993961802,0.4360409727041302,0.33437484601208023,0.23270871932003023
7713,0.11060462621291975,0.12548190395938727,0.1515321177130734,0.17758233146675953,0.2036325452204457,0.22968275897413182,0.255732972727818,0.37507595323620807,0.49441893374459817,0.6137619142529884,0.7331048947613785,1.04243040931092,1.0275531315644524,1.0015029178107662,0.9754527040570801,0.949402490303394,0.9233522765497079,0.8973020627960218,0.7779590822876317,0.6586161017792416,0.5392731212708513,0.41993014076246116
7714,0.14593538259187422,0.16556495229609972,0.19993646134515083,0.23430797039420195,0.2686794794432531,0.3030509884923042,0.3374224975413554,0.4948875522726021,0.6523526070038489,0.8098176617350957,0.9672827164663426,1.3368623237393928,1.3172327540351674,1.2828612449861163,1.2484897359370652,1.2141182268880142,1.1797467178389631,1.145375208789912,0.9879101540586653,0.8304450993274186,0.6729800445961718,0.5155149898649249
7715,0.17412844867806587,0.1975502293326846,0.2385619253527876,0.2795736213728906,0.3205853173929936,0.3615970134130966,0.40260870943319965,0.5904942325625675,0.7783797556919354,0.9662652788213034,1.1541508019506714,1.6963697765134498,1.6729479958588311,1.6319362998387281,1.590924603818625,1.549912907798522,1.508901211778419,1.467889515758316,1.2800039926289482,1.0921184694995802,0.9042329463702122,0.7163474232408442
7716,0.20258246617249245,0.22983155799628885,0.277544901707457,0.32525824541862514,0.3729715891297932,0.4206849328409614,0.46839827655212957,0.6869858360383282,0.9055733955245269,1.1241609550107257,1.3427485144969247,1.9211150761464808,1.8938659843226844,1.8461526406115163,1.7984392969003482,1.7507259531891801,1.7030126094780118,1.6552992657668437,1.4367117062806452,1.2181241467944464,0.9995365873082476,0.7809490278220486
7717,0.22682064156334378,0.25732997737244256,0.31075203030808307,0.3641740832437235,0.4175961361793641,0.4710181891150046,0.5244402420506451,0.769180921820084,1.013921601589523,1.2586622813589619,1.5034029611284008,2.0428941262432594,2.0123847904341607,1.9589627374985201,1.9055406845628797,1.852118631627239,1.7986965786915987,1.745274525755958,1.5005338459865192,1.2557931662170803,1.0110524864476413,0.7663118066782024
7718,0.28713168866453304,0.3257533813399477,0.3933802259058238,0.46100707047169975,0.5286339150375757,0.5962607596034519,0.6638876041693279,0.9737042248382178,1.2835208455071077,1.5933374661759976,1.9031540868448875,2.133676930271694,2.095055237596279,2.027428393030403,1.9598015484645268,1.8921747038986507,1.8245478593327746,1.7569210147668985,1.4471043940980086,1.1372877734291187,0.8274711527602288,0.5176545320913388
7719,0.3067951188581142,0.3480617127682659,0.42031979724889373,0.49257788172952155,0.5648359662101494,0.6370940506907772,0.709352135171405,1.040385701701159,1.3714192682309132,1.7024528347606676,2.0334864012904217,2.1612776545091203,2.120011060598969,2.047752976118341,1.975494891637713,1.9032368071570853,1.8309787226764576,1.7587206381958298,1.427687071666076,1.0966535051363218,0.7656199386065674,0.4345863720768133
7720,0.27598175878396375,0.31310368956544515,0.3781044409318533,0.44310519229826134,0.5081059436646694,0.5731066950310776,0.6381074463974856,0.9358932333664804,1.233679020335475,1.53146480730447,1.829250594273465,1.9097257114610804,1.872603780679599,1.8076030293131908,1.7426022779467827,1.6776015265803745,1.6126007752139664,1.5476000238475582,1.2498142368785634,0.9520284499095688,0.6542426629405738,0.35645687597157893
7721,0.2253108014307007,0.2556170506983482,0.3086834977291007,0.36174994475985317,0.4148163917906057,0.46788283882135817,0.5209492858521106,0.7640608400805081,1.0071723943089055,1.2502839485373032,1.4933955027657007,1.6192575536297766,1.588951304362129,1.5358848573313766,1.4828184103006241,1.4297519632698716,1.3766855162391192,1.3236190692083667,1.0805075149799692,0.8373959607515719,0.5942844065231742,0.3511728522947767
7722,0.181071206183045,0.20542684770103406,0.24807374039633354,0.290720633091633,0.3333675257869325,0.376014418482232,0.41866131117753147,0.6140381066158548,0.809414902054178,1.0047916974925013,1.200168492930825,1.489569188741577,1.4652135472235879,1.4225666545282885,1.379919761832989,1.3372728691376894,1.29462597644239,1.2519790837470905,1.0566022883087673,0.8612254928704441,0.6658486974321208,0.4704719019937972
7723,0.1371027565822645,0.15554426178254532,0.18783546186591396,0.22012666194928254,0.2524178620326512,0.2847090621160198,0.3170002621993884,0.464934866444111,0.6128694706888336,0.7608040749335562,0.9087386791782788,1.2544431595756709,1.23600165437539,1.2037104542920214,1.1714192542086528,1.1391280541252842,1.1068368540419156,1.074545653958547,0.9266110497138245,0.7786764454691019,0.6307418412243793,0.48280723697965666
7724,0.12288693681507708,0.1394162914452449,0.16835930297358676,0.19730231450192862,0.22624532603027048,0.25518833755861237,0.28413134908695425,0.4167270081222759,0.5493226671575976,0.6819183261929194,0.8145139852282411,0.965950353268064,0.9494209986378962,0.9204779871095543,0.8915349755812124,0.8625919640528705,0.8336489525245286,0.8047059409961868,0.6721102819608651,0.5395146229255434,0.40691896389022164,0.27432330485489986
7725,0.10407025709033581,0.11806860573895996,0.14257980870966933,0.16709101168037868,0.19160221465108804,0.2161134176217974,0.24062462059250678,0.3529169820306787,0.4652093434688507,0.5775017049070227,0.6897940663451948,0.756275578156249,0.7422772295076249,0.7177660265369155,0.6932548235662062,0.6687436205954969,0.6442324176247876,0.6197212146540781,0.5074288532159061,0.3951364917777342,0.2828441303395622,0.17055176890139007
7726,0.09174496304809825,0.10408545316899447,0.1256937346673304,0.14730201616566632,0.16891029766400223,0.19051857916233816,0.21212686066067407,0.3111201642112374,0.4101134677618008,0.5091067713123641,0.6081000748629275,0.6380177307790044,0.6256772406581081,0.6040689591597722,0.5824606776614363,0.5608523961631003,0.5392441146647644,0.5176358331664285,0.4186425296158651,0.3196492260653017,0.22065592251473837,0.12166261896417502
7727,0.0756798511426919,0.0858594449247251,0.10368398234795255,0.12150851977117999,0.13933305719440744,0.15715759461763487,0.17498213204086233,0.2566410943198301,0.33830005659879786,0.4199590188777657,0.5016179811567335,0.5589042903878931,0.54872469660586,0.5309001591826326,0.5130756217594051,0.4952510843361777,0.4774265469129503,0.45960200948972285,0.37794304721075506,0.2962840849317873,0.21462512265281947,0.13296616037385167
7728,0.031367184720614005,0.03558634204876214,0.04297411500909338,0.050361887969424625,0.057749660929755864,0.0651374338900871,0.07252520685041834,0.10637056615310214,0.14021592545578596,0.17406128475846977,0.20790664406115364,0.38513873965896495,0.3809195823308168,0.3735318093704856,0.36614403641015436,0.35875626344982314,0.3513684904894919,0.3439807175291607,0.3101353582264769,0.27628999892379313,0.24244463962110932,0.20859928031842545
7729,0.027541528392130105,0.031246101893993974,0.037732835101129916,0.04421956830826585,0.05070630151540179,0.057193034722537735,0.06367976792967367,0.09339722368731823,0.1231146794449628,0.15283213520260736,0.18254959096025195,0.2947264391013124,0.29102186559944854,0.2845351323923126,0.27804839918517665,0.2715616659780407,0.26507493277090477,0.25858819956376883,0.22887074380612427,0.1991532880484797,0.16943583229083514,0.13971837653319055
7730,0.021214760756460276,0.024068329353953997,0.029064947229369295,0.03406156510478459,0.03905818298019989,0.04405480085561519,0.049051418731030486,0.07194225852804301,0.09483309832505553,0.11772393812206808,0.1406147779190806,0.2196416620198345,0.2167880934223408,0.21179147554692548,0.20679485767151018,0.20179823979609487,0.19680162192067957,0.19180500404526427,0.16891416424825173,0.14602332445123922,0.12313248465422667,0.10024164485721414
7731,0.017379901386824617,0.01971764826949346,0.023811058840523276,0.02790446941155309,0.03199787998258291,0.03609129055361272,0.04018470112464254,0.058937707246218926,0.07769071336779533,0.09644371948937172,0.11519672561094813,0.1725522635160582,0.17021451663338938,0.16612110606235955,0.16202769549132973,0.1579342849202999,0.15384087434927007,0.14974746377824025,0.13099445765666387,0.11224145153508747,0.09348844541351108,0.07473543929193467
7732,0.018861538995962508,0.02139857893702769,0.025840952998510806,0.030283327059993915,0.03472570112147703,0.03916807518296014,0.04361044924444325,0.0639621502340575,0.08431385122367176,0.10466555221328604,0.1250172532029003,0.16219714722554288,0.1596601072844777,0.15521773322299456,0.15077535916151147,0.14633298510002835,0.14189061103854522,0.1374482369770621,0.11709653598744785,0.0967448349978336,0.07639313400821932,0.05604143301860505
7733,0.06031042844298219,0.06842270209442457,0.08262734801485494,0.09683199393528533,0.1110366398557157,0.1252412857761461,0.1394459316965765,0.20452120506052845,0.2695964784244804,0.33467175178843245,0.39974702515238447,0.4566317751531136,0.4485195015016712,0.43431485558124083,0.4201102096608105,0.4059055637403801,0.3917009178199497,0.3774962718995193,0.3124209985355673,0.24734572517161535,0.18227045180766333,0.1171951784437113
7734,0.30895518501738617,0.35051232648691727,0.4232791617051753,0.4960459969234333,0.5688128321416914,0.6415796673599494,0.7143465025782075,1.0477107919933368,1.3810750814084662,1.7144393708235957,2.0478036602387255,2.1024107163262697,2.0608535748567385,1.9880867396384805,1.9153199044202225,1.8425530692019643,1.7697862339837063,1.6970193987654483,1.363655109350319,1.0302908199351897,0.6969265305200603,0.3635622411049304
7735,1.1612949269476076,1.3174991271273024,1.5910137359992662,1.8645283448712298,2.1380429537431938,2.4115575626151577,2.685072171487121,3.9381155800368046,5.191158988586489,6.444202397136173,7.697245805685856,8.797592590406415,8.64138839022672,8.367873781354756,8.094359172482793,7.820844563610829,7.547329954738865,7.273815345866902,6.020771937317218,4.767728528767535,3.514685120217851,2.261641711668167
7736,2.8365400828547638,3.218079229059924,3.8861568494030205,4.554234469746118,5.222312090089215,5.890389710432311,6.558467330775408,9.61910918103339,12.679751031291374,15.74039288154936,18.801034731807345,21.40384848736475,21.02230934115959,20.354231720816493,19.686154100473395,19.018076480130297,18.3499988597872,17.6819212394441,14.621279389186117,11.560637538928134,8.499995688670149,5.439353838412163
7737,4.187241305649756,4.750461435119857,5.736663683482037,6.722865931844216,7.709068180206397,8.695270428568575,9.681472676930756,14.199528337297998,18.717583997665233,23.23563965803248,27.75369531839972,32.29130966000392,31.72808953053382,30.74188728217164,29.75568503380946,28.76948278544728,27.7832805370851,26.797078288722922,22.27902262835568,17.760966967988445,13.242911307621199,8.724855647253957
7738,4.1224380187469025,4.6769415462886,5.647880965838258,6.618820385387915,7.5897598049375725,8.56069922448723,9.53163864403689,13.979771212843394,18.427903781649896,22.876036350456406,27.324168919262913,32.91035711924829,32.35585359170659,31.384914172156932,30.413974752607274,29.443035333057615,28.472095913507957,27.501156493958298,23.053023925151795,18.60489135634529,14.15675878753878,9.708626218732274
7739,3.351595880008395,3.8024144805325077,4.591800893015079,5.381187305497649,6.170573717980221,6.959960130462791,7.7493465429453625,11.365736340329079,14.982126137712793,18.59851593509651,22.21490573248023,27.356769827551037,26.905951227026925,26.116564814544354,25.327178402061783,24.537791989579212,23.74840557709664,22.95901916461407,19.34262936723035,15.726239569846637,12.109849772462919,8.493459975079201
7740,2.9910124143164416,3.3933294236000933,4.097789222441407,4.80224902128272,5.506708820124034,6.211168618965348,6.915628417806662,10.142946736074473,13.370265054342282,16.597583372610092,19.82490169087791,24.2284335048095,23.82611649552585,23.121656696684536,22.417196897843223,21.71273709900191,21.008277300160596,20.303817501319283,17.076499183051475,13.849180864783666,10.621862546515855,7.394544228248039
7741,2.7047846416677372,3.0686015427890947,3.7056473923676854,4.342693241946275,4.979739091524866,5.6167849411034565,6.253830790682048,9.172307818474215,12.090784846266383,15.009261874058554,17.92773890185072,22.802692522038395,22.438875620917038,21.801829771338447,21.164783921759856,20.527738072181265,19.890692222602674,19.253646373024083,16.335169345231915,13.416692317439747,10.498215289647575,7.579738261855409
7742,2.20733046474823,2.5042354815337093,3.0241181699939683,3.544000858454227,4.063883546914486,4.583766235374744,5.103648923835004,7.485370246439614,9.867091569044224,12.248812891648836,14.630534214253444,19.724931122724897,19.428026105939416,18.908143417479156,18.388260729018896,17.868378040558635,17.348495352098375,16.828612663638115,14.446891341033504,12.065170018428894,9.683448695824282,7.3017273732196735
7743,1.677916042855984,1.903610246250039,2.298802319798513,2.693994393346985,3.0891864668954585,3.484378540443932,3.879570613992405,5.690050956937462,7.500531299882518,9.311011642827577,11.121491985772634,14.871256559632515,14.645562356238461,14.250370282689987,13.855178209141515,13.459986135593041,13.064794062044568,12.669601988496094,10.859121645551037,9.04864130260598,7.238160959660921,5.427680616715864
7744,1.1172675321315855,1.2675496673528908,1.5306947005095728,1.7938397336662546,2.0569847668229366,2.3201297999796187,2.583274833136301,3.7888124482913326,4.9943500634463645,6.199887678601396,7.405425293756428,10.033161309414842,9.882879174193537,9.619734141036854,9.356589107880172,9.09344407472349,8.830299041566807,8.567154008410125,7.361616393255093,6.156078778100062,4.95054116294503,3.745003547789998
7745,0.6682540838903488,0.7581400312657272,0.9155309318380566,1.0729218324103855,1.2303127329827148,1.3877036335550441,1.5450945341273732,2.2661442482220826,2.987193962316792,3.7082436764115014,4.429293390506211,6.0734388854665,5.983552938091121,5.826162037518792,5.668771136946463,5.5113802363741335,5.3539893358018045,5.196598435229475,4.475548721134766,3.7544990070400566,3.033449292945347,2.3123995788506377
7746,0.4397550001969972,0.4989058467966161,0.6024793784527985,0.7060529101089809,0.8096264417651632,0.9131999734213457,1.016773505077528,1.4912714914090162,1.9657694777405041,2.4402674640719924,2.9147654504034803,3.6846018562989733,3.625451009699354,3.5218774780431716,3.418303946386989,3.314730414730807,3.2111568830746244,3.1075833514184423,2.633085365086954,2.158587378755466,1.6840893924239777,1.2095914060924897
7747,0.286284866305672,0.32479265405806435,0.39222005033488544,0.4596474466117065,0.5270748428885276,0.5945022391653487,0.6619296354421698,0.9708325302776295,1.2797354251130895,1.5886383199485492,1.8975412147840094,2.22844041223525,2.1899326244828576,2.1225052282060366,2.0550778319292156,1.9876504356523945,1.9202230393755735,1.8527956430987524,1.5438927482632927,1.2349898534278327,0.926086958592373,0.6171840637569128
7748,0.1600000684787465,0.18152145994052682,0.21920556165659857,0.25688966337267033,0.2945737650887421,0.33225786680481384,0.3699419685208856,0.5425828942000834,0.7152238198792811,0.887864745558479,1.0605056712376768,1.3303544742870113,1.308833082825231,1.2711489811091592,1.2334648793930874,1.1957807776770155,1.1580966759609437,1.1204125742448718,0.947771648565674,0.7751307228864763,0.6024897972072784,0.4298488715280806
7749,0.0966650333943288,0.10966731548161278,0.1324343991801003,0.15520148287858784,0.17796856657707538,0.20073565027556292,0.2235027339740505,0.3278048196211218,0.432106905268193,0.5364089909152644,0.6407110765623357,0.8750441895076194,0.8620419074203355,0.8392748237218479,0.8165077400233604,0.7937406563248728,0.7709735726263852,0.7482064889278977,0.6439044032808263,0.5396023176337551,0.4353002319866837,0.3309981463396124
7750,0.060485888935644626,0.06862176353916513,0.08286773488598757,0.09711370623281,0.11135967757963244,0.1256056489264549,0.13985162027327736,0.2051162164429092,0.27038081261254104,0.33564540878217297,0.40091000495180484,0.6530761972950729,0.6449403226915524,0.63069435134473,0.6164483799979075,0.602202408651085,0.5879564373042625,0.57371046595744,0.5084458697878081,0.4431812736181763,0.37791667744854435,0.3126520812789125
7751,0.04326251605801909,0.04908169821561838,0.059271125452270715,0.06946055268892304,0.07964997992557539,0.08983940716222773,0.10002883439888008,0.1467093195416705,0.19338980468446088,0.24007028982725132,0.28675077497004176,0.499578441059629,0.4937592589020297,0.48356983166537737,0.47338040442872503,0.4631909771920727,0.45300154995542036,0.442812122718768,0.3961316375759776,0.3494511524331872,0.30277066729039676,0.2560901821476063
7752,0.031367184720614005,0.03558634204876214,0.04297411500909338,0.050361887969424625,0.057749660929755864,0.0651374338900871,0.07252520685041834,0.10637056615310214,0.14021592545578596,0.17406128475846977,0.20790664406115364,0.38513873965896495,0.3809195823308168,0.3735318093704856,0.36614403641015436,0.35875626344982314,0.3513684904894919,0.3439807175291607,0.3101353582264769,0.27628999892379313,0.24244463962110932,0.20859928031842545
7753,0.027541528392130105,0.031246101893993974,0.037732835101129916,0.04421956830826585,0.05070630151540179,0.057193034722537735,0.06367976792967367,0.09339722368731823,0.1231146794449628,0.15283213520260736,0.18254959096025195,0.2947264391013124,0.29102186559944854,0.2845351323923126,0.27804839918517665,0.2715616659780407,0.26507493277090477,0.25858819956376883,0.22887074380612427,0.1991532880484797,0.16943583229083514,0.13971837653319055
7754,0.021214760756460276,0.024068329353953997,0.029064947229369295,0.03406156510478459,0.03905818298019989,0.04405480085561519,0.049051418731030486,0.07194225852804301,0.09483309832505553,0.11772393812206808,0.1406147779190806,0.2196416620198345,0.2167880934223408,0.21179147554692548,0.20679485767151018,0.20179823979609487,0.19680162192067957,0.19180500404526427,0.16891416424825173,0.14602332445123922,0.12313248465422667,0.10024164485721414
7755,0.017379901386824617,0.01971764826949346,0.023811058840523276,0.02790446941155309,0.03199787998258291,0.03609129055361272,0.04018470112464254,0.058937707246218926,0.07769071336779533,0.09644371948937172,0.11519672561094813,0.1725522635160582,0.17021451663338938,0.16612110606235955,0.16202769549132973,0.1579342849202999,0.15384087434927007,0.14974746377824025,0.13099445765666387,0.11224145153508747,0.09348844541351108,0.07473543929193467
7756,0.018861538995962508,0.02139857893702769,0.025840952998510806,0.030283327059993915,0.03472570112147703,0.03916807518296014,0.04361044924444325,0.0639621502340575,0.08431385122367176,0.10466555221328604,0.1250172532029003,0.16219714722554288,0.1596601072844777,0.15521773322299456,0.15077535916151147,0.14633298510002835,0.14189061103854522,0.1374482369770621,0.11709653598744785,0.0967448349978336,0.07639313400821932,0.05604143301860505
7757,0.06031042844298219,0.06842270209442457,0.08262734801485494,0.09683199393528533,0.1110366398557157,0.1252412857761461,0.1394459316965765,0.20452120506052845,0.2695964784244804,0.33467175178843245,0.39974702515238447,0.4566317751531136,0.4485195015016712,0.43431485558124083,0.4201102096608105,0.4059055637403801,0.3917009178199497,0.3774962718995193,0.3124209985355673,0.24734572517161535,0.18227045180766333,0.1171951784437113
7758,0.30895518501738617,0.35051232648691727,0.4232791617051753,0.4960459969234333,0.5688128321416914,0.6415796673599494,0.7143465025782075,1.0477107919933368,1.3810750814084662,1.7144393708235957,2.0478036602387255,2.1024107163262697,2.0608535748567385,1.9880867396384805,1.9153199044202225,1.8425530692019643,1.7697862339837063,1.6970193987654483,1.363655109350319,1.0302908199351897,0.6969265305200603,0.3635622411049304
7759,1.1612949269476076,1.3174991271273024,1.5910137359992662,1.8645283448712298,2.1380429537431938,2.4115575626151577,2.685072171487121,3.9381155800368046,5.191158988586489,6.444202397136173,7.697245805685856,8.797592590406415,8.64138839022672,8.367873781354756,8.094359172482793,7.820844563610829,7.547329954738865,7.273815345866902,6.020771937317218,4.767728528767535,3.514685120217851,2.261641711668167
7760,2.8365400828547638,3.218079229059924,3.8861568494030205,4.554234469746118,5.222312090089215,5.890389710432311,6.558467330775408,9.61910918103339,12.679751031291374,15.74039288154936,18.801034731807345,21.40384848736475,21.02230934115959,20.354231720816493,19.686154100473395,19.018076480130297,18.3499988597872,17.6819212394441,14.621279389186117,11.560637538928134,8.499995688670149,5.439353838412163
7761,4.187241305649756,4.750461435119857,5.736663683482037,6.722865931844216,7.709068180206397,8.695270428568575,9.681472676930756,14.199528337297998,18.717583997665233,23.23563965803248,27.75369531839972,32.29130966000392,31.72808953053382,30.74188728217164,29.75568503380946,28.76948278544728,27.7832805370851,26.797078288722922,22.27902262835568,17.760966967988445,13.242911307621199,8.724855647253957
7762,4.1224380187469025,4.6769415462886,5.647880965838258,6.618820385387915,7.5897598049375725,8.56069922448723,9.53163864403689,13.979771212843394,18.427903781649896,22.876036350456406,27.324168919262913,32.91035711924829,32.35585359170659,31.384914172156932,30.413974752607274,29.443035333057615,28.472095913507957,27.501156493958298,23.053023925151795,18.60489135634529,14.15675878753878,9.708626218732274
7763,3.351595880008395,3.8024144805325077,4.591800893015079,5.381187305497649,6.170573717980221,6.959960130462791,7.7493465429453625,11.365736340329079,14.982126137712793,18.59851593509651,22.21490573248023,27.356769827551037,26.905951227026925,26.116564814544354,25.327178402061783,24.537791989579212,23.74840557709664,22.95901916461407,19.34262936723035,15.726239569846637,12.109849772462919,8.493459975079201
7764,2.9910124143164416,3.3933294236000933,4.097789222441407,4.80224902128272,5.506708820124034,6.211168618965348,6.915628417806662,10.142946736074473,13.370265054342282,16.597583372610092,19.82490169087791,24.2284335048095,23.82611649552585,23.121656696684536,22.417196897843223,21.71273709900191,21.008277300160596,20.303817501319283,17.076499183051475,13.849180864783666,10.621862546515855,7.394544228248039
7765,2.7047846416677372,3.0686015427890947,3.7056473923676854,4.342693241946275,4.979739091524866,5.6167849411034565,6.253830790682048,9.172307818474215,12.090784846266383,15.009261874058554,17.92773890185072,22.802692522038395,22.438875620917038,21.801829771338447,21.164783921759856,20.527738072181265,19.890692222602674,19.253646373024083,16.335169345231915,13.416692317439747,10.498215289647575,7.579738261855409
7766,2.20733046474823,2.5042354815337093,3.0241181699939683,3.544000858454227,4.063883546914486,4.583766235374744,5.103648923835004,7.485370246439614,9.867091569044224,12.248812891648836,14.630534214253444,19.724931122724897,19.428026105939416,18.908143417479156,18.388260729018896,17.868378040558635,17.348495352098375,16.828612663638115,14.446891341033504,12.065170018428894,9.683448695824282,7.3017273732196735
7767,1.677916042855984,1.903610246250039,2.298802319798513,2.693994393346985,3.0891864668954585,3.484378540443932,3.879570613992405,5.690050956937462,7.500531299882518,9.311011642827577,11.121491985772634,14.871256559632515,14.645562356238461,14.250370282689987,13.855178209141515,13.459986135593041,13.064794062044568,12.669601988496094,10.859121645551037,9.04864130260598,7.238160959660921,5.427680616715864
7768,1.1172675321315855,1.2675496673528908,1.5306947005095728,1.7938397336662546,2.0569847668229366,2.3201297999796187,2.583274833136301,3.7888124482913326,4.9943500634463645,6.199887678601396,7.405425293756428,10.033161309414842,9.882879174193537,9.619734141036854,9.356589107880172,9.09344407472349,8.830299041566807,8.567154008410125,7.361616393255093,6.156078778100062,4.95054116294503,3.745003547789998
7769,0.6682540838903488,0.7581400312657272,0.9155309318380566,1.0729218324103855,1.2303127329827148,1.3877036335550441,1.5450945341273732,2.2661442482220826,2.987193962316792,3.7082436764115014,4.429293390506211,6.0734388854665,5.983552938091121,5.826162037518792,5.668771136946463,5.5113802363741335,5.3539893358018045,5.196598435229475,4.475548721134766,3.7544990070400566,3.033449292945347,2.3123995788506377
7770,0.4397550001969972,0.4989058467966161,0.6024793784527985,0.7060529101089809,0.8096264417651632,0.9131999734213457,1.016773505077528,1.4912714914090162,1.9657694777405041,2.4402674640719924,2.9147654504034803,3.6846018562989733,3.625451009699354,3.5218774780431716,3.418303946386989,3.314730414730807,3.2111568830746244,3.1075833514184423,2.633085365086954,2.158587378755466,1.6840893924239777,1.2095914060924897
7771,0.286284866305672,0.32479265405806435,0.39222005033488544,0.4596474466117065,0.5270748428885276,0.5945022391653487,0.6619296354421698,0.9708325302776295,1.2797354251130895,1.5886383199485492,1.8975412147840094,2.22844041223525,2.1899326244828576,2.1225052282060366,2.0550778319292156,1.9876504356523945,1.9202230393755735,1.8527956430987524,1.5438927482632927,1.2349898534278327,0.926086958592373,0.6171840637569128
7772,0.1600000684787465,0.18152145994052682,0.21920556165659857,0.25688966337267033,0.2945737650887421,0.33225786680481384,0.3699419685208856,0.5425828942000834,0.7152238198792811,0.887864745558479,1.0605056712376768,1.3303544742870113,1.308833082825231,1.2711489811091592,1.2334648793930874,1.1957807776770155,1.1580966759609437,1.1204125742448718,0.947771648565674,0.7751307228864763,0.6024897972072784,0.4298488715280806
7773,0.0966650333943288,0.10966731548161278,0.1324343991801003,0.15520148287858784,0.17796856657707538,0.20073565027556292,0.2235027339740505,0.3278048196211218,0.432106905268193,0.5364089909152644,0.6407110765623357,0.8750441895076194,0.8620419074203355,0.8392748237218479,0.8165077400233604,0.7937406563248728,0.7709735726263852,0.7482064889278977,0.6439044032808263,0.5396023176337551,0.4353002319866837,0.3309981463396124
7774,0.060485888935644626,0.06862176353916513,0.08286773488598757,0.09711370623281,0.11135967757963244,0.1256056489264549,0.13985162027327736,0.2051162164429092,0.27038081261254104,0.33564540878217297,0.40091000495180484,0.6530761972950729,0.6449403226915524,0.63069435134473,0.6164483799979075,0.602202408651085,0.5879564373042625,0.57371046595744,0.5084458697878081,0.4431812736181763,0.37791667744854435,0.3126520812789125
7775,0.04326251605801909,0.04908169821561838,0.059271125452270715,0.06946055268892304,0.07964997992557539,0.08983940716222773,0.10002883439888008,0.1467093195416705,0.19338980468446088,0.24007028982725132,0.28675077497004176,0.499578441059629,0.4937592589020297,0.48356983166537737,0.47338040442872503,0.4631909771920727,0.45300154995542036,0.442812122718768,0.3961316375759776,0.3494511524331872,0.30277066729039676,0.2560901821476063
7776,0.031367184720614005,0.03558634204876214,0.04297411500909338,0.050361887969424625,0.057749660929755864,0.0651374338900871,0.07252520685041834,0.10637056615310214,0.14021592545578596,0.17406128475846977,0.20790664406115364,0.38513873965896495,0.3809195823308168,0.3735318093704856,0.36614403641015436,0.35875626344982314,0.3513684904894919,0.3439807175291607,0.3101353582264769,0.27628999892379313,0.24244463962110932,0.20859928031842545
7777,0.027541528392130105,0.031246101893993974,0.037732835101129916,0.04421956830826585,0.05070630151540179,0.057193034722537735,0.06367976792967367,0.09339722368731823,0.1231146794449628,0.15283213520260736,0.18254959096025195,0.2947264391013124,0.29102186559944854,0.2845351323923126,0.27804839918517665,0.2715616659780407,0.26507493277090477,0.25858819956376883,0.22887074380612427,0.1991532880484797,0.16943583229083514,0.13971837653319055
7778,0.021214760756460276,0.024068329353953997,0.029064947229369295,0.03406156510478459,0.03905818298019989,0.04405480085561519,0.049051418731030486,0.07194225852804301,0.09483309832505553,0.11772393812206808,0.1406147779190806,0.2196416620198345,0.2167880934223408,0.21179147554692548,0.20679485767151018,0.20179823979609487,0.19680162192067957,0.19180500404526427,0.16891416424825173,0.14602332445123922,0.12313248465422667,0.10024164485721414
7779,0.017379901386824617,0.01971764826949346,0.023811058840523276,0.02790446941155309,0.03199787998258291,0.03609129055361272,0.04018470112464254,0.058937707246218926,0.07769071336779533,0.09644371948937172,0.11519672561094813,0.1725522635160582,0.17021451663338938,0.16612110606235955,0.16202769549132973,0.1579342849202999,0.15384087434927007,0.14974746377824025,0.13099445765666387,0.11224145153508747,0.09348844541351108,0.07473543929193467
7780,0.018861538995962508,0.02139857893702769,0.025840952998510806,0.030283327059993915,0.03472570112147703,0.03916807518296014,0.04361044924444325,0.0639621502340575,0.08431385122367176,0.10466555221328604,0.1250172532029003,0.16219714722554288,0.1596601072844777,0.15521773322299456,0.15077535916151147,0.14633298510002835,0.14189061103854522,0.1374482369770621,0.11709653598744785,0.0967448349978336,0.07639313400821932,0.05604143301860505
7781,0.06031042844298219,0.06842270209442457,0.08262734801485494,0.09683199393528533,0.1110366398557157,0.1252412857761461,0.1394459316965765,0.20452120506052845,0.2695964784244804,0.33467175178843245,0.39974702515238447,0.4566317751531136,0.4485195015016712,0.43431485558124083,0.4201102096608105,0.4059055637403801,0.3917009178199497,0.3774962718995193,0.3124209985355673,0.24734572517161535,0.18227045180766333,0.1171951784437113
7782,0.30895518501738617,0.35051232648691727,0.4232791617051753,0.4960459969234333,0.5688128321416914,0.6415796673599494,0.7143465025782075,1.0477107919933368,1.3810750814084662,1.7144393708235957,2.0478036602387255,2.1024107163262697,2.0608535748567385,1.9880867396384805,1.9153199044202225,1.8425530692019643,1.7697862339837063,1.6970193987654483,1.363655109350319,1.0302908199351897,0.6969265305200603,0.3635622411049304
7783,1.1612949269476076,1.3174991271273024,1.5910137359992662,1.8645283448712298,2.1380429537431938,2.4115575626151577,2.685072171487121,3.9381155800368046,5.191158988586489,6.444202397136173,7.697245805685856,8.797592590406415,8.64138839022672,8.367873781354756,8.094359172482793,7.820844563610829,7.547329954738865,7.273815345866902,6.020771937317218,4.767728528767535,3.514685120217851,2.261641711668167
7784,2.8365400828547638,3.218079229059924,3.8861568494030205,4.554234469746118,5.222312090089215,5.890389710432311,6.558467330775408,9.61910918103339,12.679751031291374,15.74039288154936,18.801034731807345,21.40384848736475,21.02230934115959,20.354231720816493,19.686154100473395,19.018076480130297,18.3499988597872,17.6819212394441,14.621279389186117,11.560637538928134,8.499995688670149,5.439353838412163
7785,4.187241305649756,4.750461435119857,5.736663683482037,6.722865931844216,7.709068180206397,8.695270428568575,9.681472676930756,14.199528337297998,18.717583997665233,23.23563965803248,27.75369531839972,32.29130966000392,31.72808953053382,30.74188728217164,29.75568503380946,28.76948278544728,27.7832805370851,26.797078288722922,22.27902262835568,17.760966967988445,13.242911307621199,8.724855647253957
7786,4.1224380187469025,4.6769415462886,5.647880965838258,6.618820385387915,7.5897598049375725,8.56069922448723,9.53163864403689,13.979771212843394,18.427903781649896,22.876036350456406,27.324168919262913,32.91035711924829,32.35585359170659,31.384914172156932,30.413974752607274,29.443035333057615,28.472095913507957,27.501156493958298,23.053023925151795,18.60489135634529,14.15675878753878,9.708626218732274
7787,3.351595880008395,3.8024144805325077,4.591800893015079,5.381187305497649,6.170573717980221,6.959960130462791,7.7493465429453625,11.365736340329079,14.982126137712793,18.59851593509651,22.21490573248023,27.356769827551037,26.905951227026925,26.116564814544354,25.327178402061783,24.537791989579212,23.74840557709664,22.95901916461407,19.34262936723035,15.726239569846637,12.109849772462919,8.493459975079201
7788,2.9910124143164416,3.3933294236000933,4.097789222441407,4.80224902128272,5.506708820124034,6.211168618965348,6.915628417806662,10.142946736074473,13.370265054342282,16.597583372610092,19.82490169087791,24.2284335048095,23.82611649552585,23.121656696684536,22.417196897843223,21.71273709900191,21.008277300160596,20.303817501319283,17.076499183051475,13.849180864783666,10.621862546515855,7.394544228248039
7789,2.7047846416677372,3.0686015427890947,3.7056473923676854,4.342693241946275,4.979739091524866,5.6167849411034565,6.253830790682048,9.172307818474215,12.090784846266383,15.009261874058554,17.92773890185072,22.802692522038395,22.438875620917038,21.801829771338447,21.164783921759856,20.527738072181265,19.890692222602674,19.253646373024083,16.335169345231915,13.416692317439747,10.498215289647575,7.579738261855409
7790,2.20733046474823,2.5042354815337093,3.0241181699939683,3.544000858454227,4.063883546914486,4.583766235374744,5.103648923835004,7.485370246439614,9.867091569044224,12.248812891648836,14.630534214253444,19.724931122724897,19.428026105939416,18.908143417479156,18.388260729018896,17.868378040558635,17.348495352098375,16.828612663638115,14.446891341033504,12.065170018428894,9.683448695824282,7.3017273732196735
7791,1.677916042855984,1.903610246250039,2.298802319798513,2.693994393346985,3.0891864668954585,3.484378540443932,3.879570613992405,5.690050956937462,7.500531299882518,9.311011642827577,11.121491985772634,14.871256559632515,14.645562356238461,14.250370282689987,13.855178209141515,13.459986135593041,13.064794062044568,12.669601988496094,10.859121645551037,9.04864130260598,7.238160959660921,5.427680616715864
7792,1.1172675321315855,1.2675496673528908,1.5306947005095728,1.7938397336662546,2.0569847668229366,2.3201297999796187,2.583274833136301,3.7888124482913326,4.9943500634463645,6.199887678601396,7.405425293756428,10.033161309414842,9.882879174193537,9.619734141036854,9.356589107880172,9.09344407472349,8.830299041566807,8.567154008410125,7.361616393255093,6.156078778100062,4.95054116294503,3.745003547789998
7793,0.6682540838903488,0.7581400312657272,0.9155309318380566,1.0729218324103855,1.2303127329827148,1.3877036335550441,1.5450945341273732,2.2661442482220826,2.987193962316792,3.7082436764115014,4.429293390506211,6.0734388854665,5.983552938091121,5.826162037518792,5.668771136946463,5.5113802363741335,5.3539893358018045,5.196598435229475,4.475548721134766,3.7544990070400566,3.033449292945347,2.3123995788506377
7794,0.4397550001969972,0.4989058467966161,0.6024793784527985,0.7060529101089809,0.8096264417651632,0.9131999734213457,1.016773505077528,1.4912714914090162,1.9657694777405041,2.4402674640719924,2.9147654504034803,3.6846018562989733,3.625451009699354,3.5218774780431716,3.418303946386989,3.314730414730807,3.2111568830746244,3.1075833514184423,2.633085365086954,2.158587378755466,1.6840893924239777,1.2095914060924897
7795,0.286284866305672,0.32479265405806435,0.39222005033488544,0.4596474466117065,0.5270748428885276,0.5945022391653487,0.6619296354421698,0.9708325302776295,1.2797354251130895,1.5886383199485492,1.8975412147840094,2.22844041223525,2.1899326244828576,2.1225052282060366,2.0550778319292156,1.9876504356523945,1.9202230393755735,1.8527956430987524,1.5438927482632927,1.2349898534278327,0.926086958592373,0.6171840637569128
7796,0.1600000684787465,0.18152145994052682,0.21920556165659857,0.25688966337267033,0.2945737650887421,0.33225786680481384,0.3699419685208856,0.5425828942000834,0.7152238198792811,0.887864745558479,1.0605056712376768,1.3303544742870113,1.308833082825231,1.2711489811091592,1.2334648793930874,1.1957807776770155,1.1580966759609437,1.1204125742448718,0.947771648565674,0.7751307228864763,0.6024897972072784,0.4298488715280806
7797,0.0966650333943288,0.10966731548161278,0.1324343991801003,0.15520148287858784,0.17796856657707538,0.20073565027556292,0.2235027339740505,0.3278048196211218,0.432106905268193,0.5364089909152644,0.6407110765623357,0.8750441895076194,0.8620419074203355,0.8392748237218479,0.8165077400233604,0.7937406563248728,0.7709735726263852,0.7482064889278977,0.6439044032808263,0.5396023176337551,0.4353002319866837,0.3309981463396124
7798,0.060485888935644626,0.06862176353916513,0.08286773488598757,0.09711370623281,0.11135967757963244,0.1256056489264549,0.13985162027327736,0.2051162164429092,0.27038081261254104,0.33564540878217297,0.40091000495180484,0.6530761972950729,0.6449403226915524,0.63069435134473,0.6164483799979075,0.602202408651085,0.5879564373042625,0.57371046595744,0.5084458697878081,0.4431812736181763,0.37791667744854435,0.3126520812789125
7799,0.04326251605801909,0.04908169821561838,0.059271125452270715,0.06946055268892304,0.07964997992557539,0.08983940716222773,0.10002883439888008,0.1467093195416705,0.19338980468446088,0.24007028982725132,0.28675077497004176,0.499578441059629,0.4937592589020297,0.48356983166537737,0.47338040442872503,0.4631909771920727,0.45300154995542036,0.442812122718768,0.3961316375759776,0.3494511524331872,0.30277066729039676,0.2560901821476063
7800,0.031367184720614005,0.03558634204876214,0.04297411500909338,0.050361887969424625,0.057749660929755864,0.0651374338900871,0.07252520685041834,0.10637056615310214,0.14021592545578596,0.17406128475846977,0.20790664406115364,0.38513873965896495,0.3809195823308168,0.3735318093704856,0.36614403641015436,0.35875626344982314,0.3513684904894919,0.3439807175291607,0.3101353582264769,0.27628999892379313,0.24244463962110932,0.20859928031842545
7801,0.027541528392130105,0.031246101893993974,0.037732835101129916,0.04421956830826585,0.05070630151540179,0.057193034722537735,0.06367976792967367,0.09339722368731823,0.1231146794449628,0.15283213520260736,0.18254959096025195,0.2947264391013124,0.29102186559944854,0.2845351323923126,0.27804839918517665,0.2715616659780407,0.26507493277090477,0.25858819956376883,0.22887074380612427,0.1991532880484797,0.16943583229083514,0.13971837653319055
7802,0.021214760756460276,0.024068329353953997,0.029064947229369295,0.03406156510478459,0.03905818298019989,0.04405480085561519,0.049051418731030486,0.07194225852804301,0.09483309832505553,0.11772393812206808,0.1406147779190806,0.2196416620198345,0.2167880934223408,0.21179147554692548,0.20679485767151018,0.20179823979609487,0.19680162192067957,0.19180500404526427,0.16891416424825173,0.14602332445123922,0.12313248465422667,0.10024164485721414
7803,0.017379901386824617,0.01971764826949346,0.023811058840523276,0.02790446941155309,0.03199787998258291,0.03609129055361272,0.04018470112464254,0.058937707246218926,0.07769071336779533,0.09644371948937172,0.11519672561094813,0.1725522635160582,0.17021451663338938,0.16612110606235955,0.16202769549132973,0.1579342849202999,0.15384087434927007,0.14974746377824025,0.13099445765666387,0.11224145153508747,0.09348844541351108,0.07473543929193467
7804,0.018861538995962508,0.02139857893702769,0.025840952998510806,0.030283327059993915,0.03472570112147703,0.03916807518296014,0.04361044924444325,0.0639621502340575,0.08431385122367176,0.10466555221328604,0.1250172532029003,0.16219714722554288,0.1596601072844777,0.15521773322299456,0.15077535916151147,0.14633298510002835,0.14189061103854522,0.1374482369770621,0.11709653598744785,0.0967448349978336,0.07639313400821932,0.05604143301860505
7805,0.06031042844298219,0.06842270209442457,0.08262734801485494,0.09683199393528533,0.1110366398557157,0.1252412857761461,0.1394459316965765,0.20452120506052845,0.2695964784244804,0.33467175178843245,0.39974702515238447,0.4566317751531136,0.4485195015016712,0.43431485558124083,0.4201102096608105,0.4059055637403801,0.3917009178199497,0.3774962718995193,0.3124209985355673,0.24734572517161535,0.18227045180766333,0.1171951784437113
7806,0.30895518501738617,0.35051232648691727,0.4232791617051753,0.4960459969234333,0.5688128321416914,0.6415796673599494,0.7143465025782075,1.0477107919933368,1.3810750814084662,1.7144393708235957,2.0478036602387255,2.1024107163262697,2.0608535748567385,1.9880867396384805,1.9153199044202225,1.8425530692019643,1.7697862339837063,1.6970193987654483,1.363655109350319,1.0302908199351897,0.6969265305200603,0.3635622411049304
7807,1.1612949269476076,1.3174991271273024,1.5910137359992662,1.8645283448712298,2.1380429537431938,2.4115575626151577,2.685072171487121,3.9381155800368046,5.191158988586489,6.444202397136173,7.697245805685856,8.797592590406415,8.64138839022672,8.367873781354756,8.094359172482793,7.820844563610829,7.547329954738865,7.273815345866902,6.020771937317218,4.767728528767535,3.514685120217851,2.261641711668167
7808,2.8365400828547638,3.218079229059924,3.8861568494030205,4.554234469746118,5.222312090089215,5.890389710432311,6.558467330775408,9.61910918103339,12.679751031291374,15.74039288154936,18.801034731807345,21.40384848736475,21.02230934115959,20.354231720816493,19.686154100473395,19.018076480130297,18.3499988597872,17.6819212394441,14.621279389186117,11.560637538928134,8.499995688670149,5.439353838412163
7809,4.187241305649756,4.750461435119857,5.736663683482037,6.722865931844216,7.709068180206397,8.695270428568575,9.681472676930756,14.199528337297998,18.717583997665233,23.23563965803248,27.75369531839972,32.29130966000392,31.72808953053382,30.74188728217164,29.75568503380946,28.76948278544728,27.7832805370851,26.797078288722922,22.27902262835568,17.760966967988445,13.242911307621199,8.724855647253957
7810,4.1224380187469025,4.6769415462886,5.647880965838258,6.618820385387915,7.5897598049375725,8.56069922448723,9.53163864403689,13.979771212843394,18.427903781649896,22.876036350456406,27.324168919262913,32.91035711924829,32.35585359170659,31.384914172156932,30.413974752607274,29.443035333057615,28.472095913507957,27.501156493958298,23.053023925151795,18.60489135634529,14.15675878753878,9.708626218732274
7811,3.351595880008395,3.8024144805325077,4.591800893015079,5.381187305497649,6.170573717980221,6.959960130462791,7.7493465429453625,11.365736340329079,14.982126137712793,18.59851593509651,22.21490573248023,27.356769827551037,26.905951227026925,26.116564814544354,25.327178402061783,24.537791989579212,23.74840557709664,22.95901916461407,19.34262936723035,15.726239569846637,12.109849772462919,8.493459975079201
7812,2.9910124143164416,3.3933294236000933,4.097789222441407,4.80224902128272,5.506708820124034,6.211168618965348,6.915628417806662,10.142946736074473,13.370265054342282,16.597583372610092,19.82490169087791,24.2284335048095,23.82611649552585,23.121656696684536,22.417196897843223,21.71273709900191,21.008277300160596,20.303817501319283,17.076499183051475,13.849180864783666,10.621862546515855,7.394544228248039
7813,2.7047846416677372,3.0686015427890947,3.7056473923676854,4.342693241946275,4.979739091524866,5.6167849411034565,6.253830790682048,9.172307818474215,12.090784846266383,15.009261874058554,17.92773890185072,22.802692522038395,22.438875620917038,21.801829771338447,21.164783921759856,20.527738072181265,19.890692222602674,19.253646373024083,16.335169345231915,13.416692317439747,10.498215289647575,7.579738261855409
7814,2.20733046474823,2.5042354815337093,3.0241181699939683,3.544000858454227,4.063883546914486,4.583766235374744,5.103648923835004,7.485370246439614,9.867091569044224,12.248812891648836,14.630534214253444,19.724931122724897,19.428026105939416,18.908143417479156,18.388260729018896,17.868378040558635,17.348495352098375,16.828612663638115,14.446891341033504,12.065170018428894,9.683448695824282,7.3017273732196735
7815,1.677916042855984,1.903610246250039,2.298802319798513,2.693994393346985,3.0891864668954585,3.484378540443932,3.879570613992405,5.690050956937462,7.500531299882518,9.311011642827577,11.121491985772634,14.871256559632515,14.645562356238461,14.250370282689987,13.855178209141515,13.459986135593041,13.064794062044568,12.669601988496094,10.859121645551037,9.04864130260598,7.238160959660921,5.427680616715864
7816,1.1172675321315855,1.2675496673528908,1.5306947005095728,1.7938397336662546,2.0569847668229366,2.3201297999796187,2.583274833136301,3.7888124482913326,4.9943500634463645,6.199887678601396,7.405425293756428,10.033161309414842,9.882879174193537,9.619734141036854,9.356589107880172,9.09344407472349,8.830299041566807,8.567154008410125,7.361616393255093,6.156078778100062,4.95054116294503,3.745003547789998
7817,0.6682540838903488,0.7581400312657272,0.9155309318380566,1.0729218324103855,1.2303127329827148,1.3877036335550441,1.5450945341273732,2.2661442482220826,2.987193962316792,3.7082436764115014,4.429293390506211,6.0734388854665,5.983552938091121,5.826162037518792,5.668771136946463,5.5113802363741335,5.3539893358018045,5.196598435229475,4.475548721134766,3.7544990070400566,3.033449292945347,2.3123995788506377
7818,0.4397550001969972,0.4989058467966161,0.6024793784527985,0.7060529101089809,0.8096264417651632,0.9131999734213457,1.016773505077528,1.4912714914090162,1.9657694777405041,2.4402674640719924,2.9147654504034803,3.6846018562989733,3.625451009699354,3.5218774780431716,3.418303946386989,3.314730414730807,3.2111568830746244,3.1075833514184423,2.633085365086954,2.158587378755466,1.6840893924239777,1.2095914060924897
7819,0.286284866305672,0.32479265405806435,0.39222005033488544,0.4596474466117065,0.5270748428885276,0.5945022391653487,0.6619296354421698,0.9708325302776295,1.2797354251130895,1.5886383199485492,1.8975412147840094,2.22844041223525,2.1899326244828576,2.1225052282060366,2.0550778319292156,1.9876504356523945,1.9202230393755735,1.8527956430987524,1.5438927482632927,1.2349898534278327,0.926086958592373,0.6171840637569128
7820,0.1600000684787465,0.18152145994052682,0.21920556165659857,0.25688966337267033,0.2945737650887421,0.33225786680481384,0.3699419685208856,0.5425828942000834,0.7152238198792811,0.887864745558479,1.0605056712376768,1.3303544742870113,1.308833082825231,1.2711489811091592,1.2334648793930874,1.1957807776770155,1.1580966759609437,1.1204125742448718,0.947771648565674,0.7751307228864763,0.6024897972072784,0.4298488715280806
7821,0.0966650333943288,0.10966731548161278,0.1324343991801003,0.15520148287858784,0.17796856657707538,0.20073565027556292,0.2235027339740505,0.3278048196211218,0.432106905268193,0.5364089909152644,0.6407110765623357,0.8750441895076194,0.8620419074203355,0.8392748237218479,0.8165077400233604,0.7937406563248728,0.7709735726263852,0.7482064889278977,0.6439044032808263,0.5396023176337551,0.4353002319866837,0.3309981463396124
7822,0.060485888935644626,0.06862176353916513,0.08286773488598757,0.09711370623281,0.11135967757963244,0.1256056489264549,0.13985162027327736,0.2051162164429092,0.27038081261254104,0.33564540878217297,0.40091000495180484,0.6530761972950729,0.6449403226915524,0.63069435134473,0.6164483799979075,0.602202408651085,0.5879564373042625,0.57371046595744,0.5084458697878081,0.4431812736181763,0.37791667744854435,0.3126520812789125
7823,0.04326251605801909,0.04908169821561838,0.059271125452270715,0.06946055268892304,0.07964997992557539,0.08983940716222773,0.10002883439888008,0.1467093195416705,0.19338980468446088,0.24007028982725132,0.28675077497004176,0.499578441059629,0.4937592589020297,0.48356983166537737,0.47338040442872503,0.4631909771920727,0.45300154995542036,0.442812122718768,0.3961316375759776,0.3494511524331872,0.30277066729039676,0.2560901821476063
7824,0.031367184720614005,0.03558634204876214,0.04297411500909338,0.050361887969424625,0.057749660929755864,0.0651374338900871,0.07252520685041834,0.10637056615310214,0.14021592545578596,0.17406128475846977,0.20790664406115364,0.38513873965896495,0.3809195823308168,0.3735318093704856,0.36614403641015436,0.35875626344982314,0.3513684904894919,0.3439807175291607,0.3101353582264769,0.27628999892379313,0.24244463962110932,0.20859928031842545
7825,0.027541528392130105,0.031246101893993974,0.037732835101129916,0.04421956830826585,0.05070630151540179,0.057193034722537735,0.06367976792967367,0.09339722368731823,0.1231146794449628,0.15283213520260736,0.18254959096025195,0.2947264391013124,0.29102186559944854,0.2845351323923126,0.27804839918517665,0.2715616659780407,0.26507493277090477,0.25858819956376883,0.22887074380612427,0.1991532880484797,0.16943583229083514,0.13971837653319055
7826,0.021214760756460276,0.024068329353953997,0.029064947229369295,0.03406156510478459,0.03905818298019989,0.04405480085561519,0.049051418731030486,0.07194225852804301,0.09483309832505553,0.11772393812206808,0.1406147779190806,0.2196416620198345,0.2167880934223408,0.21179147554692548,0.20679485767151018,0.20179823979609487,0.19680162192067957,0.19180500404526427,0.16891416424825173,0.14602332445123922,0.12313248465422667,0.10024164485721414
7827,0.017379901386824617,0.01971764826949346,0.023811058840523276,0.02790446941155309,0.03199787998258291,0.03609129055361272,0.04018470112464254,0.058937707246218926,0.07769071336779533,0.09644371948937172,0.11519672561094813,0.1725522635160582,0.17021451663338938,0.16612110606235955,0.16202769549132973,0.1579342849202999,0.15384087434927007,0.14974746377824025,0.13099445765666387,0.11224145153508747,0.09348844541351108,0.07473543929193467
7828,0.018861538995962508,0.02139857893702769,0.025840952998510806,0.030283327059993915,0.03472570112147703,0.03916807518296014,0.04361044924444325,0.0639621502340575,0.08431385122367176,0.10466555221328604,0.1250172532029003,0.16219714722554288,0.1596601072844777,0.15521773322299456,0.15077535916151147,0.14633298510002835,0.14189061103854522,0.1374482369770621,0.11709653598744785,0.0967448349978336,0.07639313400821932,0.05604143301860505
7829,0.06031042844298219,0.06842270209442457,0.08262734801485494,0.09683199393528533,0.1110366398557157,0.1252412857761461,0.1394459316965765,0.20452120506052845,0.2695964784244804,0.33467175178843245,0.39974702515238447,0.4566317751531136,0.4485195015016712,0.43431485558124083,0.4201102096608105,0.4059055637403801,0.3917009178199497,0.3774962718995193,0.3124209985355673,0.24734572517161535,0.18227045180766333,0.1171951784437113
7830,0.30895518501738617,0.35051232648691727,0.4232791617051753,0.4960459969234333,0.5688128321416914,0.6415796673599494,0.7143465025782075,1.0477107919933368,1.3810750814084662,1.7144393708235957,2.0478036602387255,2.1024107163262697,2.0608535748567385,1.9880867396384805,1.9153199044202225,1.8425530692019643,1.7697862339837063,1.6970193987654483,1.363655109350319,1.0302908199351897,0.6969265305200603,0.3635622411049304
7831,1.1612949269476076,1.3174991271273024,1.5910137359992662,1.8645283448712298,2.1380429537431938,2.4115575626151577,2.685072171487121,3.9381155800368046,5.191158988586489,6.444202397136173,7.697245805685856,8.797592590406415,8.64138839022672,8.367873781354756,8.094359172482793,7.820844563610829,7.547329954738865,7.273815345866902,6.020771937317218,4.767728528767535,3.514685120217851,2.261641711668167
7832,2.8365400828547638,3.218079229059924,3.8861568494030205,4.554234469746118,5.222312090089215,5.890389710432311,6.558467330775408,9.61910918103339,12.679751031291374,15.74039288154936,18.801034731807345,21.40384848736475,21.02230934115959,20.354231720816493,19.686154100473395,19.018076480130297,18.3499988597872,17.6819212394441,14.621279389186117,11.560637538928134,8.499995688670149,5.439353838412163
7833,4.187241305649756,4.750461435119857,5.736663683482037,6.722865931844216,7.709068180206397,8.695270428568575,9.681472676930756,14.199528337297998,18.717583997665233,23.23563965803248,27.75369531839972,32.29130966000392,31.72808953053382,30.74188728217164,29.75568503380946,28.76948278544728,27.7832805370851,26.797078288722922,22.27902262835568,17.760966967988445,13.242911307621199,8.724855647253957
7834,4.1224380187469025,4.6769415462886,5.647880965838258,6.618820385387915,7.5897598049375725,8.56069922448723,9.53163864403689,13.979771212843394,18.427903781649896,22.876036350456406,27.324168919262913,32.91035711924829,32.35585359170659,31.384914172156932,30.413974752607274,29.443035333057615,28.472095913507957,27.501156493958298,23.053023925151795,18.60489135634529,14.15675878753878,9.708626218732274
7835,3.351595880008395,3.8024144805325077,4.591800893015079,5.381187305497649,6.170573717980221,6.959960130462791,7.7493465429453625,11.365736340329079,14.982126137712793,18.59851593509651,22.21490573248023,27.356769827551037,26.905951227026925,26.116564814544354,25.327178402061783,24.537791989579212,23.74840557709664,22.95901916461407,19.34262936723035,15.726239569846637,12.109849772462919,8.493459975079201
7836,2.9910124143164416,3.3933294236000933,4.097789222441407,4.80224902128272,5.506708820124034,6.211168618965348,6.915628417806662,10.142946736074473,13.370265054342282,16.597583372610092,19.82490169087791,24.2284335048095,23.82611649552585,23.121656696684536,22.417196897843223,21.71273709900191,21.008277300160596,20.303817501319283,17.076499183051475,13.849180864783666,10.621862546515855,7.394544228248039
7837,2.7047846416677372,3.0686015427890947,3.7056473923676854,4.342693241946275,4.979739091524866,5.6167849411034565,6.253830790682048,9.172307818474215,12.090784846266383,15.009261874058554,17.92773890185072,22.802692522038395,22.438875620917038,21.801829771338447,21.164783921759856,20.527738072181265,19.890692222602674,19.253646373024083,16.335169345231915,13.416692317439747,10.498215289647575,7.579738261855409
7838,2.20733046474823,2.5042354815337093,3.0241181699939683,3.544000858454227,4.063883546914486,4.583766235374744,5.103648923835004,7.485370246439614,9.867091569044224,12.248812891648836,14.630534214253444,19.724931122724897,19.428026105939416,18.908143417479156,18.388260729018896,17.868378040558635,17.348495352098375,16.828612663638115,14.446891341033504,12.065170018428894,9.683448695824282,7.3017273732196735
7839,1.677916042855984,1.903610246250039,2.298802319798513,2.693994393346985,3.0891864668954585,3.484378540443932,3.879570613992405,5.690050956937462,7.500531299882518,9.311011642827577,11.121491985772634,14.871256559632515,14.645562356238461,14.250370282689987,13.855178209141515,13.459986135593041,13.064794062044568,12.669601988496094,10.859121645551037,9.04864130260598,7.238160959660921,5.427680616715864
7840,1.1172675321315855,1.2675496673528908,1.5306947005095728,1.7938397336662546,2.0569847668229366,2.3201297999796187,2.583274833136301,3.7888124482913326,4.9943500634463645,6.199887678601396,7.405425293756428,10.033161309414842,9.882879174193537,9.619734141036854,9.356589107880172,9.09344407472349,8.830299041566807,8.567154008410125,7.361616393255093,6.156078778100062,4.95054116294503,3.745003547789998
7841,0.6682540838903488,0.7581400312657272,0.9155309318380566,1.0729218324103855,1.2303127329827148,1.3877036335550441,1.5450945341273732,2.2661442482220826,2.987193962316792,3.7082436764115014,4.429293390506211,6.0734388854665,5.983552938091121,5.826162037518792,5.668771136946463,5.5113802363741335,5.3539893358018045,5.196598435229475,4.475548721134766,3.7544990070400566,3.033449292945347,2.3123995788506377
7842,0.4397550001969972,0.4989058467966161,0.6024793784527985,0.7060529101089809,0.8096264417651632,0.9131999734213457,1.016773505077528,1.4912714914090162,1.9657694777405041,2.4402674640719924,2.9147654504034803,3.6846018562989733,3.625451009699354,3.5218774780431716,3.418303946386989,3.314730414730807,3.2111568830746244,3.1075833514184423,2.633085365086954,2.158587378755466,1.6840893924239777,1.2095914060924897
7843,0.286284866305672,0.32479265405806435,0.39222005033488544,0.4596474466117065,0.5270748428885276,0.5945022391653487,0.6619296354421698,0.9708325302776295,1.2797354251130895,1.5886383199485492,1.8975412147840094,2.22844041223525,2.1899326244828576,2.1225052282060366,2.0550778319292156,1.9876504356523945,1.9202230393755735,1.8527956430987524,1.5438927482632927,1.2349898534278327,0.926086958592373,0.6171840637569128
7844,0.1600000684787465,0.18152145994052682,0.21920556165659857,0.25688966337267033,0.2945737650887421,0.33225786680481384,0.3699419685208856,0.5425828942000834,0.7152238198792811,0.887864745558479,1.0605056712376768,1.3303544742870113,1.308833082825231,1.2711489811091592,1.2334648793930874,1.1957807776770155,1.1580966759609437,1.1204125742448718,0.947771648565674,0.7751307228864763,0.6024897972072784,0.4298488715280806
7845,0.0966650333943288,0.10966731548161278,0.1324343991801003,0.15520148287858784,0.17796856657707538,0.20073565027556292,0.2235027339740505,0.3278048196211218,0.432106905268193,0.5364089909152644,0.6407110765623357,0.8750441895076194,0.8620419074203355,0.8392748237218479,0.8165077400233604,0.7937406563248728,0.7709735726263852,0.7482064889278977,0.6439044032808263,0.5396023176337551,0.4353002319866837,0.3309981463396124
7846,0.060485888935644626,0.06862176353916513,0.08286773488598757,0.09711370623281,0.11135967757963244,0.1256056489264549,0.13985162027327736,0.2051162164429092,0.27038081261254104,0.33564540878217297,0.40091000495180484,0.6530761972950729,0.6449403226915524,0.63069435134473,0.6164483799979075,0.602202408651085,0.5879564373042625,0.57371046595744,0.5084458697878081,0.4431812736181763,0.37791667744854435,0.3126520812789125
7847,0.04326251605801909,0.04908169821561838,0.059271125452270715,0.06946055268892304,0.07964997992557539,0.08983940716222773,0.10002883439888008,0.1467093195416705,0.19338980468446088,0.24007028982725132,0.28675077497004176,0.499578441059629,0.4937592589020297,0.48356983166537737,0.47338040442872503,0.4631909771920727,0.45300154995542036,0.442812122718768,0.3961316375759776,0.3494511524331872,0.30277066729039676,0.2560901821476063
7848,0.06656898268586907,0.07552308595105217,0.09120178120737912,0.10688047646370606,0.12255917172003303,0.13823786697635998,0.1539165622326869,0.2257448489433112,0.29757313565393556,0.36940142236455986,0.44122970907518416,0.4271966781704077,0.4182425749052246,0.4025638796488976,0.3868851843925707,0.3712064891362437,0.35552779387991673,0.3398490986235898,0.2680208119129655,0.19619252520234115,0.12436423849171685,0.05253595178109255
7849,0.056639086305014866,0.06425753272192815,0.07759748382143074,0.09093743492093335,0.10427738602043597,0.11761733711993858,0.1309572882194412,0.19207116387144205,0.25318503952344296,0.31429891517544384,0.3754127908274448,0.3168441383691494,0.3092256919522361,0.2958857408527335,0.28254578975323086,0.26920583865372827,0.2558658875542257,0.24252593645472306,0.1814120608027222,0.1202981851507213,0.05918430949872042,-0.0019295661532805208
7850,0.03392680220936796,0.038490250202461725,0.046480878441028384,0.05447150667959503,0.06246213491816169,0.07045276315672834,0.07844339139529499,0.1150505915949522,0.15165779179460942,0.18826499199426663,0.22487219219392388,0.22601923126692836,0.22145578327383458,0.21346515503526792,0.20547452679670128,0.1974838985581346,0.18949327031956797,0.1815026420810013,0.1448954418813441,0.10828824168168688,0.07168104148202967,0.035073841282372425
7851,0.0236676925723058,0.026851201690074235,0.03242554764354464,0.03799989359701504,0.043574239550485436,0.049148585503955844,0.05472293145742625,0.08026049774238261,0.10579806402733898,0.13133563031229536,0.15687319659725174,0.20284547879051973,0.1996619696727513,0.1940876237192809,0.1885132777658105,0.1829389318123401,0.17736458585886972,0.17179023990539932,0.14625267362044297,0.12071510733548661,0.09517754105053022,0.06963997476557385
7852,0.02469635730095266,0.028018230711428102,0.03383485347536883,0.03965147623930954,0.04546809900325027,0.051284721767191,0.05710134453113172,0.08374884553458932,0.11039634653804692,0.1370438475415045,0.16369134854496212,0.2086410790622131,0.20531920565173767,0.19950258288779693,0.19368596012385622,0.18786933735991548,0.18205271459597477,0.17623609183203404,0.14958859082857645,0.12294108982511885,0.09629358882166127,0.06964608781820365
7853,0.018530992112733714,0.02102357064238779,0.025388092472381524,0.02975261430237525,0.03411713613236898,0.03848165796236271,0.04284617979235644,0.06284121893523797,0.08283625807811949,0.10283129722100104,0.12282633636388257,0.23076451461001737,0.2282719360803633,0.22390741425036959,0.21954289242037586,0.21517837059038214,0.21081384876038842,0.2064493269303947,0.18645428778751316,0.16645924864463163,0.1464642095017501,0.12646917035886857
7854,0.022723898938375474,0.025780459658883387,0.031132518111866028,0.036484576564848666,0.0418366350178313,0.04718869347081395,0.05254075192379659,0.0770599598532782,0.10157916778275981,0.12609837571224142,0.15061758364172306,0.3411068640072945,0.3380503032867866,0.33269824483380395,0.3273461863808213,0.32199412792783866,0.316642069474856,0.31129001102187337,0.2867708030923918,0.2622515951629102,0.2377323872334286,0.21321317930394695
7855,0.05954035988303085,0.0675490526604855,0.08157232777140645,0.0955956028823274,0.10961887799324835,0.12364215310416929,0.13766542821509023,0.20190979350324906,0.2661541587914079,0.33039852407956677,0.3946428893677256,0.5323949645104806,0.524386271733026,0.510362996622105,0.4963397215111841,0.48231644640026317,0.4682931712893422,0.4542698961784213,0.3900255308902625,0.32578116560210363,0.2615368003139448,0.19729243502578592
7856,0.09422208070711786,0.10689576455313886,0.129087470513181,0.15127917647322317,0.17347088243326533,0.1956625883933075,0.21785429435334966,0.31952042104539957,0.42118654773744957,0.5228526744294996,0.6245188011215496,0.7630054397344619,0.7503317558884409,0.7281400499283988,0.7059483439683566,0.6837566380083144,0.6615649320482723,0.6393732260882301,0.5377070993961802,0.4360409727041302,0.33437484601208023,0.23270871932003023
7857,0.11060462621291975,0.12548190395938727,0.1515321177130734,0.17758233146675953,0.2036325452204457,0.22968275897413182,0.255732972727818,0.37507595323620807,0.49441893374459817,0.6137619142529884,0.7331048947613785,1.04243040931092,1.0275531315644524,1.0015029178107662,0.9754527040570801,0.949402490303394,0.9233522765497079,0.8973020627960218,0.7779590822876317,0.6586161017792416,0.5392731212708513,0.41993014076246116
7858,0.14593538259187422,0.16556495229609972,0.19993646134515083,0.23430797039420195,0.2686794794432531,0.3030509884923042,0.3374224975413554,0.4948875522726021,0.6523526070038489,0.8098176617350957,0.9672827164663426,1.3368623237393928,1.3172327540351674,1.2828612449861163,1.2484897359370652,1.2141182268880142,1.1797467178389631,1.145375208789912,0.9879101540586653,0.8304450993274186,0.6729800445961718,0.5155149898649249
7859,0.17412844867806587,0.1975502293326846,0.2385619253527876,0.2795736213728906,0.3205853173929936,0.3615970134130966,0.40260870943319965,0.5904942325625675,0.7783797556919354,0.9662652788213034,1.1541508019506714,1.6963697765134498,1.6729479958588311,1.6319362998387281,1.590924603818625,1.549912907798522,1.508901211778419,1.467889515758316,1.2800039926289482,1.0921184694995802,0.9042329463702122,0.7163474232408442
7860,0.20258246617249245,0.22983155799628885,0.277544901707457,0.32525824541862514,0.3729715891297932,0.4206849328409614,0.46839827655212957,0.6869858360383282,0.9055733955245269,1.1241609550107257,1.3427485144969247,1.9211150761464808,1.8938659843226844,1.8461526406115163,1.7984392969003482,1.7507259531891801,1.7030126094780118,1.6552992657668437,1.4367117062806452,1.2181241467944464,0.9995365873082476,0.7809490278220486
7861,0.22682064156334378,0.25732997737244256,0.31075203030808307,0.3641740832437235,0.4175961361793641,0.4710181891150046,0.5244402420506451,0.769180921820084,1.013921601589523,1.2586622813589619,1.5034029611284008,2.0428941262432594,2.0123847904341607,1.9589627374985201,1.9055406845628797,1.852118631627239,1.7986965786915987,1.745274525755958,1.5005338459865192,1.2557931662170803,1.0110524864476413,0.7663118066782024
7862,0.28713168866453304,0.3257533813399477,0.3933802259058238,0.46100707047169975,0.5286339150375757,0.5962607596034519,0.6638876041693279,0.9737042248382178,1.2835208455071077,1.5933374661759976,1.9031540868448875,2.133676930271694,2.095055237596279,2.027428393030403,1.9598015484645268,1.8921747038986507,1.8245478593327746,1.7569210147668985,1.4471043940980086,1.1372877734291187,0.8274711527602288,0.5176545320913388
7863,0.3067951188581142,0.3480617127682659,0.42031979724889373,0.49257788172952155,0.5648359662101494,0.6370940506907772,0.709352135171405,1.040385701701159,1.3714192682309132,1.7024528347606676,2.0334864012904217,2.1612776545091203,2.120011060598969,2.047752976118341,1.975494891637713,1.9032368071570853,1.8309787226764576,1.7587206381958298,1.427687071666076,1.0966535051363218,0.7656199386065674,0.4345863720768133
7864,0.27598175878396375,0.31310368956544515,0.3781044409318533,0.44310519229826134,0.5081059436646694,0.5731066950310776,0.6381074463974856,0.9358932333664804,1.233679020335475,1.53146480730447,1.829250594273465,1.9097257114610804,1.872603780679599,1.8076030293131908,1.7426022779467827,1.6776015265803745,1.6126007752139664,1.5476000238475582,1.2498142368785634,0.9520284499095688,0.6542426629405738,0.35645687597157893
7865,0.2253108014307007,0.2556170506983482,0.3086834977291007,0.36174994475985317,0.4148163917906057,0.46788283882135817,0.5209492858521106,0.7640608400805081,1.0071723943089055,1.2502839485373032,1.4933955027657007,1.6192575536297766,1.588951304362129,1.5358848573313766,1.4828184103006241,1.4297519632698716,1.3766855162391192,1.3236190692083667,1.0805075149799692,0.8373959607515719,0.5942844065231742,0.3511728522947767
7866,0.181071206183045,0.20542684770103406,0.24807374039633354,0.290720633091633,0.3333675257869325,0.376014418482232,0.41866131117753147,0.6140381066158548,0.809414902054178,1.0047916974925013,1.200168492930825,1.489569188741577,1.4652135472235879,1.4225666545282885,1.379919761832989,1.3372728691376894,1.29462597644239,1.2519790837470905,1.0566022883087673,0.8612254928704441,0.6658486974321208,0.4704719019937972
7867,0.1371027565822645,0.15554426178254532,0.18783546186591396,0.22012666194928254,0.2524178620326512,0.2847090621160198,0.3170002621993884,0.464934866444111,0.6128694706888336,0.7608040749335562,0.9087386791782788,1.2544431595756709,1.23600165437539,1.2037104542920214,1.1714192542086528,1.1391280541252842,1.1068368540419156,1.074545653958547,0.9266110497138245,0.7786764454691019,0.6307418412243793,0.48280723697965666
7868,0.12288693681507708,0.1394162914452449,0.16835930297358676,0.19730231450192862,0.22624532603027048,0.25518833755861237,0.28413134908695425,0.4167270081222759,0.5493226671575976,0.6819183261929194,0.8145139852282411,0.965950353268064,0.9494209986378962,0.9204779871095543,0.8915349755812124,0.8625919640528705,0.8336489525245286,0.8047059409961868,0.6721102819608651,0.5395146229255434,0.40691896389022164,0.27432330485489986
7869,0.10407025709033581,0.11806860573895996,0.14257980870966933,0.16709101168037868,0.19160221465108804,0.2161134176217974,0.24062462059250678,0.3529169820306787,0.4652093434688507,0.5775017049070227,0.6897940663451948,0.756275578156249,0.7422772295076249,0.7177660265369155,0.6932548235662062,0.6687436205954969,0.6442324176247876,0.6197212146540781,0.5074288532159061,0.3951364917777342,0.2828441303395622,0.17055176890139007
7870,0.09174496304809825,0.10408545316899447,0.1256937346673304,0.14730201616566632,0.16891029766400223,0.19051857916233816,0.21212686066067407,0.3111201642112374,0.4101134677618008,0.5091067713123641,0.6081000748629275,0.6380177307790044,0.6256772406581081,0.6040689591597722,0.5824606776614363,0.5608523961631003,0.5392441146647644,0.5176358331664285,0.4186425296158651,0.3196492260653017,0.22065592251473837,0.12166261896417502
7871,0.0756798511426919,0.0858594449247251,0.10368398234795255,0.12150851977117999,0.13933305719440744,0.15715759461763487,0.17498213204086233,0.2566410943198301,0.33830005659879786,0.4199590188777657,0.5016179811567335,0.5589042903878931,0.54872469660586,0.5309001591826326,0.5130756217594051,0.4952510843361777,0.4774265469129503,0.45960200948972285,0.37794304721075506,0.2962840849317873,0.21462512265281947,0.13296616037385167
7872,0.06656898268586907,0.07552308595105217,0.09120178120737912,0.10688047646370606,0.12255917172003303,0.13823786697635998,0.1539165622326869,0.2257448489433112,0.29757313565393556,0.36940142236455986,0.44122970907518416,0.4271966781704077,0.4182425749052246,0.4025638796488976,0.3868851843925707,0.3712064891362437,0.35552779387991673,0.3398490986235898,0.2680208119129655,0.19619252520234115,0.12436423849171685,0.05253595178109255
7873,0.056639086305014866,0.06425753272192815,0.07759748382143074,0.09093743492093335,0.10427738602043597,0.11761733711993858,0.1309572882194412,0.19207116387144205,0.25318503952344296,0.31429891517544384,0.3754127908274448,0.3168441383691494,0.3092256919522361,0.2958857408527335,0.28254578975323086,0.26920583865372827,0.2558658875542257,0.24252593645472306,0.1814120608027222,0.1202981851507213,0.05918430949872042,-0.0019295661532805208
7874,0.03392680220936796,0.038490250202461725,0.046480878441028384,0.05447150667959503,0.06246213491816169,0.07045276315672834,0.07844339139529499,0.1150505915949522,0.15165779179460942,0.18826499199426663,0.22487219219392388,0.22601923126692836,0.22145578327383458,0.21346515503526792,0.20547452679670128,0.1974838985581346,0.18949327031956797,0.1815026420810013,0.1448954418813441,0.10828824168168688,0.07168104148202967,0.035073841282372425
7875,0.0236676925723058,0.026851201690074235,0.03242554764354464,0.03799989359701504,0.043574239550485436,0.049148585503955844,0.05472293145742625,0.08026049774238261,0.10579806402733898,0.13133563031229536,0.15687319659725174,0.20284547879051973,0.1996619696727513,0.1940876237192809,0.1885132777658105,0.1829389318123401,0.17736458585886972,0.17179023990539932,0.14625267362044297,0.12071510733548661,0.09517754105053022,0.06963997476557385
7876,0.02469635730095266,0.028018230711428102,0.03383485347536883,0.03965147623930954,0.04546809900325027,0.051284721767191,0.05710134453113172,0.08374884553458932,0.11039634653804692,0.1370438475415045,0.16369134854496212,0.2086410790622131,0.20531920565173767,0.19950258288779693,0.19368596012385622,0.18786933735991548,0.18205271459597477,0.17623609183203404,0.14958859082857645,0.12294108982511885,0.09629358882166127,0.06964608781820365
7877,0.018530992112733714,0.02102357064238779,0.025388092472381524,0.02975261430237525,0.03411713613236898,0.03848165796236271,0.04284617979235644,0.06284121893523797,0.08283625807811949,0.10283129722100104,0.12282633636388257,0.23076451461001737,0.2282719360803633,0.22390741425036959,0.21954289242037586,0.21517837059038214,0.21081384876038842,0.2064493269303947,0.18645428778751316,0.16645924864463163,0.1464642095017501,0.12646917035886857
7878,0.022723898938375474,0.025780459658883387,0.031132518111866028,0.036484576564848666,0.0418366350178313,0.04718869347081395,0.05254075192379659,0.0770599598532782,0.10157916778275981,0.12609837571224142,0.15061758364172306,0.3411068640072945,0.3380503032867866,0.33269824483380395,0.3273461863808213,0.32199412792783866,0.316642069474856,0.31129001102187337,0.2867708030923918,0.2622515951629102,0.2377323872334286,0.21321317930394695
7879,0.05954035988303085,0.0675490526604855,0.08157232777140645,0.0955956028823274,0.10961887799324835,0.12364215310416929,0.13766542821509023,0.20190979350324906,0.2661541587914079,0.33039852407956677,0.3946428893677256,0.5323949645104806,0.524386271733026,0.510362996622105,0.4963397215111841,0.48231644640026317,0.4682931712893422,0.4542698961784213,0.3900255308902625,0.32578116560210363,0.2615368003139448,0.19729243502578592
7880,0.09422208070711786,0.10689576455313886,0.129087470513181,0.15127917647322317,0.17347088243326533,0.1956625883933075,0.21785429435334966,0.31952042104539957,0.42118654773744957,0.5228526744294996,0.6245188011215496,0.7630054397344619,0.7503317558884409,0.7281400499283988,0.7059483439683566,0.6837566380083144,0.6615649320482723,0.6393732260882301,0.5377070993961802,0.4360409727041302,0.33437484601208023,0.23270871932003023
7881,0.11060462621291975,0.12548190395938727,0.1515321177130734,0.17758233146675953,0.2036325452204457,0.22968275897413182,0.255732972727818,0.37507595323620807,0.49441893374459817,0.6137619142529884,0.7331048947613785,1.04243040931092,1.0275531315644524,1.0015029178107662,0.9754527040570801,0.949402490303394,0.9233522765497079,0.8973020627960218,0.7779590822876317,0.6586161017792416,0.5392731212708513,0.41993014076246116
7882,0.14593538259187422,0.16556495229609972,0.19993646134515083,0.23430797039420195,0.2686794794432531,0.3030509884923042,0.3374224975413554,0.4948875522726021,0.6523526070038489,0.8098176617350957,0.9672827164663426,1.3368623237393928,1.3172327540351674,1.2828612449861163,1.2484897359370652,1.2141182268880142,1.1797467178389631,1.145375208789912,0.9879101540586653,0.8304450993274186,0.6729800445961718,0.5155149898649249
7883,0.17412844867806587,0.1975502293326846,0.2385619253527876,0.2795736213728906,0.3205853173929936,0.3615970134130966,0.40260870943319965,0.5904942325625675,0.7783797556919354,0.9662652788213034,1.1541508019506714,1.6963697765134498,1.6729479958588311,1.6319362998387281,1.590924603818625,1.549912907798522,1.508901211778419,1.467889515758316,1.2800039926289482,1.0921184694995802,0.9042329463702122,0.7163474232408442
7884,0.20258246617249245,0.22983155799628885,0.277544901707457,0.32525824541862514,0.3729715891297932,0.4206849328409614,0.46839827655212957,0.6869858360383282,0.9055733955245269,1.1241609550107257,1.3427485144969247,1.9211150761464808,1.8938659843226844,1.8461526406115163,1.7984392969003482,1.7507259531891801,1.7030126094780118,1.6552992657668437,1.4367117062806452,1.2181241467944464,0.9995365873082476,0.7809490278220486
7885,0.22682064156334378,0.25732997737244256,0.31075203030808307,0.3641740832437235,0.4175961361793641,0.4710181891150046,0.5244402420506451,0.769180921820084,1.013921601589523,1.2586622813589619,1.5034029611284008,2.0428941262432594,2.0123847904341607,1.9589627374985201,1.9055406845628797,1.852118631627239,1.7986965786915987,1.745274525755958,1.5005338459865192,1.2557931662170803,1.0110524864476413,0.7663118066782024
7886,0.28713168866453304,0.3257533813399477,0.3933802259058238,0.46100707047169975,0.5286339150375757,0.5962607596034519,0.6638876041693279,0.9737042248382178,1.2835208455071077,1.5933374661759976,1.9031540868448875,2.133676930271694,2.095055237596279,2.027428393030403,1.9598015484645268,1.8921747038986507,1.8245478593327746,1.7569210147668985,1.4471043940980086,1.1372877734291187,0.8274711527602288,0.5176545320913388
7887,0.3067951188581142,0.3480617127682659,0.42031979724889373,0.49257788172952155,0.5648359662101494,0.6370940506907772,0.709352135171405,1.040385701701159,1.3714192682309132,1.7024528347606676,2.0334864012904217,2.1612776545091203,2.120011060598969,2.047752976118341,1.975494891637713,1.9032368071570853,1.8309787226764576,1.7587206381958298,1.427687071666076,1.0966535051363218,0.7656199386065674,0.4345863720768133
7888,0.27598175878396375,0.31310368956544515,0.3781044409318533,0.44310519229826134,0.5081059436646694,0.5731066950310776,0.6381074463974856,0.9358932333664804,1.233679020335475,1.53146480730447,1.829250594273465,1.9097257114610804,1.872603780679599,1.8076030293131908,1.7426022779467827,1.6776015265803745,1.6126007752139664,1.5476000238475582,1.2498142368785634,0.9520284499095688,0.6542426629405738,0.35645687597157893
7889,0.2253108014307007,0.2556170506983482,0.3086834977291007,0.36174994475985317,0.4148163917906057,0.46788283882135817,0.5209492858521106,0.7640608400805081,1.0071723943089055,1.2502839485373032,1.4933955027657007,1.6192575536297766,1.588951304362129,1.5358848573313766,1.4828184103006241,1.4297519632698716,1.3766855162391192,1.3236190692083667,1.0805075149799692,0.8373959607515719,0.5942844065231742,0.3511728522947767
7890,0.181071206183045,0.20542684770103406,0.24807374039633354,0.290720633091633,0.3333675257869325,0.376014418482232,0.41866131117753147,0.6140381066158548,0.809414902054178,1.0047916974925013,1.200168492930825,1.489569188741577,1.4652135472235879,1.4225666545282885,1.379919761832989,1.3372728691376894,1.29462597644239,1.2519790837470905,1.0566022883087673,0.8612254928704441,0.6658486974321208,0.4704719019937972
7891,0.1371027565822645,0.15554426178254532,0.18783546186591396,0.22012666194928254,0.2524178620326512,0.2847090621160198,0.3170002621993884,0.464934866444111,0.6128694706888336,0.7608040749335562,0.9087386791782788,1.2544431595756709,1.23600165437539,1.2037104542920214,1.1714192542086528,1.1391280541252842,1.1068368540419156,1.074545653958547,0.9266110497138245,0.7786764454691019,0.6307418412243793,0.48280723697965666
7892,0.12288693681507708,0.1394162914452449,0.16835930297358676,0.19730231450192862,0.22624532603027048,0.25518833755861237,0.28413134908695425,0.4167270081222759,0.5493226671575976,0.6819183261929194,0.8145139852282411,0.965950353268064,0.9494209986378962,0.9204779871095543,0.8915349755812124,0.8625919640528705,0.8336489525245286,0.8047059409961868,0.6721102819608651,0.5395146229255434,0.40691896389022164,0.27432330485489986
7893,0.10407025709033581,0.11806860573895996,0.14257980870966933,0.16709101168037868,0.19160221465108804,0.2161134176217974,0.24062462059250678,0.3529169820306787,0.4652093434688507,0.5775017049070227,0.6897940663451948,0.756275578156249,0.7422772295076249,0.7177660265369155,0.6932548235662062,0.6687436205954969,0.6442324176247876,0.6197212146540781,0.5074288532159061,0.3951364917777342,0.2828441303395622,0.17055176890139007
7894,0.09174496304809825,0.10408545316899447,0.1256937346673304,0.14730201616566632,0.16891029766400223,0.19051857916233816,0.21212686066067407,0.3111201642112374,0.4101134677618008,0.5091067713123641,0.6081000748629275,0.6380177307790044,0.6256772406581081,0.6040689591597722,0.5824606776614363,0.5608523961631003,0.5392441146647644,0.5176358331664285,0.4186425296158651,0.3196492260653017,0.22065592251473837,0.12166261896417502
7895,0.0756798511426919,0.0858594449247251,0.10368398234795255,0.12150851977117999,0.13933305719440744,0.15715759461763487,0.17498213204086233,0.2566410943198301,0.33830005659879786,0.4199590188777657,0.5016179811567335,0.5589042903878931,0.54872469660586,0.5309001591826326,0.5130756217594051,0.4952510843361777,0.4774265469129503,0.45960200948972285,0.37794304721075506,0.2962840849317873,0.21462512265281947,0.13296616037385167
7896,0.031367184720614005,0.03558634204876214,0.04297411500909338,0.050361887969424625,0.057749660929755864,0.0651374338900871,0.07252520685041834,0.10637056615310214,0.14021592545578596,0.17406128475846977,0.20790664406115364,0.38513873965896495,0.3809195823308168,0.3735318093704856,0.36614403641015436,0.35875626344982314,0.3513684904894919,0.3439807175291607,0.3101353582264769,0.27628999892379313,0.24244463962110932,0.20859928031842545
7897,0.027541528392130105,0.031246101893993974,0.037732835101129916,0.04421956830826585,0.05070630151540179,0.057193034722537735,0.06367976792967367,0.09339722368731823,0.1231146794449628,0.15283213520260736,0.18254959096025195,0.2947264391013124,0.29102186559944854,0.2845351323923126,0.27804839918517665,0.2715616659780407,0.26507493277090477,0.25858819956376883,0.22887074380612427,0.1991532880484797,0.16943583229083514,0.13971837653319055
7898,0.021214760756460276,0.024068329353953997,0.029064947229369295,0.03406156510478459,0.03905818298019989,0.04405480085561519,0.049051418731030486,0.07194225852804301,0.09483309832505553,0.11772393812206808,0.1406147779190806,0.2196416620198345,0.2167880934223408,0.21179147554692548,0.20679485767151018,0.20179823979609487,0.19680162192067957,0.19180500404526427,0.16891416424825173,0.14602332445123922,0.12313248465422667,0.10024164485721414
7899,0.017379901386824617,0.01971764826949346,0.023811058840523276,0.02790446941155309,0.03199787998258291,0.03609129055361272,0.04018470112464254,0.058937707246218926,0.07769071336779533,0.09644371948937172,0.11519672561094813,0.1725522635160582,0.17021451663338938,0.16612110606235955,0.16202769549132973,0.1579342849202999,0.15384087434927007,0.14974746377824025,0.13099445765666387,0.11224145153508747,0.09348844541351108,0.07473543929193467
7900,0.018861538995962508,0.02139857893702769,0.025840952998510806,0.030283327059993915,0.03472570112147703,0.03916807518296014,0.04361044924444325,0.0639621502340575,0.08431385122367176,0.10466555221328604,0.1250172532029003,0.16219714722554288,0.1596601072844777,0.15521773322299456,0.15077535916151147,0.14633298510002835,0.14189061103854522,0.1374482369770621,0.11709653598744785,0.0967448349978336,0.07639313400821932,0.05604143301860505
7901,0.06031042844298219,0.06842270209442457,0.08262734801485494,0.09683199393528533,0.1110366398557157,0.1252412857761461,0.1394459316965765,0.20452120506052845,0.2695964784244804,0.33467175178843245,0.39974702515238447,0.4566317751531136,0.4485195015016712,0.43431485558124083,0.4201102096608105,0.4059055637403801,0.3917009178199497,0.3774962718995193,0.3124209985355673,0.24734572517161535,0.18227045180766333,0.1171951784437113
7902,0.30895518501738617,0.35051232648691727,0.4232791617051753,0.4960459969234333,0.5688128321416914,0.6415796673599494,0.7143465025782075,1.0477107919933368,1.3810750814084662,1.7144393708235957,2.0478036602387255,2.1024107163262697,2.0608535748567385,1.9880867396384805,1.9153199044202225,1.8425530692019643,1.7697862339837063,1.6970193987654483,1.363655109350319,1.0302908199351897,0.6969265305200603,0.3635622411049304
7903,1.1612949269476076,1.3174991271273024,1.5910137359992662,1.8645283448712298,2.1380429537431938,2.4115575626151577,2.685072171487121,3.9381155800368046,5.191158988586489,6.444202397136173,7.697245805685856,8.797592590406415,8.64138839022672,8.367873781354756,8.094359172482793,7.820844563610829,7.547329954738865,7.273815345866902,6.020771937317218,4.767728528767535,3.514685120217851,2.261641711668167
7904,2.8365400828547638,3.218079229059924,3.8861568494030205,4.554234469746118,5.222312090089215,5.890389710432311,6.558467330775408,9.61910918103339,12.679751031291374,15.74039288154936,18.801034731807345,21.40384848736475,21.02230934115959,20.354231720816493,19.686154100473395,19.018076480130297,18.3499988597872,17.6819212394441,14.621279389186117,11.560637538928134,8.499995688670149,5.439353838412163
7905,4.187241305649756,4.750461435119857,5.736663683482037,6.722865931844216,7.709068180206397,8.695270428568575,9.681472676930756,14.199528337297998,18.717583997665233,23.23563965803248,27.75369531839972,32.29130966000392,31.72808953053382,30.74188728217164,29.75568503380946,28.76948278544728,27.7832805370851,26.797078288722922,22.27902262835568,17.760966967988445,13.242911307621199,8.724855647253957
7906,4.1224380187469025,4.6769415462886,5.647880965838258,6.618820385387915,7.5897598049375725,8.56069922448723,9.53163864403689,13.979771212843394,18.427903781649896,22.876036350456406,27.324168919262913,32.91035711924829,32.35585359170659,31.384914172156932,30.413974752607274,29.443035333057615,28.472095913507957,27.501156493958298,23.053023925151795,18.60489135634529,14.15675878753878,9.708626218732274
7907,3.351595880008395,3.8024144805325077,4.591800893015079,5.381187305497649,6.170573717980221,6.959960130462791,7.7493465429453625,11.365736340329079,14.982126137712793,18.59851593509651,22.21490573248023,27.356769827551037,26.905951227026925,26.116564814544354,25.327178402061783,24.537791989579212,23.74840557709664,22.95901916461407,19.34262936723035,15.726239569846637,12.109849772462919,8.493459975079201
7908,2.9910124143164416,3.3933294236000933,4.097789222441407,4.80224902128272,5.506708820124034,6.211168618965348,6.915628417806662,10.142946736074473,13.370265054342282,16.597583372610092,19.82490169087791,24.2284335048095,23.82611649552585,23.121656696684536,22.417196897843223,21.71273709900191,21.008277300160596,20.303817501319283,17.076499183051475,13.849180864783666,10.621862546515855,7.394544228248039
7909,2.7047846416677372,3.0686015427890947,3.7056473923676854,4.342693241946275,4.979739091524866,5.6167849411034565,6.253830790682048,9.172307818474215,12.090784846266383,15.009261874058554,17.92773890185072,22.802692522038395,22.438875620917038,21.801829771338447,21.164783921759856,20.527738072181265,19.890692222602674,19.253646373024083,16.335169345231915,13.416692317439747,10.498215289647575,7.579738261855409
7910,2.20733046474823,2.5042354815337093,3.0241181699939683,3.544000858454227,4.063883546914486,4.583766235374744,5.103648923835004,7.485370246439614,9.867091569044224,12.248812891648836,14.630534214253444,19.724931122724897,19.428026105939416,18.908143417479156,18.388260729018896,17.868378040558635,17.348495352098375,16.828612663638115,14.446891341033504,12.065170018428894,9.683448695824282,7.3017273732196735
7911,1.677916042855984,1.903610246250039,2.298802319798513,2.693994393346985,3.0891864668954585,3.484378540443932,3.879570613992405,5.690050956937462,7.500531299882518,9.311011642827577,11.121491985772634,14.871256559632515,14.645562356238461,14.250370282689987,13.855178209141515,13.459986135593041,13.064794062044568,12.669601988496094,10.859121645551037,9.04864130260598,7.238160959660921,5.427680616715864
7912,1.1172675321315855,1.2675496673528908,1.5306947005095728,1.7938397336662546,2.0569847668229366,2.3201297999796187,2.583274833136301,3.7888124482913326,4.9943500634463645,6.199887678601396,7.405425293756428,10.033161309414842,9.882879174193537,9.619734141036854,9.356589107880172,9.09344407472349,8.830299041566807,8.567154008410125,7.361616393255093,6.156078778100062,4.95054116294503,3.745003547789998
7913,0.6682540838903488,0.7581400312657272,0.9155309318380566,1.0729218324103855,1.2303127329827148,1.3877036335550441,1.5450945341273732,2.2661442482220826,2.987193962316792,3.7082436764115014,4.429293390506211,6.0734388854665,5.983552938091121,5.826162037518792,5.668771136946463,5.5113802363741335,5.3539893358018045,5.196598435229475,4.475548721134766,3.7544990070400566,3.033449292945347,2.3123995788506377
7914,0.4397550001969972,0.4989058467966161,0.6024793784527985,0.7060529101089809,0.8096264417651632,0.9131999734213457,1.016773505077528,1.4912714914090162,1.9657694777405041,2.4402674640719924,2.9147654504034803,3.6846018562989733,3.625451009699354,3.5218774780431716,3.418303946386989,3.314730414730807,3.2111568830746244,3.1075833514184423,2.633085365086954,2.158587378755466,1.6840893924239777,1.2095914060924897
7915,0.286284866305672,0.32479265405806435,0.39222005033488544,0.4596474466117065,0.5270748428885276,0.5945022391653487,0.6619296354421698,0.9708325302776295,1.2797354251130895,1.5886383199485492,1.8975412147840094,2.22844041223525,2.1899326244828576,2.1225052282060366,2.0550778319292156,1.9876504356523945,1.9202230393755735,1.8527956430987524,1.5438927482632927,1.2349898534278327,0.926086958592373,0.6171840637569128
7916,0.1600000684787465,0.18152145994052682,0.21920556165659857,0.25688966337267033,0.2945737650887421,0.33225786680481384,0.3699419685208856,0.5425828942000834,0.7152238198792811,0.887864745558479,1.0605056712376768,1.3303544742870113,1.308833082825231,1.2711489811091592,1.2334648793930874,1.1957807776770155,1.1580966759609437,1.1204125742448718,0.947771648565674,0.7751307228864763,0.6024897972072784,0.4298488715280806
7917,0.0966650333943288,0.10966731548161278,0.1324343991801003,0.15520148287858784,0.17796856657707538,0.20073565027556292,0.2235027339740505,0.3278048196211218,0.432106905268193,0.5364089909152644,0.6407110765623357,0.8750441895076194,0.8620419074203355,0.8392748237218479,0.8165077400233604,0.7937406563248728,0.7709735726263852,0.7482064889278977,0.6439044032808263,0.5396023176337551,0.4353002319866837,0.3309981463396124
7918,0.060485888935644626,0.06862176353916513,0.08286773488598757,0.09711370623281,0.11135967757963244,0.1256056489264549,0.13985162027327736,0.2051162164429092,0.27038081261254104,0.33564540878217297,0.40091000495180484,0.6530761972950729,0.6449403226915524,0.63069435134473,0.6164483799979075,0.602202408651085,0.5879564373042625,0.57371046595744,0.5084458697878081,0.4431812736181763,0.37791667744854435,0.3126520812789125
7919,0.04326251605801909,0.04908169821561838,0.059271125452270715,0.06946055268892304,0.07964997992557539,0.08983940716222773,0.10002883439888008,0.1467093195416705,0.19338980468446088,0.24007028982725132,0.28675077497004176,0.499578441059629,0.4937592589020297,0.48356983166537737,0.47338040442872503,0.4631909771920727,0.45300154995542036,0.442812122718768,0.3961316375759776,0.3494511524331872,0.30277066729039676,0.2560901821476063
7920,0.031367184720614005,0.03558634204876214,0.04297411500909338,0.050361887969424625,0.057749660929755864,0.0651374338900871,0.07252520685041834,0.10637056615310214,0.14021592545578596,0.17406128475846977,0.20790664406115364,0.38513873965896495,0.3809195823308168,0.3735318093704856,0.36614403641015436,0.35875626344982314,0.3513684904894919,0.3439807175291607,0.3101353582264769,0.27628999892379313,0.24244463962110932,0.20859928031842545
7921,0.027541528392130105,0.031246101893993974,0.037732835101129916,0.04421956830826585,0.05070630151540179,0.057193034722537735,0.06367976792967367,0.09339722368731823,0.1231146794449628,0.15283213520260736,0.18254959096025195,0.2947264391013124,0.29102186559944854,0.2845351323923126,0.27804839918517665,0.2715616659780407,0.26507493277090477,0.25858819956376883,0.22887074380612427,0.1991532880484797,0.16943583229083514,0.13971837653319055
7922,0.021214760756460276,0.024068329353953997,0.029064947229369295,0.03406156510478459,0.03905818298019989,0.04405480085561519,0.049051418731030486,0.07194225852804301,0.09483309832505553,0.11772393812206808,0.1406147779190806,0.2196416620198345,0.2167880934223408,0.21179147554692548,0.20679485767151018,0.20179823979609487,0.19680162192067957,0.19180500404526427,0.16891416424825173,0.14602332445123922,0.12313248465422667,0.10024164485721414
7923,0.017379901386824617,0.01971764826949346,0.023811058840523276,0.02790446941155309,0.03199787998258291,0.03609129055361272,0.04018470112464254,0.058937707246218926,0.07769071336779533,0.09644371948937172,0.11519672561094813,0.1725522635160582,0.17021451663338938,0.16612110606235955,0.16202769549132973,0.1579342849202999,0.15384087434927007,0.14974746377824025,0.13099445765666387,0.11224145153508747,0.09348844541351108,0.07473543929193467
7924,0.018861538995962508,0.02139857893702769,0.025840952998510806,0.030283327059993915,0.03472570112147703,0.03916807518296014,0.04361044924444325,0.0639621502340575,0.08431385122367176,0.10466555221328604,0.1250172532029003,0.16219714722554288,0.1596601072844777,0.15521773322299456,0.15077535916151147,0.14633298510002835,0.14189061103854522,0.1374482369770621,0.11709653598744785,0.0967448349978336,0.07639313400821932,0.05604143301860505
7925,0.06031042844298219,0.06842270209442457,0.08262734801485494,0.09683199393528533,0.1110366398557157,0.1252412857761461,0.1394459316965765,0.20452120506052845,0.2695964784244804,0.33467175178843245,0.39974702515238447,0.4566317751531136,0.4485195015016712,0.43431485558124083,0.4201102096608105,0.4059055637403801,0.3917009178199497,0.3774962718995193,0.3124209985355673,0.24734572517161535,0.18227045180766333,0.1171951784437113
7926,0.30895518501738617,0.35051232648691727,0.4232791617051753,0.4960459969234333,0.5688128321416914,0.6415796673599494,0.7143465025782075,1.0477107919933368,1.3810750814084662,1.7144393708235957,2.0478036602387255,2.1024107163262697,2.0608535748567385,1.9880867396384805,1.9153199044202225,1.8425530692019643,1.7697862339837063,1.6970193987654483,1.363655109350319,1.0302908199351897,0.6969265305200603,0.3635622411049304
7927,1.1612949269476076,1.3174991271273024,1.5910137359992662,1.8645283448712298,2.1380429537431938,2.4115575626151577,2.685072171487121,3.9381155800368046,5.191158988586489,6.444202397136173,7.697245805685856,8.797592590406415,8.64138839022672,8.367873781354756,8.094359172482793,7.820844563610829,7.547329954738865,7.273815345866902,6.020771937317218,4.767728528767535,3.514685120217851,2.261641711668167
7928,2.8365400828547638,3.218079229059924,3.8861568494030205,4.554234469746118,5.222312090089215,5.890389710432311,6.558467330775408,9.61910918103339,12.679751031291374,15.74039288154936,18.801034731807345,21.40384848736475,21.02230934115959,20.354231720816493,19.686154100473395,19.018076480130297,18.3499988597872,17.6819212394441,14.621279389186117,11.560637538928134,8.499995688670149,5.439353838412163
7929,4.187241305649756,4.750461435119857,5.736663683482037,6.722865931844216,7.709068180206397,8.695270428568575,9.681472676930756,14.199528337297998,18.717583997665233,23.23563965803248,27.75369531839972,32.29130966000392,31.72808953053382,30.74188728217164,29.75568503380946,28.76948278544728,27.7832805370851,26.797078288722922,22.27902262835568,17.760966967988445,13.242911307621199,8.724855647253957
7930,4.1224380187469025,4.6769415462886,5.647880965838258,6.618820385387915,7.5897598049375725,8.56069922448723,9.53163864403689,13.979771212843394,18.427903781649896,22.876036350456406,27.324168919262913,32.91035711924829,32.35585359170659,31.384914172156932,30.413974752607274,29.443035333057615,28.472095913507957,27.501156493958298,23.053023925151795,18.60489135634529,14.15675878753878,9.708626218732274
7931,3.351595880008395,3.8024144805325077,4.591800893015079,5.381187305497649,6.170573717980221,6.959960130462791,7.7493465429453625,11.365736340329079,14.982126137712793,18.59851593509651,22.21490573248023,27.356769827551037,26.905951227026925,26.116564814544354,25.327178402061783,24.537791989579212,23.74840557709664,22.95901916461407,19.34262936723035,15.726239569846637,12.109849772462919,8.493459975079201
7932,2.9910124143164416,3.3933294236000933,4.097789222441407,4.80224902128272,5.506708820124034,6.211168618965348,6.915628417806662,10.142946736074473,13.370265054342282,16.597583372610092,19.82490169087791,24.2284335048095,23.82611649552585,23.121656696684536,22.417196897843223,21.71273709900191,21.008277300160596,20.303817501319283,17.076499183051475,13.849180864783666,10.621862546515855,7.394544228248039
7933,2.7047846416677372,3.0686015427890947,3.7056473923676854,4.342693241946275,4.979739091524866,5.6167849411034565,6.253830790682048,9.172307818474215,12.090784846266383,15.009261874058554,17.92773890185072,22.802692522038395,22.438875620917038,21.801829771338447,21.164783921759856,20.527738072181265,19.890692222602674,19.253646373024083,16.335169345231915,13.416692317439747,10.498215289647575,7.579738261855409
7934,2.20733046474823,2.5042354815337093,3.0241181699939683,3.544000858454227,4.063883546914486,4.583766235374744,5.103648923835004,7.485370246439614,9.867091569044224,12.248812891648836,14.630534214253444,19.724931122724897,19.428026105939416,18.908143417479156,18.388260729018896,17.868378040558635,17.348495352098375,16.828612663638115,14.446891341033504,12.065170018428894,9.683448695824282,7.3017273732196735
7935,1.677916042855984,1.903610246250039,2.298802319798513,2.693994393346985,3.0891864668954585,3.484378540443932,3.879570613992405,5.690050956937462,7.500531299882518,9.311011642827577,11.121491985772634,14.871256559632515,14.645562356238461,14.250370282689987,13.855178209141515,13.459986135593041,13.064794062044568,12.669601988496094,10.859121645551037,9.04864130260598,7.238160959660921,5.427680616715864
7936,1.1172675321315855,1.2675496673528908,1.5306947005095728,1.7938397336662546,2.0569847668229366,2.3201297999796187,2.583274833136301,3.7888124482913326,4.9943500634463645,6.199887678601396,7.405425293756428,10.033161309414842,9.882879174193537,9.619734141036854,9.356589107880172,9.09344407472349,8.830299041566807,8.567154008410125,7.361616393255093,6.156078778100062,4.95054116294503,3.745003547789998
7937,0.6682540838903488,0.7581400312657272,0.9155309318380566,1.0729218324103855,1.2303127329827148,1.3877036335550441,1.5450945341273732,2.2661442482220826,2.987193962316792,3.7082436764115014,4.429293390506211,6.0734388854665,5.983552938091121,5.826162037518792,5.668771136946463,5.5113802363741335,5.3539893358018045,5.196598435229475,4.475548721134766,3.7544990070400566,3.033449292945347,2.3123995788506377
7938,0.4397550001969972,0.4989058467966161,0.6024793784527985,0.7060529101089809,0.8096264417651632,0.9131999734213457,1.016773505077528,1.4912714914090162,1.9657694777405041,2.4402674640719924,2.9147654504034803,3.6846018562989733,3.625451009699354,3.5218774780431716,3.418303946386989,3.314730414730807,3.2111568830746244,3.1075833514184423,2.633085365086954,2.158587378755466,1.6840893924239777,1.2095914060924897
7939,0.286284866305672,0.32479265405806435,0.39222005033488544,0.4596474466117065,0.5270748428885276,0.5945022391653487,0.6619296354421698,0.9708325302776295,1.2797354251130895,1.5886383199485492,1.8975412147840094,2.22844041223525,2.1899326244828576,2.1225052282060366,2.0550778319292156,1.9876504356523945,1.9202230393755735,1.8527956430987524,1.5438927482632927,1.2349898534278327,0.926086958592373,0.6171840637569128
7940,0.1600000684787465,0.18152145994052682,0.21920556165659857,0.25688966337267033,0.2945737650887421,0.33225786680481384,0.3699419685208856,0.5425828942000834,0.7152238198792811,0.887864745558479,1.0605056712376768,1.3303544742870113,1.308833082825231,1.2711489811091592,1.2334648793930874,1.1957807776770155,1.1580966759609437,1.1204125742448718,0.947771648565674,0.7751307228864763,0.6024897972072784,0.4298488715280806
7941,0.0966650333943288,0.10966731548161278,0.1324343991801003,0.15520148287858784,0.17796856657707538,0.20073565027556292,0.2235027339740505,0.3278048196211218,0.432106905268193,0.5364089909152644,0.6407110765623357,0.8750441895076194,0.8620419074203355,0.8392748237218479,0.8165077400233604,0.7937406563248728,0.7709735726263852,0.7482064889278977,0.6439044032808263,0.5396023176337551,0.4353002319866837,0.3309981463396124
7942,0.060485888935644626,0.06862176353916513,0.08286773488598757,0.09711370623281,0.11135967757963244,0.1256056489264549,0.13985162027327736,0.2051162164429092,0.27038081261254104,0.33564540878217297,0.40091000495180484,0.6530761972950729,0.6449403226915524,0.63069435134473,0.6164483799979075,0.602202408651085,0.5879564373042625,0.57371046595744,0.5084458697878081,0.4431812736181763,0.37791667744854435,0.3126520812789125
7943,0.04326251605801909,0.04908169821561838,0.059271125452270715,0.06946055268892304,0.07964997992557539,0.08983940716222773,0.10002883439888008,0.1467093195416705,0.19338980468446088,0.24007028982725132,0.28675077497004176,0.499578441059629,0.4937592589020297,0.48356983166537737,0.47338040442872503,0.4631909771920727,0.45300154995542036,0.442812122718768,0.3961316375759776,0.3494511524331872,0.30277066729039676,0.2560901821476063
7944,0.031367184720614005,0.03558634204876214,0.04297411500909338,0.050361887969424625,0.057749660929755864,0.0651374338900871,0.07252520685041834,0.10637056615310214,0.14021592545578596,0.17406128475846977,0.20790664406115364,0.38513873965896495,0.3809195823308168,0.3735318093704856,0.36614403641015436,0.35875626344982314,0.3513684904894919,0.3439807175291607,0.3101353582264769,0.27628999892379313,0.24244463962110932,0.20859928031842545
7945,0.027541528392130105,0.031246101893993974,0.037732835101129916,0.04421956830826585,0.05070630151540179,0.057193034722537735,0.06367976792967367,0.09339722368731823,0.1231146794449628,0.15283213520260736,0.18254959096025195,0.2947264391013124,0.29102186559944854,0.2845351323923126,0.27804839918517665,0.2715616659780407,0.26507493277090477,0.25858819956376883,0.22887074380612427,0.1991532880484797,0.16943583229083514,0.13971837653319055
7946,0.021214760756460276,0.024068329353953997,0.029064947229369295,0.03406156510478459,0.03905818298019989,0.04405480085561519,0.049051418731030486,0.07194225852804301,0.09483309832505553,0.11772393812206808,0.1406147779190806,0.2196416620198345,0.2167880934223408,0.21179147554692548,0.20679485767151018,0.20179823979609487,0.19680162192067957,0.19180500404526427,0.16891416424825173,0.14602332445123922,0.12313248465422667,0.10024164485721414
7947,0.017379901386824617,0.01971764826949346,0.023811058840523276,0.02790446941155309,0.03199787998258291,0.03609129055361272,0.04018470112464254,0.058937707246218926,0.07769071336779533,0.09644371948937172,0.11519672561094813,0.1725522635160582,0.17021451663338938,0.16612110606235955,0.16202769549132973,0.1579342849202999,0.15384087434927007,0.14974746377824025,0.13099445765666387,0.11224145153508747,0.09348844541351108,0.07473543929193467
7948,0.018861538995962508,0.02139857893702769,0.025840952998510806,0.030283327059993915,0.03472570112147703,0.03916807518296014,0.04361044924444325,0.0639621502340575,0.08431385122367176,0.10466555221328604,0.1250172532029003,0.16219714722554288,0.1596601072844777,0.15521773322299456,0.15077535916151147,0.14633298510002835,0.14189061103854522,0.1374482369770621,0.11709653598744785,0.0967448349978336,0.07639313400821932,0.05604143301860505
7949,0.06031042844298219,0.06842270209442457,0.08262734801485494,0.09683199393528533,0.1110366398557157,0.1252412857761461,0.1394459316965765,0.20452120506052845,0.2695964784244804,0.33467175178843245,0.39974702515238447,0.4566317751531136,0.4485195015016712,0.43431485558124083,0.4201102096608105,0.4059055637403801,0.3917009178199497,0.3774962718995193,0.3124209985355673,0.24734572517161535,0.18227045180766333,0.1171951784437113
7950,0.30895518501738617,0.35051232648691727,0.4232791617051753,0.4960459969234333,0.5688128321416914,0.6415796673599494,0.7143465025782075,1.0477107919933368,1.3810750814084662,1.7144393708235957,2.0478036602387255,2.1024107163262697,2.0608535748567385,1.9880867396384805,1.9153199044202225,1.8425530692019643,1.7697862339837063,1.6970193987654483,1.363655109350319,1.0302908199351897,0.6969265305200603,0.3635622411049304
7951,1.1612949269476076,1.3174991271273024,1.5910137359992662,1.8645283448712298,2.1380429537431938,2.4115575626151577,2.685072171487121,3.9381155800368046,5.191158988586489,6.444202397136173,7.697245805685856,8.797592590406415,8.64138839022672,8.367873781354756,8.094359172482793,7.820844563610829,7.547329954738865,7.273815345866902,6.020771937317218,4.767728528767535,3.514685120217851,2.261641711668167
7952,2.8365400828547638,3.218079229059924,3.8861568494030205,4.554234469746118,5.222312090089215,5.890389710432311,6.558467330775408,9.61910918103339,12.679751031291374,15.74039288154936,18.801034731807345,21.40384848736475,21.02230934115959,20.354231720816493,19.686154100473395,19.018076480130297,18.3499988597872,17.6819212394441,14.621279389186117,11.560637538928134,8.499995688670149,5.439353838412163
7953,4.187241305649756,4.750461435119857,5.736663683482037,6.722865931844216,7.709068180206397,8.695270428568575,9.681472676930756,14.199528337297998,18.717583997665233,23.23563965803248,27.75369531839972,32.29130966000392,31.72808953053382,30.74188728217164,29.75568503380946,28.76948278544728,27.7832805370851,26.797078288722922,22.27902262835568,17.760966967988445,13.242911307621199,8.724855647253957
7954,4.1224380187469025,4.6769415462886,5.647880965838258,6.618820385387915,7.5897598049375725,8.56069922448723,9.53163864403689,13.979771212843394,18.427903781649896,22.876036350456406,27.324168919262913,32.91035711924829,32.35585359170659,31.384914172156932,30.413974752607274,29.443035333057615,28.472095913507957,27.501156493958298,23.053023925151795,18.60489135634529,14.15675878753878,9.708626218732274
7955,3.351595880008395,3.8024144805325077,4.591800893015079,5.381187305497649,6.170573717980221,6.959960130462791,7.7493465429453625,11.365736340329079,14.982126137712793,18.59851593509651,22.21490573248023,27.356769827551037,26.905951227026925,26.116564814544354,25.327178402061783,24.537791989579212,23.74840557709664,22.95901916461407,19.34262936723035,15.726239569846637,12.109849772462919,8.493459975079201
7956,2.9910124143164416,3.3933294236000933,4.097789222441407,4.80224902128272,5.506708820124034,6.211168618965348,6.915628417806662,10.142946736074473,13.370265054342282,16.597583372610092,19.82490169087791,24.2284335048095,23.82611649552585,23.121656696684536,22.417196897843223,21.71273709900191,21.008277300160596,20.303817501319283,17.076499183051475,13.849180864783666,10.621862546515855,7.394544228248039
7957,2.7047846416677372,3.0686015427890947,3.7056473923676854,4.342693241946275,4.979739091524866,5.6167849411034565,6.253830790682048,9.172307818474215,12.090784846266383,15.009261874058554,17.92773890185072,22.802692522038395,22.438875620917038,21.801829771338447,21.164783921759856,20.527738072181265,19.890692222602674,19.253646373024083,16.335169345231915,13.416692317439747,10.498215289647575,7.579738261855409
7958,2.20733046474823,2.5042354815337093,3.0241181699939683,3.544000858454227,4.063883546914486,4.583766235374744,5.103648923835004,7.485370246439614,9.867091569044224,12.248812891648836,14.630534214253444,19.724931122724897,19.428026105939416,18.908143417479156,18.388260729018896,17.868378040558635,17.348495352098375,16.828612663638115,14.446891341033504,12.065170018428894,9.683448695824282,7.3017273732196735
7959,1.677916042855984,1.903610246250039,2.298802319798513,2.693994393346985,3.0891864668954585,3.484378540443932,3.879570613992405,5.690050956937462,7.500531299882518,9.311011642827577,11.121491985772634,14.871256559632515,14.645562356238461,14.250370282689987,13.855178209141515,13.459986135593041,13.064794062044568,12.669601988496094,10.859121645551037,9.04864130260598,7.238160959660921,5.427680616715864
7960,1.1172675321315855,1.2675496673528908,1.5306947005095728,1.7938397336662546,2.0569847668229366,2.3201297999796187,2.583274833136301,3.7888124482913326,4.9943500634463645,6.199887678601396,7.405425293756428,10.033161309414842,9.882879174193537,9.619734141036854,9.356589107880172,9.09344407472349,8.830299041566807,8.567154008410125,7.361616393255093,6.156078778100062,4.95054116294503,3.745003547789998
7961,0.6682540838903488,0.7581400312657272,0.9155309318380566,1.0729218324103855,1.2303127329827148,1.3877036335550441,1.5450945341273732,2.2661442482220826,2.987193962316792,3.7082436764115014,4.429293390506211,6.0734388854665,5.983552938091121,5.826162037518792,5.668771136946463,5.5113802363741335,5.3539893358018045,5.196598435229475,4.475548721134766,3.7544990070400566,3.033449292945347,2.3123995788506377
7962,0.4397550001969972,0.4989058467966161,0.6024793784527985,0.7060529101089809,0.8096264417651632,0.9131999734213457,1.016773505077528,1.4912714914090162,1.9657694777405041,2.4402674640719924,2.9147654504034803,3.6846018562989733,3.625451009699354,3.5218774780431716,3.418303946386989,3.314730414730807,3.2111568830746244,3.1075833514184423,2.633085365086954,2.158587378755466,1.6840893924239777,1.2095914060924897
7963,0.286284866305672,0.32479265405806435,0.39222005033488544,0.4596474466117065,0.5270748428885276,0.5945022391653487,0.6619296354421698,0.9708325302776295,1.2797354251130895,1.5886383199485492,1.8975412147840094,2.22844041223525,2.1899326244828576,2.1225052282060366,2.0550778319292156,1.9876504356523945,1.9202230393755735,1.8527956430987524,1.5438927482632927,1.2349898534278327,0.926086958592373,0.6171840637569128
7964,0.1600000684787465,0.18152145994052682,0.21920556165659857,0.25688966337267033,0.2945737650887421,0.33225786680481384,0.3699419685208856,0.5425828942000834,0.7152238198792811,0.887864745558479,1.0605056712376768,1.3303544742870113,1.308833082825231,1.2711489811091592,1.2334648793930874,1.1957807776770155,1.1580966759609437,1.1204125742448718,0.947771648565674,0.7751307228864763,0.6024897972072784,0.4298488715280806
7965,0.0966650333943288,0.10966731548161278,0.1324343991801003,0.15520148287858784,0.17796856657707538,0.20073565027556292,0.2235027339740505,0.3278048196211218,0.432106905268193,0.5364089909152644,0.6407110765623357,0.8750441895076194,0.8620419074203355,0.8392748237218479,0.8165077400233604,0.7937406563248728,0.7709735726263852,0.7482064889278977,0.6439044032808263,0.5396023176337551,0.4353002319866837,0.3309981463396124
7966,0.060485888935644626,0.06862176353916513,0.08286773488598757,0.09711370623281,0.11135967757963244,0.1256056489264549,0.13985162027327736,0.2051162164429092,0.27038081261254104,0.33564540878217297,0.40091000495180484,0.6530761972950729,0.6449403226915524,0.63069435134473,0.6164483799979075,0.602202408651085,0.5879564373042625,0.57371046595744,0.5084458697878081,0.4431812736181763,0.37791667744854435,0.3126520812789125
7967,0.04326251605801909,0.04908169821561838,0.059271125452270715,0.06946055268892304,0.07964997992557539,0.08983940716222773,0.10002883439888008,0.1467093195416705,0.19338980468446088,0.24007028982725132,0.28675077497004176,0.499578441059629,0.4937592589020297,0.48356983166537737,0.47338040442872503,0.4631909771920727,0.45300154995542036,0.442812122718768,0.3961316375759776,0.3494511524331872,0.30277066729039676,0.2560901821476063
7968,0.031367184720614005,0.03558634204876214,0.04297411500909338,0.050361887969424625,0.057749660929755864,0.0651374338900871,0.07252520685041834,0.10637056615310214,0.14021592545578596,0.17406128475846977,0.20790664406115364,0.38513873965896495,0.3809195823308168,0.3735318093704856,0.36614403641015436,0.35875626344982314,0.3513684904894919,0.3439807175291607,0.3101353582264769,0.27628999892379313,0.24244463962110932,0.20859928031842545
7969,0.027541528392130105,0.031246101893993974,0.037732835101129916,0.04421956830826585,0.05070630151540179,0.057193034722537735,0.06367976792967367,0.09339722368731823,0.1231146794449628,0.15283213520260736,0.18254959096025195,0.2947264391013124,0.29102186559944854,0.2845351323923126,0.27804839918517665,0.2715616659780407,0.26507493277090477,0.25858819956376883,0.22887074380612427,0.1991532880484797,0.16943583229083514,0.13971837653319055
7970,0.021214760756460276,0.024068329353953997,0.029064947229369295,0.03406156510478459,0.03905818298019989,0.04405480085561519,0.049051418731030486,0.07194225852804301,0.09483309832505553,0.11772393812206808,0.1406147779190806,0.2196416620198345,0.2167880934223408,0.21179147554692548,0.20679485767151018,0.20179823979609487,0.19680162192067957,0.19180500404526427,0.16891416424825173,0.14602332445123922,0.12313248465422667,0.10024164485721414
7971,0.017379901386824617,0.01971764826949346,0.023811058840523276,0.02790446941155309,0.03199787998258291,0.03609129055361272,0.04018470112464254,0.058937707246218926,0.07769071336779533,0.09644371948937172,0.11519672561094813,0.1725522635160582,0.17021451663338938,0.16612110606235955,0.16202769549132973,0.1579342849202999,0.15384087434927007,0.14974746377824025,0.13099445765666387,0.11224145153508747,0.09348844541351108,0.07473543929193467
7972,0.018861538995962508,0.02139857893702769,0.025840952998510806,0.030283327059993915,0.03472570112147703,0.03916807518296014,0.04361044924444325,0.0639621502340575,0.08431385122367176,0.10466555221328604,0.1250172532029003,0.16219714722554288,0.1596601072844777,0.15521773322299456,0.15077535916151147,0.14633298510002835,0.14189061103854522,0.1374482369770621,0.11709653598744785,0.0967448349978336,0.07639313400821932,0.05604143301860505
7973,0.06031042844298219,0.06842270209442457,0.08262734801485494,0.09683199393528533,0.1110366398557157,0.1252412857761461,0.1394459316965765,0.20452120506052845,0.2695964784244804,0.33467175178843245,0.39974702515238447,0.4566317751531136,0.4485195015016712,0.43431485558124083,0.4201102096608105,0.4059055637403801,0.3917009178199497,0.3774962718995193,0.3124209985355673,0.24734572517161535,0.18227045180766333,0.1171951784437113
7974,0.30895518501738617,0.35051232648691727,0.4232791617051753,0.4960459969234333,0.5688128321416914,0.6415796673599494,0.7143465025782075,1.0477107919933368,1.3810750814084662,1.7144393708235957,2.0478036602387255,2.1024107163262697,2.0608535748567385,1.9880867396384805,1.9153199044202225,1.8425530692019643,1.7697862339837063,1.6970193987654483,1.363655109350319,1.0302908199351897,0.6969265305200603,0.3635622411049304
7975,1.1612949269476076,1.3174991271273024,1.5910137359992662,1.8645283448712298,2.1380429537431938,2.4115575626151577,2.685072171487121,3.9381155800368046,5.191158988586489,6.444202397136173,7.697245805685856,8.797592590406415,8.64138839022672,8.367873781354756,8.094359172482793,7.820844563610829,7.547329954738865,7.273815345866902,6.020771937317218,4.767728528767535,3.514685120217851,2.261641711668167
7976,2.8365400828547638,3.218079229059924,3.8861568494030205,4.554234469746118,5.222312090089215,5.890389710432311,6.558467330775408,9.61910918103339,12.679751031291374,15.74039288154936,18.801034731807345,21.40384848736475,21.02230934115959,20.354231720816493,19.686154100473395,19.018076480130297,18.3499988597872,17.6819212394441,14.621279389186117,11.560637538928134,8.499995688670149,5.439353838412163
7977,4.187241305649756,4.750461435119857,5.736663683482037,6.722865931844216,7.709068180206397,8.695270428568575,9.681472676930756,14.199528337297998,18.717583997665233,23.23563965803248,27.75369531839972,32.29130966000392,31.72808953053382,30.74188728217164,29.75568503380946,28.76948278544728,27.7832805370851,26.797078288722922,22.27902262835568,17.760966967988445,13.242911307621199,8.724855647253957
7978,4.1224380187469025,4.6769415462886,5.647880965838258,6.618820385387915,7.5897598049375725,8.56069922448723,9.53163864403689,13.979771212843394,18.427903781649896,22.876036350456406,27.324168919262913,32.91035711924829,32.35585359170659,31.384914172156932,30.413974752607274,29.443035333057615,28.472095913507957,27.501156493958298,23.053023925151795,18.60489135634529,14.15675878753878,9.708626218732274
7979,3.351595880008395,3.8024144805325077,4.591800893015079,5.381187305497649,6.170573717980221,6.959960130462791,7.7493465429453625,11.365736340329079,14.982126137712793,18.59851593509651,22.21490573248023,27.356769827551037,26.905951227026925,26.116564814544354,25.327178402061783,24.537791989579212,23.74840557709664,22.95901916461407,19.34262936723035,15.726239569846637,12.109849772462919,8.493459975079201
7980,2.9910124143164416,3.3933294236000933,4.097789222441407,4.80224902128272,5.506708820124034,6.211168618965348,6.915628417806662,10.142946736074473,13.370265054342282,16.597583372610092,19.82490169087791,24.2284335048095,23.82611649552585,23.121656696684536,22.417196897843223,21.71273709900191,21.008277300160596,20.303817501319283,17.076499183051475,13.849180864783666,10.621862546515855,7.394544228248039
7981,2.7047846416677372,3.0686015427890947,3.7056473923676854,4.342693241946275,4.979739091524866,5.6167849411034565,6.253830790682048,9.172307818474215,12.090784846266383,15.009261874058554,17.92773890185072,22.802692522038395,22.438875620917038,21.801829771338447,21.164783921759856,20.527738072181265,19.890692222602674,19.253646373024083,16.335169345231915,13.416692317439747,10.498215289647575,7.579738261855409
7982,2.20733046474823,2.5042354815337093,3.0241181699939683,3.544000858454227,4.063883546914486,4.583766235374744,5.103648923835004,7.485370246439614,9.867091569044224,12.248812891648836,14.630534214253444,19.724931122724897,19.428026105939416,18.908143417479156,18.388260729018896,17.868378040558635,17.348495352098375,16.828612663638115,14.446891341033504,12.065170018428894,9.683448695824282,7.3017273732196735
7983,1.677916042855984,1.903610246250039,2.298802319798513,2.693994393346985,3.0891864668954585,3.484378540443932,3.879570613992405,5.690050956937462,7.500531299882518,9.311011642827577,11.121491985772634,14.871256559632515,14.645562356238461,14.250370282689987,13.855178209141515,13.459986135593041,13.064794062044568,12.669601988496094,10.859121645551037,9.04864130260598,7.238160959660921,5.427680616715864
7984,1.1172675321315855,1.2675496673528908,1.5306947005095728,1.7938397336662546,2.0569847668229366,2.3201297999796187,2.583274833136301,3.7888124482913326,4.9943500634463645,6.199887678601396,7.405425293756428,10.033161309414842,9.882879174193537,9.619734141036854,9.356589107880172,9.09344407472349,8.830299041566807,8.567154008410125,7.361616393255093,6.156078778100062,4.95054116294503,3.745003547789998
7985,0.6682540838903488,0.7581400312657272,0.9155309318380566,1.0729218324103855,1.2303127329827148,1.3877036335550441,1.5450945341273732,2.2661442482220826,2.987193962316792,3.7082436764115014,4.429293390506211,6.0734388854665,5.983552938091121,5.826162037518792,5.668771136946463,5.5113802363741335,5.3539893358018045,5.196598435229475,4.475548721134766,3.7544990070400566,3.033449292945347,2.3123995788506377
7986,0.4397550001969972,0.4989058467966161,0.6024793784527985,0.7060529101089809,0.8096264417651632,0.9131999734213457,1.016773505077528,1.4912714914090162,1.9657694777405041,2.4402674640719924,2.9147654504034803,3.6846018562989733,3.625451009699354,3.5218774780431716,3.418303946386989,3.314730414730807,3.2111568830746244,3.1075833514184423,2.633085365086954,2.158587378755466,1.6840893924239777,1.2095914060924897
7987,0.286284866305672,0.32479265405806435,0.39222005033488544,0.4596474466117065,0.5270748428885276,0.5945022391653487,0.6619296354421698,0.9708325302776295,1.2797354251130895,1.5886383199485492,1.8975412147840094,2.22844041223525,2.1899326244828576,2.1225052282060366,2.0550778319292156,1.9876504356523945,1.9202230393755735,1.8527956430987524,1.5438927482632927,1.2349898534278327,0.926086958592373,0.6171840637569128
7988,0.1600000684787465,0.18152145994052682,0.21920556165659857,0.25688966337267033,0.2945737650887421,0.33225786680481384,0.3699419685208856,0.5425828942000834,0.7152238198792811,0.887864745558479,1.0605056712376768,1.3303544742870113,1.308833082825231,1.2711489811091592,1.2334648793930874,1.1957807776770155,1.1580966759609437,1.1204125742448718,0.947771648565674,0.7751307228864763,0.6024897972072784,0.4298488715280806
7989,0.0966650333943288,0.10966731548161278,0.1324343991801003,0.15520148287858784,0.17796856657707538,0.20073565027556292,0.2235027339740505,0.3278048196211218,0.432106905268193,0.5364089909152644,0.6407110765623357,0.8750441895076194,0.8620419074203355,0.8392748237218479,0.8165077400233604,0.7937406563248728,0.7709735726263852,0.7482064889278977,0.6439044032808263,0.5396023176337551,0.4353002319866837,0.3309981463396124
7990,0.060485888935644626,0.06862176353916513,0.08286773488598757,0.09711370623281,0.11135967757963244,0.1256056489264549,0.13985162027327736,0.2051162164429092,0.27038081261254104,0.33564540878217297,0.40091000495180484,0.6530761972950729,0.6449403226915524,0.63069435134473,0.6164483799979075,0.602202408651085,0.5879564373042625,0.57371046595744,0.5084458697878081,0.4431812736181763,0.37791667744854435,0.3126520812789125
7991,0.04326251605801909,0.04908169821561838,0.059271125452270715,0.06946055268892304,0.07964997992557539,0.08983940716222773,0.10002883439888008,0.1467093195416705,0.19338980468446088,0.24007028982725132,0.28675077497004176,0.499578441059629,0.4937592589020297,0.48356983166537737,0.47338040442872503,0.4631909771920727,0.45300154995542036,0.442812122718768,0.3961316375759776,0.3494511524331872,0.30277066729039676,0.2560901821476063
7992,0.031367184720614005,0.03558634204876214,0.04297411500909338,0.050361887969424625,0.057749660929755864,0.0651374338900871,0.07252520685041834,0.10637056615310214,0.14021592545578596,0.17406128475846977,0.20790664406115364,0.38513873965896495,0.3809195823308168,0.3735318093704856,0.36614403641015436,0.35875626344982314,0.3513684904894919,0.3439807175291607,0.3101353582264769,0.27628999892379313,0.24244463962110932,0.20859928031842545
7993,0.027541528392130105,0.031246101893993974,0.037732835101129916,0.04421956830826585,0.05070630151540179,0.057193034722537735,0.06367976792967367,0.09339722368731823,0.1231146794449628,0.15283213520260736,0.18254959096025195,0.2947264391013124,0.29102186559944854,0.2845351323923126,0.27804839918517665,0.2715616659780407,0.26507493277090477,0.25858819956376883,0.22887074380612427,0.1991532880484797,0.16943583229083514,0.13971837653319055
7994,0.021214760756460276,0.024068329353953997,0.029064947229369295,0.03406156510478459,0.03905818298019989,0.04405480085561519,0.049051418731030486,0.07194225852804301,0.09483309832505553,0.11772393812206808,0.1406147779190806,0.2196416620198345,0.2167880934223408,0.21179147554692548,0.20679485767151018,0.20179823979609487,0.19680162192067957,0.19180500404526427,0.16891416424825173,0.14602332445123922,0.12313248465422667,0.10024164485721414
7995,0.017379901386824617,0.01971764826949346,0.023811058840523276,0.02790446941155309,0.03199787998258291,0.03609129055361272,0.04018470112464254,0.058937707246218926,0.07769071336779533,0.09644371948937172,0.11519672561094813,0.1725522635160582,0.17021451663338938,0.16612110606235955,0.16202769549132973,0.1579342849202999,0.15384087434927007,0.14974746377824025,0.13099445765666387,0.11224145153508747,0.09348844541351108,0.07473543929193467
7996,0.018861538995962508,0.02139857893702769,0.025840952998510806,0.030283327059993915,0.03472570112147703,0.03916807518296014,0.04361044924444325,0.0639621502340575,0.08431385122367176,0.10466555221328604,0.1250172532029003,0.16219714722554288,0.1596601072844777,0.15521773322299456,0.15077535916151147,0.14633298510002835,0.14189061103854522,0.1374482369770621,0.11709653598744785,0.0967448349978336,0.07639313400821932,0.05604143301860505
7997,0.06031042844298219,0.06842270209442457,0.08262734801485494,0.09683199393528533,0.1110366398557157,0.1252412857761461,0.1394459316965765,0.20452120506052845,0.2695964784244804,0.33467175178843245,0.39974702515238447,0.4566317751531136,0.4485195015016712,0.43431485558124083,0.4201102096608105,0.4059055637403801,0.3917009178199497,0.3774962718995193,0.3124209985355673,0.24734572517161535,0.18227045180766333,0.1171951784437113
7998,0.30895518501738617,0.35051232648691727,0.4232791617051753,0.4960459969234333,0.5688128321416914,0.6415796673599494,0.7143465025782075,1.0477107919933368,1.3810750814084662,1.7144393708235957,2.0478036602387255,2.1024107163262697,2.0608535748567385,1.9880867396384805,1.9153199044202225,1.8425530692019643,1.7697862339837063,1.6970193987654483,1.363655109350319,1.0302908199351897,0.6969265305200603,0.3635622411049304
7999,1.1612949269476076,1.3174991271273024,1.5910137359992662,1.8645283448712298,2.1380429537431938,2.4115575626151577,2.685072171487121,3.9381155800368046,5.191158988586489,6.444202397136173,7.697245805685856,8.797592590406415,8.64138839022672,8.367873781354756,8.094359172482793,7.820844563610829,7.547329954738865,7.273815345866902,6.020771937317218,4.767728528767535,3.514685120217851,2.261641711668167
8000,2.8365400828547638,3.218079229059924,3.8861568494030205,4.554234469746118,5.222312090089215,5.890389710432311,6.558467330775408,9.61910918103339,12.679751031291374,15.74039288154936,18.801034731807345,21.40384848736475,21.02230934115959,20.354231720816493,19.686154100473395,19.018076480130297,18.3499988597872,17.6819212394441,14.621279389186117,11.560637538928134,8.499995688670149,5.439353838412163
8001,4.187241305649756,4.750461435119857,5.736663683482037,6.722865931844216,7.709068180206397,8.695270428568575,9.681472676930756,14.199528337297998,18.717583997665233,23.23563965803248,27.75369531839972,32.29130966000392,31.72808953053382,30.74188728217164,29.75568503380946,28.76948278544728,27.7832805370851,26.797078288722922,22.27902262835568,17.760966967988445,13.242911307621199,8.724855647253957
8002,4.1224380187469025,4.6769415462886,5.647880965838258,6.618820385387915,7.5897598049375725,8.56069922448723,9.53163864403689,13.979771212843394,18.427903781649896,22.876036350456406,27.324168919262913,32.91035711924829,32.35585359170659,31.384914172156932,30.413974752607274,29.443035333057615,28.472095913507957,27.501156493958298,23.053023925151795,18.60489135634529,14.15675878753878,9.708626218732274
8003,3.351595880008395,3.8024144805325077,4.591800893015079,5.381187305497649,6.170573717980221,6.959960130462791,7.7493465429453625,11.365736340329079,14.982126137712793,18.59851593509651,22.21490573248023,27.356769827551037,26.905951227026925,26.116564814544354,25.327178402061783,24.537791989579212,23.74840557709664,22.95901916461407,19.34262936723035,15.726239569846637,12.109849772462919,8.493459975079201
8004,2.9910124143164416,3.3933294236000933,4.097789222441407,4.80224902128272,5.506708820124034,6.211168618965348,6.915628417806662,10.142946736074473,13.370265054342282,16.597583372610092,19.82490169087791,24.2284335048095,23.82611649552585,23.121656696684536,22.417196897843223,21.71273709900191,21.008277300160596,20.303817501319283,17.076499183051475,13.849180864783666,10.621862546515855,7.394544228248039
8005,2.7047846416677372,3.0686015427890947,3.7056473923676854,4.342693241946275,4.979739091524866,5.6167849411034565,6.253830790682048,9.172307818474215,12.090784846266383,15.009261874058554,17.92773890185072,22.802692522038395,22.438875620917038,21.801829771338447,21.164783921759856,20.527738072181265,19.890692222602674,19.253646373024083,16.335169345231915,13.416692317439747,10.498215289647575,7.579738261855409
8006,2.20733046474823,2.5042354815337093,3.0241181699939683,3.544000858454227,4.063883546914486,4.583766235374744,5.103648923835004,7.485370246439614,9.867091569044224,12.248812891648836,14.630534214253444,19.724931122724897,19.428026105939416,18.908143417479156,18.388260729018896,17.868378040558635,17.348495352098375,16.828612663638115,14.446891341033504,12.065170018428894,9.683448695824282,7.3017273732196735
8007,1.677916042855984,1.903610246250039,2.298802319798513,2.693994393346985,3.0891864668954585,3.484378540443932,3.879570613992405,5.690050956937462,7.500531299882518,9.311011642827577,11.121491985772634,14.871256559632515,14.645562356238461,14.250370282689987,13.855178209141515,13.459986135593041,13.064794062044568,12.669601988496094,10.859121645551037,9.04864130260598,7.238160959660921,5.427680616715864
8008,1.1172675321315855,1.2675496673528908,1.5306947005095728,1.7938397336662546,2.0569847668229366,2.3201297999796187,2.583274833136301,3.7888124482913326,4.9943500634463645,6.199887678601396,7.405425293756428,10.033161309414842,9.882879174193537,9.619734141036854,9.356589107880172,9.09344407472349,8.830299041566807,8.567154008410125,7.361616393255093,6.156078778100062,4.95054116294503,3.745003547789998
8009,0.6682540838903488,0.7581400312657272,0.9155309318380566,1.0729218324103855,1.2303127329827148,1.3877036335550441,1.5450945341273732,2.2661442482220826,2.987193962316792,3.7082436764115014,4.429293390506211,6.0734388854665,5.983552938091121,5.826162037518792,5.668771136946463,5.5113802363741335,5.3539893358018045,5.196598435229475,4.475548721134766,3.7544990070400566,3.033449292945347,2.3123995788506377
8010,0.4397550001969972,0.4989058467966161,0.6024793784527985,0.7060529101089809,0.8096264417651632,0.9131999734213457,1.016773505077528,1.4912714914090162,1.9657694777405041,2.4402674640719924,2.9147654504034803,3.6846018562989733,3.625451009699354,3.5218774780431716,3.418303946386989,3.314730414730807,3.2111568830746244,3.1075833514184423,2.633085365086954,2.158587378755466,1.6840893924239777,1.2095914060924897
8011,0.286284866305672,0.32479265405806435,0.39222005033488544,0.4596474466117065,0.5270748428885276,0.5945022391653487,0.6619296354421698,0.9708325302776295,1.2797354251130895,1.5886383199485492,1.8975412147840094,2.22844041223525,2.1899326244828576,2.1225052282060366,2.0550778319292156,1.9876504356523945,1.9202230393755735,1.8527956430987524,1.5438927482632927,1.2349898534278327,0.926086958592373,0.6171840637569128
8012,0.1600000684787465,0.18152145994052682,0.21920556165659857,0.25688966337267033,0.2945737650887421,0.33225786680481384,0.3699419685208856,0.5425828942000834,0.7152238198792811,0.887864745558479,1.0605056712376768,1.3303544742870113,1.308833082825231,1.2711489811091592,1.2334648793930874,1.1957807776770155,1.1580966759609437,1.1204125742448718,0.947771648565674,0.7751307228864763,0.6024897972072784,0.4298488715280806
8013,0.0966650333943288,0.10966731548161278,0.1324343991801003,0.15520148287858784,0.17796856657707538,0.20073565027556292,0.2235027339740505,0.3278048196211218,0.432106905268193,0.5364089909152644,0.6407110765623357,0.8750441895076194,0.8620419074203355,0.8392748237218479,0.8165077400233604,0.7937406563248728,0.7709735726263852,0.7482064889278977,0.6439044032808263,0.5396023176337551,0.4353002319866837,0.3309981463396124
8014,0.060485888935644626,0.06862176353916513,0.08286773488598757,0.09711370623281,0.11135967757963244,0.1256056489264549,0.13985162027327736,0.2051162164429092,0.27038081261254104,0.33564540878217297,0.40091000495180484,0.6530761972950729,0.6449403226915524,0.63069435134473,0.6164483799979075,0.602202408651085,0.5879564373042625,0.57371046595744,0.5084458697878081,0.4431812736181763,0.37791667744854435,0.3126520812789125
8015,0.04326251605801909,0.04908169821561838,0.059271125452270715,0.06946055268892304,0.07964997992557539,0.08983940716222773,0.10002883439888008,0.1467093195416705,0.19338980468446088,0.24007028982725132,0.28675077497004176,0.499578441059629,0.4937592589020297,0.48356983166537737,0.47338040442872503,0.4631909771920727,0.45300154995542036,0.442812122718768,0.3961316375759776,0.3494511524331872,0.30277066729039676,0.2560901821476063
8016,0.06656898268586907,0.07552308595105217,0.09120178120737912,0.10688047646370606,0.12255917172003303,0.13823786697635998,0.1539165622326869,0.2257448489433112,0.29757313565393556,0.36940142236455986,0.44122970907518416,0.4271966781704077,0.4182425749052246,0.4025638796488976,0.3868851843925707,0.3712064891362437,0.35552779387991673,0.3398490986235898,0.2680208119129655,0.19619252520234115,0.12436423849171685,0.05253595178109255
8017,0.056639086305014866,0.06425753272192815,0.07759748382143074,0.09093743492093335,0.10427738602043597,0.11761733711993858,0.1309572882194412,0.19207116387144205,0.25318503952344296,0.31429891517544384,0.3754127908274448,0.3168441383691494,0.3092256919522361,0.2958857408527335,0.28254578975323086,0.26920583865372827,0.2558658875542257,0.24252593645472306,0.1814120608027222,0.1202981851507213,0.05918430949872042,-0.0019295661532805208
8018,0.03392680220936796,0.038490250202461725,0.046480878441028384,0.05447150667959503,0.06246213491816169,0.07045276315672834,0.07844339139529499,0.1150505915949522,0.15165779179460942,0.18826499199426663,0.22487219219392388,0.22601923126692836,0.22145578327383458,0.21346515503526792,0.20547452679670128,0.1974838985581346,0.18949327031956797,0.1815026420810013,0.1448954418813441,0.10828824168168688,0.07168104148202967,0.035073841282372425
8019,0.0236676925723058,0.026851201690074235,0.03242554764354464,0.03799989359701504,0.043574239550485436,0.049148585503955844,0.05472293145742625,0.08026049774238261,0.10579806402733898,0.13133563031229536,0.15687319659725174,0.20284547879051973,0.1996619696727513,0.1940876237192809,0.1885132777658105,0.1829389318123401,0.17736458585886972,0.17179023990539932,0.14625267362044297,0.12071510733548661,0.09517754105053022,0.06963997476557385
8020,0.02469635730095266,0.028018230711428102,0.03383485347536883,0.03965147623930954,0.04546809900325027,0.051284721767191,0.05710134453113172,0.08374884553458932,0.11039634653804692,0.1370438475415045,0.16369134854496212,0.2086410790622131,0.20531920565173767,0.19950258288779693,0.19368596012385622,0.18786933735991548,0.18205271459597477,0.17623609183203404,0.14958859082857645,0.12294108982511885,0.09629358882166127,0.06964608781820365
8021,0.018530992112733714,0.02102357064238779,0.025388092472381524,0.02975261430237525,0.03411713613236898,0.03848165796236271,0.04284617979235644,0.06284121893523797,0.08283625807811949,0.10283129722100104,0.12282633636388257,0.23076451461001737,0.2282719360803633,0.22390741425036959,0.21954289242037586,0.21517837059038214,0.21081384876038842,0.2064493269303947,0.18645428778751316,0.16645924864463163,0.1464642095017501,0.12646917035886857
8022,0.022723898938375474,0.025780459658883387,0.031132518111866028,0.036484576564848666,0.0418366350178313,0.04718869347081395,0.05254075192379659,0.0770599598532782,0.10157916778275981,0.12609837571224142,0.15061758364172306,0.3411068640072945,0.3380503032867866,0.33269824483380395,0.3273461863808213,0.32199412792783866,0.316642069474856,0.31129001102187337,0.2867708030923918,0.2622515951629102,0.2377323872334286,0.21321317930394695
8023,0.05954035988303085,0.0675490526604855,0.08157232777140645,0.0955956028823274,0.10961887799324835,0.12364215310416929,0.13766542821509023,0.20190979350324906,0.2661541587914079,0.33039852407956677,0.3946428893677256,0.5323949645104806,0.524386271733026,0.510362996622105,0.4963397215111841,0.48231644640026317,0.4682931712893422,0.4542698961784213,0.3900255308902625,0.32578116560210363,0.2615368003139448,0.19729243502578592
8024,0.09422208070711786,0.10689576455313886,0.129087470513181,0.15127917647322317,0.17347088243326533,0.1956625883933075,0.21785429435334966,0.31952042104539957,0.42118654773744957,0.5228526744294996,0.6245188011215496,0.7630054397344619,0.7503317558884409,0.7281400499283988,0.7059483439683566,0.6837566380083144,0.6615649320482723,0.6393732260882301,0.5377070993961802,0.4360409727041302,0.33437484601208023,0.23270871932003023
8025,0.11060462621291975,0.12548190395938727,0.1515321177130734,0.17758233146675953,0.2036325452204457,0.22968275897413182,0.255732972727818,0.37507595323620807,0.49441893374459817,0.6137619142529884,0.7331048947613785,1.04243040931092,1.0275531315644524,1.0015029178107662,0.9754527040570801,0.949402490303394,0.9233522765497079,0.8973020627960218,0.7779590822876317,0.6586161017792416,0.5392731212708513,0.41993014076246116
8026,0.14593538259187422,0.16556495229609972,0.19993646134515083,0.23430797039420195,0.2686794794432531,0.3030509884923042,0.3374224975413554,0.4948875522726021,0.6523526070038489,0.8098176617350957,0.9672827164663426,1.3368623237393928,1.3172327540351674,1.2828612449861163,1.2484897359370652,1.2141182268880142,1.1797467178389631,1.145375208789912,0.9879101540586653,0.8304450993274186,0.6729800445961718,0.5155149898649249
8027,0.17412844867806587,0.1975502293326846,0.2385619253527876,0.2795736213728906,0.3205853173929936,0.3615970134130966,0.40260870943319965,0.5904942325625675,0.7783797556919354,0.9662652788213034,1.1541508019506714,1.6963697765134498,1.6729479958588311,1.6319362998387281,1.590924603818625,1.549912907798522,1.508901211778419,1.467889515758316,1.2800039926289482,1.0921184694995802,0.9042329463702122,0.7163474232408442
8028,0.20258246617249245,0.22983155799628885,0.277544901707457,0.32525824541862514,0.3729715891297932,0.4206849328409614,0.46839827655212957,0.6869858360383282,0.9055733955245269,1.1241609550107257,1.3427485144969247,1.9211150761464808,1.8938659843226844,1.8461526406115163,1.7984392969003482,1.7507259531891801,1.7030126094780118,1.6552992657668437,1.4367117062806452,1.2181241467944464,0.9995365873082476,0.7809490278220486
8029,0.22682064156334378,0.25732997737244256,0.31075203030808307,0.3641740832437235,0.4175961361793641,0.4710181891150046,0.5244402420506451,0.769180921820084,1.013921601589523,1.2586622813589619,1.5034029611284008,2.0428941262432594,2.0123847904341607,1.9589627374985201,1.9055406845628797,1.852118631627239,1.7986965786915987,1.745274525755958,1.5005338459865192,1.2557931662170803,1.0110524864476413,0.7663118066782024
8030,0.28713168866453304,0.3257533813399477,0.3933802259058238,0.46100707047169975,0.5286339150375757,0.5962607596034519,0.6638876041693279,0.9737042248382178,1.2835208455071077,1.5933374661759976,1.9031540868448875,2.133676930271694,2.095055237596279,2.027428393030403,1.9598015484645268,1.8921747038986507,1.8245478593327746,1.7569210147668985,1.4471043940980086,1.1372877734291187,0.8274711527602288,0.5176545320913388
8031,0.3067951188581142,0.3480617127682659,0.42031979724889373,0.49257788172952155,0.5648359662101494,0.6370940506907772,0.709352135171405,1.040385701701159,1.3714192682309132,1.7024528347606676,2.0334864012904217,2.1612776545091203,2.120011060598969,2.047752976118341,1.975494891637713,1.9032368071570853,1.8309787226764576,1.7587206381958298,1.427687071666076,1.0966535051363218,0.7656199386065674,0.4345863720768133
8032,0.27598175878396375,0.31310368956544515,0.3781044409318533,0.44310519229826134,0.5081059436646694,0.5731066950310776,0.6381074463974856,0.9358932333664804,1.233679020335475,1.53146480730447,1.829250594273465,1.9097257114610804,1.872603780679599,1.8076030293131908,1.7426022779467827,1.6776015265803745,1.6126007752139664,1.5476000238475582,1.2498142368785634,0.9520284499095688,0.6542426629405738,0.35645687597157893
8033,0.2253108014307007,0.2556170506983482,0.3086834977291007,0.36174994475985317,0.4148163917906057,0.46788283882135817,0.5209492858521106,0.7640608400805081,1.0071723943089055,1.2502839485373032,1.4933955027657007,1.6192575536297766,1.588951304362129,1.5358848573313766,1.4828184103006241,1.4297519632698716,1.3766855162391192,1.3236190692083667,1.0805075149799692,0.8373959607515719,0.5942844065231742,0.3511728522947767
8034,0.181071206183045,0.20542684770103406,0.24807374039633354,0.290720633091633,0.3333675257869325,0.376014418482232,0.41866131117753147,0.6140381066158548,0.809414902054178,1.0047916974925013,1.200168492930825,1.489569188741577,1.4652135472235879,1.4225666545282885,1.379919761832989,1.3372728691376894,1.29462597644239,1.2519790837470905,1.0566022883087673,0.8612254928704441,0.6658486974321208,0.4704719019937972
8035,0.1371027565822645,0.15554426178254532,0.18783546186591396,0.22012666194928254,0.2524178620326512,0.2847090621160198,0.3170002621993884,0.464934866444111,0.6128694706888336,0.7608040749335562,0.9087386791782788,1.2544431595756709,1.23600165437539,1.2037104542920214,1.1714192542086528,1.1391280541252842,1.1068368540419156,1.074545653958547,0.9266110497138245,0.7786764454691019,0.6307418412243793,0.48280723697965666
8036,0.12288693681507708,0.1394162914452449,0.16835930297358676,0.19730231450192862,0.22624532603027048,0.25518833755861237,0.28413134908695425,0.4167270081222759,0.5493226671575976,0.6819183261929194,0.8145139852282411,0.965950353268064,0.9494209986378962,0.9204779871095543,0.8915349755812124,0.8625919640528705,0.8336489525245286,0.8047059409961868,0.6721102819608651,0.5395146229255434,0.40691896389022164,0.27432330485489986
8037,0.10407025709033581,0.11806860573895996,0.14257980870966933,0.16709101168037868,0.19160221465108804,0.2161134176217974,0.24062462059250678,0.3529169820306787,0.4652093434688507,0.5775017049070227,0.6897940663451948,0.756275578156249,0.7422772295076249,0.7177660265369155,0.6932548235662062,0.6687436205954969,0.6442324176247876,0.6197212146540781,0.5074288532159061,0.3951364917777342,0.2828441303395622,0.17055176890139007
8038,0.09174496304809825,0.10408545316899447,0.1256937346673304,0.14730201616566632,0.16891029766400223,0.19051857916233816,0.21212686066067407,0.3111201642112374,0.4101134677618008,0.5091067713123641,0.6081000748629275,0.6380177307790044,0.6256772406581081,0.6040689591597722,0.5824606776614363,0.5608523961631003,0.5392441146647644,0.5176358331664285,0.4186425296158651,0.3196492260653017,0.22065592251473837,0.12166261896417502
8039,0.0756798511426919,0.0858594449247251,0.10368398234795255,0.12150851977117999,0.13933305719440744,0.15715759461763487,0.17498213204086233,0.2566410943198301,0.33830005659879786,0.4199590188777657,0.5016179811567335,0.5589042903878931,0.54872469660586,0.5309001591826326,0.5130756217594051,0.4952510843361777,0.4774265469129503,0.45960200948972285,0.37794304721075506,0.2962840849317873,0.21462512265281947,0.13296616037385167
8040,0.06656898268586907,0.07552308595105217,0.09120178120737912,0.10688047646370606,0.12255917172003303,0.13823786697635998,0.1539165622326869,0.2257448489433112,0.29757313565393556,0.36940142236455986,0.44122970907518416,0.4271966781704077,0.4182425749052246,0.4025638796488976,0.3868851843925707,0.3712064891362437,0.35552779387991673,0.3398490986235898,0.2680208119129655,0.19619252520234115,0.12436423849171685,0.05253595178109255
8041,0.056639086305014866,0.06425753272192815,0.07759748382143074,0.09093743492093335,0.10427738602043597,0.11761733711993858,0.1309572882194412,0.19207116387144205,0.25318503952344296,0.31429891517544384,0.3754127908274448,0.3168441383691494,0.3092256919522361,0.2958857408527335,0.28254578975323086,0.26920583865372827,0.2558658875542257,0.24252593645472306,0.1814120608027222,0.1202981851507213,0.05918430949872042,-0.0019295661532805208
8042,0.03392680220936796,0.038490250202461725,0.046480878441028384,0.05447150667959503,0.06246213491816169,0.07045276315672834,0.07844339139529499,0.1150505915949522,0.15165779179460942,0.18826499199426663,0.22487219219392388,0.22601923126692836,0.22145578327383458,0.21346515503526792,0.20547452679670128,0.1974838985581346,0.18949327031956797,0.1815026420810013,0.1448954418813441,0.10828824168168688,0.07168104148202967,0.035073841282372425
8043,0.0236676925723058,0.026851201690074235,0.03242554764354464,0.03799989359701504,0.043574239550485436,0.049148585503955844,0.05472293145742625,0.08026049774238261,0.10579806402733898,0.13133563031229536,0.15687319659725174,0.20284547879051973,0.1996619696727513,0.1940876237192809,0.1885132777658105,0.1829389318123401,0.17736458585886972,0.17179023990539932,0.14625267362044297,0.12071510733548661,0.09517754105053022,0.06963997476557385
8044,0.02469635730095266,0.028018230711428102,0.03383485347536883,0.03965147623930954,0.04546809900325027,0.051284721767191,0.05710134453113172,0.08374884553458932,0.11039634653804692,0.1370438475415045,0.16369134854496212,0.2086410790622131,0.20531920565173767,0.19950258288779693,0.19368596012385622,0.18786933735991548,0.18205271459597477,0.17623609183203404,0.14958859082857645,0.12294108982511885,0.09629358882166127,0.06964608781820365
8045,0.018530992112733714,0.02102357064238779,0.025388092472381524,0.02975261430237525,0.03411713613236898,0.03848165796236271,0.04284617979235644,0.06284121893523797,0.08283625807811949,0.10283129722100104,0.12282633636388257,0.23076451461001737,0.2282719360803633,0.22390741425036959,0.21954289242037586,0.21517837059038214,0.21081384876038842,0.2064493269303947,0.18645428778751316,0.16645924864463163,0.1464642095017501,0.12646917035886857
8046,0.022723898938375474,0.025780459658883387,0.031132518111866028,0.036484576564848666,0.0418366350178313,0.04718869347081395,0.05254075192379659,0.0770599598532782,0.10157916778275981,0.12609837571224142,0.15061758364172306,0.3411068640072945,0.3380503032867866,0.33269824483380395,0.3273461863808213,0.32199412792783866,0.316642069474856,0.31129001102187337,0.2867708030923918,0.2622515951629102,0.2377323872334286,0.21321317930394695
8047,0.05954035988303085,0.0675490526604855,0.08157232777140645,0.0955956028823274,0.10961887799324835,0.12364215310416929,0.13766542821509023,0.20190979350324906,0.2661541587914079,0.33039852407956677,0.3946428893677256,0.5323949645104806,0.524386271733026,0.510362996622105,0.4963397215111841,0.48231644640026317,0.4682931712893422,0.4542698961784213,0.3900255308902625,0.32578116560210363,0.2615368003139448,0.19729243502578592
8048,0.09422208070711786,0.10689576455313886,0.129087470513181,0.15127917647322317,0.17347088243326533,0.1956625883933075,0.21785429435334966,0.31952042104539957,0.42118654773744957,0.5228526744294996,0.6245188011215496,0.7630054397344619,0.7503317558884409,0.7281400499283988,0.7059483439683566,0.6837566380083144,0.6615649320482723,0.6393732260882301,0.5377070993961802,0.4360409727041302,0.33437484601208023,0.23270871932003023
8049,0.11060462621291975,0.12548190395938727,0.1515321177130734,0.17758233146675953,0.2036325452204457,0.22968275897413182,0.255732972727818,0.37507595323620807,0.49441893374459817,0.6137619142529884,0.7331048947613785,1.04243040931092,1.0275531315644524,1.0015029178107662,0.9754527040570801,0.949402490303394,0.9233522765497079,0.8973020627960218,0.7779590822876317,0.6586161017792416,0.5392731212708513,0.41993014076246116
8050,0.14593538259187422,0.16556495229609972,0.19993646134515083,0.23430797039420195,0.2686794794432531,0.3030509884923042,0.3374224975413554,0.4948875522726021,0.6523526070038489,0.8098176617350957,0.9672827164663426,1.3368623237393928,1.3172327540351674,1.2828612449861163,1.2484897359370652,1.2141182268880142,1.1797467178389631,1.145375208789912,0.9879101540586653,0.8304450993274186,0.6729800445961718,0.5155149898649249
8051,0.17412844867806587,0.1975502293326846,0.2385619253527876,0.2795736213728906,0.3205853173929936,0.3615970134130966,0.40260870943319965,0.5904942325625675,0.7783797556919354,0.9662652788213034,1.1541508019506714,1.6963697765134498,1.6729479958588311,1.6319362998387281,1.590924603818625,1.549912907798522,1.508901211778419,1.467889515758316,1.2800039926289482,1.0921184694995802,0.9042329463702122,0.7163474232408442
8052,0.20258246617249245,0.22983155799628885,0.277544901707457,0.32525824541862514,0.3729715891297932,0.4206849328409614,0.46839827655212957,0.6869858360383282,0.9055733955245269,1.1241609550107257,1.3427485144969247,1.9211150761464808,1.8938659843226844,1.8461526406115163,1.7984392969003482,1.7507259531891801,1.7030126094780118,1.6552992657668437,1.4367117062806452,1.2181241467944464,0.9995365873082476,0.7809490278220486
8053,0.22682064156334378,0.25732997737244256,0.31075203030808307,0.3641740832437235,0.4175961361793641,0.4710181891150046,0.5244402420506451,0.769180921820084,1.013921601589523,1.2586622813589619,1.5034029611284008,2.0428941262432594,2.0123847904341607,1.9589627374985201,1.9055406845628797,1.852118631627239,1.7986965786915987,1.745274525755958,1.5005338459865192,1.2557931662170803,1.0110524864476413,0.7663118066782024
8054,0.28713168866453304,0.3257533813399477,0.3933802259058238,0.46100707047169975,0.5286339150375757,0.5962607596034519,0.6638876041693279,0.9737042248382178,1.2835208455071077,1.5933374661759976,1.9031540868448875,2.133676930271694,2.095055237596279,2.027428393030403,1.9598015484645268,1.8921747038986507,1.8245478593327746,1.7569210147668985,1.4471043940980086,1.1372877734291187,0.8274711527602288,0.5176545320913388
8055,0.3067951188581142,0.3480617127682659,0.42031979724889373,0.49257788172952155,0.5648359662101494,0.6370940506907772,0.709352135171405,1.040385701701159,1.3714192682309132,1.7024528347606676,2.0334864012904217,2.1612776545091203,2.120011060598969,2.047752976118341,1.975494891637713,1.9032368071570853,1.8309787226764576,1.7587206381958298,1.427687071666076,1.0966535051363218,0.7656199386065674,0.4345863720768133
8056,0.27598175878396375,0.31310368956544515,0.3781044409318533,0.44310519229826134,0.5081059436646694,0.5731066950310776,0.6381074463974856,0.9358932333664804,1.233679020335475,1.53146480730447,1.829250594273465,1.9097257114610804,1.872603780679599,1.8076030293131908,1.7426022779467827,1.6776015265803745,1.6126007752139664,1.5476000238475582,1.2498142368785634,0.9520284499095688,0.6542426629405738,0.35645687597157893
8057,0.2253108014307007,0.2556170506983482,0.3086834977291007,0.36174994475985317,0.4148163917906057,0.46788283882135817,0.5209492858521106,0.7640608400805081,1.0071723943089055,1.2502839485373032,1.4933955027657007,1.6192575536297766,1.588951304362129,1.5358848573313766,1.4828184103006241,1.4297519632698716,1.3766855162391192,1.3236190692083667,1.0805075149799692,0.8373959607515719,0.5942844065231742,0.3511728522947767
8058,0.181071206183045,0.20542684770103406,0.24807374039633354,0.290720633091633,0.3333675257869325,0.376014418482232,0.41866131117753147,0.6140381066158548,0.809414902054178,1.0047916974925013,1.200168492930825,1.489569188741577,1.4652135472235879,1.4225666545282885,1.379919761832989,1.3372728691376894,1.29462597644239,1.2519790837470905,1.0566022883087673,0.8612254928704441,0.6658486974321208,0.4704719019937972
8059,0.1371027565822645,0.15554426178254532,0.18783546186591396,0.22012666194928254,0.2524178620326512,0.2847090621160198,0.3170002621993884,0.464934866444111,0.6128694706888336,0.7608040749335562,0.9087386791782788,1.2544431595756709,1.23600165437539,1.2037104542920214,1.1714192542086528,1.1391280541252842,1.1068368540419156,1.074545653958547,0.9266110497138245,0.7786764454691019,0.6307418412243793,0.48280723697965666
8060,0.12288693681507708,0.1394162914452449,0.16835930297358676,0.19730231450192862,0.22624532603027048,0.25518833755861237,0.28413134908695425,0.4167270081222759,0.5493226671575976,0.6819183261929194,0.8145139852282411,0.965950353268064,0.9494209986378962,0.9204779871095543,0.8915349755812124,0.8625919640528705,0.8336489525245286,0.8047059409961868,0.6721102819608651,0.5395146229255434,0.40691896389022164,0.27432330485489986
8061,0.10407025709033581,0.11806860573895996,0.14257980870966933,0.16709101168037868,0.19160221465108804,0.2161134176217974,0.24062462059250678,0.3529169820306787,0.4652093434688507,0.5775017049070227,0.6897940663451948,0.756275578156249,0.7422772295076249,0.7177660265369155,0.6932548235662062,0.6687436205954969,0.6442324176247876,0.6197212146540781,0.5074288532159061,0.3951364917777342,0.2828441303395622,0.17055176890139007
8062,0.09174496304809825,0.10408545316899447,0.1256937346673304,0.14730201616566632,0.16891029766400223,0.19051857916233816,0.21212686066067407,0.3111201642112374,0.4101134677618008,0.5091067713123641,0.6081000748629275,0.6380177307790044,0.6256772406581081,0.6040689591597722,0.5824606776614363,0.5608523961631003,0.5392441146647644,0.5176358331664285,0.4186425296158651,0.3196492260653017,0.22065592251473837,0.12166261896417502
8063,0.0756798511426919,0.0858594449247251,0.10368398234795255,0.12150851977117999,0.13933305719440744,0.15715759461763487,0.17498213204086233,0.2566410943198301,0.33830005659879786,0.4199590188777657,0.5016179811567335,0.5589042903878931,0.54872469660586,0.5309001591826326,0.5130756217594051,0.4952510843361777,0.4774265469129503,0.45960200948972285,0.37794304721075506,0.2962840849317873,0.21462512265281947,0.13296616037385167
8064,0.031367184720614005,0.03558634204876214,0.04297411500909338,0.050361887969424625,0.057749660929755864,0.0651374338900871,0.07252520685041834,0.10637056615310214,0.14021592545578596,0.17406128475846977,0.20790664406115364,0.38513873965896495,0.3809195823308168,0.3735318093704856,0.36614403641015436,0.35875626344982314,0.3513684904894919,0.3439807175291607,0.3101353582264769,0.27628999892379313,0.24244463962110932,0.20859928031842545
8065,0.027541528392130105,0.031246101893993974,0.037732835101129916,0.04421956830826585,0.05070630151540179,0.057193034722537735,0.06367976792967367,0.09339722368731823,0.1231146794449628,0.15283213520260736,0.18254959096025195,0.2947264391013124,0.29102186559944854,0.2845351323923126,0.27804839918517665,0.2715616659780407,0.26507493277090477,0.25858819956376883,0.22887074380612427,0.1991532880484797,0.16943583229083514,0.13971837653319055
8066,0.021214760756460276,0.024068329353953997,0.029064947229369295,0.03406156510478459,0.03905818298019989,0.04405480085561519,0.049051418731030486,0.07194225852804301,0.09483309832505553,0.11772393812206808,0.1406147779190806,0.2196416620198345,0.2167880934223408,0.21179147554692548,0.20679485767151018,0.20179823979609487,0.19680162192067957,0.19180500404526427,0.16891416424825173,0.14602332445123922,0.12313248465422667,0.10024164485721414
8067,0.017379901386824617,0.01971764826949346,0.023811058840523276,0.02790446941155309,0.03199787998258291,0.03609129055361272,0.04018470112464254,0.058937707246218926,0.07769071336779533,0.09644371948937172,0.11519672561094813,0.1725522635160582,0.17021451663338938,0.16612110606235955,0.16202769549132973,0.1579342849202999,0.15384087434927007,0.14974746377824025,0.13099445765666387,0.11224145153508747,0.09348844541351108,0.07473543929193467
8068,0.018861538995962508,0.02139857893702769,0.025840952998510806,0.030283327059993915,0.03472570112147703,0.03916807518296014,0.04361044924444325,0.0639621502340575,0.08431385122367176,0.10466555221328604,0.1250172532029003,0.16219714722554288,0.1596601072844777,0.15521773322299456,0.15077535916151147,0.14633298510002835,0.14189061103854522,0.1374482369770621,0.11709653598744785,0.0967448349978336,0.07639313400821932,0.05604143301860505
8069,0.06031042844298219,0.06842270209442457,0.08262734801485494,0.09683199393528533,0.1110366398557157,0.1252412857761461,0.1394459316965765,0.20452120506052845,0.2695964784244804,0.33467175178843245,0.39974702515238447,0.4566317751531136,0.4485195015016712,0.43431485558124083,0.4201102096608105,0.4059055637403801,0.3917009178199497,0.3774962718995193,0.3124209985355673,0.24734572517161535,0.18227045180766333,0.1171951784437113
8070,0.30895518501738617,0.35051232648691727,0.4232791617051753,0.4960459969234333,0.5688128321416914,0.6415796673599494,0.7143465025782075,1.0477107919933368,1.3810750814084662,1.7144393708235957,2.0478036602387255,2.1024107163262697,2.0608535748567385,1.9880867396384805,1.9153199044202225,1.8425530692019643,1.7697862339837063,1.6970193987654483,1.363655109350319,1.0302908199351897,0.6969265305200603,0.3635622411049304
8071,1.1612949269476076,1.3174991271273024,1.5910137359992662,1.8645283448712298,2.1380429537431938,2.4115575626151577,2.685072171487121,3.9381155800368046,5.191158988586489,6.444202397136173,7.697245805685856,8.797592590406415,8.64138839022672,8.367873781354756,8.094359172482793,7.820844563610829,7.547329954738865,7.273815345866902,6.020771937317218,4.767728528767535,3.514685120217851,2.261641711668167
8072,2.8365400828547638,3.218079229059924,3.8861568494030205,4.554234469746118,5.222312090089215,5.890389710432311,6.558467330775408,9.61910918103339,12.679751031291374,15.74039288154936,18.801034731807345,21.40384848736475,21.02230934115959,20.354231720816493,19.686154100473395,19.018076480130297,18.3499988597872,17.6819212394441,14.621279389186117,11.560637538928134,8.499995688670149,5.439353838412163
8073,4.187241305649756,4.750461435119857,5.736663683482037,6.722865931844216,7.709068180206397,8.695270428568575,9.681472676930756,14.199528337297998,18.717583997665233,23.23563965803248,27.75369531839972,32.29130966000392,31.72808953053382,30.74188728217164,29.75568503380946,28.76948278544728,27.7832805370851,26.797078288722922,22.27902262835568,17.760966967988445,13.242911307621199,8.724855647253957
8074,4.1224380187469025,4.6769415462886,5.647880965838258,6.618820385387915,7.5897598049375725,8.56069922448723,9.53163864403689,13.979771212843394,18.427903781649896,22.876036350456406,27.324168919262913,32.91035711924829,32.35585359170659,31.384914172156932,30.413974752607274,29.443035333057615,28.472095913507957,27.501156493958298,23.053023925151795,18.60489135634529,14.15675878753878,9.708626218732274
8075,3.351595880008395,3.8024144805325077,4.591800893015079,5.381187305497649,6.170573717980221,6.959960130462791,7.7493465429453625,11.365736340329079,14.982126137712793,18.59851593509651,22.21490573248023,27.356769827551037,26.905951227026925,26.116564814544354,25.327178402061783,24.537791989579212,23.74840557709664,22.95901916461407,19.34262936723035,15.726239569846637,12.109849772462919,8.493459975079201
8076,2.9910124143164416,3.3933294236000933,4.097789222441407,4.80224902128272,5.506708820124034,6.211168618965348,6.915628417806662,10.142946736074473,13.370265054342282,16.597583372610092,19.82490169087791,24.2284335048095,23.82611649552585,23.121656696684536,22.417196897843223,21.71273709900191,21.008277300160596,20.303817501319283,17.076499183051475,13.849180864783666,10.621862546515855,7.394544228248039
8077,2.7047846416677372,3.0686015427890947,3.7056473923676854,4.342693241946275,4.979739091524866,5.6167849411034565,6.253830790682048,9.172307818474215,12.090784846266383,15.009261874058554,17.92773890185072,22.802692522038395,22.438875620917038,21.801829771338447,21.164783921759856,20.527738072181265,19.890692222602674,19.253646373024083,16.335169345231915,13.416692317439747,10.498215289647575,7.579738261855409
8078,2.20733046474823,2.5042354815337093,3.0241181699939683,3.544000858454227,4.063883546914486,4.583766235374744,5.103648923835004,7.485370246439614,9.867091569044224,12.248812891648836,14.630534214253444,19.724931122724897,19.428026105939416,18.908143417479156,18.388260729018896,17.868378040558635,17.348495352098375,16.828612663638115,14.446891341033504,12.065170018428894,9.683448695824282,7.3017273732196735
8079,1.677916042855984,1.903610246250039,2.298802319798513,2.693994393346985,3.0891864668954585,3.484378540443932,3.879570613992405,5.690050956937462,7.500531299882518,9.311011642827577,11.121491985772634,14.871256559632515,14.645562356238461,14.250370282689987,13.855178209141515,13.459986135593041,13.064794062044568,12.669601988496094,10.859121645551037,9.04864130260598,7.238160959660921,5.427680616715864
8080,1.1172675321315855,1.2675496673528908,1.5306947005095728,1.7938397336662546,2.0569847668229366,2.3201297999796187,2.583274833136301,3.7888124482913326,4.9943500634463645,6.199887678601396,7.405425293756428,10.033161309414842,9.882879174193537,9.619734141036854,9.356589107880172,9.09344407472349,8.830299041566807,8.567154008410125,7.361616393255093,6.156078778100062,4.95054116294503,3.745003547789998
8081,0.6682540838903488,0.7581400312657272,0.9155309318380566,1.0729218324103855,1.2303127329827148,1.3877036335550441,1.5450945341273732,2.2661442482220826,2.987193962316792,3.7082436764115014,4.429293390506211,6.0734388854665,5.983552938091121,5.826162037518792,5.668771136946463,5.5113802363741335,5.3539893358018045,5.196598435229475,4.475548721134766,3.7544990070400566,3.033449292945347,2.3123995788506377
8082,0.4397550001969972,0.4989058467966161,0.6024793784527985,0.7060529101089809,0.8096264417651632,0.9131999734213457,1.016773505077528,1.4912714914090162,1.9657694777405041,2.4402674640719924,2.9147654504034803,3.6846018562989733,3.625451009699354,3.5218774780431716,3.418303946386989,3.314730414730807,3.2111568830746244,3.1075833514184423,2.633085365086954,2.158587378755466,1.6840893924239777,1.2095914060924897
8083,0.286284866305672,0.32479265405806435,0.39222005033488544,0.4596474466117065,0.5270748428885276,0.5945022391653487,0.6619296354421698,0.9708325302776295,1.2797354251130895,1.5886383199485492,1.8975412147840094,2.22844041223525,2.1899326244828576,2.1225052282060366,2.0550778319292156,1.9876504356523945,1.9202230393755735,1.8527956430987524,1.5438927482632927,1.2349898534278327,0.926086958592373,0.6171840637569128
8084,0.1600000684787465,0.18152145994052682,0.21920556165659857,0.25688966337267033,0.2945737650887421,0.33225786680481384,0.3699419685208856,0.5425828942000834,0.7152238198792811,0.887864745558479,1.0605056712376768,1.3303544742870113,1.308833082825231,1.2711489811091592,1.2334648793930874,1.1957807776770155,1.1580966759609437,1.1204125742448718,0.947771648565674,0.7751307228864763,0.6024897972072784,0.4298488715280806
8085,0.0966650333943288,0.10966731548161278,0.1324343991801003,0.15520148287858784,0.17796856657707538,0.20073565027556292,0.2235027339740505,0.3278048196211218,0.432106905268193,0.5364089909152644,0.6407110765623357,0.8750441895076194,0.8620419074203355,0.8392748237218479,0.8165077400233604,0.7937406563248728,0.7709735726263852,0.7482064889278977,0.6439044032808263,0.5396023176337551,0.4353002319866837,0.3309981463396124
8086,0.060485888935644626,0.06862176353916513,0.08286773488598757,0.09711370623281,0.11135967757963244,0.1256056489264549,0.13985162027327736,0.2051162164429092,0.27038081261254104,0.33564540878217297,0.40091000495180484,0.6530761972950729,0.6449403226915524,0.63069435134473,0.6164483799979075,0.602202408651085,0.5879564373042625,0.57371046595744,0.5084458697878081,0.4431812736181763,0.37791667744854435,0.3126520812789125
8087,0.04326251605801909,0.04908169821561838,0.059271125452270715,0.06946055268892304,0.07964997992557539,0.08983940716222773,0.10002883439888008,0.1467093195416705,0.19338980468446088,0.24007028982725132,0.28675077497004176,0.499578441059629,0.4937592589020297,0.48356983166537737,0.47338040442872503,0.4631909771920727,0.45300154995542036,0.442812122718768,0.3961316375759776,0.3494511524331872,0.30277066729039676,0.2560901821476063
8088,0.031367184720614005,0.03558634204876214,0.04297411500909338,0.050361887969424625,0.057749660929755864,0.0651374338900871,0.07252520685041834,0.10637056615310214,0.14021592545578596,0.17406128475846977,0.20790664406115364,0.38513873965896495,0.3809195823308168,0.3735318093704856,0.36614403641015436,0.35875626344982314,0.3513684904894919,0.3439807175291607,0.3101353582264769,0.27628999892379313,0.24244463962110932,0.20859928031842545
8089,0.027541528392130105,0.031246101893993974,0.037732835101129916,0.04421956830826585,0.05070630151540179,0.057193034722537735,0.06367976792967367,0.09339722368731823,0.1231146794449628,0.15283213520260736,0.18254959096025195,0.2947264391013124,0.29102186559944854,0.2845351323923126,0.27804839918517665,0.2715616659780407,0.26507493277090477,0.25858819956376883,0.22887074380612427,0.1991532880484797,0.16943583229083514,0.13971837653319055
8090,0.021214760756460276,0.024068329353953997,0.029064947229369295,0.03406156510478459,0.03905818298019989,0.04405480085561519,0.049051418731030486,0.07194225852804301,0.09483309832505553,0.11772393812206808,0.1406147779190806,0.2196416620198345,0.2167880934223408,0.21179147554692548,0.20679485767151018,0.20179823979609487,0.19680162192067957,0.19180500404526427,0.16891416424825173,0.14602332445123922,0.12313248465422667,0.10024164485721414
8091,0.017379901386824617,0.01971764826949346,0.023811058840523276,0.02790446941155309,0.03199787998258291,0.03609129055361272,0.04018470112464254,0.058937707246218926,0.07769071336779533,0.09644371948937172,0.11519672561094813,0.1725522635160582,0.17021451663338938,0.16612110606235955,0.16202769549132973,0.1579342849202999,0.15384087434927007,0.14974746377824025,0.13099445765666387,0.11224145153508747,0.09348844541351108,0.07473543929193467
8092,0.018861538995962508,0.02139857893702769,0.025840952998510806,0.030283327059993915,0.03472570112147703,0.03916807518296014,0.04361044924444325,0.0639621502340575,0.08431385122367176,0.10466555221328604,0.1250172532029003,0.16219714722554288,0.1596601072844777,0.15521773322299456,0.15077535916151147,0.14633298510002835,0.14189061103854522,0.1374482369770621,0.11709653598744785,0.0967448349978336,0.07639313400821932,0.05604143301860505
8093,0.06031042844298219,0.06842270209442457,0.08262734801485494,0.09683199393528533,0.1110366398557157,0.1252412857761461,0.1394459316965765,0.20452120506052845,0.2695964784244804,0.33467175178843245,0.39974702515238447,0.4566317751531136,0.4485195015016712,0.43431485558124083,0.4201102096608105,0.4059055637403801,0.3917009178199497,0.3774962718995193,0.3124209985355673,0.24734572517161535,0.18227045180766333,0.1171951784437113
8094,0.30895518501738617,0.35051232648691727,0.4232791617051753,0.4960459969234333,0.5688128321416914,0.6415796673599494,0.7143465025782075,1.0477107919933368,1.3810750814084662,1.7144393708235957,2.0478036602387255,2.1024107163262697,2.0608535748567385,1.9880867396384805,1.9153199044202225,1.8425530692019643,1.7697862339837063,1.6970193987654483,1.363655109350319,1.0302908199351897,0.6969265305200603,0.3635622411049304
8095,1.1612949269476076,1.3174991271273024,1.5910137359992662,1.8645283448712298,2.1380429537431938,2.4115575626151577,2.685072171487121,3.9381155800368046,5.191158988586489,6.444202397136173,7.697245805685856,8.797592590406415,8.64138839022672,8.367873781354756,8.094359172482793,7.820844563610829,7.547329954738865,7.273815345866902,6.020771937317218,4.767728528767535,3.514685120217851,2.261641711668167
8096,2.8365400828547638,3.218079229059924,3.8861568494030205,4.554234469746118,5.222312090089215,5.890389710432311,6.558467330775408,9.61910918103339,12.679751031291374,15.74039288154936,18.801034731807345,21.40384848736475,21.02230934115959,20.354231720816493,19.686154100473395,19.018076480130297,18.3499988597872,17.6819212394441,14.621279389186117,11.560637538928134,8.499995688670149,5.439353838412163
8097,4.187241305649756,4.750461435119857,5.736663683482037,6.722865931844216,7.709068180206397,8.695270428568575,9.681472676930756,14.199528337297998,18.717583997665233,23.23563965803248,27.75369531839972,32.29130966000392,31.72808953053382,30.74188728217164,29.75568503380946,28.76948278544728,27.7832805370851,26.797078288722922,22.27902262835568,17.760966967988445,13.242911307621199,8.724855647253957
8098,4.1224380187469025,4.6769415462886,5.647880965838258,6.618820385387915,7.5897598049375725,8.56069922448723,9.53163864403689,13.979771212843394,18.427903781649896,22.876036350456406,27.324168919262913,32.91035711924829,32.35585359170659,31.384914172156932,30.413974752607274,29.443035333057615,28.472095913507957,27.501156493958298,23.053023925151795,18.60489135634529,14.15675878753878,9.708626218732274
8099,3.351595880008395,3.8024144805325077,4.591800893015079,5.381187305497649,6.170573717980221,6.959960130462791,7.7493465429453625,11.365736340329079,14.982126137712793,18.59851593509651,22.21490573248023,27.356769827551037,26.905951227026925,26.116564814544354,25.327178402061783,24.537791989579212,23.74840557709664,22.95901916461407,19.34262936723035,15.726239569846637,12.109849772462919,8.493459975079201
8100,2.9910124143164416,3.3933294236000933,4.097789222441407,4.80224902128272,5.506708820124034,6.211168618965348,6.915628417806662,10.142946736074473,13.370265054342282,16.597583372610092,19.82490169087791,24.2284335048095,23.82611649552585,23.121656696684536,22.417196897843223,21.71273709900191,21.008277300160596,20.303817501319283,17.076499183051475,13.849180864783666,10.621862546515855,7.394544228248039
8101,2.7047846416677372,3.0686015427890947,3.7056473923676854,4.342693241946275,4.979739091524866,5.6167849411034565,6.253830790682048,9.172307818474215,12.090784846266383,15.009261874058554,17.92773890185072,22.802692522038395,22.438875620917038,21.801829771338447,21.164783921759856,20.527738072181265,19.890692222602674,19.253646373024083,16.335169345231915,13.416692317439747,10.498215289647575,7.579738261855409
8102,2.20733046474823,2.5042354815337093,3.0241181699939683,3.544000858454227,4.063883546914486,4.583766235374744,5.103648923835004,7.485370246439614,9.867091569044224,12.248812891648836,14.630534214253444,19.724931122724897,19.428026105939416,18.908143417479156,18.388260729018896,17.868378040558635,17.348495352098375,16.828612663638115,14.446891341033504,12.065170018428894,9.683448695824282,7.3017273732196735
8103,1.677916042855984,1.903610246250039,2.298802319798513,2.693994393346985,3.0891864668954585,3.484378540443932,3.879570613992405,5.690050956937462,7.500531299882518,9.311011642827577,11.121491985772634,14.871256559632515,14.645562356238461,14.250370282689987,13.855178209141515,13.459986135593041,13.064794062044568,12.669601988496094,10.859121645551037,9.04864130260598,7.238160959660921,5.427680616715864
8104,1.1172675321315855,1.2675496673528908,1.5306947005095728,1.7938397336662546,2.0569847668229366,2.3201297999796187,2.583274833136301,3.7888124482913326,4.9943500634463645,6.199887678601396,7.405425293756428,10.033161309414842,9.882879174193537,9.619734141036854,9.356589107880172,9.09344407472349,8.830299041566807,8.567154008410125,7.361616393255093,6.156078778100062,4.95054116294503,3.745003547789998
8105,0.6682540838903488,0.7581400312657272,0.9155309318380566,1.0729218324103855,1.2303127329827148,1.3877036335550441,1.5450945341273732,2.2661442482220826,2.987193962316792,3.7082436764115014,4.429293390506211,6.0734388854665,5.983552938091121,5.826162037518792,5.668771136946463,5.5113802363741335,5.3539893358018045,5.196598435229475,4.475548721134766,3.7544990070400566,3.033449292945347,2.3123995788506377
8106,0.4397550001969972,0.4989058467966161,0.6024793784527985,0.7060529101089809,0.8096264417651632,0.9131999734213457,1.016773505077528,1.4912714914090162,1.9657694777405041,2.4402674640719924,2.9147654504034803,3.6846018562989733,3.625451009699354,3.5218774780431716,3.418303946386989,3.314730414730807,3.2111568830746244,3.1075833514184423,2.633085365086954,2.158587378755466,1.6840893924239777,1.2095914060924897
8107,0.286284866305672,0.32479265405806435,0.39222005033488544,0.4596474466117065,0.5270748428885276,0.5945022391653487,0.6619296354421698,0.9708325302776295,1.2797354251130895,1.5886383199485492,1.8975412147840094,2.22844041223525,2.1899326244828576,2.1225052282060366,2.0550778319292156,1.9876504356523945,1.9202230393755735,1.8527956430987524,1.5438927482632927,1.2349898534278327,0.926086958592373,0.6171840637569128
8108,0.1600000684787465,0.18152145994052682,0.21920556165659857,0.25688966337267033,0.2945737650887421,0.33225786680481384,0.3699419685208856,0.5425828942000834,0.7152238198792811,0.887864745558479,1.0605056712376768,1.3303544742870113,1.308833082825231,1.2711489811091592,1.2334648793930874,1.1957807776770155,1.1580966759609437,1.1204125742448718,0.947771648565674,0.7751307228864763,0.6024897972072784,0.4298488715280806
8109,0.0966650333943288,0.10966731548161278,0.1324343991801003,0.15520148287858784,0.17796856657707538,0.20073565027556292,0.2235027339740505,0.3278048196211218,0.432106905268193,0.5364089909152644,0.6407110765623357,0.8750441895076194,0.8620419074203355,0.8392748237218479,0.8165077400233604,0.7937406563248728,0.7709735726263852,0.7482064889278977,0.6439044032808263,0.5396023176337551,0.4353002319866837,0.3309981463396124
8110,0.060485888935644626,0.06862176353916513,0.08286773488598757,0.09711370623281,0.11135967757963244,0.1256056489264549,0.13985162027327736,0.2051162164429092,0.27038081261254104,0.33564540878217297,0.40091000495180484,0.6530761972950729,0.6449403226915524,0.63069435134473,0.6164483799979075,0.602202408651085,0.5879564373042625,0.57371046595744,0.5084458697878081,0.4431812736181763,0.37791667744854435,0.3126520812789125
8111,0.04326251605801909,0.04908169821561838,0.059271125452270715,0.06946055268892304,0.07964997992557539,0.08983940716222773,0.10002883439888008,0.1467093195416705,0.19338980468446088,0.24007028982725132,0.28675077497004176,0.499578441059629,0.4937592589020297,0.48356983166537737,0.47338040442872503,0.4631909771920727,0.45300154995542036,0.442812122718768,0.3961316375759776,0.3494511524331872,0.30277066729039676,0.2560901821476063
8112,0.031367184720614005,0.03558634204876214,0.04297411500909338,0.050361887969424625,0.057749660929755864,0.0651374338900871,0.07252520685041834,0.10637056615310214,0.14021592545578596,0.17406128475846977,0.20790664406115364,0.38513873965896495,0.3809195823308168,0.3735318093704856,0.36614403641015436,0.35875626344982314,0.3513684904894919,0.3439807175291607,0.3101353582264769,0.27628999892379313,0.24244463962110932,0.20859928031842545
8113,0.027541528392130105,0.031246101893993974,0.037732835101129916,0.04421956830826585,0.05070630151540179,0.057193034722537735,0.06367976792967367,0.09339722368731823,0.1231146794449628,0.15283213520260736,0.18254959096025195,0.2947264391013124,0.29102186559944854,0.2845351323923126,0.27804839918517665,0.2715616659780407,0.26507493277090477,0.25858819956376883,0.22887074380612427,0.1991532880484797,0.16943583229083514,0.13971837653319055
8114,0.021214760756460276,0.024068329353953997,0.029064947229369295,0.03406156510478459,0.03905818298019989,0.04405480085561519,0.049051418731030486,0.07194225852804301,0.09483309832505553,0.11772393812206808,0.1406147779190806,0.2196416620198345,0.2167880934223408,0.21179147554692548,0.20679485767151018,0.20179823979609487,0.19680162192067957,0.19180500404526427,0.16891416424825173,0.14602332445123922,0.12313248465422667,0.10024164485721414
8115,0.017379901386824617,0.01971764826949346,0.023811058840523276,0.02790446941155309,0.03199787998258291,0.03609129055361272,0.04018470112464254,0.058937707246218926,0.07769071336779533,0.09644371948937172,0.11519672561094813,0.1725522635160582,0.17021451663338938,0.16612110606235955,0.16202769549132973,0.1579342849202999,0.15384087434927007,0.14974746377824025,0.13099445765666387,0.11224145153508747,0.09348844541351108,0.07473543929193467
8116,0.018861538995962508,0.02139857893702769,0.025840952998510806,0.030283327059993915,0.03472570112147703,0.03916807518296014,0.04361044924444325,0.0639621502340575,0.08431385122367176,0.10466555221328604,0.1250172532029003,0.16219714722554288,0.1596601072844777,0.15521773322299456,0.15077535916151147,0.14633298510002835,0.14189061103854522,0.1374482369770621,0.11709653598744785,0.0967448349978336,0.07639313400821932,0.05604143301860505
8117,0.06031042844298219,0.06842270209442457,0.08262734801485494,0.09683199393528533,0.1110366398557157,0.1252412857761461,0.1394459316965765,0.20452120506052845,0.2695964784244804,0.33467175178843245,0.39974702515238447,0.4566317751531136,0.4485195015016712,0.43431485558124083,0.4201102096608105,0.4059055637403801,0.3917009178199497,0.3774962718995193,0.3124209985355673,0.24734572517161535,0.18227045180766333,0.1171951784437113
8118,0.30895518501738617,0.35051232648691727,0.4232791617051753,0.4960459969234333,0.5688128321416914,0.6415796673599494,0.7143465025782075,1.0477107919933368,1.3810750814084662,1.7144393708235957,2.0478036602387255,2.1024107163262697,2.0608535748567385,1.9880867396384805,1.9153199044202225,1.8425530692019643,1.7697862339837063,1.6970193987654483,1.363655109350319,1.0302908199351897,0.6969265305200603,0.3635622411049304
8119,1.1612949269476076,1.3174991271273024,1.5910137359992662,1.8645283448712298,2.1380429537431938,2.4115575626151577,2.685072171487121,3.9381155800368046,5.191158988586489,6.444202397136173,7.697245805685856,8.797592590406415,8.64138839022672,8.367873781354756,8.094359172482793,7.820844563610829,7.547329954738865,7.273815345866902,6.020771937317218,4.767728528767535,3.514685120217851,2.261641711668167
8120,2.8365400828547638,3.218079229059924,3.8861568494030205,4.554234469746118,5.222312090089215,5.890389710432311,6.558467330775408,9.61910918103339,12.679751031291374,15.74039288154936,18.801034731807345,21.40384848736475,21.02230934115959,20.354231720816493,19.686154100473395,19.018076480130297,18.3499988597872,17.6819212394441,14.621279389186117,11.560637538928134,8.499995688670149,5.439353838412163
8121,4.187241305649756,4.750461435119857,5.736663683482037,6.722865931844216,7.709068180206397,8.695270428568575,9.681472676930756,14.199528337297998,18.717583997665233,23.23563965803248,27.75369531839972,32.29130966000392,31.72808953053382,30.74188728217164,29.75568503380946,28.76948278544728,27.7832805370851,26.797078288722922,22.27902262835568,17.760966967988445,13.242911307621199,8.724855647253957
8122,4.1224380187469025,4.6769415462886,5.647880965838258,6.618820385387915,7.5897598049375725,8.56069922448723,9.53163864403689,13.979771212843394,18.427903781649896,22.876036350456406,27.324168919262913,32.91035711924829,32.35585359170659,31.384914172156932,30.413974752607274,29.443035333057615,28.472095913507957,27.501156493958298,23.053023925151795,18.60489135634529,14.15675878753878,9.708626218732274
8123,3.351595880008395,3.8024144805325077,4.591800893015079,5.381187305497649,6.170573717980221,6.959960130462791,7.7493465429453625,11.365736340329079,14.982126137712793,18.59851593509651,22.21490573248023,27.356769827551037,26.905951227026925,26.116564814544354,25.327178402061783,24.537791989579212,23.74840557709664,22.95901916461407,19.34262936723035,15.726239569846637,12.109849772462919,8.493459975079201
8124,2.9910124143164416,3.3933294236000933,4.097789222441407,4.80224902128272,5.506708820124034,6.211168618965348,6.915628417806662,10.142946736074473,13.370265054342282,16.597583372610092,19.82490169087791,24.2284335048095,23.82611649552585,23.121656696684536,22.417196897843223,21.71273709900191,21.008277300160596,20.303817501319283,17.076499183051475,13.849180864783666,10.621862546515855,7.394544228248039
8125,2.7047846416677372,3.0686015427890947,3.7056473923676854,4.342693241946275,4.979739091524866,5.6167849411034565,6.253830790682048,9.172307818474215,12.090784846266383,15.009261874058554,17.92773890185072,22.802692522038395,22.438875620917038,21.801829771338447,21.164783921759856,20.527738072181265,19.890692222602674,19.253646373024083,16.335169345231915,13.416692317439747,10.498215289647575,7.579738261855409
8126,2.20733046474823,2.5042354815337093,3.0241181699939683,3.544000858454227,4.063883546914486,4.583766235374744,5.103648923835004,7.485370246439614,9.867091569044224,12.248812891648836,14.630534214253444,19.724931122724897,19.428026105939416,18.908143417479156,18.388260729018896,17.868378040558635,17.348495352098375,16.828612663638115,14.446891341033504,12.065170018428894,9.683448695824282,7.3017273732196735
8127,1.677916042855984,1.903610246250039,2.298802319798513,2.693994393346985,3.0891864668954585,3.484378540443932,3.879570613992405,5.690050956937462,7.500531299882518,9.311011642827577,11.121491985772634,14.871256559632515,14.645562356238461,14.250370282689987,13.855178209141515,13.459986135593041,13.064794062044568,12.669601988496094,10.859121645551037,9.04864130260598,7.238160959660921,5.427680616715864
8128,1.1172675321315855,1.2675496673528908,1.5306947005095728,1.7938397336662546,2.0569847668229366,2.3201297999796187,2.583274833136301,3.7888124482913326,4.9943500634463645,6.199887678601396,7.405425293756428,10.033161309414842,9.882879174193537,9.619734141036854,9.356589107880172,9.09344407472349,8.830299041566807,8.567154008410125,7.361616393255093,6.156078778100062,4.95054116294503,3.745003547789998
8129,0.6682540838903488,0.7581400312657272,0.9155309318380566,1.0729218324103855,1.2303127329827148,1.3877036335550441,1.5450945341273732,2.2661442482220826,2.987193962316792,3.7082436764115014,4.429293390506211,6.0734388854665,5.983552938091121,5.826162037518792,5.668771136946463,5.5113802363741335,5.3539893358018045,5.196598435229475,4.475548721134766,3.7544990070400566,3.033449292945347,2.3123995788506377
8130,0.4397550001969972,0.4989058467966161,0.6024793784527985,0.7060529101089809,0.8096264417651632,0.9131999734213457,1.016773505077528,1.4912714914090162,1.9657694777405041,2.4402674640719924,2.9147654504034803,3.6846018562989733,3.625451009699354,3.5218774780431716,3.418303946386989,3.314730414730807,3.2111568830746244,3.1075833514184423,2.633085365086954,2.158587378755466,1.6840893924239777,1.2095914060924897
8131,0.286284866305672,0.32479265405806435,0.39222005033488544,0.4596474466117065,0.5270748428885276,0.5945022391653487,0.6619296354421698,0.9708325302776295,1.2797354251130895,1.5886383199485492,1.8975412147840094,2.22844041223525,2.1899326244828576,2.1225052282060366,2.0550778319292156,1.9876504356523945,1.9202230393755735,1.8527956430987524,1.5438927482632927,1.2349898534278327,0.926086958592373,0.6171840637569128
8132,0.1600000684787465,0.18152145994052682,0.21920556165659857,0.25688966337267033,0.2945737650887421,0.33225786680481384,0.3699419685208856,0.5425828942000834,0.7152238198792811,0.887864745558479,1.0605056712376768,1.3303544742870113,1.308833082825231,1.2711489811091592,1.2334648793930874,1.1957807776770155,1.1580966759609437,1.1204125742448718,0.947771648565674,0.7751307228864763,0.6024897972072784,0.4298488715280806
8133,0.0966650333943288,0.10966731548161278,0.1324343991801003,0.15520148287858784,0.17796856657707538,0.20073565027556292,0.2235027339740505,0.3278048196211218,0.432106905268193,0.5364089909152644,0.6407110765623357,0.8750441895076194,0.8620419074203355,0.8392748237218479,0.8165077400233604,0.7937406563248728,0.7709735726263852,0.7482064889278977,0.6439044032808263,0.5396023176337551,0.4353002319866837,0.3309981463396124
8134,0.060485888935644626,0.06862176353916513,0.08286773488598757,0.09711370623281,0.11135967757963244,0.1256056489264549,0.13985162027327736,0.2051162164429092,0.27038081261254104,0.33564540878217297,0.40091000495180484,0.6530761972950729,0.6449403226915524,0.63069435134473,0.6164483799979075,0.602202408651085,0.5879564373042625,0.57371046595744,0.5084458697878081,0.4431812736181763,0.37791667744854435,0.3126520812789125
8135,0.04326251605801909,0.04908169821561838,0.059271125452270715,0.06946055268892304,0.07964997992557539,0.08983940716222773,0.10002883439888008,0.1467093195416705,0.19338980468446088,0.24007028982725132,0.28675077497004176,0.499578441059629,0.4937592589020297,0.48356983166537737,0.47338040442872503,0.4631909771920727,0.45300154995542036,0.442812122718768,0.3961316375759776,0.3494511524331872,0.30277066729039676,0.2560901821476063
8136,0.031367184720614005,0.03558634204876214,0.04297411500909338,0.050361887969424625,0.057749660929755864,0.0651374338900871,0.07252520685041834,0.10637056615310214,0.14021592545578596,0.17406128475846977,0.20790664406115364,0.38513873965896495,0.3809195823308168,0.3735318093704856,0.36614403641015436,0.35875626344982314,0.3513684904894919,0.3439807175291607,0.3101353582264769,0.27628999892379313,0.24244463962110932,0.20859928031842545
8137,0.027541528392130105,0.031246101893993974,0.037732835101129916,0.04421956830826585,0.05070630151540179,0.057193034722537735,0.06367976792967367,0.09339722368731823,0.1231146794449628,0.15283213520260736,0.18254959096025195,0.2947264391013124,0.29102186559944854,0.2845351323923126,0.27804839918517665,0.2715616659780407,0.26507493277090477,0.25858819956376883,0.22887074380612427,0.1991532880484797,0.16943583229083514,0.13971837653319055
8138,0.021214760756460276,0.024068329353953997,0.029064947229369295,0.03406156510478459,0.03905818298019989,0.04405480085561519,0.049051418731030486,0.07194225852804301,0.09483309832505553,0.11772393812206808,0.1406147779190806,0.2196416620198345,0.2167880934223408,0.21179147554692548,0.20679485767151018,0.20179823979609487,0.19680162192067957,0.19180500404526427,0.16891416424825173,0.14602332445123922,0.12313248465422667,0.10024164485721414
8139,0.017379901386824617,0.01971764826949346,0.023811058840523276,0.02790446941155309,0.03199787998258291,0.03609129055361272,0.04018470112464254,0.058937707246218926,0.07769071336779533,0.09644371948937172,0.11519672561094813,0.1725522635160582,0.17021451663338938,0.16612110606235955,0.16202769549132973,0.1579342849202999,0.15384087434927007,0.14974746377824025,0.13099445765666387,0.11224145153508747,0.09348844541351108,0.07473543929193467
8140,0.018861538995962508,0.02139857893702769,0.025840952998510806,0.030283327059993915,0.03472570112147703,0.03916807518296014,0.04361044924444325,0.0639621502340575,0.08431385122367176,0.10466555221328604,0.1250172532029003,0.16219714722554288,0.1596601072844777,0.15521773322299456,0.15077535916151147,0.14633298510002835,0.14189061103854522,0.1374482369770621,0.11709653598744785,0.0967448349978336,0.07639313400821932,0.05604143301860505
8141,0.06031042844298219,0.06842270209442457,0.08262734801485494,0.09683199393528533,0.1110366398557157,0.1252412857761461,0.1394459316965765,0.20452120506052845,0.2695964784244804,0.33467175178843245,0.39974702515238447,0.4566317751531136,0.4485195015016712,0.43431485558124083,0.4201102096608105,0.4059055637403801,0.3917009178199497,0.3774962718995193,0.3124209985355673,0.24734572517161535,0.18227045180766333,0.1171951784437113
8142,0.30895518501738617,0.35051232648691727,0.4232791617051753,0.4960459969234333,0.5688128321416914,0.6415796673599494,0.7143465025782075,1.0477107919933368,1.3810750814084662,1.7144393708235957,2.0478036602387255,2.1024107163262697,2.0608535748567385,1.9880867396384805,1.9153199044202225,1.8425530692019643,1.7697862339837063,1.6970193987654483,1.363655109350319,1.0302908199351897,0.6969265305200603,0.3635622411049304
8143,1.1612949269476076,1.3174991271273024,1.5910137359992662,1.8645283448712298,2.1380429537431938,2.4115575626151577,2.685072171487121,3.9381155800368046,5.191158988586489,6.444202397136173,7.697245805685856,8.797592590406415,8.64138839022672,8.367873781354756,8.094359172482793,7.820844563610829,7.547329954738865,7.273815345866902,6.020771937317218,4.767728528767535,3.514685120217851,2.261641711668167
8144,2.8365400828547638,3.218079229059924,3.8861568494030205,4.554234469746118,5.222312090089215,5.890389710432311,6.558467330775408,9.61910918103339,12.679751031291374,15.74039288154936,18.801034731807345,21.40384848736475,21.02230934115959,20.354231720816493,19.686154100473395,19.018076480130297,18.3499988597872,17.6819212394441,14.621279389186117,11.560637538928134,8.499995688670149,5.439353838412163
8145,4.187241305649756,4.750461435119857,5.736663683482037,6.722865931844216,7.709068180206397,8.695270428568575,9.681472676930756,14.199528337297998,18.717583997665233,23.23563965803248,27.75369531839972,32.29130966000392,31.72808953053382,30.74188728217164,29.75568503380946,28.76948278544728,27.7832805370851,26.797078288722922,22.27902262835568,17.760966967988445,13.242911307621199,8.724855647253957
8146,4.1224380187469025,4.6769415462886,5.647880965838258,6.618820385387915,7.5897598049375725,8.56069922448723,9.53163864403689,13.979771212843394,18.427903781649896,22.876036350456406,27.324168919262913,32.91035711924829,32.35585359170659,31.384914172156932,30.413974752607274,29.443035333057615,28.472095913507957,27.501156493958298,23.053023925151795,18.60489135634529,14.15675878753878,9.708626218732274
8147,3.351595880008395,3.8024144805325077,4.591800893015079,5.381187305497649,6.170573717980221,6.959960130462791,7.7493465429453625,11.365736340329079,14.982126137712793,18.59851593509651,22.21490573248023,27.356769827551037,26.905951227026925,26.116564814544354,25.327178402061783,24.537791989579212,23.74840557709664,22.95901916461407,19.34262936723035,15.726239569846637,12.109849772462919,8.493459975079201
8148,2.9910124143164416,3.3933294236000933,4.097789222441407,4.80224902128272,5.506708820124034,6.211168618965348,6.915628417806662,10.142946736074473,13.370265054342282,16.597583372610092,19.82490169087791,24.2284335048095,23.82611649552585,23.121656696684536,22.417196897843223,21.71273709900191,21.008277300160596,20.303817501319283,17.076499183051475,13.849180864783666,10.621862546515855,7.394544228248039
8149,2.7047846416677372,3.0686015427890947,3.7056473923676854,4.342693241946275,4.979739091524866,5.6167849411034565,6.253830790682048,9.172307818474215,12.090784846266383,15.009261874058554,17.92773890185072,22.802692522038395,22.438875620917038,21.801829771338447,21.164783921759856,20.527738072181265,19.890692222602674,19.253646373024083,16.335169345231915,13.416692317439747,10.498215289647575,7.579738261855409
8150,2.20733046474823,2.5042354815337093,3.0241181699939683,3.544000858454227,4.063883546914486,4.583766235374744,5.103648923835004,7.485370246439614,9.867091569044224,12.248812891648836,14.630534214253444,19.724931122724897,19.428026105939416,18.908143417479156,18.388260729018896,17.868378040558635,17.348495352098375,16.828612663638115,14.446891341033504,12.065170018428894,9.683448695824282,7.3017273732196735
8151,1.677916042855984,1.903610246250039,2.298802319798513,2.693994393346985,3.0891864668954585,3.484378540443932,3.879570613992405,5.690050956937462,7.500531299882518,9.311011642827577,11.121491985772634,14.871256559632515,14.645562356238461,14.250370282689987,13.855178209141515,13.459986135593041,13.064794062044568,12.669601988496094,10.859121645551037,9.04864130260598,7.238160959660921,5.427680616715864
8152,1.1172675321315855,1.2675496673528908,1.5306947005095728,1.7938397336662546,2.0569847668229366,2.3201297999796187,2.583274833136301,3.7888124482913326,4.9943500634463645,6.199887678601396,7.405425293756428,10.033161309414842,9.882879174193537,9.619734141036854,9.356589107880172,9.09344407472349,8.830299041566807,8.567154008410125,7.361616393255093,6.156078778100062,4.95054116294503,3.745003547789998
8153,0.6682540838903488,0.7581400312657272,0.9155309318380566,1.0729218324103855,1.2303127329827148,1.3877036335550441,1.5450945341273732,2.2661442482220826,2.987193962316792,3.7082436764115014,4.429293390506211,6.0734388854665,5.983552938091121,5.826162037518792,5.668771136946463,5.5113802363741335,5.3539893358018045,5.196598435229475,4.475548721134766,3.7544990070400566,3.033449292945347,2.3123995788506377
8154,0.4397550001969972,0.4989058467966161,0.6024793784527985,0.7060529101089809,0.8096264417651632,0.9131999734213457,1.016773505077528,1.4912714914090162,1.9657694777405041,2.4402674640719924,2.9147654504034803,3.6846018562989733,3.625451009699354,3.5218774780431716,3.418303946386989,3.314730414730807,3.2111568830746244,3.1075833514184423,2.633085365086954,2.158587378755466,1.6840893924239777,1.2095914060924897
8155,0.286284866305672,0.32479265405806435,0.39222005033488544,0.4596474466117065,0.5270748428885276,0.5945022391653487,0.6619296354421698,0.9708325302776295,1.2797354251130895,1.5886383199485492,1.8975412147840094,2.22844041223525,2.1899326244828576,2.1225052282060366,2.0550778319292156,1.9876504356523945,1.9202230393755735,1.8527956430987524,1.5438927482632927,1.2349898534278327,0.926086958592373,0.6171840637569128
8156,0.1600000684787465,0.18152145994052682,0.21920556165659857,0.25688966337267033,0.2945737650887421,0.33225786680481384,0.3699419685208856,0.5425828942000834,0.7152238198792811,0.887864745558479,1.0605056712376768,1.3303544742870113,1.308833082825231,1.2711489811091592,1.2334648793930874,1.1957807776770155,1.1580966759609437,1.1204125742448718,0.947771648565674,0.7751307228864763,0.6024897972072784,0.4298488715280806
8157,0.0966650333943288,0.10966731548161278,0.1324343991801003,0.15520148287858784,0.17796856657707538,0.20073565027556292,0.2235027339740505,0.3278048196211218,0.432106905268193,0.5364089909152644,0.6407110765623357,0.8750441895076194,0.8620419074203355,0.8392748237218479,0.8165077400233604,0.7937406563248728,0.7709735726263852,0.7482064889278977,0.6439044032808263,0.5396023176337551,0.4353002319866837,0.3309981463396124
8158,0.060485888935644626,0.06862176353916513,0.08286773488598757,0.09711370623281,0.11135967757963244,0.1256056489264549,0.13985162027327736,0.2051162164429092,0.27038081261254104,0.33564540878217297,0.40091000495180484,0.6530761972950729,0.6449403226915524,0.63069435134473,0.6164483799979075,0.602202408651085,0.5879564373042625,0.57371046595744,0.5084458697878081,0.4431812736181763,0.37791667744854435,0.3126520812789125
8159,0.04326251605801909,0.04908169821561838,0.059271125452270715,0.06946055268892304,0.07964997992557539,0.08983940716222773,0.10002883439888008,0.1467093195416705,0.19338980468446088,0.24007028982725132,0.28675077497004176,0.499578441059629,0.4937592589020297,0.48356983166537737,0.47338040442872503,0.4631909771920727,0.45300154995542036,0.442812122718768,0.3961316375759776,0.3494511524331872,0.30277066729039676,0.2560901821476063
8160,0.031367184720614005,0.03558634204876214,0.04297411500909338,0.050361887969424625,0.057749660929755864,0.0651374338900871,0.07252520685041834,0.10637056615310214,0.14021592545578596,0.17406128475846977,0.20790664406115364,0.38513873965896495,0.3809195823308168,0.3735318093704856,0.36614403641015436,0.35875626344982314,0.3513684904894919,0.3439807175291607,0.3101353582264769,0.27628999892379313,0.24244463962110932,0.20859928031842545
8161,0.027541528392130105,0.031246101893993974,0.037732835101129916,0.04421956830826585,0.05070630151540179,0.057193034722537735,0.06367976792967367,0.09339722368731823,0.1231146794449628,0.15283213520260736,0.18254959096025195,0.2947264391013124,0.29102186559944854,0.2845351323923126,0.27804839918517665,0.2715616659780407,0.26507493277090477,0.25858819956376883,0.22887074380612427,0.1991532880484797,0.16943583229083514,0.13971837653319055
8162,0.021214760756460276,0.024068329353953997,0.029064947229369295,0.03406156510478459,0.03905818298019989,0.04405480085561519,0.049051418731030486,0.07194225852804301,0.09483309832505553,0.11772393812206808,0.1406147779190806,0.2196416620198345,0.2167880934223408,0.21179147554692548,0.20679485767151018,0.20179823979609487,0.19680162192067957,0.19180500404526427,0.16891416424825173,0.14602332445123922,0.12313248465422667,0.10024164485721414
8163,0.017379901386824617,0.01971764826949346,0.023811058840523276,0.02790446941155309,0.03199787998258291,0.03609129055361272,0.04018470112464254,0.058937707246218926,0.07769071336779533,0.09644371948937172,0.11519672561094813,0.1725522635160582,0.17021451663338938,0.16612110606235955,0.16202769549132973,0.1579342849202999,0.15384087434927007,0.14974746377824025,0.13099445765666387,0.11224145153508747,0.09348844541351108,0.07473543929193467
8164,0.018861538995962508,0.02139857893702769,0.025840952998510806,0.030283327059993915,0.03472570112147703,0.03916807518296014,0.04361044924444325,0.0639621502340575,0.08431385122367176,0.10466555221328604,0.1250172532029003,0.16219714722554288,0.1596601072844777,0.15521773322299456,0.15077535916151147,0.14633298510002835,0.14189061103854522,0.1374482369770621,0.11709653598744785,0.0967448349978336,0.07639313400821932,0.05604143301860505
8165,0.06031042844298219,0.06842270209442457,0.08262734801485494,0.09683199393528533,0.1110366398557157,0.1252412857761461,0.1394459316965765,0.20452120506052845,0.2695964784244804,0.33467175178843245,0.39974702515238447,0.4566317751531136,0.4485195015016712,0.43431485558124083,0.4201102096608105,0.4059055637403801,0.3917009178199497,0.3774962718995193,0.3124209985355673,0.24734572517161535,0.18227045180766333,0.1171951784437113
8166,0.30895518501738617,0.35051232648691727,0.4232791617051753,0.4960459969234333,0.5688128321416914,0.6415796673599494,0.7143465025782075,1.0477107919933368,1.3810750814084662,1.7144393708235957,2.0478036602387255,2.1024107163262697,2.0608535748567385,1.9880867396384805,1.9153199044202225,1.8425530692019643,1.7697862339837063,1.6970193987654483,1.363655109350319,1.0302908199351897,0.6969265305200603,0.3635622411049304
8167,1.1612949269476076,1.3174991271273024,1.5910137359992662,1.8645283448712298,2.1380429537431938,2.4115575626151577,2.685072171487121,3.9381155800368046,5.191158988586489,6.444202397136173,7.697245805685856,8.797592590406415,8.64138839022672,8.367873781354756,8.094359172482793,7.820844563610829,7.547329954738865,7.273815345866902,6.020771937317218,4.767728528767535,3.514685120217851,2.261641711668167
8168,2.8365400828547638,3.218079229059924,3.8861568494030205,4.554234469746118,5.222312090089215,5.890389710432311,6.558467330775408,9.61910918103339,12.679751031291374,15.74039288154936,18.801034731807345,21.40384848736475,21.02230934115959,20.354231720816493,19.686154100473395,19.018076480130297,18.3499988597872,17.6819212394441,14.621279389186117,11.560637538928134,8.499995688670149,5.439353838412163
8169,4.187241305649756,4.750461435119857,5.736663683482037,6.722865931844216,7.709068180206397,8.695270428568575,9.681472676930756,14.199528337297998,18.717583997665233,23.23563965803248,27.75369531839972,32.29130966000392,31.72808953053382,30.74188728217164,29.75568503380946,28.76948278544728,27.7832805370851,26.797078288722922,22.27902262835568,17.760966967988445,13.242911307621199,8.724855647253957
8170,4.1224380187469025,4.6769415462886,5.647880965838258,6.618820385387915,7.5897598049375725,8.56069922448723,9.53163864403689,13.979771212843394,18.427903781649896,22.876036350456406,27.324168919262913,32.91035711924829,32.35585359170659,31.384914172156932,30.413974752607274,29.443035333057615,28.472095913507957,27.501156493958298,23.053023925151795,18.60489135634529,14.15675878753878,9.708626218732274
8171,3.351595880008395,3.8024144805325077,4.591800893015079,5.381187305497649,6.170573717980221,6.959960130462791,7.7493465429453625,11.365736340329079,14.982126137712793,18.59851593509651,22.21490573248023,27.356769827551037,26.905951227026925,26.116564814544354,25.327178402061783,24.537791989579212,23.74840557709664,22.95901916461407,19.34262936723035,15.726239569846637,12.109849772462919,8.493459975079201
8172,2.9910124143164416,3.3933294236000933,4.097789222441407,4.80224902128272,5.506708820124034,6.211168618965348,6.915628417806662,10.142946736074473,13.370265054342282,16.597583372610092,19.82490169087791,24.2284335048095,23.82611649552585,23.121656696684536,22.417196897843223,21.71273709900191,21.008277300160596,20.303817501319283,17.076499183051475,13.849180864783666,10.621862546515855,7.394544228248039
8173,2.7047846416677372,3.0686015427890947,3.7056473923676854,4.342693241946275,4.979739091524866,5.6167849411034565,6.253830790682048,9.172307818474215,12.090784846266383,15.009261874058554,17.92773890185072,22.802692522038395,22.438875620917038,21.801829771338447,21.164783921759856,20.527738072181265,19.890692222602674,19.253646373024083,16.335169345231915,13.416692317439747,10.498215289647575,7.579738261855409
8174,2.20733046474823,2.5042354815337093,3.0241181699939683,3.544000858454227,4.063883546914486,4.583766235374744,5.103648923835004,7.485370246439614,9.867091569044224,12.248812891648836,14.630534214253444,19.724931122724897,19.428026105939416,18.908143417479156,18.388260729018896,17.868378040558635,17.348495352098375,16.828612663638115,14.446891341033504,12.065170018428894,9.683448695824282,7.3017273732196735
8175,1.677916042855984,1.903610246250039,2.298802319798513,2.693994393346985,3.0891864668954585,3.484378540443932,3.879570613992405,5.690050956937462,7.500531299882518,9.311011642827577,11.121491985772634,14.871256559632515,14.645562356238461,14.250370282689987,13.855178209141515,13.459986135593041,13.064794062044568,12.669601988496094,10.859121645551037,9.04864130260598,7.238160959660921,5.427680616715864
8176,1.1172675321315855,1.2675496673528908,1.5306947005095728,1.7938397336662546,2.0569847668229366,2.3201297999796187,2.583274833136301,3.7888124482913326,4.9943500634463645,6.199887678601396,7.405425293756428,10.033161309414842,9.882879174193537,9.619734141036854,9.356589107880172,9.09344407472349,8.830299041566807,8.567154008410125,7.361616393255093,6.156078778100062,4.95054116294503,3.745003547789998
8177,0.6682540838903488,0.7581400312657272,0.9155309318380566,1.0729218324103855,1.2303127329827148,1.3877036335550441,1.5450945341273732,2.2661442482220826,2.987193962316792,3.7082436764115014,4.429293390506211,6.0734388854665,5.983552938091121,5.826162037518792,5.668771136946463,5.5113802363741335,5.3539893358018045,5.196598435229475,4.475548721134766,3.7544990070400566,3.033449292945347,2.3123995788506377
8178,0.4397550001969972,0.4989058467966161,0.6024793784527985,0.7060529101089809,0.8096264417651632,0.9131999734213457,1.016773505077528,1.4912714914090162,1.9657694777405041,2.4402674640719924,2.9147654504034803,3.6846018562989733,3.625451009699354,3.5218774780431716,3.418303946386989,3.314730414730807,3.2111568830746244,3.1075833514184423,2.633085365086954,2.158587378755466,1.6840893924239777,1.2095914060924897
8179,0.286284866305672,0.32479265405806435,0.39222005033488544,0.4596474466117065,0.5270748428885276,0.5945022391653487,0.6619296354421698,0.9708325302776295,1.2797354251130895,1.5886383199485492,1.8975412147840094,2.22844041223525,2.1899326244828576,2.1225052282060366,2.0550778319292156,1.9876504356523945,1.9202230393755735,1.8527956430987524,1.5438927482632927,1.2349898534278327,0.926086958592373,0.6171840637569128
8180,0.1600000684787465,0.18152145994052682,0.21920556165659857,0.25688966337267033,0.2945737650887421,0.33225786680481384,0.3699419685208856,0.5425828942000834,0.7152238198792811,0.887864745558479,1.0605056712376768,1.3303544742870113,1.308833082825231,1.2711489811091592,1.2334648793930874,1.1957807776770155,1.1580966759609437,1.1204125742448718,0.947771648565674,0.7751307228864763,0.6024897972072784,0.4298488715280806
8181,0.0966650333943288,0.10966731548161278,0.1324343991801003,0.15520148287858784,0.17796856657707538,0.20073565027556292,0.2235027339740505,0.3278048196211218,0.432106905268193,0.5364089909152644,0.6407110765623357,0.8750441895076194,0.8620419074203355,0.8392748237218479,0.8165077400233604,0.7937406563248728,0.7709735726263852,0.7482064889278977,0.6439044032808263,0.5396023176337551,0.4353002319866837,0.3309981463396124
8182,0.060485888935644626,0.06862176353916513,0.08286773488598757,0.09711370623281,0.11135967757963244,0.1256056489264549,0.13985162027327736,0.2051162164429092,0.27038081261254104,0.33564540878217297,0.40091000495180484,0.6530761972950729,0.6449403226915524,0.63069435134473,0.6164483799979075,0.602202408651085,0.5879564373042625,0.57371046595744,0.5084458697878081,0.4431812736181763,0.37791667744854435,0.3126520812789125
8183,0.04326251605801909,0.04908169821561838,0.059271125452270715,0.06946055268892304,0.07964997992557539,0.08983940716222773,0.10002883439888008,0.1467093195416705,0.19338980468446088,0.24007028982725132,0.28675077497004176,0.499578441059629,0.4937592589020297,0.48356983166537737,0.47338040442872503,0.4631909771920727,0.45300154995542036,0.442812122718768,0.3961316375759776,0.3494511524331872,0.30277066729039676,0.2560901821476063
8184,0.06656898268586907,0.07552308595105217,0.09120178120737912,0.10688047646370606,0.12255917172003303,0.13823786697635998,0.1539165622326869,0.2257448489433112,0.29757313565393556,0.36940142236455986,0.44122970907518416,0.4271966781704077,0.4182425749052246,0.4025638796488976,0.3868851843925707,0.3712064891362437,0.35552779387991673,0.3398490986235898,0.2680208119129655,0.19619252520234115,0.12436423849171685,0.05253595178109255
8185,0.056639086305014866,0.06425753272192815,0.07759748382143074,0.09093743492093335,0.10427738602043597,0.11761733711993858,0.1309572882194412,0.19207116387144205,0.25318503952344296,0.31429891517544384,0.3754127908274448,0.3168441383691494,0.3092256919522361,0.2958857408527335,0.28254578975323086,0.26920583865372827,0.2558658875542257,0.24252593645472306,0.1814120608027222,0.1202981851507213,0.05918430949872042,-0.0019295661532805208
8186,0.03392680220936796,0.038490250202461725,0.046480878441028384,0.05447150667959503,0.06246213491816169,0.07045276315672834,0.07844339139529499,0.1150505915949522,0.15165779179460942,0.18826499199426663,0.22487219219392388,0.22601923126692836,0.22145578327383458,0.21346515503526792,0.20547452679670128,0.1974838985581346,0.18949327031956797,0.1815026420810013,0.1448954418813441,0.10828824168168688,0.07168104148202967,0.035073841282372425
8187,0.0236676925723058,0.026851201690074235,0.03242554764354464,0.03799989359701504,0.043574239550485436,0.049148585503955844,0.05472293145742625,0.08026049774238261,0.10579806402733898,0.13133563031229536,0.15687319659725174,0.20284547879051973,0.1996619696727513,0.1940876237192809,0.1885132777658105,0.1829389318123401,0.17736458585886972,0.17179023990539932,0.14625267362044297,0.12071510733548661,0.09517754105053022,0.06963997476557385
8188,0.02469635730095266,0.028018230711428102,0.03383485347536883,0.03965147623930954,0.04546809900325027,0.051284721767191,0.05710134453113172,0.08374884553458932,0.11039634653804692,0.1370438475415045,0.16369134854496212,0.2086410790622131,0.20531920565173767,0.19950258288779693,0.19368596012385622,0.18786933735991548,0.18205271459597477,0.17623609183203404,0.14958859082857645,0.12294108982511885,0.09629358882166127,0.06964608781820365
8189,0.018530992112733714,0.02102357064238779,0.025388092472381524,0.02975261430237525,0.03411713613236898,0.03848165796236271,0.04284617979235644,0.06284121893523797,0.08283625807811949,0.10283129722100104,0.12282633636388257,0.23076451461001737,0.2282719360803633,0.22390741425036959,0.21954289242037586,0.21517837059038214,0.21081384876038842,0.2064493269303947,0.18645428778751316,0.16645924864463163,0.1464642095017501,0.12646917035886857
8190,0.022723898938375474,0.025780459658883387,0.031132518111866028,0.036484576564848666,0.0418366350178313,0.04718869347081395,0.05254075192379659,0.0770599598532782,0.10157916778275981,0.12609837571224142,0.15061758364172306,0.3411068640072945,0.3380503032867866,0.33269824483380395,0.3273461863808213,0.32199412792783866,0.316642069474856,0.31129001102187337,0.2867708030923918,0.2622515951629102,0.2377323872334286,0.21321317930394695
8191,0.05954035988303085,0.0675490526604855,0.08157232777140645,0.0955956028823274,0.10961887799324835,0.12364215310416929,0.13766542821509023,0.20190979350324906,0.2661541587914079,0.33039852407956677,0.3946428893677256,0.5323949645104806,0.524386271733026,0.510362996622105,0.4963397215111841,0.48231644640026317,0.4682931712893422,0.4542698961784213,0.3900255308902625,0.32578116560210363,0.2615368003139448,0.19729243502578592
8192,0.09422208070711786,0.10689576455313886,0.129087470513181,0.15127917647322317,0.17347088243326533,0.1956625883933075,0.21785429435334966,0.31952042104539957,0.42118654773744957,0.5228526744294996,0.6245188011215496,0.7630054397344619,0.7503317558884409,0.7281400499283988,0.7059483439683566,0.6837566380083144,0.6615649320482723,0.6393732260882301,0.5377070993961802,0.4360409727041302,0.33437484601208023,0.23270871932003023
8193,0.11060462621291975,0.12548190395938727,0.1515321177130734,0.17758233146675953,0.2036325452204457,0.22968275897413182,0.255732972727818,0.37507595323620807,0.49441893374459817,0.6137619142529884,0.7331048947613785,1.04243040931092,1.0275531315644524,1.0015029178107662,0.9754527040570801,0.949402490303394,0.9233522765497079,0.8973020627960218,0.7779590822876317,0.6586161017792416,0.5392731212708513,0.41993014076246116
8194,0.14593538259187422,0.16556495229609972,0.19993646134515083,0.23430797039420195,0.2686794794432531,0.3030509884923042,0.3374224975413554,0.4948875522726021,0.6523526070038489,0.8098176617350957,0.9672827164663426,1.3368623237393928,1.3172327540351674,1.2828612449861163,1.2484897359370652,1.2141182268880142,1.1797467178389631,1.145375208789912,0.9879101540586653,0.8304450993274186,0.6729800445961718,0.5155149898649249
8195,0.17412844867806587,0.1975502293326846,0.2385619253527876,0.2795736213728906,0.3205853173929936,0.3615970134130966,0.40260870943319965,0.5904942325625675,0.7783797556919354,0.9662652788213034,1.1541508019506714,1.6963697765134498,1.6729479958588311,1.6319362998387281,1.590924603818625,1.549912907798522,1.508901211778419,1.467889515758316,1.2800039926289482,1.0921184694995802,0.9042329463702122,0.7163474232408442
8196,0.20258246617249245,0.22983155799628885,0.277544901707457,0.32525824541862514,0.3729715891297932,0.4206849328409614,0.46839827655212957,0.6869858360383282,0.9055733955245269,1.1241609550107257,1.3427485144969247,1.9211150761464808,1.8938659843226844,1.8461526406115163,1.7984392969003482,1.7507259531891801,1.7030126094780118,1.6552992657668437,1.4367117062806452,1.2181241467944464,0.9995365873082476,0.7809490278220486
8197,0.22682064156334378,0.25732997737244256,0.31075203030808307,0.3641740832437235,0.4175961361793641,0.4710181891150046,0.5244402420506451,0.769180921820084,1.013921601589523,1.2586622813589619,1.5034029611284008,2.0428941262432594,2.0123847904341607,1.9589627374985201,1.9055406845628797,1.852118631627239,1.7986965786915987,1.745274525755958,1.5005338459865192,1.2557931662170803,1.0110524864476413,0.7663118066782024
8198,0.28713168866453304,0.3257533813399477,0.3933802259058238,0.46100707047169975,0.5286339150375757,0.5962607596034519,0.6638876041693279,0.9737042248382178,1.2835208455071077,1.5933374661759976,1.9031540868448875,2.133676930271694,2.095055237596279,2.027428393030403,1.9598015484645268,1.8921747038986507,1.8245478593327746,1.7569210147668985,1.4471043940980086,1.1372877734291187,0.8274711527602288,0.5176545320913388
8199,0.3067951188581142,0.3480617127682659,0.42031979724889373,0.49257788172952155,0.5648359662101494,0.6370940506907772,0.709352135171405,1.040385701701159,1.3714192682309132,1.7024528347606676,2.0334864012904217,2.1612776545091203,2.120011060598969,2.047752976118341,1.975494891637713,1.9032368071570853,1.8309787226764576,1.7587206381958298,1.427687071666076,1.0966535051363218,0.7656199386065674,0.4345863720768133
8200,0.27598175878396375,0.31310368956544515,0.3781044409318533,0.44310519229826134,0.5081059436646694,0.5731066950310776,0.6381074463974856,0.9358932333664804,1.233679020335475,1.53146480730447,1.829250594273465,1.9097257114610804,1.872603780679599,1.8076030293131908,1.7426022779467827,1.6776015265803745,1.6126007752139664,1.5476000238475582,1.2498142368785634,0.9520284499095688,0.6542426629405738,0.35645687597157893
8201,0.2253108014307007,0.2556170506983482,0.3086834977291007,0.36174994475985317,0.4148163917906057,0.46788283882135817,0.5209492858521106,0.7640608400805081,1.0071723943089055,1.2502839485373032,1.4933955027657007,1.6192575536297766,1.588951304362129,1.5358848573313766,1.4828184103006241,1.4297519632698716,1.3766855162391192,1.3236190692083667,1.0805075149799692,0.8373959607515719,0.5942844065231742,0.3511728522947767
8202,0.181071206183045,0.20542684770103406,0.24807374039633354,0.290720633091633,0.3333675257869325,0.376014418482232,0.41866131117753147,0.6140381066158548,0.809414902054178,1.0047916974925013,1.200168492930825,1.489569188741577,1.4652135472235879,1.4225666545282885,1.379919761832989,1.3372728691376894,1.29462597644239,1.2519790837470905,1.0566022883087673,0.8612254928704441,0.6658486974321208,0.4704719019937972
8203,0.1371027565822645,0.15554426178254532,0.18783546186591396,0.22012666194928254,0.2524178620326512,0.2847090621160198,0.3170002621993884,0.464934866444111,0.6128694706888336,0.7608040749335562,0.9087386791782788,1.2544431595756709,1.23600165437539,1.2037104542920214,1.1714192542086528,1.1391280541252842,1.1068368540419156,1.074545653958547,0.9266110497138245,0.7786764454691019,0.6307418412243793,0.48280723697965666
8204,0.12288693681507708,0.1394162914452449,0.16835930297358676,0.19730231450192862,0.22624532603027048,0.25518833755861237,0.28413134908695425,0.4167270081222759,0.5493226671575976,0.6819183261929194,0.8145139852282411,0.965950353268064,0.9494209986378962,0.9204779871095543,0.8915349755812124,0.8625919640528705,0.8336489525245286,0.8047059409961868,0.6721102819608651,0.5395146229255434,0.40691896389022164,0.27432330485489986
8205,0.10407025709033581,0.11806860573895996,0.14257980870966933,0.16709101168037868,0.19160221465108804,0.2161134176217974,0.24062462059250678,0.3529169820306787,0.4652093434688507,0.5775017049070227,0.6897940663451948,0.756275578156249,0.7422772295076249,0.7177660265369155,0.6932548235662062,0.6687436205954969,0.6442324176247876,0.6197212146540781,0.5074288532159061,0.3951364917777342,0.2828441303395622,0.17055176890139007
8206,0.09174496304809825,0.10408545316899447,0.1256937346673304,0.14730201616566632,0.16891029766400223,0.19051857916233816,0.21212686066067407,0.3111201642112374,0.4101134677618008,0.5091067713123641,0.6081000748629275,0.6380177307790044,0.6256772406581081,0.6040689591597722,0.5824606776614363,0.5608523961631003,0.5392441146647644,0.5176358331664285,0.4186425296158651,0.3196492260653017,0.22065592251473837,0.12166261896417502
8207,0.0756798511426919,0.0858594449247251,0.10368398234795255,0.12150851977117999,0.13933305719440744,0.15715759461763487,0.17498213204086233,0.2566410943198301,0.33830005659879786,0.4199590188777657,0.5016179811567335,0.5589042903878931,0.54872469660586,0.5309001591826326,0.5130756217594051,0.4952510843361777,0.4774265469129503,0.45960200948972285,0.37794304721075506,0.2962840849317873,0.21462512265281947,0.13296616037385167
8208,0.06656898268586907,0.07552308595105217,0.09120178120737912,0.10688047646370606,0.12255917172003303,0.13823786697635998,0.1539165622326869,0.2257448489433112,0.29757313565393556,0.36940142236455986,0.44122970907518416,0.4271966781704077,0.4182425749052246,0.4025638796488976,0.3868851843925707,0.3712064891362437,0.35552779387991673,0.3398490986235898,0.2680208119129655,0.19619252520234115,0.12436423849171685,0.05253595178109255
8209,0.056639086305014866,0.06425753272192815,0.07759748382143074,0.09093743492093335,0.10427738602043597,0.11761733711993858,0.1309572882194412,0.19207116387144205,0.25318503952344296,0.31429891517544384,0.3754127908274448,0.3168441383691494,0.3092256919522361,0.2958857408527335,0.28254578975323086,0.26920583865372827,0.2558658875542257,0.24252593645472306,0.1814120608027222,0.1202981851507213,0.05918430949872042,-0.0019295661532805208
8210,0.03392680220936796,0.038490250202461725,0.046480878441028384,0.05447150667959503,0.06246213491816169,0.07045276315672834,0.07844339139529499,0.1150505915949522,0.15165779179460942,0.18826499199426663,0.22487219219392388,0.22601923126692836,0.22145578327383458,0.21346515503526792,0.20547452679670128,0.1974838985581346,0.18949327031956797,0.1815026420810013,0.1448954418813441,0.10828824168168688,0.07168104148202967,0.035073841282372425
8211,0.0236676925723058,0.026851201690074235,0.03242554764354464,0.03799989359701504,0.043574239550485436,0.049148585503955844,0.05472293145742625,0.08026049774238261,0.10579806402733898,0.13133563031229536,0.15687319659725174,0.20284547879051973,0.1996619696727513,0.1940876237192809,0.1885132777658105,0.1829389318123401,0.17736458585886972,0.17179023990539932,0.14625267362044297,0.12071510733548661,0.09517754105053022,0.06963997476557385
8212,0.02469635730095266,0.028018230711428102,0.03383485347536883,0.03965147623930954,0.04546809900325027,0.051284721767191,0.05710134453113172,0.08374884553458932,0.11039634653804692,0.1370438475415045,0.16369134854496212,0.2086410790622131,0.20531920565173767,0.19950258288779693,0.19368596012385622,0.18786933735991548,0.18205271459597477,0.17623609183203404,0.14958859082857645,0.12294108982511885,0.09629358882166127,0.06964608781820365
8213,0.018530992112733714,0.02102357064238779,0.025388092472381524,0.02975261430237525,0.03411713613236898,0.03848165796236271,0.04284617979235644,0.06284121893523797,0.08283625807811949,0.10283129722100104,0.12282633636388257,0.23076451461001737,0.2282719360803633,0.22390741425036959,0.21954289242037586,0.21517837059038214,0.21081384876038842,0.2064493269303947,0.18645428778751316,0.16645924864463163,0.1464642095017501,0.12646917035886857
8214,0.022723898938375474,0.025780459658883387,0.031132518111866028,0.036484576564848666,0.0418366350178313,0.04718869347081395,0.05254075192379659,0.0770599598532782,0.10157916778275981,0.12609837571224142,0.15061758364172306,0.3411068640072945,0.3380503032867866,0.33269824483380395,0.3273461863808213,0.32199412792783866,0.316642069474856,0.31129001102187337,0.2867708030923918,0.2622515951629102,0.2377323872334286,0.21321317930394695
8215,0.05954035988303085,0.0675490526604855,0.08157232777140645,0.0955956028823274,0.10961887799324835,0.12364215310416929,0.13766542821509023,0.20190979350324906,0.2661541587914079,0.33039852407956677,0.3946428893677256,0.5323949645104806,0.524386271733026,0.510362996622105,0.4963397215111841,0.48231644640026317,0.4682931712893422,0.4542698961784213,0.3900255308902625,0.32578116560210363,0.2615368003139448,0.19729243502578592
8216,0.09422208070711786,0.10689576455313886,0.129087470513181,0.15127917647322317,0.17347088243326533,0.1956625883933075,0.21785429435334966,0.31952042104539957,0.42118654773744957,0.5228526744294996,0.6245188011215496,0.7630054397344619,0.7503317558884409,0.7281400499283988,0.7059483439683566,0.6837566380083144,0.6615649320482723,0.6393732260882301,0.5377070993961802,0.4360409727041302,0.33437484601208023,0.23270871932003023
8217,0.11060462621291975,0.12548190395938727,0.1515321177130734,0.17758233146675953,0.2036325452204457,0.22968275897413182,0.255732972727818,0.37507595323620807,0.49441893374459817,0.6137619142529884,0.7331048947613785,1.04243040931092,1.0275531315644524,1.0015029178107662,0.9754527040570801,0.949402490303394,0.9233522765497079,0.8973020627960218,0.7779590822876317,0.6586161017792416,0.5392731212708513,0.41993014076246116
8218,0.14593538259187422,0.16556495229609972,0.19993646134515083,0.23430797039420195,0.2686794794432531,0.3030509884923042,0.3374224975413554,0.4948875522726021,0.6523526070038489,0.8098176617350957,0.9672827164663426,1.3368623237393928,1.3172327540351674,1.2828612449861163,1.2484897359370652,1.2141182268880142,1.1797467178389631,1.145375208789912,0.9879101540586653,0.8304450993274186,0.6729800445961718,0.5155149898649249
8219,0.17412844867806587,0.1975502293326846,0.2385619253527876,0.2795736213728906,0.3205853173929936,0.3615970134130966,0.40260870943319965,0.5904942325625675,0.7783797556919354,0.9662652788213034,1.1541508019506714,1.6963697765134498,1.6729479958588311,1.6319362998387281,1.590924603818625,1.549912907798522,1.508901211778419,1.467889515758316,1.2800039926289482,1.0921184694995802,0.9042329463702122,0.7163474232408442
8220,0.20258246617249245,0.22983155799628885,0.277544901707457,0.32525824541862514,0.3729715891297932,0.4206849328409614,0.46839827655212957,0.6869858360383282,0.9055733955245269,1.1241609550107257,1.3427485144969247,1.9211150761464808,1.8938659843226844,1.8461526406115163,1.7984392969003482,1.7507259531891801,1.7030126094780118,1.6552992657668437,1.4367117062806452,1.2181241467944464,0.9995365873082476,0.7809490278220486
8221,0.22682064156334378,0.25732997737244256,0.31075203030808307,0.3641740832437235,0.4175961361793641,0.4710181891150046,0.5244402420506451,0.769180921820084,1.013921601589523,1.2586622813589619,1.5034029611284008,2.0428941262432594,2.0123847904341607,1.9589627374985201,1.9055406845628797,1.852118631627239,1.7986965786915987,1.745274525755958,1.5005338459865192,1.2557931662170803,1.0110524864476413,0.7663118066782024
8222,0.28713168866453304,0.3257533813399477,0.3933802259058238,0.46100707047169975,0.5286339150375757,0.5962607596034519,0.6638876041693279,0.9737042248382178,1.2835208455071077,1.5933374661759976,1.9031540868448875,2.133676930271694,2.095055237596279,2.027428393030403,1.9598015484645268,1.8921747038986507,1.8245478593327746,1.7569210147668985,1.4471043940980086,1.1372877734291187,0.8274711527602288,0.5176545320913388
8223,0.3067951188581142,0.3480617127682659,0.42031979724889373,0.49257788172952155,0.5648359662101494,0.6370940506907772,0.709352135171405,1.040385701701159,1.3714192682309132,1.7024528347606676,2.0334864012904217,2.1612776545091203,2.120011060598969,2.047752976118341,1.975494891637713,1.9032368071570853,1.8309787226764576,1.7587206381958298,1.427687071666076,1.0966535051363218,0.7656199386065674,0.4345863720768133
8224,0.27598175878396375,0.31310368956544515,0.3781044409318533,0.44310519229826134,0.5081059436646694,0.5731066950310776,0.6381074463974856,0.9358932333664804,1.233679020335475,1.53146480730447,1.829250594273465,1.9097257114610804,1.872603780679599,1.8076030293131908,1.7426022779467827,1.6776015265803745,1.6126007752139664,1.5476000238475582,1.2498142368785634,0.9520284499095688,0.6542426629405738,0.35645687597157893
8225,0.2253108014307007,0.2556170506983482,0.3086834977291007,0.36174994475985317,0.4148163917906057,0.46788283882135817,0.5209492858521106,0.7640608400805081,1.0071723943089055,1.2502839485373032,1.4933955027657007,1.6192575536297766,1.588951304362129,1.5358848573313766,1.4828184103006241,1.4297519632698716,1.3766855162391192,1.3236190692083667,1.0805075149799692,0.8373959607515719,0.5942844065231742,0.3511728522947767
8226,0.181071206183045,0.20542684770103406,0.24807374039633354,0.290720633091633,0.3333675257869325,0.376014418482232,0.41866131117753147,0.6140381066158548,0.809414902054178,1.0047916974925013,1.200168492930825,1.489569188741577,1.4652135472235879,1.4225666545282885,1.379919761832989,1.3372728691376894,1.29462597644239,1.2519790837470905,1.0566022883087673,0.8612254928704441,0.6658486974321208,0.4704719019937972
8227,0.1371027565822645,0.15554426178254532,0.18783546186591396,0.22012666194928254,0.2524178620326512,0.2847090621160198,0.3170002621993884,0.464934866444111,0.6128694706888336,0.7608040749335562,0.9087386791782788,1.2544431595756709,1.23600165437539,1.2037104542920214,1.1714192542086528,1.1391280541252842,1.1068368540419156,1.074545653958547,0.9266110497138245,0.7786764454691019,0.6307418412243793,0.48280723697965666
8228,0.12288693681507708,0.1394162914452449,0.16835930297358676,0.19730231450192862,0.22624532603027048,0.25518833755861237,0.28413134908695425,0.4167270081222759,0.5493226671575976,0.6819183261929194,0.8145139852282411,0.965950353268064,0.9494209986378962,0.9204779871095543,0.8915349755812124,0.8625919640528705,0.8336489525245286,0.8047059409961868,0.6721102819608651,0.5395146229255434,0.40691896389022164,0.27432330485489986
8229,0.10407025709033581,0.11806860573895996,0.14257980870966933,0.16709101168037868,0.19160221465108804,0.2161134176217974,0.24062462059250678,0.3529169820306787,0.4652093434688507,0.5775017049070227,0.6897940663451948,0.756275578156249,0.7422772295076249,0.7177660265369155,0.6932548235662062,0.6687436205954969,0.6442324176247876,0.6197212146540781,0.5074288532159061,0.3951364917777342,0.2828441303395622,0.17055176890139007
8230,0.09174496304809825,0.10408545316899447,0.1256937346673304,0.14730201616566632,0.16891029766400223,0.19051857916233816,0.21212686066067407,0.3111201642112374,0.4101134677618008,0.5091067713123641,0.6081000748629275,0.6380177307790044,0.6256772406581081,0.6040689591597722,0.5824606776614363,0.5608523961631003,0.5392441146647644,0.5176358331664285,0.4186425296158651,0.3196492260653017,0.22065592251473837,0.12166261896417502
8231,0.0756798511426919,0.0858594449247251,0.10368398234795255,0.12150851977117999,0.13933305719440744,0.15715759461763487,0.17498213204086233,0.2566410943198301,0.33830005659879786,0.4199590188777657,0.5016179811567335,0.5589042903878931,0.54872469660586,0.5309001591826326,0.5130756217594051,0.4952510843361777,0.4774265469129503,0.45960200948972285,0.37794304721075506,0.2962840849317873,0.21462512265281947,0.13296616037385167
8232,0.031367184720614005,0.03558634204876214,0.04297411500909338,0.050361887969424625,0.057749660929755864,0.0651374338900871,0.07252520685041834,0.10637056615310214,0.14021592545578596,0.17406128475846977,0.20790664406115364,0.38513873965896495,0.3809195823308168,0.3735318093704856,0.36614403641015436,0.35875626344982314,0.3513684904894919,0.3439807175291607,0.3101353582264769,0.27628999892379313,0.24244463962110932,0.20859928031842545
8233,0.027541528392130105,0.031246101893993974,0.037732835101129916,0.04421956830826585,0.05070630151540179,0.057193034722537735,0.06367976792967367,0.09339722368731823,0.1231146794449628,0.15283213520260736,0.18254959096025195,0.2947264391013124,0.29102186559944854,0.2845351323923126,0.27804839918517665,0.2715616659780407,0.26507493277090477,0.25858819956376883,0.22887074380612427,0.1991532880484797,0.16943583229083514,0.13971837653319055
8234,0.021214760756460276,0.024068329353953997,0.029064947229369295,0.03406156510478459,0.03905818298019989,0.04405480085561519,0.049051418731030486,0.07194225852804301,0.09483309832505553,0.11772393812206808,0.1406147779190806,0.2196416620198345,0.2167880934223408,0.21179147554692548,0.20679485767151018,0.20179823979609487,0.19680162192067957,0.19180500404526427,0.16891416424825173,0.14602332445123922,0.12313248465422667,0.10024164485721414
8235,0.017379901386824617,0.01971764826949346,0.023811058840523276,0.02790446941155309,0.03199787998258291,0.03609129055361272,0.04018470112464254,0.058937707246218926,0.07769071336779533,0.09644371948937172,0.11519672561094813,0.1725522635160582,0.17021451663338938,0.16612110606235955,0.16202769549132973,0.1579342849202999,0.15384087434927007,0.14974746377824025,0.13099445765666387,0.11224145153508747,0.09348844541351108,0.07473543929193467
8236,0.018861538995962508,0.02139857893702769,0.025840952998510806,0.030283327059993915,0.03472570112147703,0.03916807518296014,0.04361044924444325,0.0639621502340575,0.08431385122367176,0.10466555221328604,0.1250172532029003,0.16219714722554288,0.1596601072844777,0.15521773322299456,0.15077535916151147,0.14633298510002835,0.14189061103854522,0.1374482369770621,0.11709653598744785,0.0967448349978336,0.07639313400821932,0.05604143301860505
8237,0.06031042844298219,0.06842270209442457,0.08262734801485494,0.09683199393528533,0.1110366398557157,0.1252412857761461,0.1394459316965765,0.20452120506052845,0.2695964784244804,0.33467175178843245,0.39974702515238447,0.4566317751531136,0.4485195015016712,0.43431485558124083,0.4201102096608105,0.4059055637403801,0.3917009178199497,0.3774962718995193,0.3124209985355673,0.24734572517161535,0.18227045180766333,0.1171951784437113
8238,0.30895518501738617,0.35051232648691727,0.4232791617051753,0.4960459969234333,0.5688128321416914,0.6415796673599494,0.7143465025782075,1.0477107919933368,1.3810750814084662,1.7144393708235957,2.0478036602387255,2.1024107163262697,2.0608535748567385,1.9880867396384805,1.9153199044202225,1.8425530692019643,1.7697862339837063,1.6970193987654483,1.363655109350319,1.0302908199351897,0.6969265305200603,0.3635622411049304
8239,1.1612949269476076,1.3174991271273024,1.5910137359992662,1.8645283448712298,2.1380429537431938,2.4115575626151577,2.685072171487121,3.9381155800368046,5.191158988586489,6.444202397136173,7.697245805685856,8.797592590406415,8.64138839022672,8.367873781354756,8.094359172482793,7.820844563610829,7.547329954738865,7.273815345866902,6.020771937317218,4.767728528767535,3.514685120217851,2.261641711668167
8240,2.8365400828547638,3.218079229059924,3.8861568494030205,4.554234469746118,5.222312090089215,5.890389710432311,6.558467330775408,9.61910918103339,12.679751031291374,15.74039288154936,18.801034731807345,21.40384848736475,21.02230934115959,20.354231720816493,19.686154100473395,19.018076480130297,18.3499988597872,17.6819212394441,14.621279389186117,11.560637538928134,8.499995688670149,5.439353838412163
8241,4.187241305649756,4.750461435119857,5.736663683482037,6.722865931844216,7.709068180206397,8.695270428568575,9.681472676930756,14.199528337297998,18.717583997665233,23.23563965803248,27.75369531839972,32.29130966000392,31.72808953053382,30.74188728217164,29.75568503380946,28.76948278544728,27.7832805370851,26.797078288722922,22.27902262835568,17.760966967988445,13.242911307621199,8.724855647253957
8242,4.1224380187469025,4.6769415462886,5.647880965838258,6.618820385387915,7.5897598049375725,8.56069922448723,9.53163864403689,13.979771212843394,18.427903781649896,22.876036350456406,27.324168919262913,32.91035711924829,32.35585359170659,31.384914172156932,30.413974752607274,29.443035333057615,28.472095913507957,27.501156493958298,23.053023925151795,18.60489135634529,14.15675878753878,9.708626218732274
8243,3.351595880008395,3.8024144805325077,4.591800893015079,5.381187305497649,6.170573717980221,6.959960130462791,7.7493465429453625,11.365736340329079,14.982126137712793,18.59851593509651,22.21490573248023,27.356769827551037,26.905951227026925,26.116564814544354,25.327178402061783,24.537791989579212,23.74840557709664,22.95901916461407,19.34262936723035,15.726239569846637,12.109849772462919,8.493459975079201
8244,2.9910124143164416,3.3933294236000933,4.097789222441407,4.80224902128272,5.506708820124034,6.211168618965348,6.915628417806662,10.142946736074473,13.370265054342282,16.597583372610092,19.82490169087791,24.2284335048095,23.82611649552585,23.121656696684536,22.417196897843223,21.71273709900191,21.008277300160596,20.303817501319283,17.076499183051475,13.849180864783666,10.621862546515855,7.394544228248039
8245,2.7047846416677372,3.0686015427890947,3.7056473923676854,4.342693241946275,4.979739091524866,5.6167849411034565,6.253830790682048,9.172307818474215,12.090784846266383,15.009261874058554,17.92773890185072,22.802692522038395,22.438875620917038,21.801829771338447,21.164783921759856,20.527738072181265,19.890692222602674,19.253646373024083,16.335169345231915,13.416692317439747,10.498215289647575,7.579738261855409
8246,2.20733046474823,2.5042354815337093,3.0241181699939683,3.544000858454227,4.063883546914486,4.583766235374744,5.103648923835004,7.485370246439614,9.867091569044224,12.248812891648836,14.630534214253444,19.724931122724897,19.428026105939416,18.908143417479156,18.388260729018896,17.868378040558635,17.348495352098375,16.828612663638115,14.446891341033504,12.065170018428894,9.683448695824282,7.3017273732196735
8247,1.677916042855984,1.903610246250039,2.298802319798513,2.693994393346985,3.0891864668954585,3.484378540443932,3.879570613992405,5.690050956937462,7.500531299882518,9.311011642827577,11.121491985772634,14.871256559632515,14.645562356238461,14.250370282689987,13.855178209141515,13.459986135593041,13.064794062044568,12.669601988496094,10.859121645551037,9.04864130260598,7.238160959660921,5.427680616715864
8248,1.1172675321315855,1.2675496673528908,1.5306947005095728,1.7938397336662546,2.0569847668229366,2.3201297999796187,2.583274833136301,3.7888124482913326,4.9943500634463645,6.199887678601396,7.405425293756428,10.033161309414842,9.882879174193537,9.619734141036854,9.356589107880172,9.09344407472349,8.830299041566807,8.567154008410125,7.361616393255093,6.156078778100062,4.95054116294503,3.745003547789998
8249,0.6682540838903488,0.7581400312657272,0.9155309318380566,1.0729218324103855,1.2303127329827148,1.3877036335550441,1.5450945341273732,2.2661442482220826,2.987193962316792,3.7082436764115014,4.429293390506211,6.0734388854665,5.983552938091121,5.826162037518792,5.668771136946463,5.5113802363741335,5.3539893358018045,5.196598435229475,4.475548721134766,3.7544990070400566,3.033449292945347,2.3123995788506377
8250,0.4397550001969972,0.4989058467966161,0.6024793784527985,0.7060529101089809,0.8096264417651632,0.9131999734213457,1.016773505077528,1.4912714914090162,1.9657694777405041,2.4402674640719924,2.9147654504034803,3.6846018562989733,3.625451009699354,3.5218774780431716,3.418303946386989,3.314730414730807,3.2111568830746244,3.1075833514184423,2.633085365086954,2.158587378755466,1.6840893924239777,1.2095914060924897
8251,0.286284866305672,0.32479265405806435,0.39222005033488544,0.4596474466117065,0.5270748428885276,0.5945022391653487,0.6619296354421698,0.9708325302776295,1.2797354251130895,1.5886383199485492,1.8975412147840094,2.22844041223525,2.1899326244828576,2.1225052282060366,2.0550778319292156,1.9876504356523945,1.9202230393755735,1.8527956430987524,1.5438927482632927,1.2349898534278327,0.926086958592373,0.6171840637569128
8252,0.1600000684787465,0.18152145994052682,0.21920556165659857,0.25688966337267033,0.2945737650887421,0.33225786680481384,0.3699419685208856,0.5425828942000834,0.7152238198792811,0.887864745558479,1.0605056712376768,1.3303544742870113,1.308833082825231,1.2711489811091592,1.2334648793930874,1.1957807776770155,1.1580966759609437,1.1204125742448718,0.947771648565674,0.7751307228864763,0.6024897972072784,0.4298488715280806
8253,0.0966650333943288,0.10966731548161278,0.1324343991801003,0.15520148287858784,0.17796856657707538,0.20073565027556292,0.2235027339740505,0.3278048196211218,0.432106905268193,0.5364089909152644,0.6407110765623357,0.8750441895076194,0.8620419074203355,0.8392748237218479,0.8165077400233604,0.7937406563248728,0.7709735726263852,0.7482064889278977,0.6439044032808263,0.5396023176337551,0.4353002319866837,0.3309981463396124
8254,0.060485888935644626,0.06862176353916513,0.08286773488598757,0.09711370623281,0.11135967757963244,0.1256056489264549,0.13985162027327736,0.2051162164429092,0.27038081261254104,0.33564540878217297,0.40091000495180484,0.6530761972950729,0.6449403226915524,0.63069435134473,0.6164483799979075,0.602202408651085,0.5879564373042625,0.57371046595744,0.5084458697878081,0.4431812736181763,0.37791667744854435,0.3126520812789125
8255,0.04326251605801909,0.04908169821561838,0.059271125452270715,0.06946055268892304,0.07964997992557539,0.08983940716222773,0.10002883439888008,0.1467093195416705,0.19338980468446088,0.24007028982725132,0.28675077497004176,0.499578441059629,0.4937592589020297,0.48356983166537737,0.47338040442872503,0.4631909771920727,0.45300154995542036,0.442812122718768,0.3961316375759776,0.3494511524331872,0.30277066729039676,0.2560901821476063
8256,0.031367184720614005,0.03558634204876214,0.04297411500909338,0.050361887969424625,0.057749660929755864,0.0651374338900871,0.07252520685041834,0.10637056615310214,0.14021592545578596,0.17406128475846977,0.20790664406115364,0.38513873965896495,0.3809195823308168,0.3735318093704856,0.36614403641015436,0.35875626344982314,0.3513684904894919,0.3439807175291607,0.3101353582264769,0.27628999892379313,0.24244463962110932,0.20859928031842545
8257,0.027541528392130105,0.031246101893993974,0.037732835101129916,0.04421956830826585,0.05070630151540179,0.057193034722537735,0.06367976792967367,0.09339722368731823,0.1231146794449628,0.15283213520260736,0.18254959096025195,0.2947264391013124,0.29102186559944854,0.2845351323923126,0.27804839918517665,0.2715616659780407,0.26507493277090477,0.25858819956376883,0.22887074380612427,0.1991532880484797,0.16943583229083514,0.13971837653319055
8258,0.021214760756460276,0.024068329353953997,0.029064947229369295,0.03406156510478459,0.03905818298019989,0.04405480085561519,0.049051418731030486,0.07194225852804301,0.09483309832505553,0.11772393812206808,0.1406147779190806,0.2196416620198345,0.2167880934223408,0.21179147554692548,0.20679485767151018,0.20179823979609487,0.19680162192067957,0.19180500404526427,0.16891416424825173,0.14602332445123922,0.12313248465422667,0.10024164485721414
8259,0.017379901386824617,0.01971764826949346,0.023811058840523276,0.02790446941155309,0.03199787998258291,0.03609129055361272,0.04018470112464254,0.058937707246218926,0.07769071336779533,0.09644371948937172,0.11519672561094813,0.1725522635160582,0.17021451663338938,0.16612110606235955,0.16202769549132973,0.1579342849202999,0.15384087434927007,0.14974746377824025,0.13099445765666387,0.11224145153508747,0.09348844541351108,0.07473543929193467
8260,0.018861538995962508,0.02139857893702769,0.025840952998510806,0.030283327059993915,0.03472570112147703,0.03916807518296014,0.04361044924444325,0.0639621502340575,0.08431385122367176,0.10466555221328604,0.1250172532029003,0.16219714722554288,0.1596601072844777,0.15521773322299456,0.15077535916151147,0.14633298510002835,0.14189061103854522,0.1374482369770621,0.11709653598744785,0.0967448349978336,0.07639313400821932,0.05604143301860505
8261,0.06031042844298219,0.06842270209442457,0.08262734801485494,0.09683199393528533,0.1110366398557157,0.1252412857761461,0.1394459316965765,0.20452120506052845,0.2695964784244804,0.33467175178843245,0.39974702515238447,0.4566317751531136,0.4485195015016712,0.43431485558124083,0.4201102096608105,0.4059055637403801,0.3917009178199497,0.3774962718995193,0.3124209985355673,0.24734572517161535,0.18227045180766333,0.1171951784437113
8262,0.30895518501738617,0.35051232648691727,0.4232791617051753,0.4960459969234333,0.5688128321416914,0.6415796673599494,0.7143465025782075,1.0477107919933368,1.3810750814084662,1.7144393708235957,2.0478036602387255,2.1024107163262697,2.0608535748567385,1.9880867396384805,1.9153199044202225,1.8425530692019643,1.7697862339837063,1.6970193987654483,1.363655109350319,1.0302908199351897,0.6969265305200603,0.3635622411049304
8263,1.1612949269476076,1.3174991271273024,1.5910137359992662,1.8645283448712298,2.1380429537431938,2.4115575626151577,2.685072171487121,3.9381155800368046,5.191158988586489,6.444202397136173,7.697245805685856,8.797592590406415,8.64138839022672,8.367873781354756,8.094359172482793,7.820844563610829,7.547329954738865,7.273815345866902,6.020771937317218,4.767728528767535,3.514685120217851,2.261641711668167
8264,2.8365400828547638,3.218079229059924,3.8861568494030205,4.554234469746118,5.222312090089215,5.890389710432311,6.558467330775408,9.61910918103339,12.679751031291374,15.74039288154936,18.801034731807345,21.40384848736475,21.02230934115959,20.354231720816493,19.686154100473395,19.018076480130297,18.3499988597872,17.6819212394441,14.621279389186117,11.560637538928134,8.499995688670149,5.439353838412163
8265,4.187241305649756,4.750461435119857,5.736663683482037,6.722865931844216,7.709068180206397,8.695270428568575,9.681472676930756,14.199528337297998,18.717583997665233,23.23563965803248,27.75369531839972,32.29130966000392,31.72808953053382,30.74188728217164,29.75568503380946,28.76948278544728,27.7832805370851,26.797078288722922,22.27902262835568,17.760966967988445,13.242911307621199,8.724855647253957
8266,4.1224380187469025,4.6769415462886,5.647880965838258,6.618820385387915,7.5897598049375725,8.56069922448723,9.53163864403689,13.979771212843394,18.427903781649896,22.876036350456406,27.324168919262913,32.91035711924829,32.35585359170659,31.384914172156932,30.413974752607274,29.443035333057615,28.472095913507957,27.501156493958298,23.053023925151795,18.60489135634529,14.15675878753878,9.708626218732274
8267,3.351595880008395,3.8024144805325077,4.591800893015079,5.381187305497649,6.170573717980221,6.959960130462791,7.7493465429453625,11.365736340329079,14.982126137712793,18.59851593509651,22.21490573248023,27.356769827551037,26.905951227026925,26.116564814544354,25.327178402061783,24.537791989579212,23.74840557709664,22.95901916461407,19.34262936723035,15.726239569846637,12.109849772462919,8.493459975079201
8268,2.9910124143164416,3.3933294236000933,4.097789222441407,4.80224902128272,5.506708820124034,6.211168618965348,6.915628417806662,10.142946736074473,13.370265054342282,16.597583372610092,19.82490169087791,24.2284335048095,23.82611649552585,23.121656696684536,22.417196897843223,21.71273709900191,21.008277300160596,20.303817501319283,17.076499183051475,13.849180864783666,10.621862546515855,7.394544228248039
8269,2.7047846416677372,3.0686015427890947,3.7056473923676854,4.342693241946275,4.979739091524866,5.6167849411034565,6.253830790682048,9.172307818474215,12.090784846266383,15.009261874058554,17.92773890185072,22.802692522038395,22.438875620917038,21.801829771338447,21.164783921759856,20.527738072181265,19.890692222602674,19.253646373024083,16.335169345231915,13.416692317439747,10.498215289647575,7.579738261855409
8270,2.20733046474823,2.5042354815337093,3.0241181699939683,3.544000858454227,4.063883546914486,4.583766235374744,5.103648923835004,7.485370246439614,9.867091569044224,12.248812891648836,14.630534214253444,19.724931122724897,19.428026105939416,18.908143417479156,18.388260729018896,17.868378040558635,17.348495352098375,16.828612663638115,14.446891341033504,12.065170018428894,9.683448695824282,7.3017273732196735
8271,1.677916042855984,1.903610246250039,2.298802319798513,2.693994393346985,3.0891864668954585,3.484378540443932,3.879570613992405,5.690050956937462,7.500531299882518,9.311011642827577,11.121491985772634,14.871256559632515,14.645562356238461,14.250370282689987,13.855178209141515,13.459986135593041,13.064794062044568,12.669601988496094,10.859121645551037,9.04864130260598,7.238160959660921,5.427680616715864
8272,1.1172675321315855,1.2675496673528908,1.5306947005095728,1.7938397336662546,2.0569847668229366,2.3201297999796187,2.583274833136301,3.7888124482913326,4.9943500634463645,6.199887678601396,7.405425293756428,10.033161309414842,9.882879174193537,9.619734141036854,9.356589107880172,9.09344407472349,8.830299041566807,8.567154008410125,7.361616393255093,6.156078778100062,4.95054116294503,3.745003547789998
8273,0.6682540838903488,0.7581400312657272,0.9155309318380566,1.0729218324103855,1.2303127329827148,1.3877036335550441,1.5450945341273732,2.2661442482220826,2.987193962316792,3.7082436764115014,4.429293390506211,6.0734388854665,5.983552938091121,5.826162037518792,5.668771136946463,5.5113802363741335,5.3539893358018045,5.196598435229475,4.475548721134766,3.7544990070400566,3.033449292945347,2.3123995788506377
8274,0.4397550001969972,0.4989058467966161,0.6024793784527985,0.7060529101089809,0.8096264417651632,0.9131999734213457,1.016773505077528,1.4912714914090162,1.9657694777405041,2.4402674640719924,2.9147654504034803,3.6846018562989733,3.625451009699354,3.5218774780431716,3.418303946386989,3.314730414730807,3.2111568830746244,3.1075833514184423,2.633085365086954,2.158587378755466,1.6840893924239777,1.2095914060924897
8275,0.286284866305672,0.32479265405806435,0.39222005033488544,0.4596474466117065,0.5270748428885276,0.5945022391653487,0.6619296354421698,0.9708325302776295,1.2797354251130895,1.5886383199485492,1.8975412147840094,2.22844041223525,2.1899326244828576,2.1225052282060366,2.0550778319292156,1.9876504356523945,1.9202230393755735,1.8527956430987524,1.5438927482632927,1.2349898534278327,0.926086958592373,0.6171840637569128
8276,0.1600000684787465,0.18152145994052682,0.21920556165659857,0.25688966337267033,0.2945737650887421,0.33225786680481384,0.3699419685208856,0.5425828942000834,0.7152238198792811,0.887864745558479,1.0605056712376768,1.3303544742870113,1.308833082825231,1.2711489811091592,1.2334648793930874,1.1957807776770155,1.1580966759609437,1.1204125742448718,0.947771648565674,0.7751307228864763,0.6024897972072784,0.4298488715280806
8277,0.0966650333943288,0.10966731548161278,0.1324343991801003,0.15520148287858784,0.17796856657707538,0.20073565027556292,0.2235027339740505,0.3278048196211218,0.432106905268193,0.5364089909152644,0.6407110765623357,0.8750441895076194,0.8620419074203355,0.8392748237218479,0.8165077400233604,0.7937406563248728,0.7709735726263852,0.7482064889278977,0.6439044032808263,0.5396023176337551,0.4353002319866837,0.3309981463396124
8278,0.060485888935644626,0.06862176353916513,0.08286773488598757,0.09711370623281,0.11135967757963244,0.1256056489264549,0.13985162027327736,0.2051162164429092,0.27038081261254104,0.33564540878217297,0.40091000495180484,0.6530761972950729,0.6449403226915524,0.63069435134473,0.6164483799979075,0.602202408651085,0.5879564373042625,0.57371046595744,0.5084458697878081,0.4431812736181763,0.37791667744854435,0.3126520812789125
8279,0.04326251605801909,0.04908169821561838,0.059271125452270715,0.06946055268892304,0.07964997992557539,0.08983940716222773,0.10002883439888008,0.1467093195416705,0.19338980468446088,0.24007028982725132,0.28675077497004176,0.499578441059629,0.4937592589020297,0.48356983166537737,0.47338040442872503,0.4631909771920727,0.45300154995542036,0.442812122718768,0.3961316375759776,0.3494511524331872,0.30277066729039676,0.2560901821476063
8280,0.031367184720614005,0.03558634204876214,0.04297411500909338,0.050361887969424625,0.057749660929755864,0.0651374338900871,0.07252520685041834,0.10637056615310214,0.14021592545578596,0.17406128475846977,0.20790664406115364,0.38513873965896495,0.3809195823308168,0.3735318093704856,0.36614403641015436,0.35875626344982314,0.3513684904894919,0.3439807175291607,0.3101353582264769,0.27628999892379313,0.24244463962110932,0.20859928031842545
8281,0.027541528392130105,0.031246101893993974,0.037732835101129916,0.04421956830826585,0.05070630151540179,0.057193034722537735,0.06367976792967367,0.09339722368731823,0.1231146794449628,0.15283213520260736,0.18254959096025195,0.2947264391013124,0.29102186559944854,0.2845351323923126,0.27804839918517665,0.2715616659780407,0.26507493277090477,0.25858819956376883,0.22887074380612427,0.1991532880484797,0.16943583229083514,0.13971837653319055
8282,0.021214760756460276,0.024068329353953997,0.029064947229369295,0.03406156510478459,0.03905818298019989,0.04405480085561519,0.049051418731030486,0.07194225852804301,0.09483309832505553,0.11772393812206808,0.1406147779190806,0.2196416620198345,0.2167880934223408,0.21179147554692548,0.20679485767151018,0.20179823979609487,0.19680162192067957,0.19180500404526427,0.16891416424825173,0.14602332445123922,0.12313248465422667,0.10024164485721414
8283,0.017379901386824617,0.01971764826949346,0.023811058840523276,0.02790446941155309,0.03199787998258291,0.03609129055361272,0.04018470112464254,0.058937707246218926,0.07769071336779533,0.09644371948937172,0.11519672561094813,0.1725522635160582,0.17021451663338938,0.16612110606235955,0.16202769549132973,0.1579342849202999,0.15384087434927007,0.14974746377824025,0.13099445765666387,0.11224145153508747,0.09348844541351108,0.07473543929193467
8284,0.018861538995962508,0.02139857893702769,0.025840952998510806,0.030283327059993915,0.03472570112147703,0.03916807518296014,0.04361044924444325,0.0639621502340575,0.08431385122367176,0.10466555221328604,0.1250172532029003,0.16219714722554288,0.1596601072844777,0.15521773322299456,0.15077535916151147,0.14633298510002835,0.14189061103854522,0.1374482369770621,0.11709653598744785,0.0967448349978336,0.07639313400821932,0.05604143301860505
8285,0.06031042844298219,0.06842270209442457,0.08262734801485494,0.09683199393528533,0.1110366398557157,0.1252412857761461,0.1394459316965765,0.20452120506052845,0.2695964784244804,0.33467175178843245,0.39974702515238447,0.4566317751531136,0.4485195015016712,0.43431485558124083,0.4201102096608105,0.4059055637403801,0.3917009178199497,0.3774962718995193,0.3124209985355673,0.24734572517161535,0.18227045180766333,0.1171951784437113
8286,0.30895518501738617,0.35051232648691727,0.4232791617051753,0.4960459969234333,0.5688128321416914,0.6415796673599494,0.7143465025782075,1.0477107919933368,1.3810750814084662,1.7144393708235957,2.0478036602387255,2.1024107163262697,2.0608535748567385,1.9880867396384805,1.9153199044202225,1.8425530692019643,1.7697862339837063,1.6970193987654483,1.363655109350319,1.0302908199351897,0.6969265305200603,0.3635622411049304
8287,1.1612949269476076,1.3174991271273024,1.5910137359992662,1.8645283448712298,2.1380429537431938,2.4115575626151577,2.685072171487121,3.9381155800368046,5.191158988586489,6.444202397136173,7.697245805685856,8.797592590406415,8.64138839022672,8.367873781354756,8.094359172482793,7.820844563610829,7.547329954738865,7.273815345866902,6.020771937317218,4.767728528767535,3.514685120217851,2.261641711668167
8288,2.8365400828547638,3.218079229059924,3.8861568494030205,4.554234469746118,5.222312090089215,5.890389710432311,6.558467330775408,9.61910918103339,12.679751031291374,15.74039288154936,18.801034731807345,21.40384848736475,21.02230934115959,20.354231720816493,19.686154100473395,19.018076480130297,18.3499988597872,17.6819212394441,14.621279389186117,11.560637538928134,8.499995688670149,5.439353838412163
8289,4.187241305649756,4.750461435119857,5.736663683482037,6.722865931844216,7.709068180206397,8.695270428568575,9.681472676930756,14.199528337297998,18.717583997665233,23.23563965803248,27.75369531839972,32.29130966000392,31.72808953053382,30.74188728217164,29.75568503380946,28.76948278544728,27.7832805370851,26.797078288722922,22.27902262835568,17.760966967988445,13.242911307621199,8.724855647253957
8290,4.1224380187469025,4.6769415462886,5.647880965838258,6.618820385387915,7.5897598049375725,8.56069922448723,9.53163864403689,13.979771212843394,18.427903781649896,22.876036350456406,27.324168919262913,32.91035711924829,32.35585359170659,31.384914172156932,30.413974752607274,29.443035333057615,28.472095913507957,27.501156493958298,23.053023925151795,18.60489135634529,14.15675878753878,9.708626218732274
8291,3.351595880008395,3.8024144805325077,4.591800893015079,5.381187305497649,6.170573717980221,6.959960130462791,7.7493465429453625,11.365736340329079,14.982126137712793,18.59851593509651,22.21490573248023,27.356769827551037,26.905951227026925,26.116564814544354,25.327178402061783,24.537791989579212,23.74840557709664,22.95901916461407,19.34262936723035,15.726239569846637,12.109849772462919,8.493459975079201
8292,2.9910124143164416,3.3933294236000933,4.097789222441407,4.80224902128272,5.506708820124034,6.211168618965348,6.915628417806662,10.142946736074473,13.370265054342282,16.597583372610092,19.82490169087791,24.2284335048095,23.82611649552585,23.121656696684536,22.417196897843223,21.71273709900191,21.008277300160596,20.303817501319283,17.076499183051475,13.849180864783666,10.621862546515855,7.394544228248039
8293,2.7047846416677372,3.0686015427890947,3.7056473923676854,4.342693241946275,4.979739091524866,5.6167849411034565,6.253830790682048,9.172307818474215,12.090784846266383,15.009261874058554,17.92773890185072,22.802692522038395,22.438875620917038,21.801829771338447,21.164783921759856,20.527738072181265,19.890692222602674,19.253646373024083,16.335169345231915,13.416692317439747,10.498215289647575,7.579738261855409
8294,2.20733046474823,2.5042354815337093,3.0241181699939683,3.544000858454227,4.063883546914486,4.583766235374744,5.103648923835004,7.485370246439614,9.867091569044224,12.248812891648836,14.630534214253444,19.724931122724897,19.428026105939416,18.908143417479156,18.388260729018896,17.868378040558635,17.348495352098375,16.828612663638115,14.446891341033504,12.065170018428894,9.683448695824282,7.3017273732196735
8295,1.677916042855984,1.903610246250039,2.298802319798513,2.693994393346985,3.0891864668954585,3.484378540443932,3.879570613992405,5.690050956937462,7.500531299882518,9.311011642827577,11.121491985772634,14.871256559632515,14.645562356238461,14.250370282689987,13.855178209141515,13.459986135593041,13.064794062044568,12.669601988496094,10.859121645551037,9.04864130260598,7.238160959660921,5.427680616715864
8296,1.1172675321315855,1.2675496673528908,1.5306947005095728,1.7938397336662546,2.0569847668229366,2.3201297999796187,2.583274833136301,3.7888124482913326,4.9943500634463645,6.199887678601396,7.405425293756428,10.033161309414842,9.882879174193537,9.619734141036854,9.356589107880172,9.09344407472349,8.830299041566807,8.567154008410125,7.361616393255093,6.156078778100062,4.95054116294503,3.745003547789998
8297,0.6682540838903488,0.7581400312657272,0.9155309318380566,1.0729218324103855,1.2303127329827148,1.3877036335550441,1.5450945341273732,2.2661442482220826,2.987193962316792,3.7082436764115014,4.429293390506211,6.0734388854665,5.983552938091121,5.826162037518792,5.668771136946463,5.5113802363741335,5.3539893358018045,5.196598435229475,4.475548721134766,3.7544990070400566,3.033449292945347,2.3123995788506377
8298,0.4397550001969972,0.4989058467966161,0.6024793784527985,0.7060529101089809,0.8096264417651632,0.9131999734213457,1.016773505077528,1.4912714914090162,1.9657694777405041,2.4402674640719924,2.9147654504034803,3.6846018562989733,3.625451009699354,3.5218774780431716,3.418303946386989,3.314730414730807,3.2111568830746244,3.1075833514184423,2.633085365086954,2.158587378755466,1.6840893924239777,1.2095914060924897
8299,0.286284866305672,0.32479265405806435,0.39222005033488544,0.4596474466117065,0.5270748428885276,0.5945022391653487,0.6619296354421698,0.9708325302776295,1.2797354251130895,1.5886383199485492,1.8975412147840094,2.22844041223525,2.1899326244828576,2.1225052282060366,2.0550778319292156,1.9876504356523945,1.9202230393755735,1.8527956430987524,1.5438927482632927,1.2349898534278327,0.926086958592373,0.6171840637569128
8300,0.1600000684787465,0.18152145994052682,0.21920556165659857,0.25688966337267033,0.2945737650887421,0.33225786680481384,0.3699419685208856,0.5425828942000834,0.7152238198792811,0.887864745558479,1.0605056712376768,1.3303544742870113,1.308833082825231,1.2711489811091592,1.2334648793930874,1.1957807776770155,1.1580966759609437,1.1204125742448718,0.947771648565674,0.7751307228864763,0.6024897972072784,0.4298488715280806
8301,0.0966650333943288,0.10966731548161278,0.1324343991801003,0.15520148287858784,0.17796856657707538,0.20073565027556292,0.2235027339740505,0.3278048196211218,0.432106905268193,0.5364089909152644,0.6407110765623357,0.8750441895076194,0.8620419074203355,0.8392748237218479,0.8165077400233604,0.7937406563248728,0.7709735726263852,0.7482064889278977,0.6439044032808263,0.5396023176337551,0.4353002319866837,0.3309981463396124
8302,0.060485888935644626,0.06862176353916513,0.08286773488598757,0.09711370623281,0.11135967757963244,0.1256056489264549,0.13985162027327736,0.2051162164429092,0.27038081261254104,0.33564540878217297,0.40091000495180484,0.6530761972950729,0.6449403226915524,0.63069435134473,0.6164483799979075,0.602202408651085,0.5879564373042625,0.57371046595744,0.5084458697878081,0.4431812736181763,0.37791667744854435,0.3126520812789125
8303,0.04326251605801909,0.04908169821561838,0.059271125452270715,0.06946055268892304,0.07964997992557539,0.08983940716222773,0.10002883439888008,0.1467093195416705,0.19338980468446088,0.24007028982725132,0.28675077497004176,0.499578441059629,0.4937592589020297,0.48356983166537737,0.47338040442872503,0.4631909771920727,0.45300154995542036,0.442812122718768,0.3961316375759776,0.3494511524331872,0.30277066729039676,0.2560901821476063
8304,0.031367184720614005,0.03558634204876214,0.04297411500909338,0.050361887969424625,0.057749660929755864,0.0651374338900871,0.07252520685041834,0.10637056615310214,0.14021592545578596,0.17406128475846977,0.20790664406115364,0.38513873965896495,0.3809195823308168,0.3735318093704856,0.36614403641015436,0.35875626344982314,0.3513684904894919,0.3439807175291607,0.3101353582264769,0.27628999892379313,0.24244463962110932,0.20859928031842545
8305,0.027541528392130105,0.031246101893993974,0.037732835101129916,0.04421956830826585,0.05070630151540179,0.057193034722537735,0.06367976792967367,0.09339722368731823,0.1231146794449628,0.15283213520260736,0.18254959096025195,0.2947264391013124,0.29102186559944854,0.2845351323923126,0.27804839918517665,0.2715616659780407,0.26507493277090477,0.25858819956376883,0.22887074380612427,0.1991532880484797,0.16943583229083514,0.13971837653319055
8306,0.021214760756460276,0.024068329353953997,0.029064947229369295,0.03406156510478459,0.03905818298019989,0.04405480085561519,0.049051418731030486,0.07194225852804301,0.09483309832505553,0.11772393812206808,0.1406147779190806,0.2196416620198345,0.2167880934223408,0.21179147554692548,0.20679485767151018,0.20179823979609487,0.19680162192067957,0.19180500404526427,0.16891416424825173,0.14602332445123922,0.12313248465422667,0.10024164485721414
8307,0.017379901386824617,0.01971764826949346,0.023811058840523276,0.02790446941155309,0.03199787998258291,0.03609129055361272,0.04018470112464254,0.058937707246218926,0.07769071336779533,0.09644371948937172,0.11519672561094813,0.1725522635160582,0.17021451663338938,0.16612110606235955,0.16202769549132973,0.1579342849202999,0.15384087434927007,0.14974746377824025,0.13099445765666387,0.11224145153508747,0.09348844541351108,0.07473543929193467
8308,0.018861538995962508,0.02139857893702769,0.025840952998510806,0.030283327059993915,0.03472570112147703,0.03916807518296014,0.04361044924444325,0.0639621502340575,0.08431385122367176,0.10466555221328604,0.1250172532029003,0.16219714722554288,0.1596601072844777,0.15521773322299456,0.15077535916151147,0.14633298510002835,0.14189061103854522,0.1374482369770621,0.11709653598744785,0.0967448349978336,0.07639313400821932,0.05604143301860505
8309,0.06031042844298219,0.06842270209442457,0.08262734801485494,0.09683199393528533,0.1110366398557157,0.1252412857761461,0.1394459316965765,0.20452120506052845,0.2695964784244804,0.33467175178843245,0.39974702515238447,0.4566317751531136,0.4485195015016712,0.43431485558124083,0.4201102096608105,0.4059055637403801,0.3917009178199497,0.3774962718995193,0.3124209985355673,0.24734572517161535,0.18227045180766333,0.1171951784437113
8310,0.30895518501738617,0.35051232648691727,0.4232791617051753,0.4960459969234333,0.5688128321416914,0.6415796673599494,0.7143465025782075,1.0477107919933368,1.3810750814084662,1.7144393708235957,2.0478036602387255,2.1024107163262697,2.0608535748567385,1.9880867396384805,1.9153199044202225,1.8425530692019643,1.7697862339837063,1.6970193987654483,1.363655109350319,1.0302908199351897,0.6969265305200603,0.3635622411049304
8311,1.1612949269476076,1.3174991271273024,1.5910137359992662,1.8645283448712298,2.1380429537431938,2.4115575626151577,2.685072171487121,3.9381155800368046,5.191158988586489,6.444202397136173,7.697245805685856,8.797592590406415,8.64138839022672,8.367873781354756,8.094359172482793,7.820844563610829,7.547329954738865,7.273815345866902,6.020771937317218,4.767728528767535,3.514685120217851,2.261641711668167
8312,2.8365400828547638,3.218079229059924,3.8861568494030205,4.554234469746118,5.222312090089215,5.890389710432311,6.558467330775408,9.61910918103339,12.679751031291374,15.74039288154936,18.801034731807345,21.40384848736475,21.02230934115959,20.354231720816493,19.686154100473395,19.018076480130297,18.3499988597872,17.6819212394441,14.621279389186117,11.560637538928134,8.499995688670149,5.439353838412163
8313,4.187241305649756,4.750461435119857,5.736663683482037,6.722865931844216,7.709068180206397,8.695270428568575,9.681472676930756,14.199528337297998,18.717583997665233,23.23563965803248,27.75369531839972,32.29130966000392,31.72808953053382,30.74188728217164,29.75568503380946,28.76948278544728,27.7832805370851,26.797078288722922,22.27902262835568,17.760966967988445,13.242911307621199,8.724855647253957
8314,4.1224380187469025,4.6769415462886,5.647880965838258,6.618820385387915,7.5897598049375725,8.56069922448723,9.53163864403689,13.979771212843394,18.427903781649896,22.876036350456406,27.324168919262913,32.91035711924829,32.35585359170659,31.384914172156932,30.413974752607274,29.443035333057615,28.472095913507957,27.501156493958298,23.053023925151795,18.60489135634529,14.15675878753878,9.708626218732274
8315,3.351595880008395,3.8024144805325077,4.591800893015079,5.381187305497649,6.170573717980221,6.959960130462791,7.7493465429453625,11.365736340329079,14.982126137712793,18.59851593509651,22.21490573248023,27.356769827551037,26.905951227026925,26.116564814544354,25.327178402061783,24.537791989579212,23.74840557709664,22.95901916461407,19.34262936723035,15.726239569846637,12.109849772462919,8.493459975079201
8316,2.9910124143164416,3.3933294236000933,4.097789222441407,4.80224902128272,5.506708820124034,6.211168618965348,6.915628417806662,10.142946736074473,13.370265054342282,16.597583372610092,19.82490169087791,24.2284335048095,23.82611649552585,23.121656696684536,22.417196897843223,21.71273709900191,21.008277300160596,20.303817501319283,17.076499183051475,13.849180864783666,10.621862546515855,7.394544228248039
8317,2.7047846416677372,3.0686015427890947,3.7056473923676854,4.342693241946275,4.979739091524866,5.6167849411034565,6.253830790682048,9.172307818474215,12.090784846266383,15.009261874058554,17.92773890185072,22.802692522038395,22.438875620917038,21.801829771338447,21.164783921759856,20.527738072181265,19.890692222602674,19.253646373024083,16.335169345231915,13.416692317439747,10.498215289647575,7.579738261855409
8318,2.20733046474823,2.5042354815337093,3.0241181699939683,3.544000858454227,4.063883546914486,4.583766235374744,5.103648923835004,7.485370246439614,9.867091569044224,12.248812891648836,14.630534214253444,19.724931122724897,19.428026105939416,18.908143417479156,18.388260729018896,17.868378040558635,17.348495352098375,16.828612663638115,14.446891341033504,12.065170018428894,9.683448695824282,7.3017273732196735
8319,1.677916042855984,1.903610246250039,2.298802319798513,2.693994393346985,3.0891864668954585,3.484378540443932,3.879570613992405,5.690050956937462,7.500531299882518,9.311011642827577,11.121491985772634,14.871256559632515,14.645562356238461,14.250370282689987,13.855178209141515,13.459986135593041,13.064794062044568,12.669601988496094,10.859121645551037,9.04864130260598,7.238160959660921,5.427680616715864
8320,1.1172675321315855,1.2675496673528908,1.5306947005095728,1.7938397336662546,2.0569847668229366,2.3201297999796187,2.583274833136301,3.7888124482913326,4.9943500634463645,6.199887678601396,7.405425293756428,10.033161309414842,9.882879174193537,9.619734141036854,9.356589107880172,9.09344407472349,8.830299041566807,8.567154008410125,7.361616393255093,6.156078778100062,4.95054116294503,3.745003547789998
8321,0.6682540838903488,0.7581400312657272,0.9155309318380566,1.0729218324103855,1.2303127329827148,1.3877036335550441,1.5450945341273732,2.2661442482220826,2.987193962316792,3.7082436764115014,4.429293390506211,6.0734388854665,5.983552938091121,5.826162037518792,5.668771136946463,5.5113802363741335,5.3539893358018045,5.196598435229475,4.475548721134766,3.7544990070400566,3.033449292945347,2.3123995788506377
8322,0.4397550001969972,0.4989058467966161,0.6024793784527985,0.7060529101089809,0.8096264417651632,0.9131999734213457,1.016773505077528,1.4912714914090162,1.9657694777405041,2.4402674640719924,2.9147654504034803,3.6846018562989733,3.625451009699354,3.5218774780431716,3.418303946386989,3.314730414730807,3.2111568830746244,3.1075833514184423,2.633085365086954,2.158587378755466,1.6840893924239777,1.2095914060924897
8323,0.286284866305672,0.32479265405806435,0.39222005033488544,0.4596474466117065,0.5270748428885276,0.5945022391653487,0.6619296354421698,0.9708325302776295,1.2797354251130895,1.5886383199485492,1.8975412147840094,2.22844041223525,2.1899326244828576,2.1225052282060366,2.0550778319292156,1.9876504356523945,1.9202230393755735,1.8527956430987524,1.5438927482632927,1.2349898534278327,0.926086958592373,0.6171840637569128
8324,0.1600000684787465,0.18152145994052682,0.21920556165659857,0.25688966337267033,0.2945737650887421,0.33225786680481384,0.3699419685208856,0.5425828942000834,0.7152238198792811,0.887864745558479,1.0605056712376768,1.3303544742870113,1.308833082825231,1.2711489811091592,1.2334648793930874,1.1957807776770155,1.1580966759609437,1.1204125742448718,0.947771648565674,0.7751307228864763,0.6024897972072784,0.4298488715280806
8325,0.0966650333943288,0.10966731548161278,0.1324343991801003,0.15520148287858784,0.17796856657707538,0.20073565027556292,0.2235027339740505,0.3278048196211218,0.432106905268193,0.5364089909152644,0.6407110765623357,0.8750441895076194,0.8620419074203355,0.8392748237218479,0.8165077400233604,0.7937406563248728,0.7709735726263852,0.7482064889278977,0.6439044032808263,0.5396023176337551,0.4353002319866837,0.3309981463396124
8326,0.060485888935644626,0.06862176353916513,0.08286773488598757,0.09711370623281,0.11135967757963244,0.1256056489264549,0.13985162027327736,0.2051162164429092,0.27038081261254104,0.33564540878217297,0.40091000495180484,0.6530761972950729,0.6449403226915524,0.63069435134473,0.6164483799979075,0.602202408651085,0.5879564373042625,0.57371046595744,0.5084458697878081,0.4431812736181763,0.37791667744854435,0.3126520812789125
8327,0.04326251605801909,0.04908169821561838,0.059271125452270715,0.06946055268892304,0.07964997992557539,0.08983940716222773,0.10002883439888008,0.1467093195416705,0.19338980468446088,0.24007028982725132,0.28675077497004176,0.499578441059629,0.4937592589020297,0.48356983166537737,0.47338040442872503,0.4631909771920727,0.45300154995542036,0.442812122718768,0.3961316375759776,0.3494511524331872,0.30277066729039676,0.2560901821476063
8328,0.031367184720614005,0.03558634204876214,0.04297411500909338,0.050361887969424625,0.057749660929755864,0.0651374338900871,0.07252520685041834,0.10637056615310214,0.14021592545578596,0.17406128475846977,0.20790664406115364,0.38513873965896495,0.3809195823308168,0.3735318093704856,0.36614403641015436,0.35875626344982314,0.3513684904894919,0.3439807175291607,0.3101353582264769,0.27628999892379313,0.24244463962110932,0.20859928031842545
8329,0.027541528392130105,0.031246101893993974,0.037732835101129916,0.04421956830826585,0.05070630151540179,0.057193034722537735,0.06367976792967367,0.09339722368731823,0.1231146794449628,0.15283213520260736,0.18254959096025195,0.2947264391013124,0.29102186559944854,0.2845351323923126,0.27804839918517665,0.2715616659780407,0.26507493277090477,0.25858819956376883,0.22887074380612427,0.1991532880484797,0.16943583229083514,0.13971837653319055
8330,0.021214760756460276,0.024068329353953997,0.029064947229369295,0.03406156510478459,0.03905818298019989,0.04405480085561519,0.049051418731030486,0.07194225852804301,0.09483309832505553,0.11772393812206808,0.1406147779190806,0.2196416620198345,0.2167880934223408,0.21179147554692548,0.20679485767151018,0.20179823979609487,0.19680162192067957,0.19180500404526427,0.16891416424825173,0.14602332445123922,0.12313248465422667,0.10024164485721414
8331,0.017379901386824617,0.01971764826949346,0.023811058840523276,0.02790446941155309,0.03199787998258291,0.03609129055361272,0.04018470112464254,0.058937707246218926,0.07769071336779533,0.09644371948937172,0.11519672561094813,0.1725522635160582,0.17021451663338938,0.16612110606235955,0.16202769549132973,0.1579342849202999,0.15384087434927007,0.14974746377824025,0.13099445765666387,0.11224145153508747,0.09348844541351108,0.07473543929193467
8332,0.018861538995962508,0.02139857893702769,0.025840952998510806,0.030283327059993915,0.03472570112147703,0.03916807518296014,0.04361044924444325,0.0639621502340575,0.08431385122367176,0.10466555221328604,0.1250172532029003,0.16219714722554288,0.1596601072844777,0.15521773322299456,0.15077535916151147,0.14633298510002835,0.14189061103854522,0.1374482369770621,0.11709653598744785,0.0967448349978336,0.07639313400821932,0.05604143301860505
8333,0.06031042844298219,0.06842270209442457,0.08262734801485494,0.09683199393528533,0.1110366398557157,0.1252412857761461,0.1394459316965765,0.20452120506052845,0.2695964784244804,0.33467175178843245,0.39974702515238447,0.4566317751531136,0.4485195015016712,0.43431485558124083,0.4201102096608105,0.4059055637403801,0.3917009178199497,0.3774962718995193,0.3124209985355673,0.24734572517161535,0.18227045180766333,0.1171951784437113
8334,0.30895518501738617,0.35051232648691727,0.4232791617051753,0.4960459969234333,0.5688128321416914,0.6415796673599494,0.7143465025782075,1.0477107919933368,1.3810750814084662,1.7144393708235957,2.0478036602387255,2.1024107163262697,2.0608535748567385,1.9880867396384805,1.9153199044202225,1.8425530692019643,1.7697862339837063,1.6970193987654483,1.363655109350319,1.0302908199351897,0.6969265305200603,0.3635622411049304
8335,1.1612949269476076,1.3174991271273024,1.5910137359992662,1.8645283448712298,2.1380429537431938,2.4115575626151577,2.685072171487121,3.9381155800368046,5.191158988586489,6.444202397136173,7.697245805685856,8.797592590406415,8.64138839022672,8.367873781354756,8.094359172482793,7.820844563610829,7.547329954738865,7.273815345866902,6.020771937317218,4.767728528767535,3.514685120217851,2.261641711668167
8336,2.8365400828547638,3.218079229059924,3.8861568494030205,4.554234469746118,5.222312090089215,5.890389710432311,6.558467330775408,9.61910918103339,12.679751031291374,15.74039288154936,18.801034731807345,21.40384848736475,21.02230934115959,20.354231720816493,19.686154100473395,19.018076480130297,18.3499988597872,17.6819212394441,14.621279389186117,11.560637538928134,8.499995688670149,5.439353838412163
8337,4.187241305649756,4.750461435119857,5.736663683482037,6.722865931844216,7.709068180206397,8.695270428568575,9.681472676930756,14.199528337297998,18.717583997665233,23.23563965803248,27.75369531839972,32.29130966000392,31.72808953053382,30.74188728217164,29.75568503380946,28.76948278544728,27.7832805370851,26.797078288722922,22.27902262835568,17.760966967988445,13.242911307621199,8.724855647253957
8338,4.1224380187469025,4.6769415462886,5.647880965838258,6.618820385387915,7.5897598049375725,8.56069922448723,9.53163864403689,13.979771212843394,18.427903781649896,22.876036350456406,27.324168919262913,32.91035711924829,32.35585359170659,31.384914172156932,30.413974752607274,29.443035333057615,28.472095913507957,27.501156493958298,23.053023925151795,18.60489135634529,14.15675878753878,9.708626218732274
8339,3.351595880008395,3.8024144805325077,4.591800893015079,5.381187305497649,6.170573717980221,6.959960130462791,7.7493465429453625,11.365736340329079,14.982126137712793,18.59851593509651,22.21490573248023,27.356769827551037,26.905951227026925,26.116564814544354,25.327178402061783,24.537791989579212,23.74840557709664,22.95901916461407,19.34262936723035,15.726239569846637,12.109849772462919,8.493459975079201
8340,2.9910124143164416,3.3933294236000933,4.097789222441407,4.80224902128272,5.506708820124034,6.211168618965348,6.915628417806662,10.142946736074473,13.370265054342282,16.597583372610092,19.82490169087791,24.2284335048095,23.82611649552585,23.121656696684536,22.417196897843223,21.71273709900191,21.008277300160596,20.303817501319283,17.076499183051475,13.849180864783666,10.621862546515855,7.394544228248039
8341,2.7047846416677372,3.0686015427890947,3.7056473923676854,4.342693241946275,4.979739091524866,5.6167849411034565,6.253830790682048,9.172307818474215,12.090784846266383,15.009261874058554,17.92773890185072,22.802692522038395,22.438875620917038,21.801829771338447,21.164783921759856,20.527738072181265,19.890692222602674,19.253646373024083,16.335169345231915,13.416692317439747,10.498215289647575,7.579738261855409
8342,2.20733046474823,2.5042354815337093,3.0241181699939683,3.544000858454227,4.063883546914486,4.583766235374744,5.103648923835004,7.485370246439614,9.867091569044224,12.248812891648836,14.630534214253444,19.724931122724897,19.428026105939416,18.908143417479156,18.388260729018896,17.868378040558635,17.348495352098375,16.828612663638115,14.446891341033504,12.065170018428894,9.683448695824282,7.3017273732196735
8343,1.677916042855984,1.903610246250039,2.298802319798513,2.693994393346985,3.0891864668954585,3.484378540443932,3.879570613992405,5.690050956937462,7.500531299882518,9.311011642827577,11.121491985772634,14.871256559632515,14.645562356238461,14.250370282689987,13.855178209141515,13.459986135593041,13.064794062044568,12.669601988496094,10.859121645551037,9.04864130260598,7.238160959660921,5.427680616715864
8344,1.1172675321315855,1.2675496673528908,1.5306947005095728,1.7938397336662546,2.0569847668229366,2.3201297999796187,2.583274833136301,3.7888124482913326,4.9943500634463645,6.199887678601396,7.405425293756428,10.033161309414842,9.882879174193537,9.619734141036854,9.356589107880172,9.09344407472349,8.830299041566807,8.567154008410125,7.361616393255093,6.156078778100062,4.95054116294503,3.745003547789998
8345,0.6682540838903488,0.7581400312657272,0.9155309318380566,1.0729218324103855,1.2303127329827148,1.3877036335550441,1.5450945341273732,2.2661442482220826,2.987193962316792,3.7082436764115014,4.429293390506211,6.0734388854665,5.983552938091121,5.826162037518792,5.668771136946463,5.5113802363741335,5.3539893358018045,5.196598435229475,4.475548721134766,3.7544990070400566,3.033449292945347,2.3123995788506377
8346,0.4397550001969972,0.4989058467966161,0.6024793784527985,0.7060529101089809,0.8096264417651632,0.9131999734213457,1.016773505077528,1.4912714914090162,1.9657694777405041,2.4402674640719924,2.9147654504034803,3.6846018562989733,3.625451009699354,3.5218774780431716,3.418303946386989,3.314730414730807,3.2111568830746244,3.1075833514184423,2.633085365086954,2.158587378755466,1.6840893924239777,1.2095914060924897
8347,0.286284866305672,0.32479265405806435,0.39222005033488544,0.4596474466117065,0.5270748428885276,0.5945022391653487,0.6619296354421698,0.9708325302776295,1.2797354251130895,1.5886383199485492,1.8975412147840094,2.22844041223525,2.1899326244828576,2.1225052282060366,2.0550778319292156,1.9876504356523945,1.9202230393755735,1.8527956430987524,1.5438927482632927,1.2349898534278327,0.926086958592373,0.6171840637569128
8348,0.1600000684787465,0.18152145994052682,0.21920556165659857,0.25688966337267033,0.2945737650887421,0.33225786680481384,0.3699419685208856,0.5425828942000834,0.7152238198792811,0.887864745558479,1.0605056712376768,1.3303544742870113,1.308833082825231,1.2711489811091592,1.2334648793930874,1.1957807776770155,1.1580966759609437,1.1204125742448718,0.947771648565674,0.7751307228864763,0.6024897972072784,0.4298488715280806
8349,0.0966650333943288,0.10966731548161278,0.1324343991801003,0.15520148287858784,0.17796856657707538,0.20073565027556292,0.2235027339740505,0.3278048196211218,0.432106905268193,0.5364089909152644,0.6407110765623357,0.8750441895076194,0.8620419074203355,0.8392748237218479,0.8165077400233604,0.7937406563248728,0.7709735726263852,0.7482064889278977,0.6439044032808263,0.5396023176337551,0.4353002319866837,0.3309981463396124
8350,0.060485888935644626,0.06862176353916513,0.08286773488598757,0.09711370623281,0.11135967757963244,0.1256056489264549,0.13985162027327736,0.2051162164429092,0.27038081261254104,0.33564540878217297,0.40091000495180484,0.6530761972950729,0.6449403226915524,0.63069435134473,0.6164483799979075,0.602202408651085,0.5879564373042625,0.57371046595744,0.5084458697878081,0.4431812736181763,0.37791667744854435,0.3126520812789125
8351,0.04326251605801909,0.04908169821561838,0.059271125452270715,0.06946055268892304,0.07964997992557539,0.08983940716222773,0.10002883439888008,0.1467093195416705,0.19338980468446088,0.24007028982725132,0.28675077497004176,0.499578441059629,0.4937592589020297,0.48356983166537737,0.47338040442872503,0.4631909771920727,0.45300154995542036,0.442812122718768,0.3961316375759776,0.3494511524331872,0.30277066729039676,0.2560901821476063
8352,0.06656898268586907,0.07552308595105217,0.09120178120737912,0.10688047646370606,0.12255917172003303,0.13823786697635998,0.1539165622326869,0.2257448489433112,0.29757313565393556,0.36940142236455986,0.44122970907518416,0.4271966781704077,0.4182425749052246,0.4025638796488976,0.3868851843925707,0.3712064891362437,0.35552779387991673,0.3398490986235898,0.2680208119129655,0.19619252520234115,0.12436423849171685,0.05253595178109255
8353,0.056639086305014866,0.06425753272192815,0.07759748382143074,0.09093743492093335,0.10427738602043597,0.11761733711993858,0.1309572882194412,0.19207116387144205,0.25318503952344296,0.31429891517544384,0.3754127908274448,0.3168441383691494,0.3092256919522361,0.2958857408527335,0.28254578975323086,0.26920583865372827,0.2558658875542257,0.24252593645472306,0.1814120608027222,0.1202981851507213,0.05918430949872042,-0.0019295661532805208
8354,0.03392680220936796,0.038490250202461725,0.046480878441028384,0.05447150667959503,0.06246213491816169,0.07045276315672834,0.07844339139529499,0.1150505915949522,0.15165779179460942,0.18826499199426663,0.22487219219392388,0.22601923126692836,0.22145578327383458,0.21346515503526792,0.20547452679670128,0.1974838985581346,0.18949327031956797,0.1815026420810013,0.1448954418813441,0.10828824168168688,0.07168104148202967,0.035073841282372425
8355,0.0236676925723058,0.026851201690074235,0.03242554764354464,0.03799989359701504,0.043574239550485436,0.049148585503955844,0.05472293145742625,0.08026049774238261,0.10579806402733898,0.13133563031229536,0.15687319659725174,0.20284547879051973,0.1996619696727513,0.1940876237192809,0.1885132777658105,0.1829389318123401,0.17736458585886972,0.17179023990539932,0.14625267362044297,0.12071510733548661,0.09517754105053022,0.06963997476557385
8356,0.02469635730095266,0.028018230711428102,0.03383485347536883,0.03965147623930954,0.04546809900325027,0.051284721767191,0.05710134453113172,0.08374884553458932,0.11039634653804692,0.1370438475415045,0.16369134854496212,0.2086410790622131,0.20531920565173767,0.19950258288779693,0.19368596012385622,0.18786933735991548,0.18205271459597477,0.17623609183203404,0.14958859082857645,0.12294108982511885,0.09629358882166127,0.06964608781820365
8357,0.018530992112733714,0.02102357064238779,0.025388092472381524,0.02975261430237525,0.03411713613236898,0.03848165796236271,0.04284617979235644,0.06284121893523797,0.08283625807811949,0.10283129722100104,0.12282633636388257,0.23076451461001737,0.2282719360803633,0.22390741425036959,0.21954289242037586,0.21517837059038214,0.21081384876038842,0.2064493269303947,0.18645428778751316,0.16645924864463163,0.1464642095017501,0.12646917035886857
8358,0.022723898938375474,0.025780459658883387,0.031132518111866028,0.036484576564848666,0.0418366350178313,0.04718869347081395,0.05254075192379659,0.0770599598532782,0.10157916778275981,0.12609837571224142,0.15061758364172306,0.3411068640072945,0.3380503032867866,0.33269824483380395,0.3273461863808213,0.32199412792783866,0.316642069474856,0.31129001102187337,0.2867708030923918,0.2622515951629102,0.2377323872334286,0.21321317930394695
8359,0.05954035988303085,0.0675490526604855,0.08157232777140645,0.0955956028823274,0.10961887799324835,0.12364215310416929,0.13766542821509023,0.20190979350324906,0.2661541587914079,0.33039852407956677,0.3946428893677256,0.5323949645104806,0.524386271733026,0.510362996622105,0.4963397215111841,0.48231644640026317,0.4682931712893422,0.4542698961784213,0.3900255308902625,0.32578116560210363,0.2615368003139448,0.19729243502578592
8360,0.09422208070711786,0.10689576455313886,0.129087470513181,0.15127917647322317,0.17347088243326533,0.1956625883933075,0.21785429435334966,0.31952042104539957,0.42118654773744957,0.5228526744294996,0.6245188011215496,0.7630054397344619,0.7503317558884409,0.7281400499283988,0.7059483439683566,0.6837566380083144,0.6615649320482723,0.6393732260882301,0.5377070993961802,0.4360409727041302,0.33437484601208023,0.23270871932003023
8361,0.11060462621291975,0.12548190395938727,0.1515321177130734,0.17758233146675953,0.2036325452204457,0.22968275897413182,0.255732972727818,0.37507595323620807,0.49441893374459817,0.6137619142529884,0.7331048947613785,1.04243040931092,1.0275531315644524,1.0015029178107662,0.9754527040570801,0.949402490303394,0.9233522765497079,0.8973020627960218,0.7779590822876317,0.6586161017792416,0.5392731212708513,0.41993014076246116
8362,0.14593538259187422,0.16556495229609972,0.19993646134515083,0.23430797039420195,0.2686794794432531,0.3030509884923042,0.3374224975413554,0.4948875522726021,0.6523526070038489,0.8098176617350957,0.9672827164663426,1.3368623237393928,1.3172327540351674,1.2828612449861163,1.2484897359370652,1.2141182268880142,1.1797467178389631,1.145375208789912,0.9879101540586653,0.8304450993274186,0.6729800445961718,0.5155149898649249
8363,0.17412844867806587,0.1975502293326846,0.2385619253527876,0.2795736213728906,0.3205853173929936,0.3615970134130966,0.40260870943319965,0.5904942325625675,0.7783797556919354,0.9662652788213034,1.1541508019506714,1.6963697765134498,1.6729479958588311,1.6319362998387281,1.590924603818625,1.549912907798522,1.508901211778419,1.467889515758316,1.2800039926289482,1.0921184694995802,0.9042329463702122,0.7163474232408442
8364,0.20258246617249245,0.22983155799628885,0.277544901707457,0.32525824541862514,0.3729715891297932,0.4206849328409614,0.46839827655212957,0.6869858360383282,0.9055733955245269,1.1241609550107257,1.3427485144969247,1.9211150761464808,1.8938659843226844,1.8461526406115163,1.7984392969003482,1.7507259531891801,1.7030126094780118,1.6552992657668437,1.4367117062806452,1.2181241467944464,0.9995365873082476,0.7809490278220486
8365,0.22682064156334378,0.25732997737244256,0.31075203030808307,0.3641740832437235,0.4175961361793641,0.4710181891150046,0.5244402420506451,0.769180921820084,1.013921601589523,1.2586622813589619,1.5034029611284008,2.0428941262432594,2.0123847904341607,1.9589627374985201,1.9055406845628797,1.852118631627239,1.7986965786915987,1.745274525755958,1.5005338459865192,1.2557931662170803,1.0110524864476413,0.7663118066782024
8366,0.28713168866453304,0.3257533813399477,0.3933802259058238,0.46100707047169975,0.5286339150375757,0.5962607596034519,0.6638876041693279,0.9737042248382178,1.2835208455071077,1.5933374661759976,1.9031540868448875,2.133676930271694,2.095055237596279,2.027428393030403,1.9598015484645268,1.8921747038986507,1.8245478593327746,1.7569210147668985,1.4471043940980086,1.1372877734291187,0.8274711527602288,0.5176545320913388
8367,0.3067951188581142,0.3480617127682659,0.42031979724889373,0.49257788172952155,0.5648359662101494,0.6370940506907772,0.709352135171405,1.040385701701159,1.3714192682309132,1.7024528347606676,2.0334864012904217,2.1612776545091203,2.120011060598969,2.047752976118341,1.975494891637713,1.9032368071570853,1.8309787226764576,1.7587206381958298,1.427687071666076,1.0966535051363218,0.7656199386065674,0.4345863720768133
8368,0.27598175878396375,0.31310368956544515,0.3781044409318533,0.44310519229826134,0.5081059436646694,0.5731066950310776,0.6381074463974856,0.9358932333664804,1.233679020335475,1.53146480730447,1.829250594273465,1.9097257114610804,1.872603780679599,1.8076030293131908,1.7426022779467827,1.6776015265803745,1.6126007752139664,1.5476000238475582,1.2498142368785634,0.9520284499095688,0.6542426629405738,0.35645687597157893
8369,0.2253108014307007,0.2556170506983482,0.3086834977291007,0.36174994475985317,0.4148163917906057,0.46788283882135817,0.5209492858521106,0.7640608400805081,1.0071723943089055,1.2502839485373032,1.4933955027657007,1.6192575536297766,1.588951304362129,1.5358848573313766,1.4828184103006241,1.4297519632698716,1.3766855162391192,1.3236190692083667,1.0805075149799692,0.8373959607515719,0.5942844065231742,0.3511728522947767
8370,0.181071206183045,0.20542684770103406,0.24807374039633354,0.290720633091633,0.3333675257869325,0.376014418482232,0.41866131117753147,0.6140381066158548,0.809414902054178,1.0047916974925013,1.200168492930825,1.489569188741577,1.4652135472235879,1.4225666545282885,1.379919761832989,1.3372728691376894,1.29462597644239,1.2519790837470905,1.0566022883087673,0.8612254928704441,0.6658486974321208,0.4704719019937972
8371,0.1371027565822645,0.15554426178254532,0.18783546186591396,0.22012666194928254,0.2524178620326512,0.2847090621160198,0.3170002621993884,0.464934866444111,0.6128694706888336,0.7608040749335562,0.9087386791782788,1.2544431595756709,1.23600165437539,1.2037104542920214,1.1714192542086528,1.1391280541252842,1.1068368540419156,1.074545653958547,0.9266110497138245,0.7786764454691019,0.6307418412243793,0.48280723697965666
8372,0.12288693681507708,0.1394162914452449,0.16835930297358676,0.19730231450192862,0.22624532603027048,0.25518833755861237,0.28413134908695425,0.4167270081222759,0.5493226671575976,0.6819183261929194,0.8145139852282411,0.965950353268064,0.9494209986378962,0.9204779871095543,0.8915349755812124,0.8625919640528705,0.8336489525245286,0.8047059409961868,0.6721102819608651,0.5395146229255434,0.40691896389022164,0.27432330485489986
8373,0.10407025709033581,0.11806860573895996,0.14257980870966933,0.16709101168037868,0.19160221465108804,0.2161134176217974,0.24062462059250678,0.3529169820306787,0.4652093434688507,0.5775017049070227,0.6897940663451948,0.756275578156249,0.7422772295076249,0.7177660265369155,0.6932548235662062,0.6687436205954969,0.6442324176247876,0.6197212146540781,0.5074288532159061,0.3951364917777342,0.2828441303395622,0.17055176890139007
8374,0.09174496304809825,0.10408545316899447,0.1256937346673304,0.14730201616566632,0.16891029766400223,0.19051857916233816,0.21212686066067407,0.3111201642112374,0.4101134677618008,0.5091067713123641,0.6081000748629275,0.6380177307790044,0.6256772406581081,0.6040689591597722,0.5824606776614363,0.5608523961631003,0.5392441146647644,0.5176358331664285,0.4186425296158651,0.3196492260653017,0.22065592251473837,0.12166261896417502
8375,0.0756798511426919,0.0858594449247251,0.10368398234795255,0.12150851977117999,0.13933305719440744,0.15715759461763487,0.17498213204086233,0.2566410943198301,0.33830005659879786,0.4199590188777657,0.5016179811567335,0.5589042903878931,0.54872469660586,0.5309001591826326,0.5130756217594051,0.4952510843361777,0.4774265469129503,0.45960200948972285,0.37794304721075506,0.2962840849317873,0.21462512265281947,0.13296616037385167
8376,0.06656898268586907,0.07552308595105217,0.09120178120737912,0.10688047646370606,0.12255917172003303,0.13823786697635998,0.1539165622326869,0.2257448489433112,0.29757313565393556,0.36940142236455986,0.44122970907518416,0.4271966781704077,0.4182425749052246,0.4025638796488976,0.3868851843925707,0.3712064891362437,0.35552779387991673,0.3398490986235898,0.2680208119129655,0.19619252520234115,0.12436423849171685,0.05253595178109255
8377,0.056639086305014866,0.06425753272192815,0.07759748382143074,0.09093743492093335,0.10427738602043597,0.11761733711993858,0.1309572882194412,0.19207116387144205,0.25318503952344296,0.31429891517544384,0.3754127908274448,0.3168441383691494,0.3092256919522361,0.2958857408527335,0.28254578975323086,0.26920583865372827,0.2558658875542257,0.24252593645472306,0.1814120608027222,0.1202981851507213,0.05918430949872042,-0.0019295661532805208
8378,0.03392680220936796,0.038490250202461725,0.046480878441028384,0.05447150667959503,0.06246213491816169,0.07045276315672834,0.07844339139529499,0.1150505915949522,0.15165779179460942,0.18826499199426663,0.22487219219392388,0.22601923126692836,0.22145578327383458,0.21346515503526792,0.20547452679670128,0.1974838985581346,0.18949327031956797,0.1815026420810013,0.1448954418813441,0.10828824168168688,0.07168104148202967,0.035073841282372425
8379,0.0236676925723058,0.026851201690074235,0.03242554764354464,0.03799989359701504,0.043574239550485436,0.049148585503955844,0.05472293145742625,0.08026049774238261,0.10579806402733898,0.13133563031229536,0.15687319659725174,0.20284547879051973,0.1996619696727513,0.1940876237192809,0.1885132777658105,0.1829389318123401,0.17736458585886972,0.17179023990539932,0.14625267362044297,0.12071510733548661,0.09517754105053022,0.06963997476557385
8380,0.02469635730095266,0.028018230711428102,0.03383485347536883,0.03965147623930954,0.04546809900325027,0.051284721767191,0.05710134453113172,0.08374884553458932,0.11039634653804692,0.1370438475415045,0.16369134854496212,0.2086410790622131,0.20531920565173767,0.19950258288779693,0.19368596012385622,0.18786933735991548,0.18205271459597477,0.17623609183203404,0.14958859082857645,0.12294108982511885,0.09629358882166127,0.06964608781820365
8381,0.018530992112733714,0.02102357064238779,0.025388092472381524,0.02975261430237525,0.03411713613236898,0.03848165796236271,0.04284617979235644,0.06284121893523797,0.08283625807811949,0.10283129722100104,0.12282633636388257,0.23076451461001737,0.2282719360803633,0.22390741425036959,0.21954289242037586,0.21517837059038214,0.21081384876038842,0.2064493269303947,0.18645428778751316,0.16645924864463163,0.1464642095017501,0.12646917035886857
8382,0.022723898938375474,0.025780459658883387,0.031132518111866028,0.036484576564848666,0.0418366350178313,0.04718869347081395,0.05254075192379659,0.0770599598532782,0.10157916778275981,0.12609837571224142,0.15061758364172306,0.3411068640072945,0.3380503032867866,0.33269824483380395,0.3273461863808213,0.32199412792783866,0.316642069474856,0.31129001102187337,0.2867708030923918,0.2622515951629102,0.2377323872334286,0.21321317930394695
8383,0.05954035988303085,0.0675490526604855,0.08157232777140645,0.0955956028823274,0.10961887799324835,0.12364215310416929,0.13766542821509023,0.20190979350324906,0.2661541587914079,0.33039852407956677,0.3946428893677256,0.5323949645104806,0.524386271733026,0.510362996622105,0.4963397215111841,0.48231644640026317,0.4682931712893422,0.4542698961784213,0.3900255308902625,0.32578116560210363,0.2615368003139448,0.19729243502578592
8384,0.09422208070711786,0.10689576455313886,0.129087470513181,0.15127917647322317,0.17347088243326533,0.1956625883933075,0.21785429435334966,0.31952042104539957,0.42118654773744957,0.5228526744294996,0.6245188011215496,0.7630054397344619,0.7503317558884409,0.7281400499283988,0.7059483439683566,0.6837566380083144,0.6615649320482723,0.6393732260882301,0.5377070993961802,0.4360409727041302,0.33437484601208023,0.23270871932003023
8385,0.11060462621291975,0.12548190395938727,0.1515321177130734,0.17758233146675953,0.2036325452204457,0.22968275897413182,0.255732972727818,0.37507595323620807,0.49441893374459817,0.6137619142529884,0.7331048947613785,1.04243040931092,1.0275531315644524,1.0015029178107662,0.9754527040570801,0.949402490303394,0.9233522765497079,0.8973020627960218,0.7779590822876317,0.6586161017792416,0.5392731212708513,0.41993014076246116
8386,0.14593538259187422,0.16556495229609972,0.19993646134515083,0.23430797039420195,0.2686794794432531,0.3030509884923042,0.3374224975413554,0.4948875522726021,0.6523526070038489,0.8098176617350957,0.9672827164663426,1.3368623237393928,1.3172327540351674,1.2828612449861163,1.2484897359370652,1.2141182268880142,1.1797467178389631,1.145375208789912,0.9879101540586653,0.8304450993274186,0.6729800445961718,0.5155149898649249
8387,0.17412844867806587,0.1975502293326846,0.2385619253527876,0.2795736213728906,0.3205853173929936,0.3615970134130966,0.40260870943319965,0.5904942325625675,0.7783797556919354,0.9662652788213034,1.1541508019506714,1.6963697765134498,1.6729479958588311,1.6319362998387281,1.590924603818625,1.549912907798522,1.508901211778419,1.467889515758316,1.2800039926289482,1.0921184694995802,0.9042329463702122,0.7163474232408442
8388,0.20258246617249245,0.22983155799628885,0.277544901707457,0.32525824541862514,0.3729715891297932,0.4206849328409614,0.46839827655212957,0.6869858360383282,0.9055733955245269,1.1241609550107257,1.3427485144969247,1.9211150761464808,1.8938659843226844,1.8461526406115163,1.7984392969003482,1.7507259531891801,1.7030126094780118,1.6552992657668437,1.4367117062806452,1.2181241467944464,0.9995365873082476,0.7809490278220486
8389,0.22682064156334378,0.25732997737244256,0.31075203030808307,0.3641740832437235,0.4175961361793641,0.4710181891150046,0.5244402420506451,0.769180921820084,1.013921601589523,1.2586622813589619,1.5034029611284008,2.0428941262432594,2.0123847904341607,1.9589627374985201,1.9055406845628797,1.852118631627239,1.7986965786915987,1.745274525755958,1.5005338459865192,1.2557931662170803,1.0110524864476413,0.7663118066782024
8390,0.28713168866453304,0.3257533813399477,0.3933802259058238,0.46100707047169975,0.5286339150375757,0.5962607596034519,0.6638876041693279,0.9737042248382178,1.2835208455071077,1.5933374661759976,1.9031540868448875,2.133676930271694,2.095055237596279,2.027428393030403,1.9598015484645268,1.8921747038986507,1.8245478593327746,1.7569210147668985,1.4471043940980086,1.1372877734291187,0.8274711527602288,0.5176545320913388
8391,0.3067951188581142,0.3480617127682659,0.42031979724889373,0.49257788172952155,0.5648359662101494,0.6370940506907772,0.709352135171405,1.040385701701159,1.3714192682309132,1.7024528347606676,2.0334864012904217,2.1612776545091203,2.120011060598969,2.047752976118341,1.975494891637713,1.9032368071570853,1.8309787226764576,1.7587206381958298,1.427687071666076,1.0966535051363218,0.7656199386065674,0.4345863720768133
8392,0.27598175878396375,0.31310368956544515,0.3781044409318533,0.44310519229826134,0.5081059436646694,0.5731066950310776,0.6381074463974856,0.9358932333664804,1.233679020335475,1.53146480730447,1.829250594273465,1.9097257114610804,1.872603780679599,1.8076030293131908,1.7426022779467827,1.6776015265803745,1.6126007752139664,1.5476000238475582,1.2498142368785634,0.9520284499095688,0.6542426629405738,0.35645687597157893
8393,0.2253108014307007,0.2556170506983482,0.3086834977291007,0.36174994475985317,0.4148163917906057,0.46788283882135817,0.5209492858521106,0.7640608400805081,1.0071723943089055,1.2502839485373032,1.4933955027657007,1.6192575536297766,1.588951304362129,1.5358848573313766,1.4828184103006241,1.4297519632698716,1.3766855162391192,1.3236190692083667,1.0805075149799692,0.8373959607515719,0.5942844065231742,0.3511728522947767
8394,0.181071206183045,0.20542684770103406,0.24807374039633354,0.290720633091633,0.3333675257869325,0.376014418482232,0.41866131117753147,0.6140381066158548,0.809414902054178,1.0047916974925013,1.200168492930825,1.489569188741577,1.4652135472235879,1.4225666545282885,1.379919761832989,1.3372728691376894,1.29462597644239,1.2519790837470905,1.0566022883087673,0.8612254928704441,0.6658486974321208,0.4704719019937972
8395,0.1371027565822645,0.15554426178254532,0.18783546186591396,0.22012666194928254,0.2524178620326512,0.2847090621160198,0.3170002621993884,0.464934866444111,0.6128694706888336,0.7608040749335562,0.9087386791782788,1.2544431595756709,1.23600165437539,1.2037104542920214,1.1714192542086528,1.1391280541252842,1.1068368540419156,1.074545653958547,0.9266110497138245,0.7786764454691019,0.6307418412243793,0.48280723697965666
8396,0.12288693681507708,0.1394162914452449,0.16835930297358676,0.19730231450192862,0.22624532603027048,0.25518833755861237,0.28413134908695425,0.4167270081222759,0.5493226671575976,0.6819183261929194,0.8145139852282411,0.965950353268064,0.9494209986378962,0.9204779871095543,0.8915349755812124,0.8625919640528705,0.8336489525245286,0.8047059409961868,0.6721102819608651,0.5395146229255434,0.40691896389022164,0.27432330485489986
8397,0.10407025709033581,0.11806860573895996,0.14257980870966933,0.16709101168037868,0.19160221465108804,0.2161134176217974,0.24062462059250678,0.3529169820306787,0.4652093434688507,0.5775017049070227,0.6897940663451948,0.756275578156249,0.7422772295076249,0.7177660265369155,0.6932548235662062,0.6687436205954969,0.6442324176247876,0.6197212146540781,0.5074288532159061,0.3951364917777342,0.2828441303395622,0.17055176890139007
8398,0.09174496304809825,0.10408545316899447,0.1256937346673304,0.14730201616566632,0.16891029766400223,0.19051857916233816,0.21212686066067407,0.3111201642112374,0.4101134677618008,0.5091067713123641,0.6081000748629275,0.6380177307790044,0.6256772406581081,0.6040689591597722,0.5824606776614363,0.5608523961631003,0.5392441146647644,0.5176358331664285,0.4186425296158651,0.3196492260653017,0.22065592251473837,0.12166261896417502
8399,0.0756798511426919,0.0858594449247251,0.10368398234795255,0.12150851977117999,0.13933305719440744,0.15715759461763487,0.17498213204086233,0.2566410943198301,0.33830005659879786,0.4199590188777657,0.5016179811567335,0.5589042903878931,0.54872469660586,0.5309001591826326,0.5130756217594051,0.4952510843361777,0.4774265469129503,0.45960200948972285,0.37794304721075506,0.2962840849317873,0.21462512265281947,0.13296616037385167
8400,0.031367184720614005,0.03558634204876214,0.04297411500909338,0.050361887969424625,0.057749660929755864,0.0651374338900871,0.07252520685041834,0.10637056615310214,0.14021592545578596,0.17406128475846977,0.20790664406115364,0.38513873965896495,0.3809195823308168,0.3735318093704856,0.36614403641015436,0.35875626344982314,0.3513684904894919,0.3439807175291607,0.3101353582264769,0.27628999892379313,0.24244463962110932,0.20859928031842545
8401,0.027541528392130105,0.031246101893993974,0.037732835101129916,0.04421956830826585,0.05070630151540179,0.057193034722537735,0.06367976792967367,0.09339722368731823,0.1231146794449628,0.15283213520260736,0.18254959096025195,0.2947264391013124,0.29102186559944854,0.2845351323923126,0.27804839918517665,0.2715616659780407,0.26507493277090477,0.25858819956376883,0.22887074380612427,0.1991532880484797,0.16943583229083514,0.13971837653319055
8402,0.021214760756460276,0.024068329353953997,0.029064947229369295,0.03406156510478459,0.03905818298019989,0.04405480085561519,0.049051418731030486,0.07194225852804301,0.09483309832505553,0.11772393812206808,0.1406147779190806,0.2196416620198345,0.2167880934223408,0.21179147554692548,0.20679485767151018,0.20179823979609487,0.19680162192067957,0.19180500404526427,0.16891416424825173,0.14602332445123922,0.12313248465422667,0.10024164485721414
8403,0.017379901386824617,0.01971764826949346,0.023811058840523276,0.02790446941155309,0.03199787998258291,0.03609129055361272,0.04018470112464254,0.058937707246218926,0.07769071336779533,0.09644371948937172,0.11519672561094813,0.1725522635160582,0.17021451663338938,0.16612110606235955,0.16202769549132973,0.1579342849202999,0.15384087434927007,0.14974746377824025,0.13099445765666387,0.11224145153508747,0.09348844541351108,0.07473543929193467
8404,0.018861538995962508,0.02139857893702769,0.025840952998510806,0.030283327059993915,0.03472570112147703,0.03916807518296014,0.04361044924444325,0.0639621502340575,0.08431385122367176,0.10466555221328604,0.1250172532029003,0.16219714722554288,0.1596601072844777,0.15521773322299456,0.15077535916151147,0.14633298510002835,0.14189061103854522,0.1374482369770621,0.11709653598744785,0.0967448349978336,0.07639313400821932,0.05604143301860505
8405,0.06031042844298219,0.06842270209442457,0.08262734801485494,0.09683199393528533,0.1110366398557157,0.1252412857761461,0.1394459316965765,0.20452120506052845,0.2695964784244804,0.33467175178843245,0.39974702515238447,0.4566317751531136,0.4485195015016712,0.43431485558124083,0.4201102096608105,0.4059055637403801,0.3917009178199497,0.3774962718995193,0.3124209985355673,0.24734572517161535,0.18227045180766333,0.1171951784437113
8406,0.30895518501738617,0.35051232648691727,0.4232791617051753,0.4960459969234333,0.5688128321416914,0.6415796673599494,0.7143465025782075,1.0477107919933368,1.3810750814084662,1.7144393708235957,2.0478036602387255,2.1024107163262697,2.0608535748567385,1.9880867396384805,1.9153199044202225,1.8425530692019643,1.7697862339837063,1.6970193987654483,1.363655109350319,1.0302908199351897,0.6969265305200603,0.3635622411049304
8407,1.1612949269476076,1.3174991271273024,1.5910137359992662,1.8645283448712298,2.1380429537431938,2.4115575626151577,2.685072171487121,3.9381155800368046,5.191158988586489,6.444202397136173,7.697245805685856,8.797592590406415,8.64138839022672,8.367873781354756,8.094359172482793,7.820844563610829,7.547329954738865,7.273815345866902,6.020771937317218,4.767728528767535,3.514685120217851,2.261641711668167
8408,2.8365400828547638,3.218079229059924,3.8861568494030205,4.554234469746118,5.222312090089215,5.890389710432311,6.558467330775408,9.61910918103339,12.679751031291374,15.74039288154936,18.801034731807345,21.40384848736475,21.02230934115959,20.354231720816493,19.686154100473395,19.018076480130297,18.3499988597872,17.6819212394441,14.621279389186117,11.560637538928134,8.499995688670149,5.439353838412163
8409,4.187241305649756,4.750461435119857,5.736663683482037,6.722865931844216,7.709068180206397,8.695270428568575,9.681472676930756,14.199528337297998,18.717583997665233,23.23563965803248,27.75369531839972,32.29130966000392,31.72808953053382,30.74188728217164,29.75568503380946,28.76948278544728,27.7832805370851,26.797078288722922,22.27902262835568,17.760966967988445,13.242911307621199,8.724855647253957
8410,4.1224380187469025,4.6769415462886,5.647880965838258,6.618820385387915,7.5897598049375725,8.56069922448723,9.53163864403689,13.979771212843394,18.427903781649896,22.876036350456406,27.324168919262913,32.91035711924829,32.35585359170659,31.384914172156932,30.413974752607274,29.443035333057615,28.472095913507957,27.501156493958298,23.053023925151795,18.60489135634529,14.15675878753878,9.708626218732274
8411,3.351595880008395,3.8024144805325077,4.591800893015079,5.381187305497649,6.170573717980221,6.959960130462791,7.7493465429453625,11.365736340329079,14.982126137712793,18.59851593509651,22.21490573248023,27.356769827551037,26.905951227026925,26.116564814544354,25.327178402061783,24.537791989579212,23.74840557709664,22.95901916461407,19.34262936723035,15.726239569846637,12.109849772462919,8.493459975079201
8412,2.9910124143164416,3.3933294236000933,4.097789222441407,4.80224902128272,5.506708820124034,6.211168618965348,6.915628417806662,10.142946736074473,13.370265054342282,16.597583372610092,19.82490169087791,24.2284335048095,23.82611649552585,23.121656696684536,22.417196897843223,21.71273709900191,21.008277300160596,20.303817501319283,17.076499183051475,13.849180864783666,10.621862546515855,7.394544228248039
8413,2.7047846416677372,3.0686015427890947,3.7056473923676854,4.342693241946275,4.979739091524866,5.6167849411034565,6.253830790682048,9.172307818474215,12.090784846266383,15.009261874058554,17.92773890185072,22.802692522038395,22.438875620917038,21.801829771338447,21.164783921759856,20.527738072181265,19.890692222602674,19.253646373024083,16.335169345231915,13.416692317439747,10.498215289647575,7.579738261855409
8414,2.20733046474823,2.5042354815337093,3.0241181699939683,3.544000858454227,4.063883546914486,4.583766235374744,5.103648923835004,7.485370246439614,9.867091569044224,12.248812891648836,14.630534214253444,19.724931122724897,19.428026105939416,18.908143417479156,18.388260729018896,17.868378040558635,17.348495352098375,16.828612663638115,14.446891341033504,12.065170018428894,9.683448695824282,7.3017273732196735
8415,1.677916042855984,1.903610246250039,2.298802319798513,2.693994393346985,3.0891864668954585,3.484378540443932,3.879570613992405,5.690050956937462,7.500531299882518,9.311011642827577,11.121491985772634,14.871256559632515,14.645562356238461,14.250370282689987,13.855178209141515,13.459986135593041,13.064794062044568,12.669601988496094,10.859121645551037,9.04864130260598,7.238160959660921,5.427680616715864
8416,1.1172675321315855,1.2675496673528908,1.5306947005095728,1.7938397336662546,2.0569847668229366,2.3201297999796187,2.583274833136301,3.7888124482913326,4.9943500634463645,6.199887678601396,7.405425293756428,10.033161309414842,9.882879174193537,9.619734141036854,9.356589107880172,9.09344407472349,8.830299041566807,8.567154008410125,7.361616393255093,6.156078778100062,4.95054116294503,3.745003547789998
8417,0.6682540838903488,0.7581400312657272,0.9155309318380566,1.0729218324103855,1.2303127329827148,1.3877036335550441,1.5450945341273732,2.2661442482220826,2.987193962316792,3.7082436764115014,4.429293390506211,6.0734388854665,5.983552938091121,5.826162037518792,5.668771136946463,5.5113802363741335,5.3539893358018045,5.196598435229475,4.475548721134766,3.7544990070400566,3.033449292945347,2.3123995788506377
8418,0.4397550001969972,0.4989058467966161,0.6024793784527985,0.7060529101089809,0.8096264417651632,0.9131999734213457,1.016773505077528,1.4912714914090162,1.9657694777405041,2.4402674640719924,2.9147654504034803,3.6846018562989733,3.625451009699354,3.5218774780431716,3.418303946386989,3.314730414730807,3.2111568830746244,3.1075833514184423,2.633085365086954,2.158587378755466,1.6840893924239777,1.2095914060924897
8419,0.286284866305672,0.32479265405806435,0.39222005033488544,0.4596474466117065,0.5270748428885276,0.5945022391653487,0.6619296354421698,0.9708325302776295,1.2797354251130895,1.5886383199485492,1.8975412147840094,2.22844041223525,2.1899326244828576,2.1225052282060366,2.0550778319292156,1.9876504356523945,1.9202230393755735,1.8527956430987524,1.5438927482632927,1.2349898534278327,0.926086958592373,0.6171840637569128
8420,0.1600000684787465,0.18152145994052682,0.21920556165659857,0.25688966337267033,0.2945737650887421,0.33225786680481384,0.3699419685208856,0.5425828942000834,0.7152238198792811,0.887864745558479,1.0605056712376768,1.3303544742870113,1.308833082825231,1.2711489811091592,1.2334648793930874,1.1957807776770155,1.1580966759609437,1.1204125742448718,0.947771648565674,0.7751307228864763,0.6024897972072784,0.4298488715280806
8421,0.0966650333943288,0.10966731548161278,0.1324343991801003,0.15520148287858784,0.17796856657707538,0.20073565027556292,0.2235027339740505,0.3278048196211218,0.432106905268193,0.5364089909152644,0.6407110765623357,0.8750441895076194,0.8620419074203355,0.8392748237218479,0.8165077400233604,0.7937406563248728,0.7709735726263852,0.7482064889278977,0.6439044032808263,0.5396023176337551,0.4353002319866837,0.3309981463396124
8422,0.060485888935644626,0.06862176353916513,0.08286773488598757,0.09711370623281,0.11135967757963244,0.1256056489264549,0.13985162027327736,0.2051162164429092,0.27038081261254104,0.33564540878217297,0.40091000495180484,0.6530761972950729,0.6449403226915524,0.63069435134473,0.6164483799979075,0.602202408651085,0.5879564373042625,0.57371046595744,0.5084458697878081,0.4431812736181763,0.37791667744854435,0.3126520812789125
8423,0.04326251605801909,0.04908169821561838,0.059271125452270715,0.06946055268892304,0.07964997992557539,0.08983940716222773,0.10002883439888008,0.1467093195416705,0.19338980468446088,0.24007028982725132,0.28675077497004176,0.499578441059629,0.4937592589020297,0.48356983166537737,0.47338040442872503,0.4631909771920727,0.45300154995542036,0.442812122718768,0.3961316375759776,0.3494511524331872,0.30277066729039676,0.2560901821476063
8424,0.031367184720614005,0.03558634204876214,0.04297411500909338,0.050361887969424625,0.057749660929755864,0.0651374338900871,0.07252520685041834,0.10637056615310214,0.14021592545578596,0.17406128475846977,0.20790664406115364,0.38513873965896495,0.3809195823308168,0.3735318093704856,0.36614403641015436,0.35875626344982314,0.3513684904894919,0.3439807175291607,0.3101353582264769,0.27628999892379313,0.24244463962110932,0.20859928031842545
8425,0.027541528392130105,0.031246101893993974,0.037732835101129916,0.04421956830826585,0.05070630151540179,0.057193034722537735,0.06367976792967367,0.09339722368731823,0.1231146794449628,0.15283213520260736,0.18254959096025195,0.2947264391013124,0.29102186559944854,0.2845351323923126,0.27804839918517665,0.2715616659780407,0.26507493277090477,0.25858819956376883,0.22887074380612427,0.1991532880484797,0.16943583229083514,0.13971837653319055
8426,0.021214760756460276,0.024068329353953997,0.029064947229369295,0.03406156510478459,0.03905818298019989,0.04405480085561519,0.049051418731030486,0.07194225852804301,0.09483309832505553,0.11772393812206808,0.1406147779190806,0.2196416620198345,0.2167880934223408,0.21179147554692548,0.20679485767151018,0.20179823979609487,0.19680162192067957,0.19180500404526427,0.16891416424825173,0.14602332445123922,0.12313248465422667,0.10024164485721414
8427,0.017379901386824617,0.01971764826949346,0.023811058840523276,0.02790446941155309,0.03199787998258291,0.03609129055361272,0.04018470112464254,0.058937707246218926,0.07769071336779533,0.09644371948937172,0.11519672561094813,0.1725522635160582,0.17021451663338938,0.16612110606235955,0.16202769549132973,0.1579342849202999,0.15384087434927007,0.14974746377824025,0.13099445765666387,0.11224145153508747,0.09348844541351108,0.07473543929193467
8428,0.018861538995962508,0.02139857893702769,0.025840952998510806,0.030283327059993915,0.03472570112147703,0.03916807518296014,0.04361044924444325,0.0639621502340575,0.08431385122367176,0.10466555221328604,0.1250172532029003,0.16219714722554288,0.1596601072844777,0.15521773322299456,0.15077535916151147,0.14633298510002835,0.14189061103854522,0.1374482369770621,0.11709653598744785,0.0967448349978336,0.07639313400821932,0.05604143301860505
8429,0.06031042844298219,0.06842270209442457,0.08262734801485494,0.09683199393528533,0.1110366398557157,0.1252412857761461,0.1394459316965765,0.20452120506052845,0.2695964784244804,0.33467175178843245,0.39974702515238447,0.4566317751531136,0.4485195015016712,0.43431485558124083,0.4201102096608105,0.4059055637403801,0.3917009178199497,0.3774962718995193,0.3124209985355673,0.24734572517161535,0.18227045180766333,0.1171951784437113
8430,0.30895518501738617,0.35051232648691727,0.4232791617051753,0.4960459969234333,0.5688128321416914,0.6415796673599494,0.7143465025782075,1.0477107919933368,1.3810750814084662,1.7144393708235957,2.0478036602387255,2.1024107163262697,2.0608535748567385,1.9880867396384805,1.9153199044202225,1.8425530692019643,1.7697862339837063,1.6970193987654483,1.363655109350319,1.0302908199351897,0.6969265305200603,0.3635622411049304
8431,1.1612949269476076,1.3174991271273024,1.5910137359992662,1.8645283448712298,2.1380429537431938,2.4115575626151577,2.685072171487121,3.9381155800368046,5.191158988586489,6.444202397136173,7.697245805685856,8.797592590406415,8.64138839022672,8.367873781354756,8.094359172482793,7.820844563610829,7.547329954738865,7.273815345866902,6.020771937317218,4.767728528767535,3.514685120217851,2.261641711668167
8432,2.8365400828547638,3.218079229059924,3.8861568494030205,4.554234469746118,5.222312090089215,5.890389710432311,6.558467330775408,9.61910918103339,12.679751031291374,15.74039288154936,18.801034731807345,21.40384848736475,21.02230934115959,20.354231720816493,19.686154100473395,19.018076480130297,18.3499988597872,17.6819212394441,14.621279389186117,11.560637538928134,8.499995688670149,5.439353838412163
8433,4.187241305649756,4.750461435119857,5.736663683482037,6.722865931844216,7.709068180206397,8.695270428568575,9.681472676930756,14.199528337297998,18.717583997665233,23.23563965803248,27.75369531839972,32.29130966000392,31.72808953053382,30.74188728217164,29.75568503380946,28.76948278544728,27.7832805370851,26.797078288722922,22.27902262835568,17.760966967988445,13.242911307621199,8.724855647253957
8434,4.1224380187469025,4.6769415462886,5.647880965838258,6.618820385387915,7.5897598049375725,8.56069922448723,9.53163864403689,13.979771212843394,18.427903781649896,22.876036350456406,27.324168919262913,32.91035711924829,32.35585359170659,31.384914172156932,30.413974752607274,29.443035333057615,28.472095913507957,27.501156493958298,23.053023925151795,18.60489135634529,14.15675878753878,9.708626218732274
8435,3.351595880008395,3.8024144805325077,4.591800893015079,5.381187305497649,6.170573717980221,6.959960130462791,7.7493465429453625,11.365736340329079,14.982126137712793,18.59851593509651,22.21490573248023,27.356769827551037,26.905951227026925,26.116564814544354,25.327178402061783,24.537791989579212,23.74840557709664,22.95901916461407,19.34262936723035,15.726239569846637,12.109849772462919,8.493459975079201
8436,2.9910124143164416,3.3933294236000933,4.097789222441407,4.80224902128272,5.506708820124034,6.211168618965348,6.915628417806662,10.142946736074473,13.370265054342282,16.597583372610092,19.82490169087791,24.2284335048095,23.82611649552585,23.121656696684536,22.417196897843223,21.71273709900191,21.008277300160596,20.303817501319283,17.076499183051475,13.849180864783666,10.621862546515855,7.394544228248039
8437,2.7047846416677372,3.0686015427890947,3.7056473923676854,4.342693241946275,4.979739091524866,5.6167849411034565,6.253830790682048,9.172307818474215,12.090784846266383,15.009261874058554,17.92773890185072,22.802692522038395,22.438875620917038,21.801829771338447,21.164783921759856,20.527738072181265,19.890692222602674,19.253646373024083,16.335169345231915,13.416692317439747,10.498215289647575,7.579738261855409
8438,2.20733046474823,2.5042354815337093,3.0241181699939683,3.544000858454227,4.063883546914486,4.583766235374744,5.103648923835004,7.485370246439614,9.867091569044224,12.248812891648836,14.630534214253444,19.724931122724897,19.428026105939416,18.908143417479156,18.388260729018896,17.868378040558635,17.348495352098375,16.828612663638115,14.446891341033504,12.065170018428894,9.683448695824282,7.3017273732196735
8439,1.677916042855984,1.903610246250039,2.298802319798513,2.693994393346985,3.0891864668954585,3.484378540443932,3.879570613992405,5.690050956937462,7.500531299882518,9.311011642827577,11.121491985772634,14.871256559632515,14.645562356238461,14.250370282689987,13.855178209141515,13.459986135593041,13.064794062044568,12.669601988496094,10.859121645551037,9.04864130260598,7.238160959660921,5.427680616715864
8440,1.1172675321315855,1.2675496673528908,1.5306947005095728,1.7938397336662546,2.0569847668229366,2.3201297999796187,2.583274833136301,3.7888124482913326,4.9943500634463645,6.199887678601396,7.405425293756428,10.033161309414842,9.882879174193537,9.619734141036854,9.356589107880172,9.09344407472349,8.830299041566807,8.567154008410125,7.361616393255093,6.156078778100062,4.95054116294503,3.745003547789998
8441,0.6682540838903488,0.7581400312657272,0.9155309318380566,1.0729218324103855,1.2303127329827148,1.3877036335550441,1.5450945341273732,2.2661442482220826,2.987193962316792,3.7082436764115014,4.429293390506211,6.0734388854665,5.983552938091121,5.826162037518792,5.668771136946463,5.5113802363741335,5.3539893358018045,5.196598435229475,4.475548721134766,3.7544990070400566,3.033449292945347,2.3123995788506377
8442,0.4397550001969972,0.4989058467966161,0.6024793784527985,0.7060529101089809,0.8096264417651632,0.9131999734213457,1.016773505077528,1.4912714914090162,1.9657694777405041,2.4402674640719924,2.9147654504034803,3.6846018562989733,3.625451009699354,3.5218774780431716,3.418303946386989,3.314730414730807,3.2111568830746244,3.1075833514184423,2.633085365086954,2.158587378755466,1.6840893924239777,1.2095914060924897
8443,0.286284866305672,0.32479265405806435,0.39222005033488544,0.4596474466117065,0.5270748428885276,0.5945022391653487,0.6619296354421698,0.9708325302776295,1.2797354251130895,1.5886383199485492,1.8975412147840094,2.22844041223525,2.1899326244828576,2.1225052282060366,2.0550778319292156,1.9876504356523945,1.9202230393755735,1.8527956430987524,1.5438927482632927,1.2349898534278327,0.926086958592373,0.6171840637569128
8444,0.1600000684787465,0.18152145994052682,0.21920556165659857,0.25688966337267033,0.2945737650887421,0.33225786680481384,0.3699419685208856,0.5425828942000834,0.7152238198792811,0.887864745558479,1.0605056712376768,1.3303544742870113,1.308833082825231,1.2711489811091592,1.2334648793930874,1.1957807776770155,1.1580966759609437,1.1204125742448718,0.947771648565674,0.7751307228864763,0.6024897972072784,0.4298488715280806
8445,0.0966650333943288,0.10966731548161278,0.1324343991801003,0.15520148287858784,0.17796856657707538,0.20073565027556292,0.2235027339740505,0.3278048196211218,0.432106905268193,0.5364089909152644,0.6407110765623357,0.8750441895076194,0.8620419074203355,0.8392748237218479,0.8165077400233604,0.7937406563248728,0.7709735726263852,0.7482064889278977,0.6439044032808263,0.5396023176337551,0.4353002319866837,0.3309981463396124
8446,0.060485888935644626,0.06862176353916513,0.08286773488598757,0.09711370623281,0.11135967757963244,0.1256056489264549,0.13985162027327736,0.2051162164429092,0.27038081261254104,0.33564540878217297,0.40091000495180484,0.6530761972950729,0.6449403226915524,0.63069435134473,0.6164483799979075,0.602202408651085,0.5879564373042625,0.57371046595744,0.5084458697878081,0.4431812736181763,0.37791667744854435,0.3126520812789125
8447,0.04326251605801909,0.04908169821561838,0.059271125452270715,0.06946055268892304,0.07964997992557539,0.08983940716222773,0.10002883439888008,0.1467093195416705,0.19338980468446088,0.24007028982725132,0.28675077497004176,0.499578441059629,0.4937592589020297,0.48356983166537737,0.47338040442872503,0.4631909771920727,0.45300154995542036,0.442812122718768,0.3961316375759776,0.3494511524331872,0.30277066729039676,0.2560901821476063
8448,0.031367184720614005,0.03558634204876214,0.04297411500909338,0.050361887969424625,0.057749660929755864,0.0651374338900871,0.07252520685041834,0.10637056615310214,0.14021592545578596,0.17406128475846977,0.20790664406115364,0.38513873965896495,0.3809195823308168,0.3735318093704856,0.36614403641015436,0.35875626344982314,0.3513684904894919,0.3439807175291607,0.3101353582264769,0.27628999892379313,0.24244463962110932,0.20859928031842545
8449,0.027541528392130105,0.031246101893993974,0.037732835101129916,0.04421956830826585,0.05070630151540179,0.057193034722537735,0.06367976792967367,0.09339722368731823,0.1231146794449628,0.15283213520260736,0.18254959096025195,0.2947264391013124,0.29102186559944854,0.2845351323923126,0.27804839918517665,0.2715616659780407,0.26507493277090477,0.25858819956376883,0.22887074380612427,0.1991532880484797,0.16943583229083514,0.13971837653319055
8450,0.021214760756460276,0.024068329353953997,0.029064947229369295,0.03406156510478459,0.03905818298019989,0.04405480085561519,0.049051418731030486,0.07194225852804301,0.09483309832505553,0.11772393812206808,0.1406147779190806,0.2196416620198345,0.2167880934223408,0.21179147554692548,0.20679485767151018,0.20179823979609487,0.19680162192067957,0.19180500404526427,0.16891416424825173,0.14602332445123922,0.12313248465422667,0.10024164485721414
8451,0.017379901386824617,0.01971764826949346,0.023811058840523276,0.02790446941155309,0.03199787998258291,0.03609129055361272,0.04018470112464254,0.058937707246218926,0.07769071336779533,0.09644371948937172,0.11519672561094813,0.1725522635160582,0.17021451663338938,0.16612110606235955,0.16202769549132973,0.1579342849202999,0.15384087434927007,0.14974746377824025,0.13099445765666387,0.11224145153508747,0.09348844541351108,0.07473543929193467
8452,0.018861538995962508,0.02139857893702769,0.025840952998510806,0.030283327059993915,0.03472570112147703,0.03916807518296014,0.04361044924444325,0.0639621502340575,0.08431385122367176,0.10466555221328604,0.1250172532029003,0.16219714722554288,0.1596601072844777,0.15521773322299456,0.15077535916151147,0.14633298510002835,0.14189061103854522,0.1374482369770621,0.11709653598744785,0.0967448349978336,0.07639313400821932,0.05604143301860505
8453,0.06031042844298219,0.06842270209442457,0.08262734801485494,0.09683199393528533,0.1110366398557157,0.1252412857761461,0.1394459316965765,0.20452120506052845,0.2695964784244804,0.33467175178843245,0.39974702515238447,0.4566317751531136,0.4485195015016712,0.43431485558124083,0.4201102096608105,0.4059055637403801,0.3917009178199497,0.3774962718995193,0.3124209985355673,0.24734572517161535,0.18227045180766333,0.1171951784437113
8454,0.30895518501738617,0.35051232648691727,0.4232791617051753,0.4960459969234333,0.5688128321416914,0.6415796673599494,0.7143465025782075,1.0477107919933368,1.3810750814084662,1.7144393708235957,2.0478036602387255,2.1024107163262697,2.0608535748567385,1.9880867396384805,1.9153199044202225,1.8425530692019643,1.7697862339837063,1.6970193987654483,1.363655109350319,1.0302908199351897,0.6969265305200603,0.3635622411049304
8455,1.1612949269476076,1.3174991271273024,1.5910137359992662,1.8645283448712298,2.1380429537431938,2.4115575626151577,2.685072171487121,3.9381155800368046,5.191158988586489,6.444202397136173,7.697245805685856,8.797592590406415,8.64138839022672,8.367873781354756,8.094359172482793,7.820844563610829,7.547329954738865,7.273815345866902,6.020771937317218,4.767728528767535,3.514685120217851,2.261641711668167
8456,2.8365400828547638,3.218079229059924,3.8861568494030205,4.554234469746118,5.222312090089215,5.890389710432311,6.558467330775408,9.61910918103339,12.679751031291374,15.74039288154936,18.801034731807345,21.40384848736475,21.02230934115959,20.354231720816493,19.686154100473395,19.018076480130297,18.3499988597872,17.6819212394441,14.621279389186117,11.560637538928134,8.499995688670149,5.439353838412163
8457,4.187241305649756,4.750461435119857,5.736663683482037,6.722865931844216,7.709068180206397,8.695270428568575,9.681472676930756,14.199528337297998,18.717583997665233,23.23563965803248,27.75369531839972,32.29130966000392,31.72808953053382,30.74188728217164,29.75568503380946,28.76948278544728,27.7832805370851,26.797078288722922,22.27902262835568,17.760966967988445,13.242911307621199,8.724855647253957
8458,4.1224380187469025,4.6769415462886,5.647880965838258,6.618820385387915,7.5897598049375725,8.56069922448723,9.53163864403689,13.979771212843394,18.427903781649896,22.876036350456406,27.324168919262913,32.91035711924829,32.35585359170659,31.384914172156932,30.413974752607274,29.443035333057615,28.472095913507957,27.501156493958298,23.053023925151795,18.60489135634529,14.15675878753878,9.708626218732274
8459,3.351595880008395,3.8024144805325077,4.591800893015079,5.381187305497649,6.170573717980221,6.959960130462791,7.7493465429453625,11.365736340329079,14.982126137712793,18.59851593509651,22.21490573248023,27.356769827551037,26.905951227026925,26.116564814544354,25.327178402061783,24.537791989579212,23.74840557709664,22.95901916461407,19.34262936723035,15.726239569846637,12.109849772462919,8.493459975079201
8460,2.9910124143164416,3.3933294236000933,4.097789222441407,4.80224902128272,5.506708820124034,6.211168618965348,6.915628417806662,10.142946736074473,13.370265054342282,16.597583372610092,19.82490169087791,24.2284335048095,23.82611649552585,23.121656696684536,22.417196897843223,21.71273709900191,21.008277300160596,20.303817501319283,17.076499183051475,13.849180864783666,10.621862546515855,7.394544228248039
8461,2.7047846416677372,3.0686015427890947,3.7056473923676854,4.342693241946275,4.979739091524866,5.6167849411034565,6.253830790682048,9.172307818474215,12.090784846266383,15.009261874058554,17.92773890185072,22.802692522038395,22.438875620917038,21.801829771338447,21.164783921759856,20.527738072181265,19.890692222602674,19.253646373024083,16.335169345231915,13.416692317439747,10.498215289647575,7.579738261855409
8462,2.20733046474823,2.5042354815337093,3.0241181699939683,3.544000858454227,4.063883546914486,4.583766235374744,5.103648923835004,7.485370246439614,9.867091569044224,12.248812891648836,14.630534214253444,19.724931122724897,19.428026105939416,18.908143417479156,18.388260729018896,17.868378040558635,17.348495352098375,16.828612663638115,14.446891341033504,12.065170018428894,9.683448695824282,7.3017273732196735
8463,1.677916042855984,1.903610246250039,2.298802319798513,2.693994393346985,3.0891864668954585,3.484378540443932,3.879570613992405,5.690050956937462,7.500531299882518,9.311011642827577,11.121491985772634,14.871256559632515,14.645562356238461,14.250370282689987,13.855178209141515,13.459986135593041,13.064794062044568,12.669601988496094,10.859121645551037,9.04864130260598,7.238160959660921,5.427680616715864
8464,1.1172675321315855,1.2675496673528908,1.5306947005095728,1.7938397336662546,2.0569847668229366,2.3201297999796187,2.583274833136301,3.7888124482913326,4.9943500634463645,6.199887678601396,7.405425293756428,10.033161309414842,9.882879174193537,9.619734141036854,9.356589107880172,9.09344407472349,8.830299041566807,8.567154008410125,7.361616393255093,6.156078778100062,4.95054116294503,3.745003547789998
8465,0.6682540838903488,0.7581400312657272,0.9155309318380566,1.0729218324103855,1.2303127329827148,1.3877036335550441,1.5450945341273732,2.2661442482220826,2.987193962316792,3.7082436764115014,4.429293390506211,6.0734388854665,5.983552938091121,5.826162037518792,5.668771136946463,5.5113802363741335,5.3539893358018045,5.196598435229475,4.475548721134766,3.7544990070400566,3.033449292945347,2.3123995788506377
8466,0.4397550001969972,0.4989058467966161,0.6024793784527985,0.7060529101089809,0.8096264417651632,0.9131999734213457,1.016773505077528,1.4912714914090162,1.9657694777405041,2.4402674640719924,2.9147654504034803,3.6846018562989733,3.625451009699354,3.5218774780431716,3.418303946386989,3.314730414730807,3.2111568830746244,3.1075833514184423,2.633085365086954,2.158587378755466,1.6840893924239777,1.2095914060924897
8467,0.286284866305672,0.32479265405806435,0.39222005033488544,0.4596474466117065,0.5270748428885276,0.5945022391653487,0.6619296354421698,0.9708325302776295,1.2797354251130895,1.5886383199485492,1.8975412147840094,2.22844041223525,2.1899326244828576,2.1225052282060366,2.0550778319292156,1.9876504356523945,1.9202230393755735,1.8527956430987524,1.5438927482632927,1.2349898534278327,0.926086958592373,0.6171840637569128
8468,0.1600000684787465,0.18152145994052682,0.21920556165659857,0.25688966337267033,0.2945737650887421,0.33225786680481384,0.3699419685208856,0.5425828942000834,0.7152238198792811,0.887864745558479,1.0605056712376768,1.3303544742870113,1.308833082825231,1.2711489811091592,1.2334648793930874,1.1957807776770155,1.1580966759609437,1.1204125742448718,0.947771648565674,0.7751307228864763,0.6024897972072784,0.4298488715280806
8469,0.0966650333943288,0.10966731548161278,0.1324343991801003,0.15520148287858784,0.17796856657707538,0.20073565027556292,0.2235027339740505,0.3278048196211218,0.432106905268193,0.5364089909152644,0.6407110765623357,0.8750441895076194,0.8620419074203355,0.8392748237218479,0.8165077400233604,0.7937406563248728,0.7709735726263852,0.7482064889278977,0.6439044032808263,0.5396023176337551,0.4353002319866837,0.3309981463396124
8470,0.060485888935644626,0.06862176353916513,0.08286773488598757,0.09711370623281,0.11135967757963244,0.1256056489264549,0.13985162027327736,0.2051162164429092,0.27038081261254104,0.33564540878217297,0.40091000495180484,0.6530761972950729,0.6449403226915524,0.63069435134473,0.6164483799979075,0.602202408651085,0.5879564373042625,0.57371046595744,0.5084458697878081,0.4431812736181763,0.37791667744854435,0.3126520812789125
8471,0.04326251605801909,0.04908169821561838,0.059271125452270715,0.06946055268892304,0.07964997992557539,0.08983940716222773,0.10002883439888008,0.1467093195416705,0.19338980468446088,0.24007028982725132,0.28675077497004176,0.499578441059629,0.4937592589020297,0.48356983166537737,0.47338040442872503,0.4631909771920727,0.45300154995542036,0.442812122718768,0.3961316375759776,0.3494511524331872,0.30277066729039676,0.2560901821476063
8472,0.031367184720614005,0.03558634204876214,0.04297411500909338,0.050361887969424625,0.057749660929755864,0.0651374338900871,0.07252520685041834,0.10637056615310214,0.14021592545578596,0.17406128475846977,0.20790664406115364,0.38513873965896495,0.3809195823308168,0.3735318093704856,0.36614403641015436,0.35875626344982314,0.3513684904894919,0.3439807175291607,0.3101353582264769,0.27628999892379313,0.24244463962110932,0.20859928031842545
8473,0.027541528392130105,0.031246101893993974,0.037732835101129916,0.04421956830826585,0.05070630151540179,0.057193034722537735,0.06367976792967367,0.09339722368731823,0.1231146794449628,0.15283213520260736,0.18254959096025195,0.2947264391013124,0.29102186559944854,0.2845351323923126,0.27804839918517665,0.2715616659780407,0.26507493277090477,0.25858819956376883,0.22887074380612427,0.1991532880484797,0.16943583229083514,0.13971837653319055
8474,0.021214760756460276,0.024068329353953997,0.029064947229369295,0.03406156510478459,0.03905818298019989,0.04405480085561519,0.049051418731030486,0.07194225852804301,0.09483309832505553,0.11772393812206808,0.1406147779190806,0.2196416620198345,0.2167880934223408,0.21179147554692548,0.20679485767151018,0.20179823979609487,0.19680162192067957,0.19180500404526427,0.16891416424825173,0.14602332445123922,0.12313248465422667,0.10024164485721414
8475,0.017379901386824617,0.01971764826949346,0.023811058840523276,0.02790446941155309,0.03199787998258291,0.03609129055361272,0.04018470112464254,0.058937707246218926,0.07769071336779533,0.09644371948937172,0.11519672561094813,0.1725522635160582,0.17021451663338938,0.16612110606235955,0.16202769549132973,0.1579342849202999,0.15384087434927007,0.14974746377824025,0.13099445765666387,0.11224145153508747,0.09348844541351108,0.07473543929193467
8476,0.018861538995962508,0.02139857893702769,0.025840952998510806,0.030283327059993915,0.03472570112147703,0.03916807518296014,0.04361044924444325,0.0639621502340575,0.08431385122367176,0.10466555221328604,0.1250172532029003,0.16219714722554288,0.1596601072844777,0.15521773322299456,0.15077535916151147,0.14633298510002835,0.14189061103854522,0.1374482369770621,0.11709653598744785,0.0967448349978336,0.07639313400821932,0.05604143301860505
8477,0.06031042844298219,0.06842270209442457,0.08262734801485494,0.09683199393528533,0.1110366398557157,0.1252412857761461,0.1394459316965765,0.20452120506052845,0.2695964784244804,0.33467175178843245,0.39974702515238447,0.4566317751531136,0.4485195015016712,0.43431485558124083,0.4201102096608105,0.4059055637403801,0.3917009178199497,0.3774962718995193,0.3124209985355673,0.24734572517161535,0.18227045180766333,0.1171951784437113
8478,0.30895518501738617,0.35051232648691727,0.4232791617051753,0.4960459969234333,0.5688128321416914,0.6415796673599494,0.7143465025782075,1.0477107919933368,1.3810750814084662,1.7144393708235957,2.0478036602387255,2.1024107163262697,2.0608535748567385,1.9880867396384805,1.9153199044202225,1.8425530692019643,1.7697862339837063,1.6970193987654483,1.363655109350319,1.0302908199351897,0.6969265305200603,0.3635622411049304
8479,1.1612949269476076,1.3174991271273024,1.5910137359992662,1.8645283448712298,2.1380429537431938,2.4115575626151577,2.685072171487121,3.9381155800368046,5.191158988586489,6.444202397136173,7.697245805685856,8.797592590406415,8.64138839022672,8.367873781354756,8.094359172482793,7.820844563610829,7.547329954738865,7.273815345866902,6.020771937317218,4.767728528767535,3.514685120217851,2.261641711668167
8480,2.8365400828547638,3.218079229059924,3.8861568494030205,4.554234469746118,5.222312090089215,5.890389710432311,6.558467330775408,9.61910918103339,12.679751031291374,15.74039288154936,18.801034731807345,21.40384848736475,21.02230934115959,20.354231720816493,19.686154100473395,19.018076480130297,18.3499988597872,17.6819212394441,14.621279389186117,11.560637538928134,8.499995688670149,5.439353838412163
8481,4.187241305649756,4.750461435119857,5.736663683482037,6.722865931844216,7.709068180206397,8.695270428568575,9.681472676930756,14.199528337297998,18.717583997665233,23.23563965803248,27.75369531839972,32.29130966000392,31.72808953053382,30.74188728217164,29.75568503380946,28.76948278544728,27.7832805370851,26.797078288722922,22.27902262835568,17.760966967988445,13.242911307621199,8.724855647253957
8482,4.1224380187469025,4.6769415462886,5.647880965838258,6.618820385387915,7.5897598049375725,8.56069922448723,9.53163864403689,13.979771212843394,18.427903781649896,22.876036350456406,27.324168919262913,32.91035711924829,32.35585359170659,31.384914172156932,30.413974752607274,29.443035333057615,28.472095913507957,27.501156493958298,23.053023925151795,18.60489135634529,14.15675878753878,9.708626218732274
8483,3.351595880008395,3.8024144805325077,4.591800893015079,5.381187305497649,6.170573717980221,6.959960130462791,7.7493465429453625,11.365736340329079,14.982126137712793,18.59851593509651,22.21490573248023,27.356769827551037,26.905951227026925,26.116564814544354,25.327178402061783,24.537791989579212,23.74840557709664,22.95901916461407,19.34262936723035,15.726239569846637,12.109849772462919,8.493459975079201
8484,2.9910124143164416,3.3933294236000933,4.097789222441407,4.80224902128272,5.506708820124034,6.211168618965348,6.915628417806662,10.142946736074473,13.370265054342282,16.597583372610092,19.82490169087791,24.2284335048095,23.82611649552585,23.121656696684536,22.417196897843223,21.71273709900191,21.008277300160596,20.303817501319283,17.076499183051475,13.849180864783666,10.621862546515855,7.394544228248039
8485,2.7047846416677372,3.0686015427890947,3.7056473923676854,4.342693241946275,4.979739091524866,5.6167849411034565,6.253830790682048,9.172307818474215,12.090784846266383,15.009261874058554,17.92773890185072,22.802692522038395,22.438875620917038,21.801829771338447,21.164783921759856,20.527738072181265,19.890692222602674,19.253646373024083,16.335169345231915,13.416692317439747,10.498215289647575,7.579738261855409
8486,2.20733046474823,2.5042354815337093,3.0241181699939683,3.544000858454227,4.063883546914486,4.583766235374744,5.103648923835004,7.485370246439614,9.867091569044224,12.248812891648836,14.630534214253444,19.724931122724897,19.428026105939416,18.908143417479156,18.388260729018896,17.868378040558635,17.348495352098375,16.828612663638115,14.446891341033504,12.065170018428894,9.683448695824282,7.3017273732196735
8487,1.677916042855984,1.903610246250039,2.298802319798513,2.693994393346985,3.0891864668954585,3.484378540443932,3.879570613992405,5.690050956937462,7.500531299882518,9.311011642827577,11.121491985772634,14.871256559632515,14.645562356238461,14.250370282689987,13.855178209141515,13.459986135593041,13.064794062044568,12.669601988496094,10.859121645551037,9.04864130260598,7.238160959660921,5.427680616715864
8488,1.1172675321315855,1.2675496673528908,1.5306947005095728,1.7938397336662546,2.0569847668229366,2.3201297999796187,2.583274833136301,3.7888124482913326,4.9943500634463645,6.199887678601396,7.405425293756428,10.033161309414842,9.882879174193537,9.619734141036854,9.356589107880172,9.09344407472349,8.830299041566807,8.567154008410125,7.361616393255093,6.156078778100062,4.95054116294503,3.745003547789998
8489,0.6682540838903488,0.7581400312657272,0.9155309318380566,1.0729218324103855,1.2303127329827148,1.3877036335550441,1.5450945341273732,2.2661442482220826,2.987193962316792,3.7082436764115014,4.429293390506211,6.0734388854665,5.983552938091121,5.826162037518792,5.668771136946463,5.5113802363741335,5.3539893358018045,5.196598435229475,4.475548721134766,3.7544990070400566,3.033449292945347,2.3123995788506377
8490,0.4397550001969972,0.4989058467966161,0.6024793784527985,0.7060529101089809,0.8096264417651632,0.9131999734213457,1.016773505077528,1.4912714914090162,1.9657694777405041,2.4402674640719924,2.9147654504034803,3.6846018562989733,3.625451009699354,3.5218774780431716,3.418303946386989,3.314730414730807,3.2111568830746244,3.1075833514184423,2.633085365086954,2.158587378755466,1.6840893924239777,1.2095914060924897
8491,0.286284866305672,0.32479265405806435,0.39222005033488544,0.4596474466117065,0.5270748428885276,0.5945022391653487,0.6619296354421698,0.9708325302776295,1.2797354251130895,1.5886383199485492,1.8975412147840094,2.22844041223525,2.1899326244828576,2.1225052282060366,2.0550778319292156,1.9876504356523945,1.9202230393755735,1.8527956430987524,1.5438927482632927,1.2349898534278327,0.926086958592373,0.6171840637569128
8492,0.1600000684787465,0.18152145994052682,0.21920556165659857,0.25688966337267033,0.2945737650887421,0.33225786680481384,0.3699419685208856,0.5425828942000834,0.7152238198792811,0.887864745558479,1.0605056712376768,1.3303544742870113,1.308833082825231,1.2711489811091592,1.2334648793930874,1.1957807776770155,1.1580966759609437,1.1204125742448718,0.947771648565674,0.7751307228864763,0.6024897972072784,0.4298488715280806
8493,0.0966650333943288,0.10966731548161278,0.1324343991801003,0.15520148287858784,0.17796856657707538,0.20073565027556292,0.2235027339740505,0.3278048196211218,0.432106905268193,0.5364089909152644,0.6407110765623357,0.8750441895076194,0.8620419074203355,0.8392748237218479,0.8165077400233604,0.7937406563248728,0.7709735726263852,0.7482064889278977,0.6439044032808263,0.5396023176337551,0.4353002319866837,0.3309981463396124
8494,0.060485888935644626,0.06862176353916513,0.08286773488598757,0.09711370623281,0.11135967757963244,0.1256056489264549,0.13985162027327736,0.2051162164429092,0.27038081261254104,0.33564540878217297,0.40091000495180484,0.6530761972950729,0.6449403226915524,0.63069435134473,0.6164483799979075,0.602202408651085,0.5879564373042625,0.57371046595744,0.5084458697878081,0.4431812736181763,0.37791667744854435,0.3126520812789125
8495,0.04326251605801909,0.04908169821561838,0.059271125452270715,0.06946055268892304,0.07964997992557539,0.08983940716222773,0.10002883439888008,0.1467093195416705,0.19338980468446088,0.24007028982725132,0.28675077497004176,0.499578441059629,0.4937592589020297,0.48356983166537737,0.47338040442872503,0.4631909771920727,0.45300154995542036,0.442812122718768,0.3961316375759776,0.3494511524331872,0.30277066729039676,0.2560901821476063
8496,0.031367184720614005,0.03558634204876214,0.04297411500909338,0.050361887969424625,0.057749660929755864,0.0651374338900871,0.07252520685041834,0.10637056615310214,0.14021592545578596,0.17406128475846977,0.20790664406115364,0.38513873965896495,0.3809195823308168,0.3735318093704856,0.36614403641015436,0.35875626344982314,0.3513684904894919,0.3439807175291607,0.3101353582264769,0.27628999892379313,0.24244463962110932,0.20859928031842545
8497,0.027541528392130105,0.031246101893993974,0.037732835101129916,0.04421956830826585,0.05070630151540179,0.057193034722537735,0.06367976792967367,0.09339722368731823,0.1231146794449628,0.15283213520260736,0.18254959096025195,0.2947264391013124,0.29102186559944854,0.2845351323923126,0.27804839918517665,0.2715616659780407,0.26507493277090477,0.25858819956376883,0.22887074380612427,0.1991532880484797,0.16943583229083514,0.13971837653319055
8498,0.021214760756460276,0.024068329353953997,0.029064947229369295,0.03406156510478459,0.03905818298019989,0.04405480085561519,0.049051418731030486,0.07194225852804301,0.09483309832505553,0.11772393812206808,0.1406147779190806,0.2196416620198345,0.2167880934223408,0.21179147554692548,0.20679485767151018,0.20179823979609487,0.19680162192067957,0.19180500404526427,0.16891416424825173,0.14602332445123922,0.12313248465422667,0.10024164485721414
8499,0.017379901386824617,0.01971764826949346,0.023811058840523276,0.02790446941155309,0.03199787998258291,0.03609129055361272,0.04018470112464254,0.058937707246218926,0.07769071336779533,0.09644371948937172,0.11519672561094813,0.1725522635160582,0.17021451663338938,0.16612110606235955,0.16202769549132973,0.1579342849202999,0.15384087434927007,0.14974746377824025,0.13099445765666387,0.11224145153508747,0.09348844541351108,0.07473543929193467
8500,0.018861538995962508,0.02139857893702769,0.025840952998510806,0.030283327059993915,0.03472570112147703,0.03916807518296014,0.04361044924444325,0.0639621502340575,0.08431385122367176,0.10466555221328604,0.1250172532029003,0.16219714722554288,0.1596601072844777,0.15521773322299456,0.15077535916151147,0.14633298510002835,0.14189061103854522,0.1374482369770621,0.11709653598744785,0.0967448349978336,0.07639313400821932,0.05604143301860505
8501,0.06031042844298219,0.06842270209442457,0.08262734801485494,0.09683199393528533,0.1110366398557157,0.1252412857761461,0.1394459316965765,0.20452120506052845,0.2695964784244804,0.33467175178843245,0.39974702515238447,0.4566317751531136,0.4485195015016712,0.43431485558124083,0.4201102096608105,0.4059055637403801,0.3917009178199497,0.3774962718995193,0.3124209985355673,0.24734572517161535,0.18227045180766333,0.1171951784437113
8502,0.30895518501738617,0.35051232648691727,0.4232791617051753,0.4960459969234333,0.5688128321416914,0.6415796673599494,0.7143465025782075,1.0477107919933368,1.3810750814084662,1.7144393708235957,2.0478036602387255,2.1024107163262697,2.0608535748567385,1.9880867396384805,1.9153199044202225,1.8425530692019643,1.7697862339837063,1.6970193987654483,1.363655109350319,1.0302908199351897,0.6969265305200603,0.3635622411049304
8503,1.1612949269476076,1.3174991271273024,1.5910137359992662,1.8645283448712298,2.1380429537431938,2.4115575626151577,2.685072171487121,3.9381155800368046,5.191158988586489,6.444202397136173,7.697245805685856,8.797592590406415,8.64138839022672,8.367873781354756,8.094359172482793,7.820844563610829,7.547329954738865,7.273815345866902,6.020771937317218,4.767728528767535,3.514685120217851,2.261641711668167
8504,2.8365400828547638,3.218079229059924,3.8861568494030205,4.554234469746118,5.222312090089215,5.890389710432311,6.558467330775408,9.61910918103339,12.679751031291374,15.74039288154936,18.801034731807345,21.40384848736475,21.02230934115959,20.354231720816493,19.686154100473395,19.018076480130297,18.3499988597872,17.6819212394441,14.621279389186117,11.560637538928134,8.499995688670149,5.439353838412163
8505,4.187241305649756,4.750461435119857,5.736663683482037,6.722865931844216,7.709068180206397,8.695270428568575,9.681472676930756,14.199528337297998,18.717583997665233,23.23563965803248,27.75369531839972,32.29130966000392,31.72808953053382,30.74188728217164,29.75568503380946,28.76948278544728,27.7832805370851,26.797078288722922,22.27902262835568,17.760966967988445,13.242911307621199,8.724855647253957
8506,4.1224380187469025,4.6769415462886,5.647880965838258,6.618820385387915,7.5897598049375725,8.56069922448723,9.53163864403689,13.979771212843394,18.427903781649896,22.876036350456406,27.324168919262913,32.91035711924829,32.35585359170659,31.384914172156932,30.413974752607274,29.443035333057615,28.472095913507957,27.501156493958298,23.053023925151795,18.60489135634529,14.15675878753878,9.708626218732274
8507,3.351595880008395,3.8024144805325077,4.591800893015079,5.381187305497649,6.170573717980221,6.959960130462791,7.7493465429453625,11.365736340329079,14.982126137712793,18.59851593509651,22.21490573248023,27.356769827551037,26.905951227026925,26.116564814544354,25.327178402061783,24.537791989579212,23.74840557709664,22.95901916461407,19.34262936723035,15.726239569846637,12.109849772462919,8.493459975079201
8508,2.9910124143164416,3.3933294236000933,4.097789222441407,4.80224902128272,5.506708820124034,6.211168618965348,6.915628417806662,10.142946736074473,13.370265054342282,16.597583372610092,19.82490169087791,24.2284335048095,23.82611649552585,23.121656696684536,22.417196897843223,21.71273709900191,21.008277300160596,20.303817501319283,17.076499183051475,13.849180864783666,10.621862546515855,7.394544228248039
8509,2.7047846416677372,3.0686015427890947,3.7056473923676854,4.342693241946275,4.979739091524866,5.6167849411034565,6.253830790682048,9.172307818474215,12.090784846266383,15.009261874058554,17.92773890185072,22.802692522038395,22.438875620917038,21.801829771338447,21.164783921759856,20.527738072181265,19.890692222602674,19.253646373024083,16.335169345231915,13.416692317439747,10.498215289647575,7.579738261855409
8510,2.20733046474823,2.5042354815337093,3.0241181699939683,3.544000858454227,4.063883546914486,4.583766235374744,5.103648923835004,7.485370246439614,9.867091569044224,12.248812891648836,14.630534214253444,19.724931122724897,19.428026105939416,18.908143417479156,18.388260729018896,17.868378040558635,17.348495352098375,16.828612663638115,14.446891341033504,12.065170018428894,9.683448695824282,7.3017273732196735
8511,1.677916042855984,1.903610246250039,2.298802319798513,2.693994393346985,3.0891864668954585,3.484378540443932,3.879570613992405,5.690050956937462,7.500531299882518,9.311011642827577,11.121491985772634,14.871256559632515,14.645562356238461,14.250370282689987,13.855178209141515,13.459986135593041,13.064794062044568,12.669601988496094,10.859121645551037,9.04864130260598,7.238160959660921,5.427680616715864
8512,1.1172675321315855,1.2675496673528908,1.5306947005095728,1.7938397336662546,2.0569847668229366,2.3201297999796187,2.583274833136301,3.7888124482913326,4.9943500634463645,6.199887678601396,7.405425293756428,10.033161309414842,9.882879174193537,9.619734141036854,9.356589107880172,9.09344407472349,8.830299041566807,8.567154008410125,7.361616393255093,6.156078778100062,4.95054116294503,3.745003547789998
8513,0.6682540838903488,0.7581400312657272,0.9155309318380566,1.0729218324103855,1.2303127329827148,1.3877036335550441,1.5450945341273732,2.2661442482220826,2.987193962316792,3.7082436764115014,4.429293390506211,6.0734388854665,5.983552938091121,5.826162037518792,5.668771136946463,5.5113802363741335,5.3539893358018045,5.196598435229475,4.475548721134766,3.7544990070400566,3.033449292945347,2.3123995788506377
8514,0.4397550001969972,0.4989058467966161,0.6024793784527985,0.7060529101089809,0.8096264417651632,0.9131999734213457,1.016773505077528,1.4912714914090162,1.9657694777405041,2.4402674640719924,2.9147654504034803,3.6846018562989733,3.625451009699354,3.5218774780431716,3.418303946386989,3.314730414730807,3.2111568830746244,3.1075833514184423,2.633085365086954,2.158587378755466,1.6840893924239777,1.2095914060924897
8515,0.286284866305672,0.32479265405806435,0.39222005033488544,0.4596474466117065,0.5270748428885276,0.5945022391653487,0.6619296354421698,0.9708325302776295,1.2797354251130895,1.5886383199485492,1.8975412147840094,2.22844041223525,2.1899326244828576,2.1225052282060366,2.0550778319292156,1.9876504356523945,1.9202230393755735,1.8527956430987524,1.5438927482632927,1.2349898534278327,0.926086958592373,0.6171840637569128
8516,0.1600000684787465,0.18152145994052682,0.21920556165659857,0.25688966337267033,0.2945737650887421,0.33225786680481384,0.3699419685208856,0.5425828942000834,0.7152238198792811,0.887864745558479,1.0605056712376768,1.3303544742870113,1.308833082825231,1.2711489811091592,1.2334648793930874,1.1957807776770155,1.1580966759609437,1.1204125742448718,0.947771648565674,0.7751307228864763,0.6024897972072784,0.4298488715280806
8517,0.0966650333943288,0.10966731548161278,0.1324343991801003,0.15520148287858784,0.17796856657707538,0.20073565027556292,0.2235027339740505,0.3278048196211218,0.432106905268193,0.5364089909152644,0.6407110765623357,0.8750441895076194,0.8620419074203355,0.8392748237218479,0.8165077400233604,0.7937406563248728,0.7709735726263852,0.7482064889278977,0.6439044032808263,0.5396023176337551,0.4353002319866837,0.3309981463396124
8518,0.060485888935644626,0.06862176353916513,0.08286773488598757,0.09711370623281,0.11135967757963244,0.1256056489264549,0.13985162027327736,0.2051162164429092,0.27038081261254104,0.33564540878217297,0.40091000495180484,0.6530761972950729,0.6449403226915524,0.63069435134473,0.6164483799979075,0.602202408651085,0.5879564373042625,0.57371046595744,0.5084458697878081,0.4431812736181763,0.37791667744854435,0.3126520812789125
8519,0.04326251605801909,0.04908169821561838,0.059271125452270715,0.06946055268892304,0.07964997992557539,0.08983940716222773,0.10002883439888008,0.1467093195416705,0.19338980468446088,0.24007028982725132,0.28675077497004176,0.499578441059629,0.4937592589020297,0.48356983166537737,0.47338040442872503,0.4631909771920727,0.45300154995542036,0.442812122718768,0.3961316375759776,0.3494511524331872,0.30277066729039676,0.2560901821476063
8520,0.06656898268586907,0.07552308595105217,0.09120178120737912,0.10688047646370606,0.12255917172003303,0.13823786697635998,0.1539165622326869,0.2257448489433112,0.29757313565393556,0.36940142236455986,0.44122970907518416,0.4271966781704077,0.4182425749052246,0.4025638796488976,0.3868851843925707,0.3712064891362437,0.35552779387991673,0.3398490986235898,0.2680208119129655,0.19619252520234115,0.12436423849171685,0.05253595178109255
8521,0.056639086305014866,0.06425753272192815,0.07759748382143074,0.09093743492093335,0.10427738602043597,0.11761733711993858,0.1309572882194412,0.19207116387144205,0.25318503952344296,0.31429891517544384,0.3754127908274448,0.3168441383691494,0.3092256919522361,0.2958857408527335,0.28254578975323086,0.26920583865372827,0.2558658875542257,0.24252593645472306,0.1814120608027222,0.1202981851507213,0.05918430949872042,-0.0019295661532805208
8522,0.03392680220936796,0.038490250202461725,0.046480878441028384,0.05447150667959503,0.06246213491816169,0.07045276315672834,0.07844339139529499,0.1150505915949522,0.15165779179460942,0.18826499199426663,0.22487219219392388,0.22601923126692836,0.22145578327383458,0.21346515503526792,0.20547452679670128,0.1974838985581346,0.18949327031956797,0.1815026420810013,0.1448954418813441,0.10828824168168688,0.07168104148202967,0.035073841282372425
8523,0.0236676925723058,0.026851201690074235,0.03242554764354464,0.03799989359701504,0.043574239550485436,0.049148585503955844,0.05472293145742625,0.08026049774238261,0.10579806402733898,0.13133563031229536,0.15687319659725174,0.20284547879051973,0.1996619696727513,0.1940876237192809,0.1885132777658105,0.1829389318123401,0.17736458585886972,0.17179023990539932,0.14625267362044297,0.12071510733548661,0.09517754105053022,0.06963997476557385
8524,0.02469635730095266,0.028018230711428102,0.03383485347536883,0.03965147623930954,0.04546809900325027,0.051284721767191,0.05710134453113172,0.08374884553458932,0.11039634653804692,0.1370438475415045,0.16369134854496212,0.2086410790622131,0.20531920565173767,0.19950258288779693,0.19368596012385622,0.18786933735991548,0.18205271459597477,0.17623609183203404,0.14958859082857645,0.12294108982511885,0.09629358882166127,0.06964608781820365
8525,0.018530992112733714,0.02102357064238779,0.025388092472381524,0.02975261430237525,0.03411713613236898,0.03848165796236271,0.04284617979235644,0.06284121893523797,0.08283625807811949,0.10283129722100104,0.12282633636388257,0.23076451461001737,0.2282719360803633,0.22390741425036959,0.21954289242037586,0.21517837059038214,0.21081384876038842,0.2064493269303947,0.18645428778751316,0.16645924864463163,0.1464642095017501,0.12646917035886857
8526,0.022723898938375474,0.025780459658883387,0.031132518111866028,0.036484576564848666,0.0418366350178313,0.04718869347081395,0.05254075192379659,0.0770599598532782,0.10157916778275981,0.12609837571224142,0.15061758364172306,0.3411068640072945,0.3380503032867866,0.33269824483380395,0.3273461863808213,0.32199412792783866,0.316642069474856,0.31129001102187337,0.2867708030923918,0.2622515951629102,0.2377323872334286,0.21321317930394695
8527,0.05954035988303085,0.0675490526604855,0.08157232777140645,0.0955956028823274,0.10961887799324835,0.12364215310416929,0.13766542821509023,0.20190979350324906,0.2661541587914079,0.33039852407956677,0.3946428893677256,0.5323949645104806,0.524386271733026,0.510362996622105,0.4963397215111841,0.48231644640026317,0.4682931712893422,0.4542698961784213,0.3900255308902625,0.32578116560210363,0.2615368003139448,0.19729243502578592
8528,0.09422208070711786,0.10689576455313886,0.129087470513181,0.15127917647322317,0.17347088243326533,0.1956625883933075,0.21785429435334966,0.31952042104539957,0.42118654773744957,0.5228526744294996,0.6245188011215496,0.7630054397344619,0.7503317558884409,0.7281400499283988,0.7059483439683566,0.6837566380083144,0.6615649320482723,0.6393732260882301,0.5377070993961802,0.4360409727041302,0.33437484601208023,0.23270871932003023
8529,0.11060462621291975,0.12548190395938727,0.1515321177130734,0.17758233146675953,0.2036325452204457,0.22968275897413182,0.255732972727818,0.37507595323620807,0.49441893374459817,0.6137619142529884,0.7331048947613785,1.04243040931092,1.0275531315644524,1.0015029178107662,0.9754527040570801,0.949402490303394,0.9233522765497079,0.8973020627960218,0.7779590822876317,0.6586161017792416,0.5392731212708513,0.41993014076246116
8530,0.14593538259187422,0.16556495229609972,0.19993646134515083,0.23430797039420195,0.2686794794432531,0.3030509884923042,0.3374224975413554,0.4948875522726021,0.6523526070038489,0.8098176617350957,0.9672827164663426,1.3368623237393928,1.3172327540351674,1.2828612449861163,1.2484897359370652,1.2141182268880142,1.1797467178389631,1.145375208789912,0.9879101540586653,0.8304450993274186,0.6729800445961718,0.5155149898649249
8531,0.17412844867806587,0.1975502293326846,0.2385619253527876,0.2795736213728906,0.3205853173929936,0.3615970134130966,0.40260870943319965,0.5904942325625675,0.7783797556919354,0.9662652788213034,1.1541508019506714,1.6963697765134498,1.6729479958588311,1.6319362998387281,1.590924603818625,1.549912907798522,1.508901211778419,1.467889515758316,1.2800039926289482,1.0921184694995802,0.9042329463702122,0.7163474232408442
8532,0.20258246617249245,0.22983155799628885,0.277544901707457,0.32525824541862514,0.3729715891297932,0.4206849328409614,0.46839827655212957,0.6869858360383282,0.9055733955245269,1.1241609550107257,1.3427485144969247,1.9211150761464808,1.8938659843226844,1.8461526406115163,1.7984392969003482,1.7507259531891801,1.7030126094780118,1.6552992657668437,1.4367117062806452,1.2181241467944464,0.9995365873082476,0.7809490278220486
8533,0.22682064156334378,0.25732997737244256,0.31075203030808307,0.3641740832437235,0.4175961361793641,0.4710181891150046,0.5244402420506451,0.769180921820084,1.013921601589523,1.2586622813589619,1.5034029611284008,2.0428941262432594,2.0123847904341607,1.9589627374985201,1.9055406845628797,1.852118631627239,1.7986965786915987,1.745274525755958,1.5005338459865192,1.2557931662170803,1.0110524864476413,0.7663118066782024
8534,0.28713168866453304,0.3257533813399477,0.3933802259058238,0.46100707047169975,0.5286339150375757,0.5962607596034519,0.6638876041693279,0.9737042248382178,1.2835208455071077,1.5933374661759976,1.9031540868448875,2.133676930271694,2.095055237596279,2.027428393030403,1.9598015484645268,1.8921747038986507,1.8245478593327746,1.7569210147668985,1.4471043940980086,1.1372877734291187,0.8274711527602288,0.5176545320913388
8535,0.3067951188581142,0.3480617127682659,0.42031979724889373,0.49257788172952155,0.5648359662101494,0.6370940506907772,0.709352135171405,1.040385701701159,1.3714192682309132,1.7024528347606676,2.0334864012904217,2.1612776545091203,2.120011060598969,2.047752976118341,1.975494891637713,1.9032368071570853,1.8309787226764576,1.7587206381958298,1.427687071666076,1.0966535051363218,0.7656199386065674,0.4345863720768133
8536,0.27598175878396375,0.31310368956544515,0.3781044409318533,0.44310519229826134,0.5081059436646694,0.5731066950310776,0.6381074463974856,0.9358932333664804,1.233679020335475,1.53146480730447,1.829250594273465,1.9097257114610804,1.872603780679599,1.8076030293131908,1.7426022779467827,1.6776015265803745,1.6126007752139664,1.5476000238475582,1.2498142368785634,0.9520284499095688,0.6542426629405738,0.35645687597157893
8537,0.2253108014307007,0.2556170506983482,0.3086834977291007,0.36174994475985317,0.4148163917906057,0.46788283882135817,0.5209492858521106,0.7640608400805081,1.0071723943089055,1.2502839485373032,1.4933955027657007,1.6192575536297766,1.588951304362129,1.5358848573313766,1.4828184103006241,1.4297519632698716,1.3766855162391192,1.3236190692083667,1.0805075149799692,0.8373959607515719,0.5942844065231742,0.3511728522947767
8538,0.181071206183045,0.20542684770103406,0.24807374039633354,0.290720633091633,0.3333675257869325,0.376014418482232,0.41866131117753147,0.6140381066158548,0.809414902054178,1.0047916974925013,1.200168492930825,1.489569188741577,1.4652135472235879,1.4225666545282885,1.379919761832989,1.3372728691376894,1.29462597644239,1.2519790837470905,1.0566022883087673,0.8612254928704441,0.6658486974321208,0.4704719019937972
8539,0.1371027565822645,0.15554426178254532,0.18783546186591396,0.22012666194928254,0.2524178620326512,0.2847090621160198,0.3170002621993884,0.464934866444111,0.6128694706888336,0.7608040749335562,0.9087386791782788,1.2544431595756709,1.23600165437539,1.2037104542920214,1.1714192542086528,1.1391280541252842,1.1068368540419156,1.074545653958547,0.9266110497138245,0.7786764454691019,0.6307418412243793,0.48280723697965666
8540,0.12288693681507708,0.1394162914452449,0.16835930297358676,0.19730231450192862,0.22624532603027048,0.25518833755861237,0.28413134908695425,0.4167270081222759,0.5493226671575976,0.6819183261929194,0.8145139852282411,0.965950353268064,0.9494209986378962,0.9204779871095543,0.8915349755812124,0.8625919640528705,0.8336489525245286,0.8047059409961868,0.6721102819608651,0.5395146229255434,0.40691896389022164,0.27432330485489986
8541,0.10407025709033581,0.11806860573895996,0.14257980870966933,0.16709101168037868,0.19160221465108804,0.2161134176217974,0.24062462059250678,0.3529169820306787,0.4652093434688507,0.5775017049070227,0.6897940663451948,0.756275578156249,0.7422772295076249,0.7177660265369155,0.6932548235662062,0.6687436205954969,0.6442324176247876,0.6197212146540781,0.5074288532159061,0.3951364917777342,0.2828441303395622,0.17055176890139007
8542,0.09174496304809825,0.10408545316899447,0.1256937346673304,0.14730201616566632,0.16891029766400223,0.19051857916233816,0.21212686066067407,0.3111201642112374,0.4101134677618008,0.5091067713123641,0.6081000748629275,0.6380177307790044,0.6256772406581081,0.6040689591597722,0.5824606776614363,0.5608523961631003,0.5392441146647644,0.5176358331664285,0.4186425296158651,0.3196492260653017,0.22065592251473837,0.12166261896417502
8543,0.0756798511426919,0.0858594449247251,0.10368398234795255,0.12150851977117999,0.13933305719440744,0.15715759461763487,0.17498213204086233,0.2566410943198301,0.33830005659879786,0.4199590188777657,0.5016179811567335,0.5589042903878931,0.54872469660586,0.5309001591826326,0.5130756217594051,0.4952510843361777,0.4774265469129503,0.45960200948972285,0.37794304721075506,0.2962840849317873,0.21462512265281947,0.13296616037385167
8544,0.06656898268586907,0.07552308595105217,0.09120178120737912,0.10688047646370606,0.12255917172003303,0.13823786697635998,0.1539165622326869,0.2257448489433112,0.29757313565393556,0.36940142236455986,0.44122970907518416,0.4271966781704077,0.4182425749052246,0.4025638796488976,0.3868851843925707,0.3712064891362437,0.35552779387991673,0.3398490986235898,0.2680208119129655,0.19619252520234115,0.12436423849171685,0.05253595178109255
8545,0.056639086305014866,0.06425753272192815,0.07759748382143074,0.09093743492093335,0.10427738602043597,0.11761733711993858,0.1309572882194412,0.19207116387144205,0.25318503952344296,0.31429891517544384,0.3754127908274448,0.3168441383691494,0.3092256919522361,0.2958857408527335,0.28254578975323086,0.26920583865372827,0.2558658875542257,0.24252593645472306,0.1814120608027222,0.1202981851507213,0.05918430949872042,-0.0019295661532805208
8546,0.03392680220936796,0.038490250202461725,0.046480878441028384,0.05447150667959503,0.06246213491816169,0.07045276315672834,0.07844339139529499,0.1150505915949522,0.15165779179460942,0.18826499199426663,0.22487219219392388,0.22601923126692836,0.22145578327383458,0.21346515503526792,0.20547452679670128,0.1974838985581346,0.18949327031956797,0.1815026420810013,0.1448954418813441,0.10828824168168688,0.07168104148202967,0.035073841282372425
8547,0.0236676925723058,0.026851201690074235,0.03242554764354464,0.03799989359701504,0.043574239550485436,0.049148585503955844,0.05472293145742625,0.08026049774238261,0.10579806402733898,0.13133563031229536,0.15687319659725174,0.20284547879051973,0.1996619696727513,0.1940876237192809,0.1885132777658105,0.1829389318123401,0.17736458585886972,0.17179023990539932,0.14625267362044297,0.12071510733548661,0.09517754105053022,0.06963997476557385
8548,0.02469635730095266,0.028018230711428102,0.03383485347536883,0.03965147623930954,0.04546809900325027,0.051284721767191,0.05710134453113172,0.08374884553458932,0.11039634653804692,0.1370438475415045,0.16369134854496212,0.2086410790622131,0.20531920565173767,0.19950258288779693,0.19368596012385622,0.18786933735991548,0.18205271459597477,0.17623609183203404,0.14958859082857645,0.12294108982511885,0.09629358882166127,0.06964608781820365
8549,0.018530992112733714,0.02102357064238779,0.025388092472381524,0.02975261430237525,0.03411713613236898,0.03848165796236271,0.04284617979235644,0.06284121893523797,0.08283625807811949,0.10283129722100104,0.12282633636388257,0.23076451461001737,0.2282719360803633,0.22390741425036959,0.21954289242037586,0.21517837059038214,0.21081384876038842,0.2064493269303947,0.18645428778751316,0.16645924864463163,0.1464642095017501,0.12646917035886857
8550,0.022723898938375474,0.025780459658883387,0.031132518111866028,0.036484576564848666,0.0418366350178313,0.04718869347081395,0.05254075192379659,0.0770599598532782,0.10157916778275981,0.12609837571224142,0.15061758364172306,0.3411068640072945,0.3380503032867866,0.33269824483380395,0.3273461863808213,0.32199412792783866,0.316642069474856,0.31129001102187337,0.2867708030923918,0.2622515951629102,0.2377323872334286,0.21321317930394695
8551,0.05954035988303085,0.0675490526604855,0.08157232777140645,0.0955956028823274,0.10961887799324835,0.12364215310416929,0.13766542821509023,0.20190979350324906,0.2661541587914079,0.33039852407956677,0.3946428893677256,0.5323949645104806,0.524386271733026,0.510362996622105,0.4963397215111841,0.48231644640026317,0.4682931712893422,0.4542698961784213,0.3900255308902625,0.32578116560210363,0.2615368003139448,0.19729243502578592
8552,0.09422208070711786,0.10689576455313886,0.129087470513181,0.15127917647322317,0.17347088243326533,0.1956625883933075,0.21785429435334966,0.31952042104539957,0.42118654773744957,0.5228526744294996,0.6245188011215496,0.7630054397344619,0.7503317558884409,0.7281400499283988,0.7059483439683566,0.6837566380083144,0.6615649320482723,0.6393732260882301,0.5377070993961802,0.4360409727041302,0.33437484601208023,0.23270871932003023
8553,0.11060462621291975,0.12548190395938727,0.1515321177130734,0.17758233146675953,0.2036325452204457,0.22968275897413182,0.255732972727818,0.37507595323620807,0.49441893374459817,0.6137619142529884,0.7331048947613785,1.04243040931092,1.0275531315644524,1.0015029178107662,0.9754527040570801,0.949402490303394,0.9233522765497079,0.8973020627960218,0.7779590822876317,0.6586161017792416,0.5392731212708513,0.41993014076246116
8554,0.14593538259187422,0.16556495229609972,0.19993646134515083,0.23430797039420195,0.2686794794432531,0.3030509884923042,0.3374224975413554,0.4948875522726021,0.6523526070038489,0.8098176617350957,0.9672827164663426,1.3368623237393928,1.3172327540351674,1.2828612449861163,1.2484897359370652,1.2141182268880142,1.1797467178389631,1.145375208789912,0.9879101540586653,0.8304450993274186,0.6729800445961718,0.5155149898649249
8555,0.17412844867806587,0.1975502293326846,0.2385619253527876,0.2795736213728906,0.3205853173929936,0.3615970134130966,0.40260870943319965,0.5904942325625675,0.7783797556919354,0.9662652788213034,1.1541508019506714,1.6963697765134498,1.6729479958588311,1.6319362998387281,1.590924603818625,1.549912907798522,1.508901211778419,1.467889515758316,1.2800039926289482,1.0921184694995802,0.9042329463702122,0.7163474232408442
8556,0.20258246617249245,0.22983155799628885,0.277544901707457,0.32525824541862514,0.3729715891297932,0.4206849328409614,0.46839827655212957,0.6869858360383282,0.9055733955245269,1.1241609550107257,1.3427485144969247,1.9211150761464808,1.8938659843226844,1.8461526406115163,1.7984392969003482,1.7507259531891801,1.7030126094780118,1.6552992657668437,1.4367117062806452,1.2181241467944464,0.9995365873082476,0.7809490278220486
8557,0.22682064156334378,0.25732997737244256,0.31075203030808307,0.3641740832437235,0.4175961361793641,0.4710181891150046,0.5244402420506451,0.769180921820084,1.013921601589523,1.2586622813589619,1.5034029611284008,2.0428941262432594,2.0123847904341607,1.9589627374985201,1.9055406845628797,1.852118631627239,1.7986965786915987,1.745274525755958,1.5005338459865192,1.2557931662170803,1.0110524864476413,0.7663118066782024
8558,0.28713168866453304,0.3257533813399477,0.3933802259058238,0.46100707047169975,0.5286339150375757,0.5962607596034519,0.6638876041693279,0.9737042248382178,1.2835208455071077,1.5933374661759976,1.9031540868448875,2.133676930271694,2.095055237596279,2.027428393030403,1.9598015484645268,1.8921747038986507,1.8245478593327746,1.7569210147668985,1.4471043940980086,1.1372877734291187,0.8274711527602288,0.5176545320913388
8559,0.3067951188581142,0.3480617127682659,0.42031979724889373,0.49257788172952155,0.5648359662101494,0.6370940506907772,0.709352135171405,1.040385701701159,1.3714192682309132,1.7024528347606676,2.0334864012904217,2.1612776545091203,2.120011060598969,2.047752976118341,1.975494891637713,1.9032368071570853,1.8309787226764576,1.7587206381958298,1.427687071666076,1.0966535051363218,0.7656199386065674,0.4345863720768133
8560,0.27598175878396375,0.31310368956544515,0.3781044409318533,0.44310519229826134,0.5081059436646694,0.5731066950310776,0.6381074463974856,0.9358932333664804,1.233679020335475,1.53146480730447,1.829250594273465,1.9097257114610804,1.872603780679599,1.8076030293131908,1.7426022779467827,1.6776015265803745,1.6126007752139664,1.5476000238475582,1.2498142368785634,0.9520284499095688,0.6542426629405738,0.35645687597157893
8561,0.2253108014307007,0.2556170506983482,0.3086834977291007,0.36174994475985317,0.4148163917906057,0.46788283882135817,0.5209492858521106,0.7640608400805081,1.0071723943089055,1.2502839485373032,1.4933955027657007,1.6192575536297766,1.588951304362129,1.5358848573313766,1.4828184103006241,1.4297519632698716,1.3766855162391192,1.3236190692083667,1.0805075149799692,0.8373959607515719,0.5942844065231742,0.3511728522947767
8562,0.181071206183045,0.20542684770103406,0.24807374039633354,0.290720633091633,0.3333675257869325,0.376014418482232,0.41866131117753147,0.6140381066158548,0.809414902054178,1.0047916974925013,1.200168492930825,1.489569188741577,1.4652135472235879,1.4225666545282885,1.379919761832989,1.3372728691376894,1.29462597644239,1.2519790837470905,1.0566022883087673,0.8612254928704441,0.6658486974321208,0.4704719019937972
8563,0.1371027565822645,0.15554426178254532,0.18783546186591396,0.22012666194928254,0.2524178620326512,0.2847090621160198,0.3170002621993884,0.464934866444111,0.6128694706888336,0.7608040749335562,0.9087386791782788,1.2544431595756709,1.23600165437539,1.2037104542920214,1.1714192542086528,1.1391280541252842,1.1068368540419156,1.074545653958547,0.9266110497138245,0.7786764454691019,0.6307418412243793,0.48280723697965666
8564,0.12288693681507708,0.1394162914452449,0.16835930297358676,0.19730231450192862,0.22624532603027048,0.25518833755861237,0.28413134908695425,0.4167270081222759,0.5493226671575976,0.6819183261929194,0.8145139852282411,0.965950353268064,0.9494209986378962,0.9204779871095543,0.8915349755812124,0.8625919640528705,0.8336489525245286,0.8047059409961868,0.6721102819608651,0.5395146229255434,0.40691896389022164,0.27432330485489986
8565,0.10407025709033581,0.11806860573895996,0.14257980870966933,0.16709101168037868,0.19160221465108804,0.2161134176217974,0.24062462059250678,0.3529169820306787,0.4652093434688507,0.5775017049070227,0.6897940663451948,0.756275578156249,0.7422772295076249,0.7177660265369155,0.6932548235662062,0.6687436205954969,0.6442324176247876,0.6197212146540781,0.5074288532159061,0.3951364917777342,0.2828441303395622,0.17055176890139007
8566,0.09174496304809825,0.10408545316899447,0.1256937346673304,0.14730201616566632,0.16891029766400223,0.19051857916233816,0.21212686066067407,0.3111201642112374,0.4101134677618008,0.5091067713123641,0.6081000748629275,0.6380177307790044,0.6256772406581081,0.6040689591597722,0.5824606776614363,0.5608523961631003,0.5392441146647644,0.5176358331664285,0.4186425296158651,0.3196492260653017,0.22065592251473837,0.12166261896417502
8567,0.0756798511426919,0.0858594449247251,0.10368398234795255,0.12150851977117999,0.13933305719440744,0.15715759461763487,0.17498213204086233,0.2566410943198301,0.33830005659879786,0.4199590188777657,0.5016179811567335,0.5589042903878931,0.54872469660586,0.5309001591826326,0.5130756217594051,0.4952510843361777,0.4774265469129503,0.45960200948972285,0.37794304721075506,0.2962840849317873,0.21462512265281947,0.13296616037385167
8568,0.031367184720614005,0.03558634204876214,0.04297411500909338,0.050361887969424625,0.057749660929755864,0.0651374338900871,0.07252520685041834,0.10637056615310214,0.14021592545578596,0.17406128475846977,0.20790664406115364,0.38513873965896495,0.3809195823308168,0.3735318093704856,0.36614403641015436,0.35875626344982314,0.3513684904894919,0.3439807175291607,0.3101353582264769,0.27628999892379313,0.24244463962110932,0.20859928031842545
8569,0.027541528392130105,0.031246101893993974,0.037732835101129916,0.04421956830826585,0.05070630151540179,0.057193034722537735,0.06367976792967367,0.09339722368731823,0.1231146794449628,0.15283213520260736,0.18254959096025195,0.2947264391013124,0.29102186559944854,0.2845351323923126,0.27804839918517665,0.2715616659780407,0.26507493277090477,0.25858819956376883,0.22887074380612427,0.1991532880484797,0.16943583229083514,0.13971837653319055
8570,0.021214760756460276,0.024068329353953997,0.029064947229369295,0.03406156510478459,0.03905818298019989,0.04405480085561519,0.049051418731030486,0.07194225852804301,0.09483309832505553,0.11772393812206808,0.1406147779190806,0.2196416620198345,0.2167880934223408,0.21179147554692548,0.20679485767151018,0.20179823979609487,0.19680162192067957,0.19180500404526427,0.16891416424825173,0.14602332445123922,0.12313248465422667,0.10024164485721414
8571,0.017379901386824617,0.01971764826949346,0.023811058840523276,0.02790446941155309,0.03199787998258291,0.03609129055361272,0.04018470112464254,0.058937707246218926,0.07769071336779533,0.09644371948937172,0.11519672561094813,0.1725522635160582,0.17021451663338938,0.16612110606235955,0.16202769549132973,0.1579342849202999,0.15384087434927007,0.14974746377824025,0.13099445765666387,0.11224145153508747,0.09348844541351108,0.07473543929193467
8572,0.018861538995962508,0.02139857893702769,0.025840952998510806,0.030283327059993915,0.03472570112147703,0.03916807518296014,0.04361044924444325,0.0639621502340575,0.08431385122367176,0.10466555221328604,0.1250172532029003,0.16219714722554288,0.1596601072844777,0.15521773322299456,0.15077535916151147,0.14633298510002835,0.14189061103854522,0.1374482369770621,0.11709653598744785,0.0967448349978336,0.07639313400821932,0.05604143301860505
8573,0.06031042844298219,0.06842270209442457,0.08262734801485494,0.09683199393528533,0.1110366398557157,0.1252412857761461,0.1394459316965765,0.20452120506052845,0.2695964784244804,0.33467175178843245,0.39974702515238447,0.4566317751531136,0.4485195015016712,0.43431485558124083,0.4201102096608105,0.4059055637403801,0.3917009178199497,0.3774962718995193,0.3124209985355673,0.24734572517161535,0.18227045180766333,0.1171951784437113
8574,0.30895518501738617,0.35051232648691727,0.4232791617051753,0.4960459969234333,0.5688128321416914,0.6415796673599494,0.7143465025782075,1.0477107919933368,1.3810750814084662,1.7144393708235957,2.0478036602387255,2.1024107163262697,2.0608535748567385,1.9880867396384805,1.9153199044202225,1.8425530692019643,1.7697862339837063,1.6970193987654483,1.363655109350319,1.0302908199351897,0.6969265305200603,0.3635622411049304
8575,1.1612949269476076,1.3174991271273024,1.5910137359992662,1.8645283448712298,2.1380429537431938,2.4115575626151577,2.685072171487121,3.9381155800368046,5.191158988586489,6.444202397136173,7.697245805685856,8.797592590406415,8.64138839022672,8.367873781354756,8.094359172482793,7.820844563610829,7.547329954738865,7.273815345866902,6.020771937317218,4.767728528767535,3.514685120217851,2.261641711668167
8576,2.8365400828547638,3.218079229059924,3.8861568494030205,4.554234469746118,5.222312090089215,5.890389710432311,6.558467330775408,9.61910918103339,12.679751031291374,15.74039288154936,18.801034731807345,21.40384848736475,21.02230934115959,20.354231720816493,19.686154100473395,19.018076480130297,18.3499988597872,17.6819212394441,14.621279389186117,11.560637538928134,8.499995688670149,5.439353838412163
8577,4.187241305649756,4.750461435119857,5.736663683482037,6.722865931844216,7.709068180206397,8.695270428568575,9.681472676930756,14.199528337297998,18.717583997665233,23.23563965803248,27.75369531839972,32.29130966000392,31.72808953053382,30.74188728217164,29.75568503380946,28.76948278544728,27.7832805370851,26.797078288722922,22.27902262835568,17.760966967988445,13.242911307621199,8.724855647253957
8578,4.1224380187469025,4.6769415462886,5.647880965838258,6.618820385387915,7.5897598049375725,8.56069922448723,9.53163864403689,13.979771212843394,18.427903781649896,22.876036350456406,27.324168919262913,32.91035711924829,32.35585359170659,31.384914172156932,30.413974752607274,29.443035333057615,28.472095913507957,27.501156493958298,23.053023925151795,18.60489135634529,14.15675878753878,9.708626218732274
8579,3.351595880008395,3.8024144805325077,4.591800893015079,5.381187305497649,6.170573717980221,6.959960130462791,7.7493465429453625,11.365736340329079,14.982126137712793,18.59851593509651,22.21490573248023,27.356769827551037,26.905951227026925,26.116564814544354,25.327178402061783,24.537791989579212,23.74840557709664,22.95901916461407,19.34262936723035,15.726239569846637,12.109849772462919,8.493459975079201
8580,2.9910124143164416,3.3933294236000933,4.097789222441407,4.80224902128272,5.506708820124034,6.211168618965348,6.915628417806662,10.142946736074473,13.370265054342282,16.597583372610092,19.82490169087791,24.2284335048095,23.82611649552585,23.121656696684536,22.417196897843223,21.71273709900191,21.008277300160596,20.303817501319283,17.076499183051475,13.849180864783666,10.621862546515855,7.394544228248039
8581,2.7047846416677372,3.0686015427890947,3.7056473923676854,4.342693241946275,4.979739091524866,5.6167849411034565,6.253830790682048,9.172307818474215,12.090784846266383,15.009261874058554,17.92773890185072,22.802692522038395,22.438875620917038,21.801829771338447,21.164783921759856,20.527738072181265,19.890692222602674,19.253646373024083,16.335169345231915,13.416692317439747,10.498215289647575,7.579738261855409
8582,2.20733046474823,2.5042354815337093,3.0241181699939683,3.544000858454227,4.063883546914486,4.583766235374744,5.103648923835004,7.485370246439614,9.867091569044224,12.248812891648836,14.630534214253444,19.724931122724897,19.428026105939416,18.908143417479156,18.388260729018896,17.868378040558635,17.348495352098375,16.828612663638115,14.446891341033504,12.065170018428894,9.683448695824282,7.3017273732196735
8583,1.677916042855984,1.903610246250039,2.298802319798513,2.693994393346985,3.0891864668954585,3.484378540443932,3.879570613992405,5.690050956937462,7.500531299882518,9.311011642827577,11.121491985772634,14.871256559632515,14.645562356238461,14.250370282689987,13.855178209141515,13.459986135593041,13.064794062044568,12.669601988496094,10.859121645551037,9.04864130260598,7.238160959660921,5.427680616715864
8584,1.1172675321315855,1.2675496673528908,1.5306947005095728,1.7938397336662546,2.0569847668229366,2.3201297999796187,2.583274833136301,3.7888124482913326,4.9943500634463645,6.199887678601396,7.405425293756428,10.033161309414842,9.882879174193537,9.619734141036854,9.356589107880172,9.09344407472349,8.830299041566807,8.567154008410125,7.361616393255093,6.156078778100062,4.95054116294503,3.745003547789998
8585,0.6682540838903488,0.7581400312657272,0.9155309318380566,1.0729218324103855,1.2303127329827148,1.3877036335550441,1.5450945341273732,2.2661442482220826,2.987193962316792,3.7082436764115014,4.429293390506211,6.0734388854665,5.983552938091121,5.826162037518792,5.668771136946463,5.5113802363741335,5.3539893358018045,5.196598435229475,4.475548721134766,3.7544990070400566,3.033449292945347,2.3123995788506377
8586,0.4397550001969972,0.4989058467966161,0.6024793784527985,0.7060529101089809,0.8096264417651632,0.9131999734213457,1.016773505077528,1.4912714914090162,1.9657694777405041,2.4402674640719924,2.9147654504034803,3.6846018562989733,3.625451009699354,3.5218774780431716,3.418303946386989,3.314730414730807,3.2111568830746244,3.1075833514184423,2.633085365086954,2.158587378755466,1.6840893924239777,1.2095914060924897
8587,0.286284866305672,0.32479265405806435,0.39222005033488544,0.4596474466117065,0.5270748428885276,0.5945022391653487,0.6619296354421698,0.9708325302776295,1.2797354251130895,1.5886383199485492,1.8975412147840094,2.22844041223525,2.1899326244828576,2.1225052282060366,2.0550778319292156,1.9876504356523945,1.9202230393755735,1.8527956430987524,1.5438927482632927,1.2349898534278327,0.926086958592373,0.6171840637569128
8588,0.1600000684787465,0.18152145994052682,0.21920556165659857,0.25688966337267033,0.2945737650887421,0.33225786680481384,0.3699419685208856,0.5425828942000834,0.7152238198792811,0.887864745558479,1.0605056712376768,1.3303544742870113,1.308833082825231,1.2711489811091592,1.2334648793930874,1.1957807776770155,1.1580966759609437,1.1204125742448718,0.947771648565674,0.7751307228864763,0.6024897972072784,0.4298488715280806
8589,0.0966650333943288,0.10966731548161278,0.1324343991801003,0.15520148287858784,0.17796856657707538,0.20073565027556292,0.2235027339740505,0.3278048196211218,0.432106905268193,0.5364089909152644,0.6407110765623357,0.8750441895076194,0.8620419074203355,0.8392748237218479,0.8165077400233604,0.7937406563248728,0.7709735726263852,0.7482064889278977,0.6439044032808263,0.5396023176337551,0.4353002319866837,0.3309981463396124
8590,0.060485888935644626,0.06862176353916513,0.08286773488598757,0.09711370623281,0.11135967757963244,0.1256056489264549,0.13985162027327736,0.2051162164429092,0.27038081261254104,0.33564540878217297,0.40091000495180484,0.6530761972950729,0.6449403226915524,0.63069435134473,0.6164483799979075,0.602202408651085,0.5879564373042625,0.57371046595744,0.5084458697878081,0.4431812736181763,0.37791667744854435,0.3126520812789125
8591,0.04326251605801909,0.04908169821561838,0.059271125452270715,0.06946055268892304,0.07964997992557539,0.08983940716222773,0.10002883439888008,0.1467093195416705,0.19338980468446088,0.24007028982725132,0.28675077497004176,0.499578441059629,0.4937592589020297,0.48356983166537737,0.47338040442872503,0.4631909771920727,0.45300154995542036,0.442812122718768,0.3961316375759776,0.3494511524331872,0.30277066729039676,0.2560901821476063
8592,0.031367184720614005,0.03558634204876214,0.04297411500909338,0.050361887969424625,0.057749660929755864,0.0651374338900871,0.07252520685041834,0.10637056615310214,0.14021592545578596,0.17406128475846977,0.20790664406115364,0.38513873965896495,0.3809195823308168,0.3735318093704856,0.36614403641015436,0.35875626344982314,0.3513684904894919,0.3439807175291607,0.3101353582264769,0.27628999892379313,0.24244463962110932,0.20859928031842545
8593,0.027541528392130105,0.031246101893993974,0.037732835101129916,0.04421956830826585,0.05070630151540179,0.057193034722537735,0.06367976792967367,0.09339722368731823,0.1231146794449628,0.15283213520260736,0.18254959096025195,0.2947264391013124,0.29102186559944854,0.2845351323923126,0.27804839918517665,0.2715616659780407,0.26507493277090477,0.25858819956376883,0.22887074380612427,0.1991532880484797,0.16943583229083514,0.13971837653319055
8594,0.021214760756460276,0.024068329353953997,0.029064947229369295,0.03406156510478459,0.03905818298019989,0.04405480085561519,0.049051418731030486,0.07194225852804301,0.09483309832505553,0.11772393812206808,0.1406147779190806,0.2196416620198345,0.2167880934223408,0.21179147554692548,0.20679485767151018,0.20179823979609487,0.19680162192067957,0.19180500404526427,0.16891416424825173,0.14602332445123922,0.12313248465422667,0.10024164485721414
8595,0.017379901386824617,0.01971764826949346,0.023811058840523276,0.02790446941155309,0.03199787998258291,0.03609129055361272,0.04018470112464254,0.058937707246218926,0.07769071336779533,0.09644371948937172,0.11519672561094813,0.1725522635160582,0.17021451663338938,0.16612110606235955,0.16202769549132973,0.1579342849202999,0.15384087434927007,0.14974746377824025,0.13099445765666387,0.11224145153508747,0.09348844541351108,0.07473543929193467
8596,0.018861538995962508,0.02139857893702769,0.025840952998510806,0.030283327059993915,0.03472570112147703,0.03916807518296014,0.04361044924444325,0.0639621502340575,0.08431385122367176,0.10466555221328604,0.1250172532029003,0.16219714722554288,0.1596601072844777,0.15521773322299456,0.15077535916151147,0.14633298510002835,0.14189061103854522,0.1374482369770621,0.11709653598744785,0.0967448349978336,0.07639313400821932,0.05604143301860505
8597,0.06031042844298219,0.06842270209442457,0.08262734801485494,0.09683199393528533,0.1110366398557157,0.1252412857761461,0.1394459316965765,0.20452120506052845,0.2695964784244804,0.33467175178843245,0.39974702515238447,0.4566317751531136,0.4485195015016712,0.43431485558124083,0.4201102096608105,0.4059055637403801,0.3917009178199497,0.3774962718995193,0.3124209985355673,0.24734572517161535,0.18227045180766333,0.1171951784437113
8598,0.30895518501738617,0.35051232648691727,0.4232791617051753,0.4960459969234333,0.5688128321416914,0.6415796673599494,0.7143465025782075,1.0477107919933368,1.3810750814084662,1.7144393708235957,2.0478036602387255,2.1024107163262697,2.0608535748567385,1.9880867396384805,1.9153199044202225,1.8425530692019643,1.7697862339837063,1.6970193987654483,1.363655109350319,1.0302908199351897,0.6969265305200603,0.3635622411049304
8599,1.1612949269476076,1.3174991271273024,1.5910137359992662,1.8645283448712298,2.1380429537431938,2.4115575626151577,2.685072171487121,3.9381155800368046,5.191158988586489,6.444202397136173,7.697245805685856,8.797592590406415,8.64138839022672,8.367873781354756,8.094359172482793,7.820844563610829,7.547329954738865,7.273815345866902,6.020771937317218,4.767728528767535,3.514685120217851,2.261641711668167
8600,2.8365400828547638,3.218079229059924,3.8861568494030205,4.554234469746118,5.222312090089215,5.890389710432311,6.558467330775408,9.61910918103339,12.679751031291374,15.74039288154936,18.801034731807345,21.40384848736475,21.02230934115959,20.354231720816493,19.686154100473395,19.018076480130297,18.3499988597872,17.6819212394441,14.621279389186117,11.560637538928134,8.499995688670149,5.439353838412163
8601,4.187241305649756,4.750461435119857,5.736663683482037,6.722865931844216,7.709068180206397,8.695270428568575,9.681472676930756,14.199528337297998,18.717583997665233,23.23563965803248,27.75369531839972,32.29130966000392,31.72808953053382,30.74188728217164,29.75568503380946,28.76948278544728,27.7832805370851,26.797078288722922,22.27902262835568,17.760966967988445,13.242911307621199,8.724855647253957
8602,4.1224380187469025,4.6769415462886,5.647880965838258,6.618820385387915,7.5897598049375725,8.56069922448723,9.53163864403689,13.979771212843394,18.427903781649896,22.876036350456406,27.324168919262913,32.91035711924829,32.35585359170659,31.384914172156932,30.413974752607274,29.443035333057615,28.472095913507957,27.501156493958298,23.053023925151795,18.60489135634529,14.15675878753878,9.708626218732274
8603,3.351595880008395,3.8024144805325077,4.591800893015079,5.381187305497649,6.170573717980221,6.959960130462791,7.7493465429453625,11.365736340329079,14.982126137712793,18.59851593509651,22.21490573248023,27.356769827551037,26.905951227026925,26.116564814544354,25.327178402061783,24.537791989579212,23.74840557709664,22.95901916461407,19.34262936723035,15.726239569846637,12.109849772462919,8.493459975079201
8604,2.9910124143164416,3.3933294236000933,4.097789222441407,4.80224902128272,5.506708820124034,6.211168618965348,6.915628417806662,10.142946736074473,13.370265054342282,16.597583372610092,19.82490169087791,24.2284335048095,23.82611649552585,23.121656696684536,22.417196897843223,21.71273709900191,21.008277300160596,20.303817501319283,17.076499183051475,13.849180864783666,10.621862546515855,7.394544228248039
8605,2.7047846416677372,3.0686015427890947,3.7056473923676854,4.342693241946275,4.979739091524866,5.6167849411034565,6.253830790682048,9.172307818474215,12.090784846266383,15.009261874058554,17.92773890185072,22.802692522038395,22.438875620917038,21.801829771338447,21.164783921759856,20.527738072181265,19.890692222602674,19.253646373024083,16.335169345231915,13.416692317439747,10.498215289647575,7.579738261855409
8606,2.20733046474823,2.5042354815337093,3.0241181699939683,3.544000858454227,4.063883546914486,4.583766235374744,5.103648923835004,7.485370246439614,9.867091569044224,12.248812891648836,14.630534214253444,19.724931122724897,19.428026105939416,18.908143417479156,18.388260729018896,17.868378040558635,17.348495352098375,16.828612663638115,14.446891341033504,12.065170018428894,9.683448695824282,7.3017273732196735
8607,1.677916042855984,1.903610246250039,2.298802319798513,2.693994393346985,3.0891864668954585,3.484378540443932,3.879570613992405,5.690050956937462,7.500531299882518,9.311011642827577,11.121491985772634,14.871256559632515,14.645562356238461,14.250370282689987,13.855178209141515,13.459986135593041,13.064794062044568,12.669601988496094,10.859121645551037,9.04864130260598,7.238160959660921,5.427680616715864
8608,1.1172675321315855,1.2675496673528908,1.5306947005095728,1.7938397336662546,2.0569847668229366,2.3201297999796187,2.583274833136301,3.7888124482913326,4.9943500634463645,6.199887678601396,7.405425293756428,10.033161309414842,9.882879174193537,9.619734141036854,9.356589107880172,9.09344407472349,8.830299041566807,8.567154008410125,7.361616393255093,6.156078778100062,4.95054116294503,3.745003547789998
8609,0.6682540838903488,0.7581400312657272,0.9155309318380566,1.0729218324103855,1.2303127329827148,1.3877036335550441,1.5450945341273732,2.2661442482220826,2.987193962316792,3.7082436764115014,4.429293390506211,6.0734388854665,5.983552938091121,5.826162037518792,5.668771136946463,5.5113802363741335,5.3539893358018045,5.196598435229475,4.475548721134766,3.7544990070400566,3.033449292945347,2.3123995788506377
8610,0.4397550001969972,0.4989058467966161,0.6024793784527985,0.7060529101089809,0.8096264417651632,0.9131999734213457,1.016773505077528,1.4912714914090162,1.9657694777405041,2.4402674640719924,2.9147654504034803,3.6846018562989733,3.625451009699354,3.5218774780431716,3.418303946386989,3.314730414730807,3.2111568830746244,3.1075833514184423,2.633085365086954,2.158587378755466,1.6840893924239777,1.2095914060924897
8611,0.286284866305672,0.32479265405806435,0.39222005033488544,0.4596474466117065,0.5270748428885276,0.5945022391653487,0.6619296354421698,0.9708325302776295,1.2797354251130895,1.5886383199485492,1.8975412147840094,2.22844041223525,2.1899326244828576,2.1225052282060366,2.0550778319292156,1.9876504356523945,1.9202230393755735,1.8527956430987524,1.5438927482632927,1.2349898534278327,0.926086958592373,0.6171840637569128
8612,0.1600000684787465,0.18152145994052682,0.21920556165659857,0.25688966337267033,0.2945737650887421,0.33225786680481384,0.3699419685208856,0.5425828942000834,0.7152238198792811,0.887864745558479,1.0605056712376768,1.3303544742870113,1.308833082825231,1.2711489811091592,1.2334648793930874,1.1957807776770155,1.1580966759609437,1.1204125742448718,0.947771648565674,0.7751307228864763,0.6024897972072784,0.4298488715280806
8613,0.0966650333943288,0.10966731548161278,0.1324343991801003,0.15520148287858784,0.17796856657707538,0.20073565027556292,0.2235027339740505,0.3278048196211218,0.432106905268193,0.5364089909152644,0.6407110765623357,0.8750441895076194,0.8620419074203355,0.8392748237218479,0.8165077400233604,0.7937406563248728,0.7709735726263852,0.7482064889278977,0.6439044032808263,0.5396023176337551,0.4353002319866837,0.3309981463396124
8614,0.060485888935644626,0.06862176353916513,0.08286773488598757,0.09711370623281,0.11135967757963244,0.1256056489264549,0.13985162027327736,0.2051162164429092,0.27038081261254104,0.33564540878217297,0.40091000495180484,0.6530761972950729,0.6449403226915524,0.63069435134473,0.6164483799979075,0.602202408651085,0.5879564373042625,0.57371046595744,0.5084458697878081,0.4431812736181763,0.37791667744854435,0.3126520812789125
8615,0.04326251605801909,0.04908169821561838,0.059271125452270715,0.06946055268892304,0.07964997992557539,0.08983940716222773,0.10002883439888008,0.1467093195416705,0.19338980468446088,0.24007028982725132,0.28675077497004176,0.499578441059629,0.4937592589020297,0.48356983166537737,0.47338040442872503,0.4631909771920727,0.45300154995542036,0.442812122718768,0.3961316375759776,0.3494511524331872,0.30277066729039676,0.2560901821476063
8616,0.031367184720614005,0.03558634204876214,0.04297411500909338,0.050361887969424625,0.057749660929755864,0.0651374338900871,0.07252520685041834,0.10637056615310214,0.14021592545578596,0.17406128475846977,0.20790664406115364,0.38513873965896495,0.3809195823308168,0.3735318093704856,0.36614403641015436,0.35875626344982314,0.3513684904894919,0.3439807175291607,0.3101353582264769,0.27628999892379313,0.24244463962110932,0.20859928031842545
8617,0.027541528392130105,0.031246101893993974,0.037732835101129916,0.04421956830826585,0.05070630151540179,0.057193034722537735,0.06367976792967367,0.09339722368731823,0.1231146794449628,0.15283213520260736,0.18254959096025195,0.2947264391013124,0.29102186559944854,0.2845351323923126,0.27804839918517665,0.2715616659780407,0.26507493277090477,0.25858819956376883,0.22887074380612427,0.1991532880484797,0.16943583229083514,0.13971837653319055
8618,0.021214760756460276,0.024068329353953997,0.029064947229369295,0.03406156510478459,0.03905818298019989,0.04405480085561519,0.049051418731030486,0.07194225852804301,0.09483309832505553,0.11772393812206808,0.1406147779190806,0.2196416620198345,0.2167880934223408,0.21179147554692548,0.20679485767151018,0.20179823979609487,0.19680162192067957,0.19180500404526427,0.16891416424825173,0.14602332445123922,0.12313248465422667,0.10024164485721414
8619,0.017379901386824617,0.01971764826949346,0.023811058840523276,0.02790446941155309,0.03199787998258291,0.03609129055361272,0.04018470112464254,0.058937707246218926,0.07769071336779533,0.09644371948937172,0.11519672561094813,0.1725522635160582,0.17021451663338938,0.16612110606235955,0.16202769549132973,0.1579342849202999,0.15384087434927007,0.14974746377824025,0.13099445765666387,0.11224145153508747,0.09348844541351108,0.07473543929193467
8620,0.018861538995962508,0.02139857893702769,0.025840952998510806,0.030283327059993915,0.03472570112147703,0.03916807518296014,0.04361044924444325,0.0639621502340575,0.08431385122367176,0.10466555221328604,0.1250172532029003,0.16219714722554288,0.1596601072844777,0.15521773322299456,0.15077535916151147,0.14633298510002835,0.14189061103854522,0.1374482369770621,0.11709653598744785,0.0967448349978336,0.07639313400821932,0.05604143301860505
8621,0.06031042844298219,0.06842270209442457,0.08262734801485494,0.09683199393528533,0.1110366398557157,0.1252412857761461,0.1394459316965765,0.20452120506052845,0.2695964784244804,0.33467175178843245,0.39974702515238447,0.4566317751531136,0.4485195015016712,0.43431485558124083,0.4201102096608105,0.4059055637403801,0.3917009178199497,0.3774962718995193,0.3124209985355673,0.24734572517161535,0.18227045180766333,0.1171951784437113
8622,0.30895518501738617,0.35051232648691727,0.4232791617051753,0.4960459969234333,0.5688128321416914,0.6415796673599494,0.7143465025782075,1.0477107919933368,1.3810750814084662,1.7144393708235957,2.0478036602387255,2.1024107163262697,2.0608535748567385,1.9880867396384805,1.9153199044202225,1.8425530692019643,1.7697862339837063,1.6970193987654483,1.363655109350319,1.0302908199351897,0.6969265305200603,0.3635622411049304
8623,1.1612949269476076,1.3174991271273024,1.5910137359992662,1.8645283448712298,2.1380429537431938,2.4115575626151577,2.685072171487121,3.9381155800368046,5.191158988586489,6.444202397136173,7.697245805685856,8.797592590406415,8.64138839022672,8.367873781354756,8.094359172482793,7.820844563610829,7.547329954738865,7.273815345866902,6.020771937317218,4.767728528767535,3.514685120217851,2.261641711668167
8624,2.8365400828547638,3.218079229059924,3.8861568494030205,4.554234469746118,5.222312090089215,5.890389710432311,6.558467330775408,9.61910918103339,12.679751031291374,15.74039288154936,18.801034731807345,21.40384848736475,21.02230934115959,20.354231720816493,19.686154100473395,19.018076480130297,18.3499988597872,17.6819212394441,14.621279389186117,11.560637538928134,8.499995688670149,5.439353838412163
8625,4.187241305649756,4.750461435119857,5.736663683482037,6.722865931844216,7.709068180206397,8.695270428568575,9.681472676930756,14.199528337297998,18.717583997665233,23.23563965803248,27.75369531839972,32.29130966000392,31.72808953053382,30.74188728217164,29.75568503380946,28.76948278544728,27.7832805370851,26.797078288722922,22.27902262835568,17.760966967988445,13.242911307621199,8.724855647253957
8626,4.1224380187469025,4.6769415462886,5.647880965838258,6.618820385387915,7.5897598049375725,8.56069922448723,9.53163864403689,13.979771212843394,18.427903781649896,22.876036350456406,27.324168919262913,32.91035711924829,32.35585359170659,31.384914172156932,30.413974752607274,29.443035333057615,28.472095913507957,27.501156493958298,23.053023925151795,18.60489135634529,14.15675878753878,9.708626218732274
8627,3.351595880008395,3.8024144805325077,4.591800893015079,5.381187305497649,6.170573717980221,6.959960130462791,7.7493465429453625,11.365736340329079,14.982126137712793,18.59851593509651,22.21490573248023,27.356769827551037,26.905951227026925,26.116564814544354,25.327178402061783,24.537791989579212,23.74840557709664,22.95901916461407,19.34262936723035,15.726239569846637,12.109849772462919,8.493459975079201
8628,2.9910124143164416,3.3933294236000933,4.097789222441407,4.80224902128272,5.506708820124034,6.211168618965348,6.915628417806662,10.142946736074473,13.370265054342282,16.597583372610092,19.82490169087791,24.2284335048095,23.82611649552585,23.121656696684536,22.417196897843223,21.71273709900191,21.008277300160596,20.303817501319283,17.076499183051475,13.849180864783666,10.621862546515855,7.394544228248039
8629,2.7047846416677372,3.0686015427890947,3.7056473923676854,4.342693241946275,4.979739091524866,5.6167849411034565,6.253830790682048,9.172307818474215,12.090784846266383,15.009261874058554,17.92773890185072,22.802692522038395,22.438875620917038,21.801829771338447,21.164783921759856,20.527738072181265,19.890692222602674,19.253646373024083,16.335169345231915,13.416692317439747,10.498215289647575,7.579738261855409
8630,2.20733046474823,2.5042354815337093,3.0241181699939683,3.544000858454227,4.063883546914486,4.583766235374744,5.103648923835004,7.485370246439614,9.867091569044224,12.248812891648836,14.630534214253444,19.724931122724897,19.428026105939416,18.908143417479156,18.388260729018896,17.868378040558635,17.348495352098375,16.828612663638115,14.446891341033504,12.065170018428894,9.683448695824282,7.3017273732196735
8631,1.677916042855984,1.903610246250039,2.298802319798513,2.693994393346985,3.0891864668954585,3.484378540443932,3.879570613992405,5.690050956937462,7.500531299882518,9.311011642827577,11.121491985772634,14.871256559632515,14.645562356238461,14.250370282689987,13.855178209141515,13.459986135593041,13.064794062044568,12.669601988496094,10.859121645551037,9.04864130260598,7.238160959660921,5.427680616715864
8632,1.1172675321315855,1.2675496673528908,1.5306947005095728,1.7938397336662546,2.0569847668229366,2.3201297999796187,2.583274833136301,3.7888124482913326,4.9943500634463645,6.199887678601396,7.405425293756428,10.033161309414842,9.882879174193537,9.619734141036854,9.356589107880172,9.09344407472349,8.830299041566807,8.567154008410125,7.361616393255093,6.156078778100062,4.95054116294503,3.745003547789998
8633,0.6682540838903488,0.7581400312657272,0.9155309318380566,1.0729218324103855,1.2303127329827148,1.3877036335550441,1.5450945341273732,2.2661442482220826,2.987193962316792,3.7082436764115014,4.429293390506211,6.0734388854665,5.983552938091121,5.826162037518792,5.668771136946463,5.5113802363741335,5.3539893358018045,5.196598435229475,4.475548721134766,3.7544990070400566,3.033449292945347,2.3123995788506377
8634,0.4397550001969972,0.4989058467966161,0.6024793784527985,0.7060529101089809,0.8096264417651632,0.9131999734213457,1.016773505077528,1.4912714914090162,1.9657694777405041,2.4402674640719924,2.9147654504034803,3.6846018562989733,3.625451009699354,3.5218774780431716,3.418303946386989,3.314730414730807,3.2111568830746244,3.1075833514184423,2.633085365086954,2.158587378755466,1.6840893924239777,1.2095914060924897
8635,0.286284866305672,0.32479265405806435,0.39222005033488544,0.4596474466117065,0.5270748428885276,0.5945022391653487,0.6619296354421698,0.9708325302776295,1.2797354251130895,1.5886383199485492,1.8975412147840094,2.22844041223525,2.1899326244828576,2.1225052282060366,2.0550778319292156,1.9876504356523945,1.9202230393755735,1.8527956430987524,1.5438927482632927,1.2349898534278327,0.926086958592373,0.6171840637569128
8636,0.1600000684787465,0.18152145994052682,0.21920556165659857,0.25688966337267033,0.2945737650887421,0.33225786680481384,0.3699419685208856,0.5425828942000834,0.7152238198792811,0.887864745558479,1.0605056712376768,1.3303544742870113,1.308833082825231,1.2711489811091592,1.2334648793930874,1.1957807776770155,1.1580966759609437,1.1204125742448718,0.947771648565674,0.7751307228864763,0.6024897972072784,0.4298488715280806
8637,0.0966650333943288,0.10966731548161278,0.1324343991801003,0.15520148287858784,0.17796856657707538,0.20073565027556292,0.2235027339740505,0.3278048196211218,0.432106905268193,0.5364089909152644,0.6407110765623357,0.8750441895076194,0.8620419074203355,0.8392748237218479,0.8165077400233604,0.7937406563248728,0.7709735726263852,0.7482064889278977,0.6439044032808263,0.5396023176337551,0.4353002319866837,0.3309981463396124
8638,0.060485888935644626,0.06862176353916513,0.08286773488598757,0.09711370623281,0.11135967757963244,0.1256056489264549,0.13985162027327736,0.2051162164429092,0.27038081261254104,0.33564540878217297,0.40091000495180484,0.6530761972950729,0.6449403226915524,0.63069435134473,0.6164483799979075,0.602202408651085,0.5879564373042625,0.57371046595744,0.5084458697878081,0.4431812736181763,0.37791667744854435,0.3126520812789125
8639,0.04326251605801909,0.04908169821561838,0.059271125452270715,0.06946055268892304,0.07964997992557539,0.08983940716222773,0.10002883439888008,0.1467093195416705,0.19338980468446088,0.24007028982725132,0.28675077497004176,0.499578441059629,0.4937592589020297,0.48356983166537737,0.47338040442872503,0.4631909771920727,0.45300154995542036,0.442812122718768,0.3961316375759776,0.3494511524331872,0.30277066729039676,0.2560901821476063
8640,0.031367184720614005,0.03558634204876214,0.04297411500909338,0.050361887969424625,0.057749660929755864,0.0651374338900871,0.07252520685041834,0.10637056615310214,0.14021592545578596,0.17406128475846977,0.20790664406115364,0.38513873965896495,0.3809195823308168,0.3735318093704856,0.36614403641015436,0.35875626344982314,0.3513684904894919,0.3439807175291607,0.3101353582264769,0.27628999892379313,0.24244463962110932,0.20859928031842545
8641,0.027541528392130105,0.031246101893993974,0.037732835101129916,0.04421956830826585,0.05070630151540179,0.057193034722537735,0.06367976792967367,0.09339722368731823,0.1231146794449628,0.15283213520260736,0.18254959096025195,0.2947264391013124,0.29102186559944854,0.2845351323923126,0.27804839918517665,0.2715616659780407,0.26507493277090477,0.25858819956376883,0.22887074380612427,0.1991532880484797,0.16943583229083514,0.13971837653319055
8642,0.021214760756460276,0.024068329353953997,0.029064947229369295,0.03406156510478459,0.03905818298019989,0.04405480085561519,0.049051418731030486,0.07194225852804301,0.09483309832505553,0.11772393812206808,0.1406147779190806,0.2196416620198345,0.2167880934223408,0.21179147554692548,0.20679485767151018,0.20179823979609487,0.19680162192067957,0.19180500404526427,0.16891416424825173,0.14602332445123922,0.12313248465422667,0.10024164485721414
8643,0.017379901386824617,0.01971764826949346,0.023811058840523276,0.02790446941155309,0.03199787998258291,0.03609129055361272,0.04018470112464254,0.058937707246218926,0.07769071336779533,0.09644371948937172,0.11519672561094813,0.1725522635160582,0.17021451663338938,0.16612110606235955,0.16202769549132973,0.1579342849202999,0.15384087434927007,0.14974746377824025,0.13099445765666387,0.11224145153508747,0.09348844541351108,0.07473543929193467
8644,0.018861538995962508,0.02139857893702769,0.025840952998510806,0.030283327059993915,0.03472570112147703,0.03916807518296014,0.04361044924444325,0.0639621502340575,0.08431385122367176,0.10466555221328604,0.1250172532029003,0.16219714722554288,0.1596601072844777,0.15521773322299456,0.15077535916151147,0.14633298510002835,0.14189061103854522,0.1374482369770621,0.11709653598744785,0.0967448349978336,0.07639313400821932,0.05604143301860505
8645,0.06031042844298219,0.06842270209442457,0.08262734801485494,0.09683199393528533,0.1110366398557157,0.1252412857761461,0.1394459316965765,0.20452120506052845,0.2695964784244804,0.33467175178843245,0.39974702515238447,0.4566317751531136,0.4485195015016712,0.43431485558124083,0.4201102096608105,0.4059055637403801,0.3917009178199497,0.3774962718995193,0.3124209985355673,0.24734572517161535,0.18227045180766333,0.1171951784437113
8646,0.30895518501738617,0.35051232648691727,0.4232791617051753,0.4960459969234333,0.5688128321416914,0.6415796673599494,0.7143465025782075,1.0477107919933368,1.3810750814084662,1.7144393708235957,2.0478036602387255,2.1024107163262697,2.0608535748567385,1.9880867396384805,1.9153199044202225,1.8425530692019643,1.7697862339837063,1.6970193987654483,1.363655109350319,1.0302908199351897,0.6969265305200603,0.3635622411049304
8647,1.1612949269476076,1.3174991271273024,1.5910137359992662,1.8645283448712298,2.1380429537431938,2.4115575626151577,2.685072171487121,3.9381155800368046,5.191158988586489,6.444202397136173,7.697245805685856,8.797592590406415,8.64138839022672,8.367873781354756,8.094359172482793,7.820844563610829,7.547329954738865,7.273815345866902,6.020771937317218,4.767728528767535,3.514685120217851,2.261641711668167
8648,2.8365400828547638,3.218079229059924,3.8861568494030205,4.554234469746118,5.222312090089215,5.890389710432311,6.558467330775408,9.61910918103339,12.679751031291374,15.74039288154936,18.801034731807345,21.40384848736475,21.02230934115959,20.354231720816493,19.686154100473395,19.018076480130297,18.3499988597872,17.6819212394441,14.621279389186117,11.560637538928134,8.499995688670149,5.439353838412163
8649,4.187241305649756,4.750461435119857,5.736663683482037,6.722865931844216,7.709068180206397,8.695270428568575,9.681472676930756,14.199528337297998,18.717583997665233,23.23563965803248,27.75369531839972,32.29130966000392,31.72808953053382,30.74188728217164,29.75568503380946,28.76948278544728,27.7832805370851,26.797078288722922,22.27902262835568,17.760966967988445,13.242911307621199,8.724855647253957
8650,4.1224380187469025,4.6769415462886,5.647880965838258,6.618820385387915,7.5897598049375725,8.56069922448723,9.53163864403689,13.979771212843394,18.427903781649896,22.876036350456406,27.324168919262913,32.91035711924829,32.35585359170659,31.384914172156932,30.413974752607274,29.443035333057615,28.472095913507957,27.501156493958298,23.053023925151795,18.60489135634529,14.15675878753878,9.708626218732274
8651,3.351595880008395,3.8024144805325077,4.591800893015079,5.381187305497649,6.170573717980221,6.959960130462791,7.7493465429453625,11.365736340329079,14.982126137712793,18.59851593509651,22.21490573248023,27.356769827551037,26.905951227026925,26.116564814544354,25.327178402061783,24.537791989579212,23.74840557709664,22.95901916461407,19.34262936723035,15.726239569846637,12.109849772462919,8.493459975079201
8652,2.9910124143164416,3.3933294236000933,4.097789222441407,4.80224902128272,5.506708820124034,6.211168618965348,6.915628417806662,10.142946736074473,13.370265054342282,16.597583372610092,19.82490169087791,24.2284335048095,23.82611649552585,23.121656696684536,22.417196897843223,21.71273709900191,21.008277300160596,20.303817501319283,17.076499183051475,13.849180864783666,10.621862546515855,7.394544228248039
8653,2.7047846416677372,3.0686015427890947,3.7056473923676854,4.342693241946275,4.979739091524866,5.6167849411034565,6.253830790682048,9.172307818474215,12.090784846266383,15.009261874058554,17.92773890185072,22.802692522038395,22.438875620917038,21.801829771338447,21.164783921759856,20.527738072181265,19.890692222602674,19.253646373024083,16.335169345231915,13.416692317439747,10.498215289647575,7.579738261855409
8654,2.20733046474823,2.5042354815337093,3.0241181699939683,3.544000858454227,4.063883546914486,4.583766235374744,5.103648923835004,7.485370246439614,9.867091569044224,12.248812891648836,14.630534214253444,19.724931122724897,19.428026105939416,18.908143417479156,18.388260729018896,17.868378040558635,17.348495352098375,16.828612663638115,14.446891341033504,12.065170018428894,9.683448695824282,7.3017273732196735
8655,1.677916042855984,1.903610246250039,2.298802319798513,2.693994393346985,3.0891864668954585,3.484378540443932,3.879570613992405,5.690050956937462,7.500531299882518,9.311011642827577,11.121491985772634,14.871256559632515,14.645562356238461,14.250370282689987,13.855178209141515,13.459986135593041,13.064794062044568,12.669601988496094,10.859121645551037,9.04864130260598,7.238160959660921,5.427680616715864
8656,1.1172675321315855,1.2675496673528908,1.5306947005095728,1.7938397336662546,2.0569847668229366,2.3201297999796187,2.583274833136301,3.7888124482913326,4.9943500634463645,6.199887678601396,7.405425293756428,10.033161309414842,9.882879174193537,9.619734141036854,9.356589107880172,9.09344407472349,8.830299041566807,8.567154008410125,7.361616393255093,6.156078778100062,4.95054116294503,3.745003547789998
8657,0.6682540838903488,0.7581400312657272,0.9155309318380566,1.0729218324103855,1.2303127329827148,1.3877036335550441,1.5450945341273732,2.2661442482220826,2.987193962316792,3.7082436764115014,4.429293390506211,6.0734388854665,5.983552938091121,5.826162037518792,5.668771136946463,5.5113802363741335,5.3539893358018045,5.196598435229475,4.475548721134766,3.7544990070400566,3.033449292945347,2.3123995788506377
8658,0.4397550001969972,0.4989058467966161,0.6024793784527985,0.7060529101089809,0.8096264417651632,0.9131999734213457,1.016773505077528,1.4912714914090162,1.9657694777405041,2.4402674640719924,2.9147654504034803,3.6846018562989733,3.625451009699354,3.5218774780431716,3.418303946386989,3.314730414730807,3.2111568830746244,3.1075833514184423,2.633085365086954,2.158587378755466,1.6840893924239777,1.2095914060924897
8659,0.286284866305672,0.32479265405806435,0.39222005033488544,0.4596474466117065,0.5270748428885276,0.5945022391653487,0.6619296354421698,0.9708325302776295,1.2797354251130895,1.5886383199485492,1.8975412147840094,2.22844041223525,2.1899326244828576,2.1225052282060366,2.0550778319292156,1.9876504356523945,1.9202230393755735,1.8527956430987524,1.5438927482632927,1.2349898534278327,0.926086958592373,0.6171840637569128
8660,0.1600000684787465,0.18152145994052682,0.21920556165659857,0.25688966337267033,0.2945737650887421,0.33225786680481384,0.3699419685208856,0.5425828942000834,0.7152238198792811,0.887864745558479,1.0605056712376768,1.3303544742870113,1.308833082825231,1.2711489811091592,1.2334648793930874,1.1957807776770155,1.1580966759609437,1.1204125742448718,0.947771648565674,0.7751307228864763,0.6024897972072784,0.4298488715280806
8661,0.0966650333943288,0.10966731548161278,0.1324343991801003,0.15520148287858784,0.17796856657707538,0.20073565027556292,0.2235027339740505,0.3278048196211218,0.432106905268193,0.5364089909152644,0.6407110765623357,0.8750441895076194,0.8620419074203355,0.8392748237218479,0.8165077400233604,0.7937406563248728,0.7709735726263852,0.7482064889278977,0.6439044032808263,0.5396023176337551,0.4353002319866837,0.3309981463396124
8662,0.060485888935644626,0.06862176353916513,0.08286773488598757,0.09711370623281,0.11135967757963244,0.1256056489264549,0.13985162027327736,0.2051162164429092,0.27038081261254104,0.33564540878217297,0.40091000495180484,0.6530761972950729,0.6449403226915524,0.63069435134473,0.6164483799979075,0.602202408651085,0.5879564373042625,0.57371046595744,0.5084458697878081,0.4431812736181763,0.37791667744854435,0.3126520812789125
8663,0.04326251605801909,0.04908169821561838,0.059271125452270715,0.06946055268892304,0.07964997992557539,0.08983940716222773,0.10002883439888008,0.1467093195416705,0.19338980468446088,0.24007028982725132,0.28675077497004176,0.499578441059629,0.4937592589020297,0.48356983166537737,0.47338040442872503,0.4631909771920727,0.45300154995542036,0.442812122718768,0.3961316375759776,0.3494511524331872,0.30277066729039676,0.2560901821476063
8664,0.031367184720614005,0.03558634204876214,0.04297411500909338,0.050361887969424625,0.057749660929755864,0.0651374338900871,0.07252520685041834,0.10637056615310214,0.14021592545578596,0.17406128475846977,0.20790664406115364,0.38513873965896495,0.3809195823308168,0.3735318093704856,0.36614403641015436,0.35875626344982314,0.3513684904894919,0.3439807175291607,0.3101353582264769,0.27628999892379313,0.24244463962110932,0.20859928031842545
8665,0.027541528392130105,0.031246101893993974,0.037732835101129916,0.04421956830826585,0.05070630151540179,0.057193034722537735,0.06367976792967367,0.09339722368731823,0.1231146794449628,0.15283213520260736,0.18254959096025195,0.2947264391013124,0.29102186559944854,0.2845351323923126,0.27804839918517665,0.2715616659780407,0.26507493277090477,0.25858819956376883,0.22887074380612427,0.1991532880484797,0.16943583229083514,0.13971837653319055
8666,0.021214760756460276,0.024068329353953997,0.029064947229369295,0.03406156510478459,0.03905818298019989,0.04405480085561519,0.049051418731030486,0.07194225852804301,0.09483309832505553,0.11772393812206808,0.1406147779190806,0.2196416620198345,0.2167880934223408,0.21179147554692548,0.20679485767151018,0.20179823979609487,0.19680162192067957,0.19180500404526427,0.16891416424825173,0.14602332445123922,0.12313248465422667,0.10024164485721414
8667,0.017379901386824617,0.01971764826949346,0.023811058840523276,0.02790446941155309,0.03199787998258291,0.03609129055361272,0.04018470112464254,0.058937707246218926,0.07769071336779533,0.09644371948937172,0.11519672561094813,0.1725522635160582,0.17021451663338938,0.16612110606235955,0.16202769549132973,0.1579342849202999,0.15384087434927007,0.14974746377824025,0.13099445765666387,0.11224145153508747,0.09348844541351108,0.07473543929193467
8668,0.018861538995962508,0.02139857893702769,0.025840952998510806,0.030283327059993915,0.03472570112147703,0.03916807518296014,0.04361044924444325,0.0639621502340575,0.08431385122367176,0.10466555221328604,0.1250172532029003,0.16219714722554288,0.1596601072844777,0.15521773322299456,0.15077535916151147,0.14633298510002835,0.14189061103854522,0.1374482369770621,0.11709653598744785,0.0967448349978336,0.07639313400821932,0.05604143301860505
8669,0.06031042844298219,0.06842270209442457,0.08262734801485494,0.09683199393528533,0.1110366398557157,0.1252412857761461,0.1394459316965765,0.20452120506052845,0.2695964784244804,0.33467175178843245,0.39974702515238447,0.4566317751531136,0.4485195015016712,0.43431485558124083,0.4201102096608105,0.4059055637403801,0.3917009178199497,0.3774962718995193,0.3124209985355673,0.24734572517161535,0.18227045180766333,0.1171951784437113
8670,0.30895518501738617,0.35051232648691727,0.4232791617051753,0.4960459969234333,0.5688128321416914,0.6415796673599494,0.7143465025782075,1.0477107919933368,1.3810750814084662,1.7144393708235957,2.0478036602387255,2.1024107163262697,2.0608535748567385,1.9880867396384805,1.9153199044202225,1.8425530692019643,1.7697862339837063,1.6970193987654483,1.363655109350319,1.0302908199351897,0.6969265305200603,0.3635622411049304
8671,1.1612949269476076,1.3174991271273024,1.5910137359992662,1.8645283448712298,2.1380429537431938,2.4115575626151577,2.685072171487121,3.9381155800368046,5.191158988586489,6.444202397136173,7.697245805685856,8.797592590406415,8.64138839022672,8.367873781354756,8.094359172482793,7.820844563610829,7.547329954738865,7.273815345866902,6.020771937317218,4.767728528767535,3.514685120217851,2.261641711668167
8672,2.8365400828547638,3.218079229059924,3.8861568494030205,4.554234469746118,5.222312090089215,5.890389710432311,6.558467330775408,9.61910918103339,12.679751031291374,15.74039288154936,18.801034731807345,21.40384848736475,21.02230934115959,20.354231720816493,19.686154100473395,19.018076480130297,18.3499988597872,17.6819212394441,14.621279389186117,11.560637538928134,8.499995688670149,5.439353838412163
8673,4.187241305649756,4.750461435119857,5.736663683482037,6.722865931844216,7.709068180206397,8.695270428568575,9.681472676930756,14.199528337297998,18.717583997665233,23.23563965803248,27.75369531839972,32.29130966000392,31.72808953053382,30.74188728217164,29.75568503380946,28.76948278544728,27.7832805370851,26.797078288722922,22.27902262835568,17.760966967988445,13.242911307621199,8.724855647253957
8674,4.1224380187469025,4.6769415462886,5.647880965838258,6.618820385387915,7.5897598049375725,8.56069922448723,9.53163864403689,13.979771212843394,18.427903781649896,22.876036350456406,27.324168919262913,32.91035711924829,32.35585359170659,31.384914172156932,30.413974752607274,29.443035333057615,28.472095913507957,27.501156493958298,23.053023925151795,18.60489135634529,14.15675878753878,9.708626218732274
8675,3.351595880008395,3.8024144805325077,4.591800893015079,5.381187305497649,6.170573717980221,6.959960130462791,7.7493465429453625,11.365736340329079,14.982126137712793,18.59851593509651,22.21490573248023,27.356769827551037,26.905951227026925,26.116564814544354,25.327178402061783,24.537791989579212,23.74840557709664,22.95901916461407,19.34262936723035,15.726239569846637,12.109849772462919,8.493459975079201
8676,2.9910124143164416,3.3933294236000933,4.097789222441407,4.80224902128272,5.506708820124034,6.211168618965348,6.915628417806662,10.142946736074473,13.370265054342282,16.597583372610092,19.82490169087791,24.2284335048095,23.82611649552585,23.121656696684536,22.417196897843223,21.71273709900191,21.008277300160596,20.303817501319283,17.076499183051475,13.849180864783666,10.621862546515855,7.394544228248039
8677,2.7047846416677372,3.0686015427890947,3.7056473923676854,4.342693241946275,4.979739091524866,5.6167849411034565,6.253830790682048,9.172307818474215,12.090784846266383,15.009261874058554,17.92773890185072,22.802692522038395,22.438875620917038,21.801829771338447,21.164783921759856,20.527738072181265,19.890692222602674,19.253646373024083,16.335169345231915,13.416692317439747,10.498215289647575,7.579738261855409
8678,2.20733046474823,2.5042354815337093,3.0241181699939683,3.544000858454227,4.063883546914486,4.583766235374744,5.103648923835004,7.485370246439614,9.867091569044224,12.248812891648836,14.630534214253444,19.724931122724897,19.428026105939416,18.908143417479156,18.388260729018896,17.868378040558635,17.348495352098375,16.828612663638115,14.446891341033504,12.065170018428894,9.683448695824282,7.3017273732196735
8679,1.677916042855984,1.903610246250039,2.298802319798513,2.693994393346985,3.0891864668954585,3.484378540443932,3.879570613992405,5.690050956937462,7.500531299882518,9.311011642827577,11.121491985772634,14.871256559632515,14.645562356238461,14.250370282689987,13.855178209141515,13.459986135593041,13.064794062044568,12.669601988496094,10.859121645551037,9.04864130260598,7.238160959660921,5.427680616715864
8680,1.1172675321315855,1.2675496673528908,1.5306947005095728,1.7938397336662546,2.0569847668229366,2.3201297999796187,2.583274833136301,3.7888124482913326,4.9943500634463645,6.199887678601396,7.405425293756428,10.033161309414842,9.882879174193537,9.619734141036854,9.356589107880172,9.09344407472349,8.830299041566807,8.567154008410125,7.361616393255093,6.156078778100062,4.95054116294503,3.745003547789998
8681,0.6682540838903488,0.7581400312657272,0.9155309318380566,1.0729218324103855,1.2303127329827148,1.3877036335550441,1.5450945341273732,2.2661442482220826,2.987193962316792,3.7082436764115014,4.429293390506211,6.0734388854665,5.983552938091121,5.826162037518792,5.668771136946463,5.5113802363741335,5.3539893358018045,5.196598435229475,4.475548721134766,3.7544990070400566,3.033449292945347,2.3123995788506377
8682,0.4397550001969972,0.4989058467966161,0.6024793784527985,0.7060529101089809,0.8096264417651632,0.9131999734213457,1.016773505077528,1.4912714914090162,1.9657694777405041,2.4402674640719924,2.9147654504034803,3.6846018562989733,3.625451009699354,3.5218774780431716,3.418303946386989,3.314730414730807,3.2111568830746244,3.1075833514184423,2.633085365086954,2.158587378755466,1.6840893924239777,1.2095914060924897
8683,0.286284866305672,0.32479265405806435,0.39222005033488544,0.4596474466117065,0.5270748428885276,0.5945022391653487,0.6619296354421698,0.9708325302776295,1.2797354251130895,1.5886383199485492,1.8975412147840094,2.22844041223525,2.1899326244828576,2.1225052282060366,2.0550778319292156,1.9876504356523945,1.9202230393755735,1.8527956430987524,1.5438927482632927,1.2349898534278327,0.926086958592373,0.6171840637569128
8684,0.1600000684787465,0.18152145994052682,0.21920556165659857,0.25688966337267033,0.2945737650887421,0.33225786680481384,0.3699419685208856,0.5425828942000834,0.7152238198792811,0.887864745558479,1.0605056712376768,1.3303544742870113,1.308833082825231,1.2711489811091592,1.2334648793930874,1.1957807776770155,1.1580966759609437,1.1204125742448718,0.947771648565674,0.7751307228864763,0.6024897972072784,0.4298488715280806
8685,0.0966650333943288,0.10966731548161278,0.1324343991801003,0.15520148287858784,0.17796856657707538,0.20073565027556292,0.2235027339740505,0.3278048196211218,0.432106905268193,0.5364089909152644,0.6407110765623357,0.8750441895076194,0.8620419074203355,0.8392748237218479,0.8165077400233604,0.7937406563248728,0.7709735726263852,0.7482064889278977,0.6439044032808263,0.5396023176337551,0.4353002319866837,0.3309981463396124
8686,0.060485888935644626,0.06862176353916513,0.08286773488598757,0.09711370623281,0.11135967757963244,0.1256056489264549,0.13985162027327736,0.2051162164429092,0.27038081261254104,0.33564540878217297,0.40091000495180484,0.6530761972950729,0.6449403226915524,0.63069435134473,0.6164483799979075,0.602202408651085,0.5879564373042625,0.57371046595744,0.5084458697878081,0.4431812736181763,0.37791667744854435,0.3126520812789125
8687,0.04326251605801909,0.04908169821561838,0.059271125452270715,0.06946055268892304,0.07964997992557539,0.08983940716222773,0.10002883439888008,0.1467093195416705,0.19338980468446088,0.24007028982725132,0.28675077497004176,0.499578441059629,0.4937592589020297,0.48356983166537737,0.47338040442872503,0.4631909771920727,0.45300154995542036,0.442812122718768,0.3961316375759776,0.3494511524331872,0.30277066729039676,0.2560901821476063
8688,0.06656898268586907,0.07552308595105217,0.09120178120737912,0.10688047646370606,0.12255917172003303,0.13823786697635998,0.1539165622326869,0.2257448489433112,0.29757313565393556,0.36940142236455986,0.44122970907518416,0.4271966781704077,0.4182425749052246,0.4025638796488976,0.3868851843925707,0.3712064891362437,0.35552779387991673,0.3398490986235898,0.2680208119129655,0.19619252520234115,0.12436423849171685,0.05253595178109255
8689,0.056639086305014866,0.06425753272192815,0.07759748382143074,0.09093743492093335,0.10427738602043597,0.11761733711993858,0.1309572882194412,0.19207116387144205,0.25318503952344296,0.31429891517544384,0.3754127908274448,0.3168441383691494,0.3092256919522361,0.2958857408527335,0.28254578975323086,0.26920583865372827,0.2558658875542257,0.24252593645472306,0.1814120608027222,0.1202981851507213,0.05918430949872042,-0.0019295661532805208
8690,0.03392680220936796,0.038490250202461725,0.046480878441028384,0.05447150667959503,0.06246213491816169,0.07045276315672834,0.07844339139529499,0.1150505915949522,0.15165779179460942,0.18826499199426663,0.22487219219392388,0.22601923126692836,0.22145578327383458,0.21346515503526792,0.20547452679670128,0.1974838985581346,0.18949327031956797,0.1815026420810013,0.1448954418813441,0.10828824168168688,0.07168104148202967,0.035073841282372425
8691,0.0236676925723058,0.026851201690074235,0.03242554764354464,0.03799989359701504,0.043574239550485436,0.049148585503955844,0.05472293145742625,0.08026049774238261,0.10579806402733898,0.13133563031229536,0.15687319659725174,0.20284547879051973,0.1996619696727513,0.1940876237192809,0.1885132777658105,0.1829389318123401,0.17736458585886972,0.17179023990539932,0.14625267362044297,0.12071510733548661,0.09517754105053022,0.06963997476557385
8692,0.02469635730095266,0.028018230711428102,0.03383485347536883,0.03965147623930954,0.04546809900325027,0.051284721767191,0.05710134453113172,0.08374884553458932,0.11039634653804692,0.1370438475415045,0.16369134854496212,0.2086410790622131,0.20531920565173767,0.19950258288779693,0.19368596012385622,0.18786933735991548,0.18205271459597477,0.17623609183203404,0.14958859082857645,0.12294108982511885,0.09629358882166127,0.06964608781820365
8693,0.018530992112733714,0.02102357064238779,0.025388092472381524,0.02975261430237525,0.03411713613236898,0.03848165796236271,0.04284617979235644,0.06284121893523797,0.08283625807811949,0.10283129722100104,0.12282633636388257,0.23076451461001737,0.2282719360803633,0.22390741425036959,0.21954289242037586,0.21517837059038214,0.21081384876038842,0.2064493269303947,0.18645428778751316,0.16645924864463163,0.1464642095017501,0.12646917035886857
8694,0.022723898938375474,0.025780459658883387,0.031132518111866028,0.036484576564848666,0.0418366350178313,0.04718869347081395,0.05254075192379659,0.0770599598532782,0.10157916778275981,0.12609837571224142,0.15061758364172306,0.3411068640072945,0.3380503032867866,0.33269824483380395,0.3273461863808213,0.32199412792783866,0.316642069474856,0.31129001102187337,0.2867708030923918,0.2622515951629102,0.2377323872334286,0.21321317930394695
8695,0.05954035988303085,0.0675490526604855,0.08157232777140645,0.0955956028823274,0.10961887799324835,0.12364215310416929,0.13766542821509023,0.20190979350324906,0.2661541587914079,0.33039852407956677,0.3946428893677256,0.5323949645104806,0.524386271733026,0.510362996622105,0.4963397215111841,0.48231644640026317,0.4682931712893422,0.4542698961784213,0.3900255308902625,0.32578116560210363,0.2615368003139448,0.19729243502578592
8696,0.09422208070711786,0.10689576455313886,0.129087470513181,0.15127917647322317,0.17347088243326533,0.1956625883933075,0.21785429435334966,0.31952042104539957,0.42118654773744957,0.5228526744294996,0.6245188011215496,0.7630054397344619,0.7503317558884409,0.7281400499283988,0.7059483439683566,0.6837566380083144,0.6615649320482723,0.6393732260882301,0.5377070993961802,0.4360409727041302,0.33437484601208023,0.23270871932003023
8697,0.11060462621291975,0.12548190395938727,0.1515321177130734,0.17758233146675953,0.2036325452204457,0.22968275897413182,0.255732972727818,0.37507595323620807,0.49441893374459817,0.6137619142529884,0.7331048947613785,1.04243040931092,1.0275531315644524,1.0015029178107662,0.9754527040570801,0.949402490303394,0.9233522765497079,0.8973020627960218,0.7779590822876317,0.6586161017792416,0.5392731212708513,0.41993014076246116
8698,0.14593538259187422,0.16556495229609972,0.19993646134515083,0.23430797039420195,0.2686794794432531,0.3030509884923042,0.3374224975413554,0.4948875522726021,0.6523526070038489,0.8098176617350957,0.9672827164663426,1.3368623237393928,1.3172327540351674,1.2828612449861163,1.2484897359370652,1.2141182268880142,1.1797467178389631,1.145375208789912,0.9879101540586653,0.8304450993274186,0.6729800445961718,0.5155149898649249
8699,0.17412844867806587,0.1975502293326846,0.2385619253527876,0.2795736213728906,0.3205853173929936,0.3615970134130966,0.40260870943319965,0.5904942325625675,0.7783797556919354,0.9662652788213034,1.1541508019506714,1.6963697765134498,1.6729479958588311,1.6319362998387281,1.590924603818625,1.549912907798522,1.508901211778419,1.467889515758316,1.2800039926289482,1.0921184694995802,0.9042329463702122,0.7163474232408442
8700,0.20258246617249245,0.22983155799628885,0.277544901707457,0.32525824541862514,0.3729715891297932,0.4206849328409614,0.46839827655212957,0.6869858360383282,0.9055733955245269,1.1241609550107257,1.3427485144969247,1.9211150761464808,1.8938659843226844,1.8461526406115163,1.7984392969003482,1.7507259531891801,1.7030126094780118,1.6552992657668437,1.4367117062806452,1.2181241467944464,0.9995365873082476,0.7809490278220486
8701,0.22682064156334378,0.25732997737244256,0.31075203030808307,0.3641740832437235,0.4175961361793641,0.4710181891150046,0.5244402420506451,0.769180921820084,1.013921601589523,1.2586622813589619,1.5034029611284008,2.0428941262432594,2.0123847904341607,1.9589627374985201,1.9055406845628797,1.852118631627239,1.7986965786915987,1.745274525755958,1.5005338459865192,1.2557931662170803,1.0110524864476413,0.7663118066782024
8702,0.28713168866453304,0.3257533813399477,0.3933802259058238,0.46100707047169975,0.5286339150375757,0.5962607596034519,0.6638876041693279,0.9737042248382178,1.2835208455071077,1.5933374661759976,1.9031540868448875,2.133676930271694,2.095055237596279,2.027428393030403,1.9598015484645268,1.8921747038986507,1.8245478593327746,1.7569210147668985,1.4471043940980086,1.1372877734291187,0.8274711527602288,0.5176545320913388
8703,0.3067951188581142,0.3480617127682659,0.42031979724889373,0.49257788172952155,0.5648359662101494,0.6370940506907772,0.709352135171405,1.040385701701159,1.3714192682309132,1.7024528347606676,2.0334864012904217,2.1612776545091203,2.120011060598969,2.047752976118341,1.975494891637713,1.9032368071570853,1.8309787226764576,1.7587206381958298,1.427687071666076,1.0966535051363218,0.7656199386065674,0.4345863720768133
8704,0.27598175878396375,0.31310368956544515,0.3781044409318533,0.44310519229826134,0.5081059436646694,0.5731066950310776,0.6381074463974856,0.9358932333664804,1.233679020335475,1.53146480730447,1.829250594273465,1.9097257114610804,1.872603780679599,1.8076030293131908,1.7426022779467827,1.6776015265803745,1.6126007752139664,1.5476000238475582,1.2498142368785634,0.9520284499095688,0.6542426629405738,0.35645687597157893
8705,0.2253108014307007,0.2556170506983482,0.3086834977291007,0.36174994475985317,0.4148163917906057,0.46788283882135817,0.5209492858521106,0.7640608400805081,1.0071723943089055,1.2502839485373032,1.4933955027657007,1.6192575536297766,1.588951304362129,1.5358848573313766,1.4828184103006241,1.4297519632698716,1.3766855162391192,1.3236190692083667,1.0805075149799692,0.8373959607515719,0.5942844065231742,0.3511728522947767
8706,0.181071206183045,0.20542684770103406,0.24807374039633354,0.290720633091633,0.3333675257869325,0.376014418482232,0.41866131117753147,0.6140381066158548,0.809414902054178,1.0047916974925013,1.200168492930825,1.489569188741577,1.4652135472235879,1.4225666545282885,1.379919761832989,1.3372728691376894,1.29462597644239,1.2519790837470905,1.0566022883087673,0.8612254928704441,0.6658486974321208,0.4704719019937972
8707,0.1371027565822645,0.15554426178254532,0.18783546186591396,0.22012666194928254,0.2524178620326512,0.2847090621160198,0.3170002621993884,0.464934866444111,0.6128694706888336,0.7608040749335562,0.9087386791782788,1.2544431595756709,1.23600165437539,1.2037104542920214,1.1714192542086528,1.1391280541252842,1.1068368540419156,1.074545653958547,0.9266110497138245,0.7786764454691019,0.6307418412243793,0.48280723697965666
8708,0.12288693681507708,0.1394162914452449,0.16835930297358676,0.19730231450192862,0.22624532603027048,0.25518833755861237,0.28413134908695425,0.4167270081222759,0.5493226671575976,0.6819183261929194,0.8145139852282411,0.965950353268064,0.9494209986378962,0.9204779871095543,0.8915349755812124,0.8625919640528705,0.8336489525245286,0.8047059409961868,0.6721102819608651,0.5395146229255434,0.40691896389022164,0.27432330485489986
8709,0.10407025709033581,0.11806860573895996,0.14257980870966933,0.16709101168037868,0.19160221465108804,0.2161134176217974,0.24062462059250678,0.3529169820306787,0.4652093434688507,0.5775017049070227,0.6897940663451948,0.756275578156249,0.7422772295076249,0.7177660265369155,0.6932548235662062,0.6687436205954969,0.6442324176247876,0.6197212146540781,0.5074288532159061,0.3951364917777342,0.2828441303395622,0.17055176890139007
8710,0.09174496304809825,0.10408545316899447,0.1256937346673304,0.14730201616566632,0.16891029766400223,0.19051857916233816,0.21212686066067407,0.3111201642112374,0.4101134677618008,0.5091067713123641,0.6081000748629275,0.6380177307790044,0.6256772406581081,0.6040689591597722,0.5824606776614363,0.5608523961631003,0.5392441146647644,0.5176358331664285,0.4186425296158651,0.3196492260653017,0.22065592251473837,0.12166261896417502
8711,0.0756798511426919,0.0858594449247251,0.10368398234795255,0.12150851977117999,0.13933305719440744,0.15715759461763487,0.17498213204086233,0.2566410943198301,0.33830005659879786,0.4199590188777657,0.5016179811567335,0.5589042903878931,0.54872469660586,0.5309001591826326,0.5130756217594051,0.4952510843361777,0.4774265469129503,0.45960200948972285,0.37794304721075506,0.2962840849317873,0.21462512265281947,0.13296616037385167
8712,0.06656898268586907,0.07552308595105217,0.09120178120737912,0.10688047646370606,0.12255917172003303,0.13823786697635998,0.1539165622326869,0.2257448489433112,0.29757313565393556,0.36940142236455986,0.44122970907518416,0.4271966781704077,0.4182425749052246,0.4025638796488976,0.3868851843925707,0.3712064891362437,0.35552779387991673,0.3398490986235898,0.2680208119129655,0.19619252520234115,0.12436423849171685,0.05253595178109255
8713,0.056639086305014866,0.06425753272192815,0.07759748382143074,0.09093743492093335,0.10427738602043597,0.11761733711993858,0.1309572882194412,0.19207116387144205,0.25318503952344296,0.31429891517544384,0.3754127908274448,0.3168441383691494,0.3092256919522361,0.2958857408527335,0.28254578975323086,0.26920583865372827,0.2558658875542257,0.24252593645472306,0.1814120608027222,0.1202981851507213,0.05918430949872042,-0.0019295661532805208
8714,0.03392680220936796,0.038490250202461725,0.046480878441028384,0.05447150667959503,0.06246213491816169,0.07045276315672834,0.07844339139529499,0.1150505915949522,0.15165779179460942,0.18826499199426663,0.22487219219392388,0.22601923126692836,0.22145578327383458,0.21346515503526792,0.20547452679670128,0.1974838985581346,0.18949327031956797,0.1815026420810013,0.1448954418813441,0.10828824168168688,0.07168104148202967,0.035073841282372425
8715,0.0236676925723058,0.026851201690074235,0.03242554764354464,0.03799989359701504,0.043574239550485436,0.049148585503955844,0.05472293145742625,0.08026049774238261,0.10579806402733898,0.13133563031229536,0.15687319659725174,0.20284547879051973,0.1996619696727513,0.1940876237192809,0.1885132777658105,0.1829389318123401,0.17736458585886972,0.17179023990539932,0.14625267362044297,0.12071510733548661,0.09517754105053022,0.06963997476557385
8716,0.02469635730095266,0.028018230711428102,0.03383485347536883,0.03965147623930954,0.04546809900325027,0.051284721767191,0.05710134453113172,0.08374884553458932,0.11039634653804692,0.1370438475415045,0.16369134854496212,0.2086410790622131,0.20531920565173767,0.19950258288779693,0.19368596012385622,0.18786933735991548,0.18205271459597477,0.17623609183203404,0.14958859082857645,0.12294108982511885,0.09629358882166127,0.06964608781820365
8717,0.018530992112733714,0.02102357064238779,0.025388092472381524,0.02975261430237525,0.03411713613236898,0.03848165796236271,0.04284617979235644,0.06284121893523797,0.08283625807811949,0.10283129722100104,0.12282633636388257,0.23076451461001737,0.2282719360803633,0.22390741425036959,0.21954289242037586,0.21517837059038214,0.21081384876038842,0.2064493269303947,0.18645428778751316,0.16645924864463163,0.1464642095017501,0.12646917035886857
8718,0.022723898938375474,0.025780459658883387,0.031132518111866028,0.036484576564848666,0.0418366350178313,0.04718869347081395,0.05254075192379659,0.0770599598532782,0.10157916778275981,0.12609837571224142,0.15061758364172306,0.3411068640072945,0.3380503032867866,0.33269824483380395,0.3273461863808213,0.32199412792783866,0.316642069474856,0.31129001102187337,0.2867708030923918,0.2622515951629102,0.2377323872334286,0.21321317930394695
8719,0.05954035988303085,0.0675490526604855,0.08157232777140645,0.0955956028823274,0.10961887799324835,0.12364215310416929,0.13766542821509023,0.20190979350324906,0.2661541587914079,0.33039852407956677,0.3946428893677256,0.5323949645104806,0.524386271733026,0.510362996622105,0.4963397215111841,0.48231644640026317,0.4682931712893422,0.4542698961784213,0.3900255308902625,0.32578116560210363,0.2615368003139448,0.19729243502578592
8720,0.09422208070711786,0.10689576455313886,0.129087470513181,0.15127917647322317,0.17347088243326533,0.1956625883933075,0.21785429435334966,0.31952042104539957,0.42118654773744957,0.5228526744294996,0.6245188011215496,0.7630054397344619,0.7503317558884409,0.7281400499283988,0.7059483439683566,0.6837566380083144,0.6615649320482723,0.6393732260882301,0.5377070993961802,0.4360409727041302,0.33437484601208023,0.23270871932003023
8721,0.11060462621291975,0.12548190395938727,0.1515321177130734,0.17758233146675953,0.2036325452204457,0.22968275897413182,0.255732972727818,0.37507595323620807,0.49441893374459817,0.6137619142529884,0.7331048947613785,1.04243040931092,1.0275531315644524,1.0015029178107662,0.9754527040570801,0.949402490303394,0.9233522765497079,0.8973020627960218,0.7779590822876317,0.6586161017792416,0.5392731212708513,0.41993014076246116
8722,0.14593538259187422,0.16556495229609972,0.19993646134515083,0.23430797039420195,0.2686794794432531,0.3030509884923042,0.3374224975413554,0.4948875522726021,0.6523526070038489,0.8098176617350957,0.9672827164663426,1.3368623237393928,1.3172327540351674,1.2828612449861163,1.2484897359370652,1.2141182268880142,1.1797467178389631,1.145375208789912,0.9879101540586653,0.8304450993274186,0.6729800445961718,0.5155149898649249
8723,0.17412844867806587,0.1975502293326846,0.2385619253527876,0.2795736213728906,0.3205853173929936,0.3615970134130966,0.40260870943319965,0.5904942325625675,0.7783797556919354,0.9662652788213034,1.1541508019506714,1.6963697765134498,1.6729479958588311,1.6319362998387281,1.590924603818625,1.549912907798522,1.508901211778419,1.467889515758316,1.2800039926289482,1.0921184694995802,0.9042329463702122,0.7163474232408442
8724,0.20258246617249245,0.22983155799628885,0.277544901707457,0.32525824541862514,0.3729715891297932,0.4206849328409614,0.46839827655212957,0.6869858360383282,0.9055733955245269,1.1241609550107257,1.3427485144969247,1.9211150761464808,1.8938659843226844,1.8461526406115163,1.7984392969003482,1.7507259531891801,1.7030126094780118,1.6552992657668437,1.4367117062806452,1.2181241467944464,0.9995365873082476,0.7809490278220486
8725,0.22682064156334378,0.25732997737244256,0.31075203030808307,0.3641740832437235,0.4175961361793641,0.4710181891150046,0.5244402420506451,0.769180921820084,1.013921601589523,1.2586622813589619,1.5034029611284008,2.0428941262432594,2.0123847904341607,1.9589627374985201,1.9055406845628797,1.852118631627239,1.7986965786915987,1.745274525755958,1.5005338459865192,1.2557931662170803,1.0110524864476413,0.7663118066782024
8726,0.28713168866453304,0.3257533813399477,0.3933802259058238,0.46100707047169975,0.5286339150375757,0.5962607596034519,0.6638876041693279,0.9737042248382178,1.2835208455071077,1.5933374661759976,1.9031540868448875,2.133676930271694,2.095055237596279,2.027428393030403,1.9598015484645268,1.8921747038986507,1.8245478593327746,1.7569210147668985,1.4471043940980086,1.1372877734291187,0.8274711527602288,0.5176545320913388
8727,0.3067951188581142,0.3480617127682659,0.42031979724889373,0.49257788172952155,0.5648359662101494,0.6370940506907772,0.709352135171405,1.040385701701159,1.3714192682309132,1.7024528347606676,2.0334864012904217,2.1612776545091203,2.120011060598969,2.047752976118341,1.975494891637713,1.9032368071570853,1.8309787226764576,1.7587206381958298,1.427687071666076,1.0966535051363218,0.7656199386065674,0.4345863720768133
8728,0.27598175878396375,0.31310368956544515,0.3781044409318533,0.44310519229826134,0.5081059436646694,0.5731066950310776,0.6381074463974856,0.9358932333664804,1.233679020335475,1.53146480730447,1.829250594273465,1.9097257114610804,1.872603780679599,1.8076030293131908,1.7426022779467827,1.6776015265803745,1.6126007752139664,1.5476000238475582,1.2498142368785634,0.9520284499095688,0.6542426629405738,0.35645687597157893
8729,0.2253108014307007,0.2556170506983482,0.3086834977291007,0.36174994475985317,0.4148163917906057,0.46788283882135817,0.5209492858521106,0.7640608400805081,1.0071723943089055,1.2502839485373032,1.4933955027657007,1.6192575536297766,1.588951304362129,1.5358848573313766,1.4828184103006241,1.4297519632698716,1.3766855162391192,1.3236190692083667,1.0805075149799692,0.8373959607515719,0.5942844065231742,0.3511728522947767
8730,0.181071206183045,0.20542684770103406,0.24807374039633354,0.290720633091633,0.3333675257869325,0.376014418482232,0.41866131117753147,0.6140381066158548,0.809414902054178,1.0047916974925013,1.200168492930825,1.489569188741577,1.4652135472235879,1.4225666545282885,1.379919761832989,1.3372728691376894,1.29462597644239,1.2519790837470905,1.0566022883087673,0.8612254928704441,0.6658486974321208,0.4704719019937972
8731,0.1371027565822645,0.15554426178254532,0.18783546186591396,0.22012666194928254,0.2524178620326512,0.2847090621160198,0.3170002621993884,0.464934866444111,0.6128694706888336,0.7608040749335562,0.9087386791782788,1.2544431595756709,1.23600165437539,1.2037104542920214,1.1714192542086528,1.1391280541252842,1.1068368540419156,1.074545653958547,0.9266110497138245,0.7786764454691019,0.6307418412243793,0.48280723697965666
8732,0.12288693681507708,0.1394162914452449,0.16835930297358676,0.19730231450192862,0.22624532603027048,0.25518833755861237,0.28413134908695425,0.4167270081222759,0.5493226671575976,0.6819183261929194,0.8145139852282411,0.965950353268064,0.9494209986378962,0.9204779871095543,0.8915349755812124,0.8625919640528705,0.8336489525245286,0.8047059409961868,0.6721102819608651,0.5395146229255434,0.40691896389022164,0.27432330485489986
8733,0.10407025709033581,0.11806860573895996,0.14257980870966933,0.16709101168037868,0.19160221465108804,0.2161134176217974,0.24062462059250678,0.3529169820306787,0.4652093434688507,0.5775017049070227,0.6897940663451948,0.756275578156249,0.7422772295076249,0.7177660265369155,0.6932548235662062,0.6687436205954969,0.6442324176247876,0.6197212146540781,0.5074288532159061,0.3951364917777342,0.2828441303395622,0.17055176890139007
8734,0.09174496304809825,0.10408545316899447,0.1256937346673304,0.14730201616566632,0.16891029766400223,0.19051857916233816,0.21212686066067407,0.3111201642112374,0.4101134677618008,0.5091067713123641,0.6081000748629275,0.6380177307790044,0.6256772406581081,0.6040689591597722,0.5824606776614363,0.5608523961631003,0.5392441146647644,0.5176358331664285,0.4186425296158651,0.3196492260653017,0.22065592251473837,0.12166261896417502
8735,0.0756798511426919,0.0858594449247251,0.10368398234795255,0.12150851977117999,0.13933305719440744,0.15715759461763487,0.17498213204086233,0.2566410943198301,0.33830005659879786,0.4199590188777657,0.5016179811567335,0.5589042903878931,0.54872469660586,0.5309001591826326,0.5130756217594051,0.4952510843361777,0.4774265469129503,0.45960200948972285,0.37794304721075506,0.2962840849317873,0.21462512265281947,0.13296616037385167
8736,0.031367184720614005,0.03558634204876214,0.04297411500909338,0.050361887969424625,0.057749660929755864,0.0651374338900871,0.07252520685041834,0.10637056615310214,0.14021592545578596,0.17406128475846977,0.20790664406115364,0.38513873965896495,0.3809195823308168,0.3735318093704856,0.36614403641015436,0.35875626344982314,0.3513684904894919,0.3439807175291607,0.3101353582264769,0.27628999892379313,0.24244463962110932,0.20859928031842545
8737,0.027541528392130105,0.031246101893993974,0.037732835101129916,0.04421956830826585,0.05070630151540179,0.057193034722537735,0.06367976792967367,0.09339722368731823,0.1231146794449628,0.15283213520260736,0.18254959096025195,0.2947264391013124,0.29102186559944854,0.2845351323923126,0.27804839918517665,0.2715616659780407,0.26507493277090477,0.25858819956376883,0.22887074380612427,0.1991532880484797,0.16943583229083514,0.13971837653319055
8738,0.021214760756460276,0.024068329353953997,0.029064947229369295,0.03406156510478459,0.03905818298019989,0.04405480085561519,0.049051418731030486,0.07194225852804301,0.09483309832505553,0.11772393812206808,0.1406147779190806,0.2196416620198345,0.2167880934223408,0.21179147554692548,0.20679485767151018,0.20179823979609487,0.19680162192067957,0.19180500404526427,0.16891416424825173,0.14602332445123922,0.12313248465422667,0.10024164485721414
8739,0.017379901386824617,0.01971764826949346,0.023811058840523276,0.02790446941155309,0.03199787998258291,0.03609129055361272,0.04018470112464254,0.058937707246218926,0.07769071336779533,0.09644371948937172,0.11519672561094813,0.1725522635160582,0.17021451663338938,0.16612110606235955,0.16202769549132973,0.1579342849202999,0.15384087434927007,0.14974746377824025,0.13099445765666387,0.11224145153508747,0.09348844541351108,0.07473543929193467
8740,0.018861538995962508,0.02139857893702769,0.025840952998510806,0.030283327059993915,0.03472570112147703,0.03916807518296014,0.04361044924444325,0.0639621502340575,0.08431385122367176,0.10466555221328604,0.1250172532029003,0.16219714722554288,0.1596601072844777,0.15521773322299456,0.15077535916151147,0.14633298510002835,0.14189061103854522,0.1374482369770621,0.11709653598744785,0.0967448349978336,0.07639313400821932,0.05604143301860505
8741,0.06031042844298219,0.06842270209442457,0.08262734801485494,0.09683199393528533,0.1110366398557157,0.1252412857761461,0.1394459316965765,0.20452120506052845,0.2695964784244804,0.33467175178843245,0.39974702515238447,0.4566317751531136,0.4485195015016712,0.43431485558124083,0.4201102096608105,0.4059055637403801,0.3917009178199497,0.3774962718995193,0.3124209985355673,0.24734572517161535,0.18227045180766333,0.1171951784437113
8742,0.30895518501738617,0.35051232648691727,0.4232791617051753,0.4960459969234333,0.5688128321416914,0.6415796673599494,0.7143465025782075,1.0477107919933368,1.3810750814084662,1.7144393708235957,2.0478036602387255,2.1024107163262697,2.0608535748567385,1.9880867396384805,1.9153199044202225,1.8425530692019643,1.7697862339837063,1.6970193987654483,1.363655109350319,1.0302908199351897,0.6969265305200603,0.3635622411049304
8743,1.1612949269476076,1.3174991271273024,1.5910137359992662,1.8645283448712298,2.1380429537431938,2.4115575626151577,2.685072171487121,3.9381155800368046,5.191158988586489,6.444202397136173,7.697245805685856,8.797592590406415,8.64138839022672,8.367873781354756,8.094359172482793,7.820844563610829,7.547329954738865,7.273815345866902,6.020771937317218,4.767728528767535,3.514685120217851,2.261641711668167
8744,2.8365400828547638,3.218079229059924,3.8861568494030205,4.554234469746118,5.222312090089215,5.890389710432311,6.558467330775408,9.61910918103339,12.679751031291374,15.74039288154936,18.801034731807345,21.40384848736475,21.02230934115959,20.354231720816493,19.686154100473395,19.018076480130297,18.3499988597872,17.6819212394441,14.621279389186117,11.560637538928134,8.499995688670149,5.439353838412163
8745,4.187241305649756,4.750461435119857,5.736663683482037,6.722865931844216,7.709068180206397,8.695270428568575,9.681472676930756,14.199528337297998,18.717583997665233,23.23563965803248,27.75369531839972,32.29130966000392,31.72808953053382,30.74188728217164,29.75568503380946,28.76948278544728,27.7832805370851,26.797078288722922,22.27902262835568,17.760966967988445,13.242911307621199,8.724855647253957
8746,4.1224380187469025,4.6769415462886,5.647880965838258,6.618820385387915,7.5897598049375725,8.56069922448723,9.53163864403689,13.979771212843394,18.427903781649896,22.876036350456406,27.324168919262913,32.91035711924829,32.35585359170659,31.384914172156932,30.413974752607274,29.443035333057615,28.472095913507957,27.501156493958298,23.053023925151795,18.60489135634529,14.15675878753878,9.708626218732274
8747,3.351595880008395,3.8024144805325077,4.591800893015079,5.381187305497649,6.170573717980221,6.959960130462791,7.7493465429453625,11.365736340329079,14.982126137712793,18.59851593509651,22.21490573248023,27.356769827551037,26.905951227026925,26.116564814544354,25.327178402061783,24.537791989579212,23.74840557709664,22.95901916461407,19.34262936723035,15.726239569846637,12.109849772462919,8.493459975079201
8748,2.9910124143164416,3.3933294236000933,4.097789222441407,4.80224902128272,5.506708820124034,6.211168618965348,6.915628417806662,10.142946736074473,13.370265054342282,16.597583372610092,19.82490169087791,24.2284335048095,23.82611649552585,23.121656696684536,22.417196897843223,21.71273709900191,21.008277300160596,20.303817501319283,17.076499183051475,13.849180864783666,10.621862546515855,7.394544228248039
8749,2.7047846416677372,3.0686015427890947,3.7056473923676854,4.342693241946275,4.979739091524866,5.6167849411034565,6.253830790682048,9.172307818474215,12.090784846266383,15.009261874058554,17.92773890185072,22.802692522038395,22.438875620917038,21.801829771338447,21.164783921759856,20.527738072181265,19.890692222602674,19.253646373024083,16.335169345231915,13.416692317439747,10.498215289647575,7.579738261855409
8750,2.20733046474823,2.5042354815337093,3.0241181699939683,3.544000858454227,4.063883546914486,4.583766235374744,5.103648923835004,7.485370246439614,9.867091569044224,12.248812891648836,14.630534214253444,19.724931122724897,19.428026105939416,18.908143417479156,18.388260729018896,17.868378040558635,17.348495352098375,16.828612663638115,14.446891341033504,12.065170018428894,9.683448695824282,7.3017273732196735
8751,1.677916042855984,1.903610246250039,2.298802319798513,2.693994393346985,3.0891864668954585,3.484378540443932,3.879570613992405,5.690050956937462,7.500531299882518,9.311011642827577,11.121491985772634,14.871256559632515,14.645562356238461,14.250370282689987,13.855178209141515,13.459986135593041,13.064794062044568,12.669601988496094,10.859121645551037,9.04864130260598,7.238160959660921,5.427680616715864
8752,1.1172675321315855,1.2675496673528908,1.5306947005095728,1.7938397336662546,2.0569847668229366,2.3201297999796187,2.583274833136301,3.7888124482913326,4.9943500634463645,6.199887678601396,7.405425293756428,10.033161309414842,9.882879174193537,9.619734141036854,9.356589107880172,9.09344407472349,8.830299041566807,8.567154008410125,7.361616393255093,6.156078778100062,4.95054116294503,3.745003547789998
8753,0.6682540838903488,0.7581400312657272,0.9155309318380566,1.0729218324103855,1.2303127329827148,1.3877036335550441,1.5450945341273732,2.2661442482220826,2.987193962316792,3.7082436764115014,4.429293390506211,6.0734388854665,5.983552938091121,5.826162037518792,5.668771136946463,5.5113802363741335,5.3539893358018045,5.196598435229475,4.475548721134766,3.7544990070400566,3.033449292945347,2.3123995788506377
8754,0.4397550001969972,0.4989058467966161,0.6024793784527985,0.7060529101089809,0.8096264417651632,0.9131999734213457,1.016773505077528,1.4912714914090162,1.9657694777405041,2.4402674640719924,2.9147654504034803,3.6846018562989733,3.625451009699354,3.5218774780431716,3.418303946386989,3.314730414730807,3.2111568830746244,3.1075833514184423,2.633085365086954,2.158587378755466,1.6840893924239777,1.2095914060924897
8755,0.286284866305672,0.32479265405806435,0.39222005033488544,0.4596474466117065,0.5270748428885276,0.5945022391653487,0.6619296354421698,0.9708325302776295,1.2797354251130895,1.5886383199485492,1.8975412147840094,2.22844041223525,2.1899326244828576,2.1225052282060366,2.0550778319292156,1.9876504356523945,1.9202230393755735,1.8527956430987524,1.5438927482632927,1.2349898534278327,0.926086958592373,0.6171840637569128
8756,0.1600000684787465,0.18152145994052682,0.21920556165659857,0.25688966337267033,0.2945737650887421,0.33225786680481384,0.3699419685208856,0.5425828942000834,0.7152238198792811,0.887864745558479,1.0605056712376768,1.3303544742870113,1.308833082825231,1.2711489811091592,1.2334648793930874,1.1957807776770155,1.1580966759609437,1.1204125742448718,0.947771648565674,0.7751307228864763,0.6024897972072784,0.4298488715280806
8757,0.0966650333943288,0.10966731548161278,0.1324343991801003,0.15520148287858784,0.17796856657707538,0.20073565027556292,0.2235027339740505,0.3278048196211218,0.432106905268193,0.5364089909152644,0.6407110765623357,0.8750441895076194,0.8620419074203355,0.8392748237218479,0.8165077400233604,0.7937406563248728,0.7709735726263852,0.7482064889278977,0.6439044032808263,0.5396023176337551,0.4353002319866837,0.3309981463396124
8758,0.060485888935644626,0.06862176353916513,0.08286773488598757,0.09711370623281,0.11135967757963244,0.1256056489264549,0.13985162027327736,0.2051162164429092,0.27038081261254104,0.33564540878217297,0.40091000495180484,0.6530761972950729,0.6449403226915524,0.63069435134473,0.6164483799979075,0.602202408651085,0.5879564373042625,0.57371046595744,0.5084458697878081,0.4431812736181763,0.37791667744854435,0.3126520812789125
8759,0.04326251605801909,0.04908169821561838,0.059271125452270715,0.06946055268892304,0.07964997992557539,0.08983940716222773,0.10002883439888008,0.1467093195416705,0.19338980468446088,0.24007028982725132,0.28675077497004176,0.499578441059629,0.4937592589020297,0.48356983166537737,0.47338040442872503,0.4631909771920727,0.45300154995542036,0.442812122718768,0.3961316375759776,0.3494511524331872,0.30277066729039676,0.2560901821476063
